1601326799715,"00000000":0
1601326801915,"00000000":1
1601326803601,"00000000":2
1601326804834,"00000000":3
1601326806904,"00000000":4
1601326809058,"00000000":5
1601326809878,"00000000":6,"00000000":7,"00000000":8,"00000000":9,"00000000":10
1601326811033,"81dd3836":0,"e96974ec":0
1601326811271,"5dba9e49":0,"0db60fe3":0,"0db60fe3":1,"0db60fe3":2,"0db60fe3":3,"0db60fe3":4,"0db60fe3":5,"0db60fe3":6,"0db60fe3":7,"130b233a":0,"130b233a":1,"130b233a":2,"130b233a":3,"130b233a":4,"130b233a":5,"130b233a":6,"0db60fe3":8,"0db60fe3":9,"0db60fe3":10,"0db60fe3":11,"0db60fe3":12,"0db60fe3":13,"0db60fe3":14,"0db60fe3":15,"0db60fe3":16,"0db60fe3":17,"0db60fe3":18,"0db60fe3":19,"81dd3836":1,"81dd3836":2,"81dd3836":3,"81dd3836":4,"81dd3836":5,"81dd3836":6,"81dd3836":7,"e96974ec":1,"e96974ec":2,"e96974ec":3,"e96974ec":4,"e96974ec":5,"e96974ec":6,"e96974ec":7,"e96974ec":8,"e96974ec":9,"130b233a":7,"130b233a":8,"130b233a":9,"130b233a":10,"130b233a":11,"130b233a":12,"130b233a":13,"130b233a":14,"130b233a":15,"130b233a":16,"130b233a":17,"130b233a":18,"130b233a":19,"5dba9e49":1,"5dba9e49":2,"5dba9e49":3,"5dba9e49":4,"5dba9e49":5,"5dba9e49":6,"5dba9e49":7,"5dba9e49":8,"5dba9e49":9,"5dba9e49":10,"5dba9e49":11,"5dba9e49":12,"5dba9e49":13,"5dba9e49":14,"81dd3836":8,"81dd3836":9,"81dd3836":10,"81dd3836":11,"81dd3836":12,"81dd3836":13,"81dd3836":14,"81dd3836":15,"81dd3836":16,"81dd3836":17,"81dd3836":18,"81dd3836":19,"e96974ec":10,"e96974ec":11,"e96974ec":12,"e96974ec":13,"e96974ec":14,"e96974ec":15,"e96974ec":16,"e96974ec":17,"e96974ec":18,"e96974ec":19,"5dba9e49":15,"5dba9e49":16,"5dba9e49":17,"5dba9e49":18,"5dba9e49":19
1601326812194,"81dd3836":20,"e96974ec":20,"e96974ec":21,"e96974ec":22,"e96974ec":23,"e96974ec":24,"e96974ec":25,"e96974ec":26,"e96974ec":27,"e96974ec":28,"e96974ec":29,"e96974ec":30,"e96974ec":31,"e96974ec":32,"e96974ec":33,"e96974ec":34,"e96974ec":35,"e96974ec":36,"e96974ec":37,"e96974ec":38,"e96974ec":39,"81dd3836":21,"81dd3836":22,"81dd3836":23,"81dd3836":24,"81dd3836":25,"81dd3836":26,"81dd3836":27,"81dd3836":28,"81dd3836":29,"81dd3836":30,"81dd3836":31,"81dd3836":32,"81dd3836":33,"81dd3836":34,"81dd3836":35,"81dd3836":36,"81dd3836":37,"81dd3836":38,"81dd3836":39
1601326812509,"0db60fe3":20,"0db60fe3":21,"0db60fe3":22,"0db60fe3":23,"0db60fe3":24,"0db60fe3":25,"0db60fe3":26,"0db60fe3":27,"0db60fe3":28,"0db60fe3":29,"0db60fe3":30,"0db60fe3":31,"0db60fe3":32,"0db60fe3":33,"0db60fe3":34,"0db60fe3":35,"0db60fe3":36,"0db60fe3":37,"0db60fe3":38,"0db60fe3":39,"130b233a":20,"130b233a":21,"130b233a":22,"130b233a":23,"130b233a":24,"130b233a":25,"130b233a":26,"130b233a":27,"130b233a":28,"130b233a":29,"130b233a":30,"130b233a":31,"130b233a":32,"130b233a":33,"130b233a":34,"130b233a":35,"130b233a":36,"5dba9e49":20,"5dba9e49":21,"130b233a":37,"130b233a":38,"130b233a":39,"5dba9e49":22,"5dba9e49":23,"5dba9e49":24,"5dba9e49":25,"5dba9e49":26,"5dba9e49":27,"5dba9e49":28,"5dba9e49":29,"5dba9e49":30,"5dba9e49":31,"5dba9e49":32,"5dba9e49":33,"5dba9e49":34,"5dba9e49":35,"5dba9e49":36,"5dba9e49":37,"5dba9e49":38,"5dba9e49":39
1601326813673,"81dd3836":40,"e96974ec":40,"e96974ec":41,"e96974ec":42,"e96974ec":43,"e96974ec":44,"e96974ec":45,"e96974ec":46,"e96974ec":47,"e96974ec":48,"e96974ec":49,"e96974ec":50,"e96974ec":51
1601326814151,"81dd3836":41,"81dd3836":42,"81dd3836":43,"81dd3836":44,"81dd3836":45,"81dd3836":46,"81dd3836":47,"81dd3836":48,"81dd3836":49,"81dd3836":50,"81dd3836":51,"81dd3836":52,"81dd3836":53,"81dd3836":54,"81dd3836":55,"81dd3836":56,"81dd3836":57,"81dd3836":58,"81dd3836":59,"e96974ec":52,"e96974ec":53,"e96974ec":54,"e96974ec":55,"e96974ec":56,"e96974ec":57,"e96974ec":58,"e96974ec":59,"130b233a":40,"130b233a":41,"130b233a":42,"130b233a":43,"130b233a":44,"130b233a":45,"130b233a":46,"130b233a":47,"130b233a":48,"130b233a":49,"130b233a":50,"130b233a":51,"130b233a":52,"130b233a":53,"130b233a":54,"130b233a":55,"130b233a":56,"130b233a":57,"130b233a":58,"130b233a":59,"0db60fe3":40,"0db60fe3":41,"0db60fe3":42,"0db60fe3":43,"0db60fe3":44,"0db60fe3":45,"0db60fe3":46,"0db60fe3":47,"0db60fe3":48,"0db60fe3":49,"0db60fe3":50,"0db60fe3":51,"0db60fe3":52,"0db60fe3":53
1601326814756,"0db60fe3":54,"0db60fe3":55,"0db60fe3":56,"0db60fe3":57,"0db60fe3":58,"0db60fe3":59,"5dba9e49":40,"5dba9e49":41,"5dba9e49":42,"5dba9e49":43,"5dba9e49":44,"5dba9e49":45,"5dba9e49":46,"5dba9e49":47,"5dba9e49":48,"5dba9e49":49,"5dba9e49":50,"5dba9e49":51,"5dba9e49":52,"5dba9e49":53,"5dba9e49":54,"5dba9e49":55,"5dba9e49":56,"5dba9e49":57,"5dba9e49":58,"5dba9e49":59
1601326815906,"130b233a":60,"130b233a":61,"130b233a":62,"130b233a":63,"130b233a":64,"130b233a":65,"130b233a":66,"130b233a":67,"130b233a":68,"130b233a":69,"130b233a":70,"130b233a":71,"130b233a":72,"130b233a":73,"130b233a":74,"130b233a":75,"130b233a":76,"130b233a":77,"130b233a":78,"130b233a":79,"81dd3836":60,"81dd3836":61,"e96974ec":60,"e96974ec":61,"e96974ec":62,"e96974ec":63,"e96974ec":64,"e96974ec":65,"e96974ec":66,"e96974ec":67,"e96974ec":68,"81dd3836":62,"81dd3836":63,"81dd3836":64,"81dd3836":65,"81dd3836":66,"81dd3836":67,"81dd3836":68,"81dd3836":69,"81dd3836":70,"81dd3836":71,"81dd3836":72,"81dd3836":73,"81dd3836":74,"81dd3836":75,"81dd3836":76,"81dd3836":77,"81dd3836":78,"81dd3836":79,"e96974ec":69,"e96974ec":70,"e96974ec":71,"e96974ec":72,"e96974ec":73,"e96974ec":74,"e96974ec":75,"e96974ec":76,"e96974ec":77,"e96974ec":78,"e96974ec":79
1601326816180,"0db60fe3":60,"0db60fe3":61,"0db60fe3":62,"0db60fe3":63,"0db60fe3":64,"0db60fe3":65,"0db60fe3":66,"0db60fe3":67,"0db60fe3":68,"0db60fe3":69,"0db60fe3":70,"0db60fe3":71,"0db60fe3":72,"0db60fe3":73,"0db60fe3":74,"0db60fe3":75,"0db60fe3":76,"0db60fe3":77,"0db60fe3":78,"0db60fe3":79,"5dba9e49":60,"5dba9e49":61,"5dba9e49":62,"5dba9e49":63,"5dba9e49":64,"5dba9e49":65,"5dba9e49":66,"5dba9e49":67,"5dba9e49":68,"5dba9e49":69,"5dba9e49":70,"5dba9e49":71,"5dba9e49":72,"5dba9e49":73,"5dba9e49":74,"5dba9e49":75,"5dba9e49":76,"5dba9e49":77,"5dba9e49":78,"5dba9e49":79
1601326816988,"e96974ec":80,"e96974ec":81,"e96974ec":82,"e96974ec":83,"e96974ec":84,"e96974ec":85,"e96974ec":86,"e96974ec":87,"e96974ec":88,"e96974ec":89,"e96974ec":90,"e96974ec":91,"e96974ec":92,"e96974ec":93,"e96974ec":94,"e96974ec":95,"e96974ec":96,"e96974ec":97,"e96974ec":98,"e96974ec":99,"81dd3836":80,"81dd3836":81,"81dd3836":82,"81dd3836":83,"81dd3836":84,"81dd3836":85,"81dd3836":86,"81dd3836":87,"81dd3836":88,"81dd3836":89,"81dd3836":90,"81dd3836":91,"81dd3836":92,"81dd3836":93,"81dd3836":94,"81dd3836":95,"81dd3836":96,"81dd3836":97,"81dd3836":98,"81dd3836":99
1601326817149,"130b233a":80,"130b233a":81,"130b233a":82,"130b233a":83,"130b233a":84,"130b233a":85,"130b233a":86,"130b233a":87,"130b233a":88,"130b233a":89,"130b233a":90,"130b233a":91,"130b233a":92,"130b233a":93,"130b233a":94,"130b233a":95,"130b233a":96,"130b233a":97,"130b233a":98,"130b233a":99,"5dba9e49":80,"5dba9e49":81,"5dba9e49":82,"5dba9e49":83,"5dba9e49":84,"5dba9e49":85,"5dba9e49":86,"5dba9e49":87,"5dba9e49":88,"5dba9e49":89,"5dba9e49":90,"5dba9e49":91,"5dba9e49":92,"5dba9e49":93,"5dba9e49":94,"5dba9e49":95,"5dba9e49":96,"5dba9e49":97,"5dba9e49":98,"5dba9e49":99,"0db60fe3":80,"0db60fe3":81
1601326817696,"0db60fe3":82,"0db60fe3":83,"0db60fe3":84,"0db60fe3":85,"0db60fe3":86,"0db60fe3":87,"0db60fe3":88,"0db60fe3":89,"0db60fe3":90,"0db60fe3":91,"0db60fe3":92,"0db60fe3":93,"0db60fe3":94,"0db60fe3":95,"0db60fe3":96,"0db60fe3":97,"0db60fe3":98,"0db60fe3":99
1601326818269,"e96974ec":100,"e96974ec":101,"81dd3836":100,"81dd3836":101,"81dd3836":102,"81dd3836":103,"81dd3836":104,"81dd3836":105,"81dd3836":106,"81dd3836":107,"81dd3836":108,"81dd3836":109,"81dd3836":110,"81dd3836":111,"e96974ec":102,"e96974ec":103,"e96974ec":104,"e96974ec":105,"e96974ec":106,"e96974ec":107,"e96974ec":108,"e96974ec":109,"e96974ec":110,"e96974ec":111,"e96974ec":112,"e96974ec":113,"e96974ec":114,"e96974ec":115,"e96974ec":116,"e96974ec":117,"e96974ec":118,"e96974ec":119,"81dd3836":112,"81dd3836":113,"81dd3836":114,"81dd3836":115,"81dd3836":116,"81dd3836":117,"81dd3836":118,"81dd3836":119
1601326818517,"5dba9e49":100,"5dba9e49":101,"5dba9e49":102,"5dba9e49":103,"5dba9e49":104,"5dba9e49":105,"5dba9e49":106,"5dba9e49":107,"5dba9e49":108,"5dba9e49":109,"5dba9e49":110,"5dba9e49":111,"5dba9e49":112,"5dba9e49":113,"5dba9e49":114,"5dba9e49":115,"5dba9e49":116,"5dba9e49":117,"5dba9e49":118,"5dba9e49":119,"130b233a":100,"130b233a":101,"130b233a":102,"130b233a":103,"130b233a":104,"130b233a":105,"130b233a":106,"130b233a":107,"130b233a":108,"130b233a":109,"130b233a":110,"130b233a":111,"130b233a":112,"130b233a":113,"130b233a":114,"130b233a":115,"130b233a":116,"130b233a":117,"130b233a":118,"130b233a":119
1601326818645,"0db60fe3":100,"0db60fe3":101,"0db60fe3":102,"0db60fe3":103,"0db60fe3":104,"0db60fe3":105,"0db60fe3":106,"0db60fe3":107,"0db60fe3":108,"0db60fe3":109,"0db60fe3":110,"0db60fe3":111,"0db60fe3":112,"0db60fe3":113,"0db60fe3":114,"0db60fe3":115,"0db60fe3":116,"0db60fe3":117,"0db60fe3":118,"0db60fe3":119
1601326819506,"81dd3836":120,"81dd3836":121,"81dd3836":122,"81dd3836":123,"81dd3836":124,"81dd3836":125,"81dd3836":126,"81dd3836":127,"81dd3836":128,"81dd3836":129,"81dd3836":130,"81dd3836":131,"81dd3836":132,"81dd3836":133,"81dd3836":134,"81dd3836":135,"81dd3836":136,"81dd3836":137,"81dd3836":138,"81dd3836":139
1601326819784,"e96974ec":120,"e96974ec":121,"e96974ec":122,"e96974ec":123,"e96974ec":124,"e96974ec":125,"e96974ec":126,"e96974ec":127,"e96974ec":128,"e96974ec":129,"e96974ec":130,"e96974ec":131,"e96974ec":132,"e96974ec":133,"e96974ec":134,"e96974ec":135,"e96974ec":136,"e96974ec":137,"e96974ec":138,"e96974ec":139,"5dba9e49":120,"5dba9e49":121,"5dba9e49":122,"5dba9e49":123,"5dba9e49":124,"5dba9e49":125,"5dba9e49":126,"5dba9e49":127,"5dba9e49":128,"5dba9e49":129,"5dba9e49":130,"5dba9e49":131,"5dba9e49":132,"5dba9e49":133,"5dba9e49":134,"5dba9e49":135,"5dba9e49":136,"5dba9e49":137,"5dba9e49":138,"5dba9e49":139,"130b233a":120,"130b233a":121,"130b233a":122,"130b233a":123,"130b233a":124,"130b233a":125,"130b233a":126,"130b233a":127,"130b233a":128,"130b233a":129,"130b233a":130,"130b233a":131,"130b233a":132,"130b233a":133,"130b233a":134
1601326820135,"130b233a":135,"130b233a":136,"130b233a":137,"130b233a":138,"130b233a":139,"0db60fe3":120,"0db60fe3":121,"0db60fe3":122,"0db60fe3":123,"0db60fe3":124,"0db60fe3":125,"0db60fe3":126,"0db60fe3":127,"0db60fe3":128,"0db60fe3":129,"0db60fe3":130,"0db60fe3":131
1601326820260,"0db60fe3":132,"0db60fe3":133,"0db60fe3":134,"0db60fe3":135,"0db60fe3":136,"0db60fe3":137,"0db60fe3":138,"0db60fe3":139
1601326820481,"81dd3836":140,"81dd3836":141,"81dd3836":142,"81dd3836":143,"81dd3836":144,"81dd3836":145,"81dd3836":146,"81dd3836":147,"81dd3836":148,"81dd3836":149
1601326820613,"e96974ec":140,"e96974ec":141,"e96974ec":142,"e96974ec":143,"e96974ec":144,"e96974ec":145,"e96974ec":146,"e96974ec":147,"e96974ec":148,"e96974ec":149,"5dba9e49":140,"5dba9e49":141,"5dba9e49":142,"5dba9e49":143,"5dba9e49":144,"5dba9e49":145,"5dba9e49":146,"5dba9e49":147,"5dba9e49":148,"5dba9e49":149
1601326821025,"130b233a":140,"130b233a":141,"130b233a":142,"130b233a":143,"130b233a":144,"130b233a":145,"130b233a":146,"130b233a":147,"130b233a":148,"130b233a":149,"0db60fe3":140,"0db60fe3":141,"0db60fe3":142,"0db60fe3":143,"0db60fe3":144,"0db60fe3":145,"0db60fe3":146,"0db60fe3":147,"0db60fe3":148,"0db60fe3":149
1601326825234,"d5d94481":0,"ffe48500":0,"c7a45a33":0,"808bc372":0,"c792a7c1":0,"3b3569f6":0,"5a7da061":0,"06a94514":0,"b01ab62a":0,"f1e86522":0,"73c420df":0,"76da16fa":0,"fa03f48f":0,"0700da70":0,"bffee581":0,"07150038":0,"5298dafa":0,"ff591765":0,"080fa362":0,"93f12198":0,"25f7f918":0,"c5311ebb":0,"62e270e5":0,"7b6945ad":0,"105bb3f6":0,"66b1b6d7":0,"a40d08e1":0,"58de5462":0,"b062adc4":0,"cec79bc2":0
1601326825501,"590ce3d3":0,"1802d7ce":0,"dfe4a061":0,"0a49914b":0,"c2bf7d51":0,"5d3f5cad":0,"781afef6":0,"cf347cba":0,"fc0c23f7":0,"de9229a0":0,"99a5feef":0,"f7ffcbb8":0,"f6266388":0,"641f9b9e":0,"5728f934":0,"c92edec5":0,"e64fd39c":0,"00b26865":0,"e1b3ce36":0,"9f03c1e7":0,"c333337d":0,"625fa164":0,"06c24a8d":0,"815c56bc":0,"0c6ae551":0,"5bd61a68":0,"2f35e75f":0,"e8f4c1dd":0,"8582c5cf":0,"3eddf7c8":0,"cede8b8c":0,"0c353665":0,"ad95ff4a":0,"77970f8b":0,"231e8700":0,"efd594d5":0,"1f9fbd85":0,"893a99c5":0,"4718294d":0,"d8bf32b5":0,"5352cf45":0,"43f24679":0,"0eb42efe":0,"a1c0dfc4":0,"03c4ab87":0,"e0ffe8ff":0,"7800e7ce":0,"77869ff0":0,"4b8f7b16":0,"89f75690":0,"080d5d42":0,"cb363e2f":0,"5d03f5dc":0,"cd802f02":0,"f0a01341":0,"d3cca7eb":0,"1ee4d9f9":0,"0d6e45e7":0,"e866a899":0,"5690e712":0,"0da97151":0,"a8edfe84":0,"0b92d2a9":0,"e829038c":0,"070bed95":0,"2ed19b1e":0,"4987cfb5":0,"ba90687c":0,"67e5d108":0,"959e16ea":0,"77f2cf92":0,"02f76c64":0,"3d37b94b":0,"5c6d1f33":0,"842c97c2":0,"037e2be4":0,"c4cef92b":0,"9e7dbd20":0,"b4801cae":0,"c3c2fd05":0,"0c086273":0,"0eecdc5b":0,"ac13c3b0":0,"f8c97147":0,"b7e495ea":0,"b4d9c57f":0,"45ec63c0":0,"c2526ff3":0,"5d53c964":0,"0ddfde2c":0,"8ee9cc91":0,"cc386067":0,"78f71162":0,"4e3d3af7":0,"ae14d6b5":0,"3a4803a8":0,"4b27a9a4":0,"721f5f42":0,"0b50bca6":0,"163f4d19":0,"f7a7de5d":0,"d4e56c3e":0,"bf2ca266":0,"1d043d5a":0,"b2f82e06":0,"5d8d9641":0,"0c045c2d":0,"5b0b43e6":0,"8efd4801":0,"0de67c6c":0,"b5474d69":0,"2311399f":0,"5a938eeb":0,"7eb8f268":0,"5e3ebf5e":0,"4fe0dedf":0,"20236d3e":0,"9f6ca218":0,"951fc6d0":0,"6213799d":0,"36ae8cd8":0,"3ddd5391":0,"61892a4c":0,"44cb1fd2":0,"07f69c6d":0,"baf19c25":0,"f096219e":0,"2254f0f5":0,"24a79a6e":0,"a3f0a6ec":0,"edde30af":0,"01051f84":0,"aa7e370d":0,"4d949e11":0,"ea282e84":0,"f995eeab":0,"df12f689":0,"6653c83b":0,"4006e709":0,"c896052c":0,"1da10cbf":0,"287ecd1c":0,"0dedf63e":0,"832c48e4":0,"dc90a44c":0,"a9d5374b":0,"f9376d3e":0,"1ad7c45b":0,"4321f02d":0,"07a94e8c":0,"a8b41774":0,"4cc0af91":0,"a22ffd8f":0,"55f6a2ba":0,"81f0da2d":0,"3cd28a4d":0,"44a12c31":0,"1fcc8ba4":0,"9559ea96":0,"9cb044bf":0,"45a961ca":0,"75a9c117":0,"16b25add":0,"5ca978fd":0,"12ba54ec":0,"80ee333e":0,"668e601b":0,"be391c1a":0,"3b329af2":0,"37d8a5b7":0,"7552d86c":0,"1cd662bf":0,"02ebf3b6":0,"d5ab81c4":0,"72992b35":0,"2ecde685":0,"bb17a968":0,"47589344":0,"4abcb85d":0,"f0bd52d3":0,"dcc20f76":0,"cba26072":0,"593b1533":0,"e9f6e5ce":0,"2a718dcc":0,"666a8ef0":0,"ed6bead5":0,"c5b609f1":0,"c6a9a8e1":0,"96f594b9":0,"88854fd0":0,"4dc5849a":0,"94dfcfc5":0,"8dc27d2a":0,"d605c755":0,"8301986e":0,"41d7f05d":0,"8a8c1d67":0,"830ecfec":0,"cc6b3306":0,"2b851827":0,"a8bae791":0,"312009ee":0,"8c2dfd9a":0,"9f428a03":0,"c98759fd":0,"4d504d96":0,"e8b6d676":0,"f11267b9":0,"0533ece1":0,"45ee5840":0,"a483b15e":0,"bb017b49":0,"5566c17c":0,"86a22252":0,"089b3f8f":0,"37b52fe4":0,"0000dece":0,"7698d0dc":0,"ce5efdbe":0,"784414ce":0,"61ad1519":0,"58ace2b5":0,"819c4185":0,"2df3efdb":0,"d379fd96":0,"ba69b06b":0,"7b819458":0,"d0f1b7bd":0,"7d2a2cb4":0,"e7799883":0,"7f8024cd":0,"4f9456cf":0,"4f62491c":0,"ae562513":0,"70b4c438":0,"6e260ee8":0,"7b66dacd":0,"f4f84279":0,"71ed93db":0,"9ab137d7":0,"b0950de5":0,"7191d1cd":0,"c92efaa8":0,"6f873999":0,"005354dd":0,"1f4e0e22":0,"c241ac7e":0,"62a45672":0,"60d69311":0,"210e507a":0,"3b09f1de":0,"b371f44a":0,"ac6e268b":0,"8b6180ff":0,"742238e8":0,"8819ac24":0,"f80ab49d":0,"bcee2ef3":0,"76f04033":0,"95eaed39":0,"43480b19":0,"0afba00c":0,"a5ba0ebb":0,"04ff8100":0,"fd955858":0,"f53362a9":0,"69798d15":0,"1901ef7e":0,"6c00d8d6":0,"efea71fa":0,"960c2e6b":0,"ac9a02bc":0,"fb3aa867":0,"c9cf710b":0,"fcacdeb3":0,"acfe69ed":0,"3515e999":0,"0ea055ed":0,"d11f8f1b":0,"426603ff":0,"e3b1bdf8":0,"2db2f252":0,"644b45fb":0,"9d9eb027":0,"325f9a29":0,"2e84193b":0,"503aafe5":0,"c55683c9":0,"51233daf":0,"02791635":0,"be081247":0,"5cc47d1b":0,"dbbf7f69":0,"faffe099":0,"e99490cd":0,"3b830769":0,"583f0305":0,"1557c50a":0,"249e80ab":0,"f52a3d94":0,"eb74d3dd":0,"3bcbc28d":0,"3c0455e7":0,"df203c79":0,"df1e1ac0":0,"491708eb":0,"5b09e53e":0,"e421caaa":0,"2d2ecf27":0,"da5bb0f7":0,"6d925c84":0,"d38a4953":0,"eba5efdd":0,"50b23ab2":0,"a5463f93":0,"edfa56d4":0,"c85ac4f8":0,"899c16eb":0,"9666b973":0,"bc253f4f":0,"41c76041":0,"653b27c7":0,"0d9d2bf8":0,"83b37fd6":0,"846b7f11":0,"6bb1fa99":0,"d3411467":0,"4d852788":0,"d73ff72e":0,"1df0ce7f":0,"e43a9448":0,"61c0ca91":0,"a08171d0":0,"d2fda7be":0,"3542b748":0,"379c53ab":0,"c8bc5677":0,"ce20ca3c":0,"dfca0518":0,"e396d80d":0,"1d2d958b":0,"7da61f27":0,"dc874a97":0,"b9a21017":0,"81fb6a01":0,"85a220de":0,"7f5b27c8":0,"e47705d3":0,"40a7cdd2":0,"3cae4115":0,"fb3444d9":0,"f05de640":0,"ac033c7b":0,"86a68967":0,"56cd4dca":0,"87759976":0,"0ccf4731":0,"7f469f4c":0,"4df3f62e":0,"c7c6782d":0,"c881a53e":0,"f92dedfc":0,"80c1c8b1":0,"54346574":0,"355d1489":0,"cf52acd8":0,"f96fc1af":0,"b12cbf87":0,"81942d9b":0,"a63cb4ce":0,"06713bac":0,"d3b3492b":0,"699b90c1":0,"678b846f":0,"b4bd39d8":0,"b4cdbe5d":0,"fa0386f3":0,"b95d0f17":0,"cee9c347":0,"92b72493":0,"18c73816":0,"d3e58903":0,"e491161e":0,"4481c4be":0,"7954891b":0,"b5087677":0,"16f60bed":0,"4afd60a9":0,"d44c0ea3":0,"cb0c3481":0,"68f87858":0,"7664512c":0,"533bac6b":0,"df9a53b8":0,"f6c27b2b":0,"41634dba":0,"945f6c24":0,"272e7d0d":0,"f92596ee":0,"43fd1327":0,"f1daea7e":0,"68831ea9":0,"113e7f4b":0,"b8fb90e3":0,"9713d076":0,"8cce569a":0,"56227e35":0,"ce6401b6":0,"fd098272":0,"0d6bf22a":0,"6f57824c":0,"b87321d0":0,"28bd7aa1":0,"6ee788a7":0,"43205b5d":0,"8249641d":0,"1d52fb0d":0,"8982905a":0,"cde0d748":0,"f6fe1ad7":0,"45b0968f":0,"535ed444":0,"230064fa":0,"6a9bb182":0,"710f0d0e":0,"1f1afd4f":0,"0905f1fb":0,"25fb8826":0,"a20e529c":0,"764e0abb":0,"7c0f1ca9":0,"99cc0813":0,"b2f820ac":0,"dc32c4e1":0,"25d4f65d":0,"239c636e":0,"eddb6a2a":0,"ff8a00aa":0,"6ee160ff":0,"c146560b":0,"c55d40ca":0,"22c177a8":0,"985068e7":0,"00ae883f":0,"d543ba6f":0,"f416ee62":0,"0d2b182d":0,"320754c3":0,"232b2f64":0,"3171b6e7":0,"3b25460f":0,"d2064756":0,"61aca924":0,"d97fb857":0,"d9b5a7a8":0,"7580cfa4":0,"1e7914d2":0,"59ff5ec6":0,"22a96386":0,"e5d8fdb2":0,"ef04e64e":0,"5c672b50":0,"6e2d04de":0,"3412ab75":0,"2fca1798":0,"5df16440":0,"bcac5daf":0,"b666e56d":0,"05028839":0,"62d028cc":0,"0af2cf39":0,"5488826c":0,"8db378ff":0,"27491297":0,"84fff5c1":0,"784d6375":0,"c649992d":0,"d041ea86":0,"4541bf85":0,"1eda11b2":0,"d5ad3ed6":0,"a6b13f20":0,"2459c882":0,"8e5f7187":0,"fc442678":0,"3df97186":0,"55ba7579":0,"ef0490de":0,"b7769ca6":0,"e0f47ced":0,"9c27de51":0,"38a75b48":0,"309bbf54":0,"1792bfa3":0,"cc537772":0,"426f1904":0,"6618390c":0,"525b2635":0,"30de89a7":0,"ffd6849d":0,"caa38a45":0,"a9987a58":0,"962fca02":0,"06aaa33f":0,"b6b8e5c7":0,"75968179":0,"320c65bf":0,"e82177d3":0,"1fa1e7c2":0,"bc8bdc23":0,"a71f3f70":0,"89914b94":0,"646af2b9":0,"1f7aa83c":0,"659389ad":0,"04bdf5e1":0,"732d62ee":0,"240c8679":0,"da8b42be":0,"0718c3be":0,"d4b0751c":0,"3b0576bf":0,"9458934f":0,"5b01444b":0,"8b503f7b":0,"87a8523c":0,"1dcc489c":0,"79995b62":0,"945badf3":0,"c416baa6":0,"97160db8":0,"589f0d6e":0,"1327775b":0,"ae350a07":0,"d2eff358":0,"4aae5133":0,"f01c896d":0,"e70aebb5":0,"1f2670d0":0,"63a3af32":0,"962c9c8f":0,"a488b2f1":0,"3fec4b0b":0,"aec0bf28":0,"4caa87d6":0,"faa3de3e":0,"a017a323":0,"f7076e21":0,"8801c469":0,"44983d13":0,"b6281f1a":0,"69e653b6":0,"80999122":0,"48c6df81":0,"72af9198":0,"98d2991b":0,"5e165f43":0,"e39e9552":0,"3b411d6a":0,"f8785b71":0,"81c1b70d":0,"ab4a411a":0,"83826ef3":0,"e72f0f82":0,"595609d5":0,"d7a4b24c":0,"88374b72":0,"686d5c0b":0,"b47f1b89":0,"f15eb1c5":0,"8e6caf71":0,"fdfaf1ed":0,"71789493":0,"9a3433b8":0,"ea981bed":0,"5ac72353":0,"5e197575":0,"b89112cb":0,"d1b14d06":0,"e587c4d0":0,"66736d5e":0,"f6c074a7":0,"51b4016a":0,"bdd40125":0,"680a32a6":0,"46bf9112":0,"83ba647d":0,"75fd47f7":0,"092ad3d6":0,"bf940089":0,"cb0bd6b7":0,"1c52a07e":0,"8e426e39":0,"01f34f98":0,"e70ccc25":0,"afd1494f":0,"51909df8":0,"1670b0d3":0,"ec97d63e":0,"ca6bffd3":0,"e22b0973":0,"829c44a4":0,"23646ff9":0,"94208a41":0,"3abb827b":0,"e76e2617":0,"2cbcad17":0,"0c73c293":0,"2b4fd52e":0,"4dccb5ca":0,"88929b06":0,"57162572":0,"83268abf":0,"d1d50cfe":0,"08c4692e":0,"578c4c95":0,"5b2479ef":0,"c606b472":0,"1d882c36":0,"eb62e8f2":0,"322e833f":0,"ab3619e4":0,"0d21cf99":0,"7021c619":0,"32ae00db":0,"14e6fe14":0,"bf2defb2":0,"106006ad":0,"37ec5e73":0,"bc733a28":0,"bfff7913":0,"c8237be9":0,"30d32d34":0,"f8636899":0,"1416e8f5":0,"886c16d3":0,"e8d09b62":0,"37724339":0,"dde2eed5":0,"d45d9727":0,"a208caa8":0,"ee5ff2a3":0,"44322dfd":0,"16605353":0,"295e4d1d":0,"77b39e15":0,"f1726edb":0,"8cf6570a":0,"403064a0":0,"312af46e":0,"b5a9f8c3":0,"fcbc0ae8":0,"2ff6b6a8":0,"66a71cc1":0,"bf4b58e4":0,"0dc5da58":0,"1ae76fcc":0,"bba6d88e":0,"2874a625":0,"35b161d3":0,"ea3479ec":0,"e61ae828":0,"344cd1a3":0,"32266fa3":0,"f7ac3883":0,"50b090c3":0,"77ea1236":0,"ccd01528":0,"96d2a118":0,"8be24763":0,"dab8cf68":0,"23a0e41f":0,"eb4800b2":0,"6e0ce9dc":0,"b32a1080":0,"00f2a9cb":0,"916fe082":0,"a2c4b591":0,"87d9bec4":0,"b64dba8e":0,"6dfa57be":0,"e30dfa0c":0,"c3bb30ce":0,"1854ce44":0,"6da34174":0,"86219c70":0,"bfb849fa":0,"f92b22f1":0,"0a10b423":0,"ece12664":0,"601990d8":0,"36f4ecde":0,"5c662c19":0,"9ef7cee7":0,"568a0d58":0,"49f1a0d1":0,"d2a5d2fd":0,"5fd569d2":0,"89d220c2":0,"5f04aa76":0,"10c8fd03":0,"3e10c9cb":0,"ba297382":0,"bd4ccb49":0,"5500a3e8":0,"e773d697":0,"0287db2a":0,"3c0e87ac":0,"7e8c11e7":0,"96abe4a9":0,"077eb15a":0,"a891461f":0,"753b10b1":0,"5337c279":0,"a246cdab":0,"cf14bd99":0,"782022f4":0,"117c7f0b":0,"8d256cb6":0
1601326831654,"590ce3d3":2,"1802d7ce":2,"0a49914b":2,"5d3f5cad":2,"cf347cba":2,"fc0c23f7":2,"641f9b9e":2,"c92edec5":2,"9f03c1e7":2,"06c24a8d":2,"2f35e75f":2,"dfe4a061":2,"3eddf7c8":2,"c2bf7d51":2,"77970f8b":2,"781afef6":2,"efd594d5":2,"4718294d":2,"de9229a0":2,"080d5d42":2,"5d03f5dc":2,"f0a01341":2,"1ee4d9f9":2,"0d6e45e7":2,"0da97151":2,"e829038c":2,"7800e7ce":2,"4987cfb5":2,"77869ff0":2,"4b8f7b16":2,"ba90687c":2,"89f75690":2,"cb363e2f":2,"77f2cf92":2,"cd802f02":2,"037e2be4":2,"d3cca7eb":2,"9e7dbd20":2,"e866a899":2,"5690e712":2,"0c086273":2,"0b92d2a9":2,"ac13c3b0":2,"b4d9c57f":2,"070bed95":2,"5d53c964":2,"67e5d108":2,"8ee9cc91":2,"3d37b94b":2,"842c97c2":2,"4cc0af91":2,"c4cef92b":2,"55f6a2ba":2,"0eecdc5b":2,"b7e495ea":2,"9559ea96":2,"99a5feef":2,"5352cf45":2,"e0ffe8ff":2,"f6266388":2,"f7ffcbb8":2,"ae14d6b5":2,"e64fd39c":2,"5728f934":2,"00b26865":2,"721f5f42":2,"e1b3ce36":2,"0b50bca6":2,"c333337d":2,"625fa164":2,"0c6ae551":2,"815c56bc":2,"bf2ca266":2,"5bd61a68":2,"e8f4c1dd":2,"5d8d9641":2,"8582c5cf":2,"0de67c6c":2,"cede8b8c":2,"ad95ff4a":2,"2311399f":2,"0c353665":2,"231e8700":2,"5e3ebf5e":2,"893a99c5":2,"1f9fbd85":2,"43f24679":2,"9f6ca218":2,"d8bf32b5":2,"6213799d":2,"a1c0dfc4":2,"0eb42efe":2,"78f71162":2,"44cb1fd2":2,"03c4ab87":2,"d5d94481":2,"ffe48500":2,"c7a45a33":2,"faffe099":2,"e99490cd":2,"3b830769":2,"583f0305":2,"1557c50a":2,"249e80ab":2,"f52a3d94":2,"eb74d3dd":2,"3bcbc28d":2,"3c0455e7":2,"df203c79":2,"df1e1ac0":2,"491708eb":2,"e421caaa":2,"2d2ecf27":2,"d38a4953":2,"4e3d3af7":2,"baf19c25":2,"4b27a9a4":2,"3a4803a8":2,"163f4d19":2,"24a79a6e":2,"f7a7de5d":2,"d4e56c3e":2,"1d043d5a":2,"edde30af":2,"b2f82e06":2,"4d949e11":2,"0c045c2d":2,"8efd4801":2,"5b0b43e6":2,"df12f689":2,"18c73816":2,"e491161e":2,"b5087677":2,"92b72493":2,"d3e58903":2,"16f60bed":2,"4481c4be":2,"cb0c3481":2,"7664512c":2,"7954891b":2,"4afd60a9":2,"df9a53b8":2,"f6c27b2b":2,"d44c0ea3":2,"945f6c24":2,"68f87858":2,"f1daea7e":2,"b8fb90e3":2,"272e7d0d":2,"533bac6b":2,"f92596ee":2,"41634dba":2,"56227e35":2,"68831ea9":2,"43fd1327":2,"0d6bf22a":2,"45ec63c0":2,"9cb044bf":2,"0ddfde2c":2,"16b25add":2,"a8b41774":2,"81f0da2d":2,"a8edfe84":2,"80ee333e":2,"2ed19b1e":2,"3b329af2":2,"1fcc8ba4":2,"1cd662bf":2,"959e16ea":2,"75a9c117":2,"02f76c64":2,"72992b35":2,"12ba54ec":2,"5c6d1f33":2,"be391c1a":2,"47589344":2,"37d8a5b7":2,"b4801cae":2,"593b1533":2,"d5ab81c4":2,"e9f6e5ce":2,"c3c2fd05":2,"ed6bead5":2,"2ecde685":2,"f8c97147":2,"f0bd52d3":2,"96f594b9":2,"c2526ff3":2,"dcc20f76":2,"666a8ef0":2,"94dfcfc5":2,"cc386067":2,"8301986e":2,"a22ffd8f":2,"c5b609f1":2,"4dc5849a":2,"3cd28a4d":2,"830ecfec":2,"44a12c31":2,"d605c755":2,"a8bae791":2,"45a961ca":2,"8a8c1d67":2,"312009ee":2,"5ca978fd":2,"cc6b3306":2,"c98759fd":2,"668e601b":2,"8c2dfd9a":2,"7552d86c":2,"e8b6d676":2,"f11267b9":2,"02ebf3b6":2,"45ee5840":2,"a483b15e":2,"76f04033":2,"7eb8f268":2,"b5474d69":2,"1da10cbf":2,"20236d3e":2,"36ae8cd8":2,"832c48e4":2,"5a938eeb":2,"dc90a44c":2,"3ddd5391":2,"4fe0dedf":2,"1ad7c45b":2,"951fc6d0":2,"07f69c6d":2,"2254f0f5":2,"61892a4c":2,"5566c17c":2,"f096219e":2,"86a22252":2,"ea282e84":2,"0000dece":2,"6653c83b":2,"a3f0a6ec":2,"ce5efdbe":2,"01051f84":2,"c896052c":2,"58ace2b5":2,"aa7e370d":2,"287ecd1c":2,"d379fd96":2,"f9376d3e":2,"f995eeab":2,"7b819458":2,"4006e709":2,"07a94e8c":2,"bb017b49":2,"0dedf63e":2,"7f8024cd":2,"ae562513":2,"37b52fe4":2,"a9d5374b":2,"7b66dacd":2,"4321f02d":2,"61ad1519":2,"9ab137d7":2,"089b3f8f":2,"819c4185":2,"7191d1cd":2,"ba69b06b":2,"7698d0dc":2,"005354dd":2,"bb17a968":2,"f80ab49d":2,"43480b19":2,"95eaed39":2,"fd955858":2,"4abcb85d":2,"a5ba0ebb":2,"cba26072":2,"69798d15":2,"2a718dcc":2,"f53362a9":2,"efea71fa":2,"1901ef7e":2,"c6a9a8e1":2,"fb3aa867":2,"960c2e6b":2,"88854fd0":2,"c9cf710b":2,"3515e999":2,"fcacdeb3":2,"d11f8f1b":2,"8dc27d2a":2,"9d9eb027":2,"0ea055ed":2,"41d7f05d":2,"325f9a29":2,"2b851827":2,"e3b1bdf8":2,"503aafe5":2,"9f428a03":2,"644b45fb":2,"4d504d96":2,"0533ece1":2,"bcee2ef3":2,"0afba00c":2,"04ff8100":2,"6c00d8d6":2,"ac9a02bc":2,"acfe69ed":2,"426603ff":2,"2db2f252":2,"2e84193b":2,"c55683c9":2,"51233daf":2,"784414ce":2,"7d2a2cb4":2,"4f62491c":2,"2df3efdb":2,"70b4c438":2,"d0f1b7bd":2,"e7799883":2,"71ed93db":2,"c92efaa8":2,"4f9456cf":2,"6e260ee8":2,"c241ac7e":2,"62a45672":2,"f4f84279":2,"b0950de5":2,"210e507a":2,"ac6e268b":2,"6f873999":2,"742238e8":2,"1f4e0e22":2,"60d69311":2,"3b09f1de":2,"b371f44a":2,"8b6180ff":2,"8819ac24":2,"dbbf7f69":2,"02791635":2,"be081247":2,"5cc47d1b":2,"678b846f":2,"b4bd39d8":2,"b4cdbe5d":2,"fa0386f3":2,"b95d0f17":2,"cee9c347":2,"9713d076":2,"b87321d0":2,"113e7f4b":2,"8cce569a":2,"fd098272":2,"43205b5d":2,"ce6401b6":2,"6ee788a7":2,"8982905a":2,"6f57824c":2,"f6fe1ad7":2,"8249641d":2,"230064fa":2,"28bd7aa1":2,"45b0968f":2,"1d52fb0d":2,"764e0abb":2,"6a9bb182":2,"cde0d748":2,"1f1afd4f":2,"bba6d88e":2,"25fb8826":2,"535ed444":2,"ea3479ec":2,"0dc5da58":2,"32266fa3":2,"710f0d0e":2,"2874a625":2,"50b090c3":2,"0905f1fb":2,"e61ae828":2,"8be24763":2,"a20e529c":2,"f7ac3883":2,"eb4800b2":2,"6e0ce9dc":2,"1ae76fcc":2,"ccd01528":2,"35b161d3":2,"dab8cf68":2,"87d9bec4":2,"344cd1a3":2,"00f2a9cb":2,"e30dfa0c":2,"77ea1236":2,"916fe082":2,"6da34174":2,"96d2a118":2,"bfb849fa":2,"23a0e41f":2,"b64dba8e":2,"b32a1080":2,"c3bb30ce":2,"0a10b423":2,"9ef7cee7":2,"a2c4b591":2,"86219c70":2,"49f1a0d1":2,"6dfa57be":2,"601990d8":2,"1854ce44":2,"5c662c19":2,"5f04aa76":2,"3b3569f6":2,"b01ab62a":2,"76da16fa":2,"bffee581":2,"07150038":2,"808bc372":2,"c792a7c1":2,"080fa362":2,"7b6945ad":2,"5a7da061":2,"06a94514":2,"a40d08e1":2,"73c420df":2,"cec79bc2":2,"0700da70":2,"d2eff358":2,"f1e86522":2,"e70aebb5":2,"ff591765":2,"a488b2f1":2,"93f12198":2,"fa03f48f":2,"62e270e5":2,"4caa87d6":2,"5298dafa":2,"25f7f918":2,"66b1b6d7":2,"f7076e21":2,"c5311ebb":2,"eba5efdd":2,"a5463f93":2,"c85ac4f8":2,"bc253f4f":2,"0d9d2bf8":2,"846b7f11":2,"d3411467":2,"1df0ce7f":2,"5b09e53e":2,"a08171d0":2,"9666b973":2,"c8bc5677":2,"da5bb0f7":2,"653b27c7":2,"83b37fd6":2,"dfca0518":2,"6d925c84":2,"50b23ab2":2,"4d852788":2,"b9a21017":2,"e43a9448":2,"edfa56d4":2,"e47705d3":2,"899c16eb":2,"3cae4115":2,"3542b748":2,"0ccf4731":2,"379c53ab":2,"41c76041":2,"e396d80d":2,"6bb1fa99":2,"c7c6782d":2,"7da61f27":2,"54346574":2,"d73ff72e":2,"dc874a97":2,"b12cbf87":2,"61c0ca91":2,"85a220de":2,"d2fda7be":2,"81942d9b":2,"ce20ca3c":2,"40a7cdd2":2,"699b90c1":2,"1d2d958b":2,"81fb6a01":2,"69e653b6":2,"b062adc4":2,"98d2991b":2,"105bb3f6":2,"4aae5133":2,"58de5462":2,"3b411d6a":2,"f01c896d":2,"63a3af32":2,"83826ef3":2,"3fec4b0b":2,"1f2670d0":2,"595609d5":2,"faa3de3e":2,"b47f1b89":2,"962c9c8f":2,"44983d13":2,"aec0bf28":2,"8e6caf71":2,"80999122":2,"a017a323":2,"8801c469":2,"9a3433b8":2,"72af9198":2,"b6281f1a":2,"b89112cb":2,"e39e9552":2,"66736d5e":2,"81c1b70d":2,"48c6df81":2,"30de89a7":2,"5e165f43":2,"e72f0f82":2,"88374b72":2,"06aaa33f":2,"f8785b71":2,"320c65bf":2,"fdfaf1ed":2,"ab4a411a":2,"ea981bed":2,"1fa1e7c2":2,"d7a4b24c":2,"646af2b9":2,"5e197575":2,"686d5c0b":2,"e587c4d0":2,"659389ad":2,"525b2635":2,"240c8679":2,"f15eb1c5":2,"0718c3be":2,"71789493":2,"caa38a45":2,"5ac72353":2,"8b503f7b":2,"d1b14d06":2,"87a8523c":2,"a9987a58":2
1601326832071,"7f5b27c8":2,"d9b5a7a8":2,"ac033c7b":2,"1e7914d2":2,"fb3444d9":2,"87759976":2,"f05de640":2,"e5d8fdb2":2,"4df3f62e":2,"3412ab75":2,"86a68967":2,"c881a53e":2,"bcac5daf":2,"56cd4dca":2,"62d028cc":2,"80c1c8b1":2,"7f469f4c":2,"0af2cf39":2,"cf52acd8":2,"f92dedfc":2,"27491297":2,"d041ea86":2,"a63cb4ce":2,"355d1489":2,"f96fc1af":2,"1eda11b2":2,"d3b3492b":2,"06713bac":2,"7580cfa4":2,"fc442678":2,"22a96386":2,"61aca924":2,"5c672b50":2,"d97fb857":2,"5df16440":2,"59ff5ec6":2,"ef04e64e":2,"b666e56d":2,"8db378ff":2,"6e2d04de":2,"2fca1798":2,"784d6375":2,"05028839":2,"4541bf85":2,"a6b13f20":2,"5488826c":2,"84fff5c1":2,"2459c882":2,"3df97186":2,"c649992d":2,"ef0490de":2,"d5ad3ed6":2,"e0f47ced":2,"8e5f7187":2,"55ba7579":2,"309bbf54":2,"b7769ca6":2,"cc537772":2,"9c27de51":2,"6618390c":2,"99cc0813":2,"38a75b48":2,"1792bfa3":2,"dc32c4e1":2,"239c636e":2,"426f1904":2,"6ee160ff":2,"7c0f1ca9":2,"c55d40ca":2,"b2f820ac":2,"22c177a8":2,"25d4f65d":2,"eddb6a2a":2,"00ae883f":2,"ff8a00aa":2,"f416ee62":2,"c416baa6":2,"f6c074a7":2,"b6b8e5c7":2,"ae350a07":2,"ffd6849d":2,"e82177d3":2,"680a32a6":2,"962fca02":2,"89914b94":2,"75968179":2,"04bdf5e1":2,"bc8bdc23":2,"83ba647d":2,"a71f3f70":2,"da8b42be":2,"cb0bd6b7":2,"3b0576bf":2,"8e426e39":2,"1f7aa83c":2,"732d62ee":2,"51909df8":2,"9458934f":2,"d4b0751c":2,"1dcc489c":2,"e22b0973":2,"23646ff9":2,"5b01444b":2,"945badf3":2,"3abb827b":2,"79995b62":2,"1327775b":2,"0c73c293":2,"97160db8":2,"bdd40125":2,"88929b06":2,"589f0d6e":2,"08c4692e":2,"75fd47f7":2,"1c52a07e":2,"0d2b182d":2,"c146560b":2,"320754c3":2,"985068e7":2,"232b2f64":2,"d543ba6f":2,"3171b6e7":2,"3b25460f":2,"d2064756":2,"5b2479ef":2,"51b4016a":2,"e70ccc25":2,"46bf9112":2,"1d882c36":2,"092ad3d6":2,"afd1494f":2,"eb62e8f2":2,"bf940089":2,"ca6bffd3":2,"829c44a4":2,"01f34f98":2,"e76e2617":2,"1670b0d3":2,"ec97d63e":2,"2b4fd52e":2,"94208a41":2,"57162572":2,"d1d50cfe":2,"2cbcad17":2,"4dccb5ca":2,"83268abf":2,"578c4c95":2,"c606b472":2,"b5a9f8c3":2,"fcbc0ae8":2,"2ff6b6a8":2,"66a71cc1":2,"bf4b58e4":2,"f92b22f1":2,"d2a5d2fd":2,"ece12664":2,"ba297382":2,"89d220c2":2,"0287db2a":2,"36f4ecde":2,"96abe4a9":2,"568a0d58":2,"3e10c9cb":2,"5500a3e8":2,"753b10b1":2,"5fd569d2":2,"cf14bd99":2,"3c0e87ac":2,"10c8fd03":2,"bd4ccb49":2,"782022f4":2,"a891461f":2,"a246cdab":2,"e773d697":2,"322e833f":2,"ab3619e4":2,"7e8c11e7":2,"117c7f0b":2,"077eb15a":2,"106006ad":2,"0d21cf99":2,"c8237be9":2,"5337c279":2,"14e6fe14":2,"1416e8f5":2,"8d256cb6":2,"dde2eed5":2,"37ec5e73":2,"7021c619":2,"a208caa8":2,"bfff7913":2,"32ae00db":2,"16605353":2,"f8636899":2,"37724339":2,"bf2defb2":2,"77b39e15":2,"f1726edb":2,"d45d9727":2,"bc733a28":2,"30d32d34":2,"ee5ff2a3":2,"44322dfd":2,"886c16d3":2,"295e4d1d":2,"e8d09b62":2,"8cf6570a":2,"403064a0":2,"312af46e":2
1601326834022,"080d5d42":3,"5d03f5dc":3,"f0a01341":3,"1ee4d9f9":3,"0d6e45e7":3,"0da97151":3,"e829038c":3
1601326834489,"4987cfb5":3,"ba90687c":3,"7800e7ce":3,"77f2cf92":3,"77869ff0":3,"4b8f7b16":3,"037e2be4":3,"89f75690":3,"9e7dbd20":3,"0c086273":3,"cb363e2f":3,"cd802f02":3,"ac13c3b0":3,"b4d9c57f":3,"d3cca7eb":3,"5d53c964":3,"e866a899":3,"5690e712":3,"8ee9cc91":3,"4cc0af91":3,"0b92d2a9":3,"070bed95":3,"55f6a2ba":3,"67e5d108":3,"9559ea96":3,"9cb044bf":3,"3d37b94b":3,"842c97c2":3,"16b25add":3,"c4cef92b":3,"80ee333e":3,"0eecdc5b":3,"3b329af2":3,"b7e495ea":3,"1cd662bf":3,"45ec63c0":3,"72992b35":3,"0ddfde2c":3,"a8b41774":3,"47589344":3,"81f0da2d":3,"593b1533":3,"1fcc8ba4":3,"a8edfe84":3,"e9f6e5ce":3,"ed6bead5":3,"75a9c117":3,"2ed19b1e":3,"959e16ea":3,"590ce3d3":3,"1802d7ce":3,"0a49914b":3,"5d3f5cad":3,"cf347cba":3,"fc0c23f7":3,"641f9b9e":3,"c92edec5":3,"9f03c1e7":3,"06c24a8d":3,"2f35e75f":3,"3eddf7c8":3,"77970f8b":3,"efd594d5":3,"4718294d":3,"5352cf45":3,"96f594b9":3,"12ba54ec":3,"02f76c64":3,"94dfcfc5":3,"be391c1a":3,"8301986e":3,"5c6d1f33":3,"37d8a5b7":3,"b4801cae":3,"830ecfec":3,"d5ab81c4":3,"a8bae791":3,"c3c2fd05":3,"2ecde685":3,"f8c97147":3,"312009ee":3,"f0bd52d3":3,"d5d94481":3,"ffe48500":3,"c7a45a33":3,"faffe099":3,"e99490cd":3,"3b830769":3,"583f0305":3,"1557c50a":3,"249e80ab":3,"f52a3d94":3,"eb74d3dd":3,"3bcbc28d":3,"dcc20f76":3,"c2526ff3":3,"666a8ef0":3,"c98759fd":3,"cc386067":3,"a22ffd8f":3,"e8b6d676":3,"c5b609f1":3,"45ee5840":3,"3cd28a4d":3,"18c73816":3,"e491161e":3,"b5087677":3,"16f60bed":3,"cb0c3481":3,"7664512c":3,"92b72493":3,"df9a53b8":3,"d3e58903":3,"f6c27b2b":3,"4481c4be":3,"7954891b":3,"945f6c24":3,"4afd60a9":3,"f1daea7e":3,"d44c0ea3":3,"b8fb90e3":3,"4dc5849a":3,"44a12c31":3,"76f04033":3,"d605c755":3,"45a961ca":3,"43480b19":3,"8a8c1d67":3,"cc6b3306":3,"5ca978fd":3,"fd955858":3,"668e601b":3,"8c2dfd9a":3,"69798d15":3,"7552d86c":3,"f11267b9":3,"efea71fa":3,"a483b15e":3,"02ebf3b6":3,"fb3aa867":3,"bb17a968":3,"f80ab49d":3,"c9cf710b":3,"fcacdeb3":3,"4abcb85d":3,"95eaed39":3,"0ea055ed":3,"a5ba0ebb":3,"cba26072":3,"e3b1bdf8":3,"2a718dcc":3,"f53362a9":3,"644b45fb":3,"c6a9a8e1":3,"1901ef7e":3,"e0ffe8ff":3,"ae14d6b5":3,"dfe4a061":3,"c2bf7d51":3,"721f5f42":3,"0b50bca6":3,"781afef6":3,"f7ffcbb8":3,"bf2ca266":3,"de9229a0":3,"5d8d9641":3,"5728f934":3,"99a5feef":3,"0de67c6c":3,"00b26865":3,"f6266388":3,"e64fd39c":3,"c333337d":3,"2311399f":3,"e1b3ce36":3,"5e3ebf5e":3,"815c56bc":3,"625fa164":3,"9f6ca218":3,"0c6ae551":3,"5bd61a68":3,"6213799d":3,"e8f4c1dd":3,"44cb1fd2":3,"8582c5cf":3,"cede8b8c":3,"baf19c25":3,"0c353665":3,"ad95ff4a":3,"231e8700":3,"893a99c5":3,"24a79a6e":3,"1f9fbd85":3,"d8bf32b5":3,"edde30af":3,"0eb42efe":3,"4d949e11":3,"43f24679":3,"a1c0dfc4":3,"df12f689":3,"03c4ab87":3,"78f71162":3,"1da10cbf":3,"4e3d3af7":3,"4b27a9a4":3,"832c48e4":3,"163f4d19":3,"3a4803a8":3,"dc90a44c":3,"f7a7de5d":3,"1ad7c45b":3,"1d043d5a":3,"d4e56c3e":3,"5566c17c":3,"0c045c2d":3,"b2f82e06":3,"960c2e6b":3,"88854fd0":3,"3515e999":3,"8dc27d2a":3,"d11f8f1b":3,"41d7f05d":3,"9d9eb027":3,"2b851827":3,"9f428a03":3,"325f9a29":3,"503aafe5":3,"4d504d96":3,"0533ece1":3,"bcee2ef3":3,"0afba00c":3,"04ff8100":3,"6c00d8d6":3,"ac9a02bc":3,"acfe69ed":3,"426603ff":3,"2db2f252":3,"2e84193b":3,"c55683c9":3,"51233daf":3,"02791635":3,"be081247":3,"5cc47d1b":3,"86a22252":3,"8efd4801":3,"5b0b43e6":3,"0000dece":3,"b5474d69":3,"7eb8f268":3,"ce5efdbe":3,"5a938eeb":3,"20236d3e":3,"58ace2b5":3,"36ae8cd8":3,"4fe0dedf":3,"3ddd5391":3,"d379fd96":3,"951fc6d0":3,"07f69c6d":3,"61892a4c":3,"7b819458":3,"2254f0f5":3,"f096219e":3,"7f8024cd":3,"ea282e84":3,"a3f0a6ec":3,"ae562513":3,"6653c83b":3,"c896052c":3,"01051f84":3,"7b66dacd":3,"9ab137d7":3,"287ecd1c":3,"aa7e370d":3,"f9376d3e":3,"7191d1cd":3,"f995eeab":3,"005354dd":3,"07a94e8c":3,"4006e709":3,"bb017b49":3,"0dedf63e":3,"37b52fe4":3,"a9d5374b":3,"61ad1519":3,"4321f02d":3,"089b3f8f":3,"819c4185":3,"ba69b06b":3,"7698d0dc":3,"678b846f":3,"b4bd39d8":3,"b4cdbe5d":3,"3c0455e7":3,"df203c79":3,"df1e1ac0":3,"491708eb":3,"e421caaa":3,"2d2ecf27":3,"d38a4953":3,"eba5efdd":3,"a5463f93":3,"c85ac4f8":3,"5b09e53e":3,"bc253f4f":3,"da5bb0f7":3,"6d925c84":3,"0d9d2bf8":3,"50b23ab2":3,"846b7f11":3,"edfa56d4":3,"d3411467":3,"1df0ce7f":3,"899c16eb":3,"9666b973":3,"41c76041":3,"a08171d0":3,"653b27c7":3,"6bb1fa99":3,"c8bc5677":3,"83b37fd6":3,"4d852788":3,"d73ff72e":3,"dfca0518":3,"b9a21017":3,"61c0ca91":3,"e43a9448":3,"e47705d3":3,"d2fda7be":3,"3542b748":3,"fa0386f3":3,"b95d0f17":3,"cee9c347":3,"7d2a2cb4":3,"784414ce":3,"4f62491c":3,"2df3efdb":3,"d0f1b7bd":3,"70b4c438":3,"e7799883":3,"71ed93db":3,"4f9456cf":3,"c92efaa8":3,"6e260ee8":3,"c241ac7e":3,"62a45672":3,"f4f84279":3,"210e507a":3,"b0950de5":3,"ac6e268b":3,"6f873999":3,"1f4e0e22":3,"742238e8":3,"60d69311":3,"3b09f1de":3,"b371f44a":3,"8b6180ff":3,"8819ac24":3,"dbbf7f69":3,"3b3569f6":3,"b01ab62a":3,"76da16fa":3,"bffee581":3,"07150038":3,"080fa362":3,"7b6945ad":3,"808bc372":3,"a40d08e1":3,"cec79bc2":3,"c792a7c1":3,"d2eff358":3,"5a7da061":3,"f1e86522":3,"e70aebb5":3,"fa03f48f":3,"a488b2f1":3,"06a94514":3,"5298dafa":3,"4caa87d6":3,"73c420df":3,"f7076e21":3,"0700da70":3,"25f7f918":3,"ff591765":3,"69e653b6":3,"c5311ebb":3,"93f12198":3,"105bb3f6":3,"98d2991b":3,"3b411d6a":3,"62e270e5":3,"58de5462":3,"83826ef3":3,"66b1b6d7":3,"f01c896d":3,"595609d5":3,"68f87858":3,"56227e35":3,"533bac6b":3,"41634dba":3,"0d6bf22a":3,"b87321d0":3,"43fd1327":3,"43205b5d":3,"113e7f4b":3,"8982905a":3,"8cce569a":3,"f6fe1ad7":3,"ce6401b6":3,"230064fa":3,"272e7d0d":3,"6f57824c":3,"764e0abb":3,"f92596ee":3,"28bd7aa1":3,"68831ea9":3,"bba6d88e":3,"1d52fb0d":3,"cde0d748":3,"9713d076":3,"ea3479ec":3,"535ed444":3,"32266fa3":3,"fd098272":3,"710f0d0e":3,"6ee788a7":3,"50b090c3":3,"8249641d":3,"0905f1fb":3,"8be24763":3,"a20e529c":3,"45b0968f":3,"eb4800b2":3,"1ae76fcc":3,"6e0ce9dc":3,"6a9bb182":3,"87d9bec4":3,"35b161d3":3,"1f1afd4f":3,"e30dfa0c":3,"25fb8826":3,"344cd1a3":3,"6da34174":3,"77ea1236":3,"0dc5da58":3,"bfb849fa":3,"96d2a118":3,"0a10b423":3,"2874a625":3,"23a0e41f":3,"9ef7cee7":3,"3cae4115":3,"ce20ca3c":3,"0ccf4731":3,"379c53ab":3,"e396d80d":3,"1d2d958b":3,"c7c6782d":3,"7da61f27":3,"54346574":3,"81fb6a01":3,"dc874a97":3,"b12cbf87":3,"7f5b27c8":3,"81942d9b":3,"85a220de":3,"fb3444d9":3,"40a7cdd2":3,"699b90c1":3,"f05de640":3,"d9b5a7a8":3,"ac033c7b":3,"86a68967":3,"87759976":3,"1e7914d2":3,"56cd4dca":3,"4df3f62e":3,"e5d8fdb2":3,"7f469f4c":3,"c881a53e":3,"f92dedfc":3,"80c1c8b1":3,"3412ab75":3,"cf52acd8":3,"bcac5daf":3,"355d1489":3,"62d028cc":3,"a63cb4ce":3,"f96fc1af":3,"0af2cf39":3,"d3b3492b":3,"06713bac":3,"27491297":3,"7580cfa4":3,"61aca924":3,"d041ea86":3,"d97fb857":3,"1eda11b2":3,"22a96386":3,"59ff5ec6":3,"5c672b50":3,"fc442678":3,"ef04e64e":3,"5df16440":3,"6e2d04de":3,"b666e56d":3,"e61ae828":3,"b32a1080":3,"49f1a0d1":3,"a2c4b591":3,"f7ac3883":3,"5f04aa76":3,"6dfa57be":3,"ccd01528":3,"ba297382":3,"dab8cf68":3,"0287db2a":3,"1854ce44":3,"00f2a9cb":3,"96abe4a9":3,"f92b22f1":3,"916fe082":3,"753b10b1":3,"ece12664":3,"b64dba8e":3,"cf14bd99":3,"36f4ecde":3,"782022f4":3,"c3bb30ce":3,"568a0d58":3,"5fd569d2":3,"86219c70":3,"322e833f":3,"10c8fd03":3,"601990d8":3,"ab3619e4":3,"bd4ccb49":3,"5c662c19":3,"e773d697":3,"106006ad":3,"d2a5d2fd":3,"7e8c11e7":3,"c8237be9":3,"89d220c2":3,"077eb15a":3,"5337c279":3,"8d256cb6":3,"3e10c9cb":3,"1416e8f5":3,"dde2eed5":3,"5500a3e8":3,"7021c619":3,"32ae00db":3,"3c0e87ac":3,"a208caa8":3,"bf2defb2":3,"a891461f":3,"16605353":3,"bc733a28":3,"30d32d34":3,"a246cdab":3,"77b39e15":3,"b062adc4":3,"1f2670d0":3,"b47f1b89":3,"962c9c8f":3,"4aae5133":3,"8e6caf71":3,"aec0bf28":3,"9a3433b8":3,"63a3af32":3,"a017a323":3,"3fec4b0b":3,"b89112cb":3,"8801c469":3,"faa3de3e":3,"b6281f1a":3,"66736d5e":3,"44983d13":3,"30de89a7":3,"48c6df81":3,"80999122":3,"5e165f43":3,"72af9198":3,"06aaa33f":3,"f8785b71":3,"e39e9552":3,"ab4a411a":3,"320c65bf":3,"d7a4b24c":3,"81c1b70d":3,"1fa1e7c2":3,"686d5c0b":3,"646af2b9":3,"e72f0f82":3,"f15eb1c5":3,"659389ad":3,"71789493":3,"88374b72":3,"240c8679":3,"5ac72353":3,"fdfaf1ed":3,"0718c3be":3,"ea981bed":3,"d1b14d06":3,"5e197575":3,"8b503f7b":3,"f6c074a7":3,"e587c4d0":3,"87a8523c":3,"ffd6849d":3,"525b2635":3,"c416baa6":3,"3171b6e7":3,"3b25460f":3,"d2064756":3,"d1d50cfe":3
1601326834831,"2fca1798":3,"8db378ff":3,"05028839":3,"784d6375":3,"5488826c":3,"4541bf85":3,"84fff5c1":3,"c649992d":3,"a6b13f20":3,"d5ad3ed6":3,"8e5f7187":3,"2459c882":3,"3df97186":3,"55ba7579":3,"b7769ca6":3,"ef0490de":3,"9c27de51":3,"e0f47ced":3,"309bbf54":3,"38a75b48":3,"1792bfa3":3,"cc537772":3,"426f1904":3,"6618390c":3,"7c0f1ca9":3,"99cc0813":3,"b2f820ac":3,"25d4f65d":3,"dc32c4e1":3,"eddb6a2a":3,"239c636e":3,"6ee160ff":3,"ff8a00aa":3,"c146560b":3,"c55d40ca":3,"22c177a8":3,"985068e7":3,"00ae883f":3,"d543ba6f":3,"f416ee62":3,"0d2b182d":3,"320754c3":3,"232b2f64":3,"caa38a45":3,"962fca02":3,"ae350a07":3,"75968179":3,"a9987a58":3,"680a32a6":3,"bc8bdc23":3,"b6b8e5c7":3,"83ba647d":3,"a71f3f70":3,"1f7aa83c":3,"e82177d3":3,"cb0bd6b7":3,"89914b94":3,"732d62ee":3,"8e426e39":3,"04bdf5e1":3,"51909df8":3,"d4b0751c":3,"e22b0973":3,"da8b42be":3,"5b01444b":3,"23646ff9":3,"79995b62":3,"3b0576bf":3,"3abb827b":3,"9458934f":3,"97160db8":3,"0c73c293":3,"1dcc489c":3,"589f0d6e":3,"88929b06":3,"51b4016a":3,"08c4692e":3,"46bf9112":3,"945badf3":3,"5b2479ef":3,"1327775b":3,"092ad3d6":3,"1d882c36":3,"eb62e8f2":3,"bf940089":3,"bdd40125":3,"01f34f98":3,"75fd47f7":3,"1c52a07e":3,"1670b0d3":3,"e70ccc25":3,"ec97d63e":3,"94208a41":3,"afd1494f":3,"2cbcad17":3,"ca6bffd3":3,"4dccb5ca":3,"829c44a4":3,"83268abf":3,"e76e2617":3,"2b4fd52e":3,"578c4c95":3,"57162572":3,"c606b472":3,"886c16d3":3,"117c7f0b":3,"f1726edb":3,"e8d09b62":3,"0d21cf99":3,"14e6fe14":3,"37ec5e73":3,"bfff7913":3,"f8636899":3,"37724339":3,"d45d9727":3,"ee5ff2a3":3,"44322dfd":3,"295e4d1d":3,"8cf6570a":3,"403064a0":3,"312af46e":3,"b5a9f8c3":3,"fcbc0ae8":3,"2ff6b6a8":3,"66a71cc1":3,"bf4b58e4":3
1601326838173,"080d5d42":4,"5d03f5dc":4,"f0a01341":4,"1ee4d9f9":4,"0d6e45e7":4,"0da97151":4
1601326838417,"18c73816":4,"e491161e":4,"b5087677":4,"16f60bed":4,"cb0c3481":4,"7664512c":4,"df9a53b8":4,"92b72493":4,"d3e58903":4,"f6c27b2b":4,"945f6c24":4,"4481c4be":4,"7954891b":4,"f1daea7e":4,"b8fb90e3":4,"4afd60a9":4,"56227e35":4,"0d6bf22a":4,"d44c0ea3":4,"68f87858":4,"b87321d0":4,"533bac6b":4,"43205b5d":4,"41634dba":4,"8982905a":4,"43fd1327":4,"113e7f4b":4,"f6fe1ad7":4,"8cce569a":4,"230064fa":4,"764e0abb":4,"ce6401b6":4,"d5d94481":4,"ffe48500":4,"c7a45a33":4,"faffe099":4,"e99490cd":4,"3b830769":4,"583f0305":4,"1557c50a":4,"249e80ab":4,"bba6d88e":4,"6f57824c":4,"28bd7aa1":4,"ea3479ec":4,"32266fa3":4,"1d52fb0d":4,"cde0d748":4,"50b090c3":4,"535ed444":4,"8be24763":4,"eb4800b2":4,"710f0d0e":4,"6e0ce9dc":4,"0905f1fb":4,"a20e529c":4,"87d9bec4":4,"272e7d0d":4,"1ae76fcc":4,"f92596ee":4,"e30dfa0c":4,"68831ea9":4,"6da34174":4,"35b161d3":4,"344cd1a3":4,"9713d076":4,"bfb849fa":4,"fd098272":4,"77ea1236":4,"0a10b423":4,"6ee788a7":4,"9ef7cee7":4,"96d2a118":4,"8249641d":4,"590ce3d3":4,"1802d7ce":4,"0a49914b":4,"5d3f5cad":4,"cf347cba":4,"fc0c23f7":4,"641f9b9e":4,"c92edec5":4,"9f03c1e7":4,"45b0968f":4,"49f1a0d1":4,"23a0e41f":4,"6a9bb182":4,"b32a1080":4,"5f04aa76":4,"a2c4b591":4,"1f1afd4f":4,"ba297382":4,"0287db2a":4,"3b3569f6":4,"6dfa57be":4,"96abe4a9":4,"25fb8826":4,"753b10b1":4,"0dc5da58":4,"1854ce44":4,"f92b22f1":4,"cf14bd99":4,"2874a625":4,"782022f4":4,"e61ae828":4,"ece12664":4,"322e833f":4,"f7ac3883":4,"ab3619e4":4,"36f4ecde":4,"ccd01528":4,"106006ad":4,"568a0d58":4,"dab8cf68":4,"c8237be9":4,"00f2a9cb":4,"5fd569d2":4,"1416e8f5":4,"916fe082":4,"10c8fd03":4,"dde2eed5":4,"b64dba8e":4,"bd4ccb49":4,"a208caa8":4,"c3bb30ce":4,"e773d697":4,"16605353":4,"86219c70":4,"7e8c11e7":4,"77b39e15":4,"077eb15a":4,"601990d8":4,"f1726edb":4,"5337c279":4,"5c662c19":4,"8d256cb6":4,"d2a5d2fd":4,"7021c619":4,"89d220c2":4,"e829038c":4,"4987cfb5":4,"ba90687c":4,"77f2cf92":4,"7800e7ce":4,"77869ff0":4,"037e2be4":4,"9e7dbd20":4,"4b8f7b16":4,"89f75690":4,"0c086273":4,"cb363e2f":4,"ac13c3b0":4,"b4d9c57f":4,"cd802f02":4,"d3cca7eb":4,"5d53c964":4,"8ee9cc91":4,"e866a899":4,"3e10c9cb":4,"32ae00db":4,"bf2defb2":4,"5500a3e8":4,"3c0e87ac":4,"bc733a28":4,"a891461f":4,"30d32d34":4,"a246cdab":4,"886c16d3":4,"f52a3d94":4,"eb74d3dd":4,"3bcbc28d":4,"3c0455e7":4,"df203c79":4,"df1e1ac0":4,"491708eb":4,"e421caaa":4,"2d2ecf27":4,"d38a4953":4,"eba5efdd":4,"a5463f93":4,"c85ac4f8":4,"bc253f4f":4,"0d9d2bf8":4,"846b7f11":4,"d3411467":4,"1df0ce7f":4,"117c7f0b":4,"e8d09b62":4,"0d21cf99":4,"5690e712":4,"4cc0af91":4,"0b92d2a9":4,"55f6a2ba":4,"9559ea96":4,"070bed95":4,"9cb044bf":4,"67e5d108":4,"3d37b94b":4,"16b25add":4,"842c97c2":4,"80ee333e":4,"c4cef92b":4,"3b329af2":4,"0eecdc5b":4,"b7e495ea":4,"1cd662bf":4,"45ec63c0":4,"72992b35":4,"0ddfde2c":4,"47589344":4,"593b1533":4,"a8b41774":4,"81f0da2d":4,"e9f6e5ce":4,"1fcc8ba4":4,"ed6bead5":4,"96f594b9":4,"75a9c117":4,"94dfcfc5":4,"12ba54ec":4,"8301986e":4,"be391c1a":4,"37d8a5b7":4,"14e6fe14":4,"37ec5e73":4,"bfff7913":4,"f8636899":4,"37724339":4,"d45d9727":4,"ee5ff2a3":4,"44322dfd":4,"295e4d1d":4,"8cf6570a":4,"403064a0":4,"312af46e":4,"b5a9f8c3":4,"fcbc0ae8":4,"2ff6b6a8":4,"66a71cc1":4,"bf4b58e4":4,"a08171d0":4,"c8bc5677":4,"5b09e53e":4,"da5bb0f7":4,"dfca0518":4,"b9a21017":4,"6d925c84":4,"50b23ab2":4,"e47705d3":4,"edfa56d4":4,"3cae4115":4,"0ccf4731":4,"9666b973":4,"899c16eb":4,"653b27c7":4,"c7c6782d":4,"41c76041":4,"83b37fd6":4,"6bb1fa99":4,"4d852788":4,"54346574":4,"d73ff72e":4,"e43a9448":4,"b12cbf87":4,"61c0ca91":4,"81942d9b":4,"3542b748":4,"d2fda7be":4,"699b90c1":4,"379c53ab":4,"ce20ca3c":4,"1d2d958b":4,"81fb6a01":4,"d9b5a7a8":4,"e396d80d":4,"7f5b27c8":4,"1e7914d2":4,"fb3444d9":4,"7da61f27":4,"e5d8fdb2":4,"f05de640":4,"dc874a97":4,"06c24a8d":4,"2f35e75f":4,"3eddf7c8":4,"77970f8b":4,"efd594d5":4,"4718294d":4,"5352cf45":4,"dfe4a061":4,"e0ffe8ff":4,"f7ffcbb8":4,"ae14d6b5":4,"5728f934":4,"c2bf7d51":4,"00b26865":4,"781afef6":4,"721f5f42":4,"c333337d":4,"de9229a0":4,"0b50bca6":4,"815c56bc":4,"bf2ca266":4,"99a5feef":4,"5bd61a68":4,"5d8d9641":4,"0de67c6c":4,"f6266388":4,"8582c5cf":4,"2311399f":4,"e64fd39c":4,"0c353665":4,"830ecfec":4,"a8bae791":4,"d5ab81c4":4,"2ecde685":4,"312009ee":4,"f0bd52d3":4,"c98759fd":4,"dcc20f76":4,"e8b6d676":4,"a8edfe84":4,"666a8ef0":4,"45ee5840":4,"2ed19b1e":4,"c5b609f1":4,"76f04033":4,"4dc5849a":4,"43480b19":4,"959e16ea":4,"02f76c64":4,"fd955858":4,"d605c755":4,"69798d15":4,"5c6d1f33":4,"8a8c1d67":4,"b4801cae":4,"efea71fa":4,"cc6b3306":4,"fb3aa867":4,"c3c2fd05":4,"8c2dfd9a":4,"f8c97147":4,"c9cf710b":4,"f11267b9":4,"fcacdeb3":4,"c2526ff3":4,"cc386067":4,"a483b15e":4,"0ea055ed":4,"a22ffd8f":4,"e3b1bdf8":4,"f80ab49d":4,"3cd28a4d":4
1601326838830,"b01ab62a":4,"76da16fa":4,"bffee581":4,"07150038":4,"85a220de":4,"86a68967":4,"3412ab75":4,"bcac5daf":4,"40a7cdd2":4,"56cd4dca":4,"ac033c7b":4,"87759976":4,"7f469f4c":4,"62d028cc":4,"f92dedfc":4,"4df3f62e":4,"0af2cf39":4,"c881a53e":4,"355d1489":4,"80c1c8b1":4,"f96fc1af":4,"cf52acd8":4,"27491297":4,"06713bac":4,"61aca924":4,"d041ea86":4,"a63cb4ce":4,"1eda11b2":4,"d3b3492b":4,"d97fb857":4,"7580cfa4":4,"fc442678":4,"59ff5ec6":4,"22a96386":4,"808bc372":4,"f1e86522":4,"080fa362":4,"fa03f48f":4,"c792a7c1":4,"7b6945ad":4,"5298dafa":4,"5a7da061":4,"06a94514":4,"25f7f918":4,"a40d08e1":4,"c5311ebb":4,"73c420df":4,"cec79bc2":4,"d2eff358":4,"105bb3f6":4,"0700da70":4,"ff591765":4,"58de5462":4,"e70aebb5":4,"93f12198":4,"a488b2f1":4,"f01c896d":4,"62e270e5":4,"1f2670d0":4,"4caa87d6":4,"66b1b6d7":4,"f7076e21":4,"962c9c8f":4,"b062adc4":4,"69e653b6":4,"aec0bf28":4,"a017a323":4,"4aae5133":4,"98d2991b":4,"3b411d6a":4,"8801c469":4,"83826ef3":4,"63a3af32":4,"b6281f1a":4,"3fec4b0b":4,"595609d5":4,"48c6df81":4,"faa3de3e":4,"b47f1b89":4,"8e6caf71":4,"5e165f43":4,"44983d13":4,"f8785b71":4,"80999122":4,"ef04e64e":4,"5c672b50":4,"6e2d04de":4,"5df16440":4,"2fca1798":4,"b666e56d":4,"05028839":4,"5488826c":4,"8db378ff":4,"784d6375":4,"84fff5c1":4,"c649992d":4,"4541bf85":4,"a6b13f20":4,"d5ad3ed6":4,"2459c882":4,"8e5f7187":4,"3df97186":4,"55ba7579":4,"b7769ca6":4,"ef0490de":4,"e0f47ced":4,"9c27de51":4,"38a75b48":4,"309bbf54":4,"cc537772":4,"1792bfa3":4,"426f1904":4,"6618390c":4,"99cc0813":4,"7c0f1ca9":4,"dc32c4e1":4,"b2f820ac":4,"25d4f65d":4,"239c636e":4,"6ee160ff":4,"eddb6a2a":4,"ff8a00aa":4,"c55d40ca":4,"22c177a8":4,"9a3433b8":4,"ab4a411a":4,"b89112cb":4,"72af9198":4,"d7a4b24c":4,"e39e9552":4,"66736d5e":4,"686d5c0b":4,"81c1b70d":4,"30de89a7":4,"f15eb1c5":4,"e72f0f82":4,"06aaa33f":4,"88374b72":4,"71789493":4,"320c65bf":4,"5ac72353":4,"1fa1e7c2":4,"fdfaf1ed":4,"d1b14d06":4,"ea981bed":4,"646af2b9":4,"f6c074a7":4,"5e197575":4,"659389ad":4,"ffd6849d":4,"240c8679":4,"e587c4d0":4,"962fca02":4,"525b2635":4,"0718c3be":4,"75968179":4,"8b503f7b":4,"caa38a45":4,"bc8bdc23":4,"a9987a58":4,"87a8523c":4,"a71f3f70":4,"c416baa6":4,"b6b8e5c7":4,"1f7aa83c":4,"e82177d3":4,"732d62ee":4,"ae350a07":4,"89914b94":4,"d4b0751c":4,"680a32a6":4,"04bdf5e1":4,"5b01444b":4,"83ba647d":4,"da8b42be":4,"3b0576bf":4,"79995b62":4,"9458934f":4,"cb0bd6b7":4,"97160db8":4,"1dcc489c":4,"8e426e39":4,"589f0d6e":4,"945badf3":4,"51909df8":4,"51b4016a":4,"e22b0973":4,"1327775b":4,"46bf9112":4,"23646ff9":4,"bdd40125":4,"092ad3d6":4,"75fd47f7":4,"3abb827b":4,"bf940089":4,"c146560b":4,"00ae883f":4,"f416ee62":4,"0d2b182d":4,"985068e7":4,"320754c3":4,"d543ba6f":4,"232b2f64":4,"3171b6e7":4,"3b25460f":4,"d2064756":4,"0c73c293":4,"1c52a07e":4,"e70ccc25":4,"88929b06":4,"01f34f98":4,"08c4692e":4,"afd1494f":4,"1670b0d3":4,"ec97d63e":4,"5b2479ef":4,"ca6bffd3":4,"1d882c36":4,"94208a41":4,"829c44a4":4,"eb62e8f2":4,"e76e2617":4,"2cbcad17":4,"4dccb5ca":4,"2b4fd52e":4,"57162572":4,"83268abf":4,"d1d50cfe":4,"578c4c95":4,"c606b472":4,"644b45fb":4,"44a12c31":4,"95eaed39":4,"45a961ca":4,"a5ba0ebb":4,"5ca978fd":4,"f53362a9":4,"668e601b":4,"1901ef7e":4,"960c2e6b":4,"7552d86c":4,"02ebf3b6":4,"3515e999":4,"bb17a968":4,"d11f8f1b":4,"4abcb85d":4,"9d9eb027":4,"325f9a29":4,"cba26072":4,"2a718dcc":4,"503aafe5":4,"c6a9a8e1":4,"88854fd0":4,"8dc27d2a":4,"41d7f05d":4,"2b851827":4,"9f428a03":4,"4d504d96":4,"0533ece1":4,"bcee2ef3":4,"0afba00c":4,"04ff8100":4,"6c00d8d6":4,"ac9a02bc":4,"acfe69ed":4,"426603ff":4,"2db2f252":4,"2e84193b":4,"c55683c9":4,"51233daf":4,"02791635":4,"be081247":4,"5cc47d1b":4,"678b846f":4,"b4bd39d8":4,"b4cdbe5d":4,"fa0386f3":4,"b95d0f17":4,"cee9c347":4,"5e3ebf5e":4,"231e8700":4,"e1b3ce36":4,"9f6ca218":4,"625fa164":4,"1f9fbd85":4,"6213799d":4,"0c6ae551":4,"44cb1fd2":4,"43f24679":4,"e8f4c1dd":4,"baf19c25":4,"cede8b8c":4,"24a79a6e":4,"a1c0dfc4":4,"edde30af":4,"78f71162":4,"ad95ff4a":4,"4d949e11":4,"4b27a9a4":4,"df12f689":4,"893a99c5":4,"1da10cbf":4,"163f4d19":4,"d8bf32b5":4,"832c48e4":4,"0eb42efe":4,"dc90a44c":4,"1d043d5a":4,"03c4ab87":4,"1ad7c45b":4,"b2f82e06":4,"5b0b43e6":4,"5566c17c":4,"4e3d3af7":4,"86a22252":4,"3a4803a8":4,"b5474d69":4,"f7a7de5d":4,"0000dece":4,"5a938eeb":4,"ce5efdbe":4,"d4e56c3e":4,"4fe0dedf":4,"951fc6d0":4,"58ace2b5":4,"0c045c2d":4,"d379fd96":4,"8efd4801":4,"61892a4c":4,"8b6180ff":4,"ac6e268b":4,"742238e8":4,"8819ac24":4,"dbbf7f69":4,"7b819458":4,"f096219e":4,"7eb8f268":4,"7f8024cd":4,"a3f0a6ec":4,"20236d3e":4,"ae562513":4,"36ae8cd8":4,"7b66dacd":4,"01051f84":4,"9ab137d7":4,"3ddd5391":4,"aa7e370d":4,"07f69c6d":4,"f995eeab":4,"7191d1cd":4,"4006e709":4,"2254f0f5":4,"005354dd":4,"0dedf63e":4,"ea282e84":4,"a9d5374b":4,"6653c83b":4,"c896052c":4,"4321f02d":4,"287ecd1c":4,"089b3f8f":4,"f9376d3e":4,"7698d0dc":4,"07a94e8c":4,"784414ce":4,"bb017b49":4,"2df3efdb":4,"37b52fe4":4,"d0f1b7bd":4,"61ad1519":4,"e7799883":4,"819c4185":4,"ba69b06b":4,"4f9456cf":4,"6e260ee8":4,"7d2a2cb4":4,"f4f84279":4,"4f62491c":4,"70b4c438":4,"b0950de5":4,"6f873999":4,"71ed93db":4,"c92efaa8":4,"1f4e0e22":4,"c241ac7e":4,"60d69311":4,"62a45672":4,"3b09f1de":4,"b371f44a":4,"210e507a":4
1601326841787,"18c73816":5,"e491161e":5,"b5087677":5,"16f60bed":5,"cb0c3481":5,"7664512c":5,"df9a53b8":5,"f6c27b2b":5,"92b72493":5,"945f6c24":5,"d3e58903":5,"f1daea7e":5,"4481c4be":5,"b8fb90e3":5,"7954891b":5,"56227e35":5,"4afd60a9":5,"0d6bf22a":5,"d44c0ea3":5,"68f87858":5,"b87321d0":5,"533bac6b":5,"41634dba":5,"43205b5d":5,"8982905a":5,"43fd1327":5,"f6fe1ad7":5,"113e7f4b":5,"230064fa":5,"764e0abb":5,"8cce569a":5,"ce6401b6":5,"bba6d88e":5,"ea3479ec":5,"6f57824c":5,"28bd7aa1":5,"32266fa3":5,"1d52fb0d":5,"50b090c3":5,"cde0d748":5,"8be24763":5,"eb4800b2":5,"535ed444":5,"6e0ce9dc":5,"710f0d0e":5,"87d9bec4":5,"0905f1fb":5,"e30dfa0c":5,"a20e529c":5,"6da34174":5,"1ae76fcc":5,"d5d94481":5,"ffe48500":5,"c7a45a33":5,"faffe099":5,"e99490cd":5,"3b830769":5,"583f0305":5,"1557c50a":5,"249e80ab":5,"f52a3d94":5,"eb74d3dd":5,"3bcbc28d":5,"3c0455e7":5,"df203c79":5,"df1e1ac0":5,"491708eb":5,"e421caaa":5,"2d2ecf27":5,"d38a4953":5,"eba5efdd":5,"a5463f93":5,"c85ac4f8":5,"bc253f4f":5,"bfb849fa":5,"35b161d3":5,"344cd1a3":5,"0a10b423":5,"77ea1236":5,"272e7d0d":5,"9ef7cee7":5,"96d2a118":5,"f92596ee":5,"49f1a0d1":5,"68831ea9":5,"23a0e41f":5,"5f04aa76":5,"9713d076":5,"b32a1080":5,"ba297382":5,"fd098272":5,"a2c4b591":5,"0287db2a":5,"6dfa57be":5,"6ee788a7":5,"96abe4a9":5,"1854ce44":5,"8249641d":5,"f92b22f1":5,"753b10b1":5,"590ce3d3":5,"1802d7ce":5,"0a49914b":5,"5d3f5cad":5,"cf347cba":5,"fc0c23f7":5,"641f9b9e":5,"c92edec5":5,"9f03c1e7":5,"06c24a8d":5,"2f35e75f":5,"ece12664":5,"cf14bd99":5,"45b0968f":5,"6a9bb182":5,"36f4ecde":5,"782022f4":5,"3b3569f6":5,"b01ab62a":5,"76da16fa":5,"568a0d58":5,"322e833f":5,"1f1afd4f":5,"5fd569d2":5,"25fb8826":5,"ab3619e4":5,"0dc5da58":5,"106006ad":5,"10c8fd03":5,"0d9d2bf8":5,"846b7f11":5,"d3411467":5,"1df0ce7f":5,"a08171d0":5,"c8bc5677":5,"dfca0518":5,"b9a21017":5,"e47705d3":5,"3cae4115":5,"0ccf4731":5,"c7c6782d":5,"54346574":5,"b12cbf87":5,"81942d9b":5,"c8237be9":5,"bd4ccb49":5,"2874a625":5,"e773d697":5,"e61ae828":5,"1416e8f5":5,"7e8c11e7":5,"dde2eed5":5,"077eb15a":5,"f7ac3883":5,"5337c279":5,"a208caa8":5,"ccd01528":5,"16605353":5,"8d256cb6":5,"dab8cf68":5,"77b39e15":5,"7021c619":5,"00f2a9cb":5,"f1726edb":5,"32ae00db":5,"916fe082":5,"bf2defb2":5,"bc733a28":5,"b64dba8e":5,"c3bb30ce":5,"30d32d34":5,"86219c70":5,"886c16d3":5,"601990d8":5,"e8d09b62":5,"5c662c19":5,"d2a5d2fd":5,"89d220c2":5,"3e10c9cb":5,"5500a3e8":5,"3c0e87ac":5,"a891461f":5,"a246cdab":5,"117c7f0b":5,"0d21cf99":5,"14e6fe14":5,"37ec5e73":5,"bfff7913":5,"f8636899":5,"37724339":5,"d45d9727":5,"ee5ff2a3":5,"ed6bead5":5,"a8b41774":5,"81f0da2d":5,"96f594b9":5,"1fcc8ba4":5,"94dfcfc5":5,"8301986e":5,"75a9c117":5,"12ba54ec":5,"830ecfec":5,"be391c1a":5,"a8bae791":5,"37d8a5b7":5,"312009ee":5,"c98759fd":5,"d5ab81c4":5,"e8b6d676":5,"2ecde685":5,"45ee5840":5,"f0bd52d3":5,"dcc20f76":5,"76f04033":5,"43480b19":5,"666a8ef0":5,"fd955858":5,"c5b609f1":5,"4dc5849a":5,"69798d15":5,"d605c755":5,"efea71fa":5,"8a8c1d67":5,"fb3aa867":5,"cc6b3306":5,"c9cf710b":5,"8c2dfd9a":5,"fcacdeb3":5,"44322dfd":5,"080d5d42":5,"5d03f5dc":5,"f0a01341":5,"1ee4d9f9":5,"0d6e45e7":5,"0da97151":5,"e829038c":5,"4987cfb5":5,"ba90687c":5,"77f2cf92":5,"7800e7ce":5,"037e2be4":5,"77869ff0":5,"9e7dbd20":5,"4b8f7b16":5,"0c086273":5,"89f75690":5,"ac13c3b0":5,"cb363e2f":5,"b4d9c57f":5,"cd802f02":5,"5d53c964":5,"8ee9cc91":5,"d3cca7eb":5,"e866a899":5,"4cc0af91":5,"55f6a2ba":5,"5690e712":5,"0b92d2a9":5,"9559ea96":5,"070bed95":5,"9cb044bf":5,"67e5d108":5,"16b25add":5,"3d37b94b":5,"80ee333e":5,"842c97c2":5,"3b329af2":5,"c4cef92b":5,"1cd662bf":5,"72992b35":5,"0eecdc5b":5,"47589344":5,"b7e495ea":5,"45ec63c0":5,"593b1533":5,"0ddfde2c":5,"e9f6e5ce":5,"295e4d1d":5,"699b90c1":5,"d9b5a7a8":5,"5b09e53e":5,"da5bb0f7":5,"1e7914d2":5,"e5d8fdb2":5,"6d925c84":5,"50b23ab2":5,"3412ab75":5,"bcac5daf":5,"edfa56d4":5,"9666b973":5,"62d028cc":5,"899c16eb":5,"653b27c7":5,"0af2cf39":5,"41c76041":5,"83b37fd6":5,"6bb1fa99":5,"27491297":5,"4d852788":5,"d041ea86":5,"d73ff72e":5,"1eda11b2":5,"e43a9448":5,"61c0ca91":5,"d2fda7be":5,"fc442678":5,"3542b748":5,"ce20ca3c":5,"379c53ab":5,"e396d80d":5,"1d2d958b":5,"7da61f27":5,"81fb6a01":5,"7f5b27c8":5,"dc874a97":5,"8cf6570a":5,"403064a0":5,"312af46e":5,"b5a9f8c3":5,"fcbc0ae8":5,"2ff6b6a8":5,"66a71cc1":5
1601326842485,"3eddf7c8":5,"77970f8b":5,"efd594d5":5,"4718294d":5,"5352cf45":5,"e0ffe8ff":5,"ae14d6b5":5,"721f5f42":5,"0b50bca6":5,"bf2ca266":5,"5d8d9641":5,"0de67c6c":5,"f11267b9":5,"2311399f":5,"5e3ebf5e":5,"f7ffcbb8":5,"9f6ca218":5,"6213799d":5,"5728f934":5,"00b26865":5,"44cb1fd2":5,"baf19c25":5,"c333337d":5,"dfe4a061":5,"24a79a6e":5,"815c56bc":5,"c2bf7d51":5,"edde30af":5,"781afef6":5,"5bd61a68":5,"4d949e11":5,"8582c5cf":5,"de9229a0":5,"df12f689":5,"0c353665":5,"99a5feef":5,"1da10cbf":5,"231e8700":5,"f6266388":5,"1f9fbd85":5,"e64fd39c":5,"832c48e4":5,"43f24679":5,"e1b3ce36":5,"dc90a44c":5,"625fa164":5,"1ad7c45b":5,"a1c0dfc4":5,"0c6ae551":5,"5566c17c":5,"78f71162":5,"e8f4c1dd":5,"86a22252":5,"4b27a9a4":5,"0000dece":5,"cede8b8c":5,"163f4d19":5,"1d043d5a":5,"ce5efdbe":5,"0ea055ed":5,"a483b15e":5,"e3b1bdf8":5,"f80ab49d":5,"644b45fb":5,"95eaed39":5,"a5ba0ebb":5,"a8edfe84":5,"f53362a9":5,"2ed19b1e":5,"1901ef7e":5,"959e16ea":5,"02f76c64":5,"960c2e6b":5,"5c6d1f33":5,"3515e999":5,"b4801cae":5,"d11f8f1b":5,"c3c2fd05":5,"9d9eb027":5,"f8c97147":5,"325f9a29":5,"503aafe5":5,"c2526ff3":5,"cc386067":5,"a22ffd8f":5,"3cd28a4d":5,"44a12c31":5,"45a961ca":5,"5ca978fd":5,"ad95ff4a":5,"b2f82e06":5,"58ace2b5":5,"893a99c5":5,"5b0b43e6":5,"d379fd96":5,"d8bf32b5":5,"b5474d69":5,"0eb42efe":5,"5a938eeb":5,"7b819458":5,"03c4ab87":5,"7f8024cd":5,"4fe0dedf":5,"4e3d3af7":5,"ae562513":5,"3a4803a8":5,"951fc6d0":5,"61892a4c":5,"7b66dacd":5,"f7a7de5d":5,"9ab137d7":5,"f096219e":5,"d4e56c3e":5,"7191d1cd":5,"0c045c2d":5,"a3f0a6ec":5,"01051f84":5,"8efd4801":5,"005354dd":5,"aa7e370d":5,"7eb8f268":5,"f995eeab":5,"20236d3e":5,"4006e709":5,"36ae8cd8":5,"0dedf63e":5,"3ddd5391":5,"a9d5374b":5,"07f69c6d":5,"2254f0f5":5,"4321f02d":5,"089b3f8f":5,"ea282e84":5,"7698d0dc":5,"6653c83b":5,"784414ce":5,"c896052c":5,"287ecd1c":5,"2df3efdb":5,"f9376d3e":5,"d0f1b7bd":5,"e7799883":5,"07a94e8c":5,"bb017b49":5,"4f9456cf":5,"37b52fe4":5,"6e260ee8":5,"61ad1519":5,"f4f84279":5,"b0950de5":5,"819c4185":5,"668e601b":5,"7552d86c":5,"02ebf3b6":5,"bb17a968":5,"4abcb85d":5,"cba26072":5,"2a718dcc":5,"c6a9a8e1":5,"88854fd0":5,"8dc27d2a":5,"41d7f05d":5,"2b851827":5,"9f428a03":5,"4d504d96":5,"0533ece1":5,"bcee2ef3":5,"0afba00c":5,"04ff8100":5,"6c00d8d6":5,"ac9a02bc":5,"acfe69ed":5,"426603ff":5,"2db2f252":5,"2e84193b":5,"c55683c9":5,"51233daf":5,"02791635":5,"ba69b06b":5,"6f873999":5,"7d2a2cb4":5,"1f4e0e22":5,"4f62491c":5,"60d69311":5,"70b4c438":5,"3b09f1de":5,"b371f44a":5,"71ed93db":5,"c92efaa8":5,"8b6180ff":5,"8819ac24":5,"c241ac7e":5,"dbbf7f69":5,"62a45672":5,"210e507a":5,"ac6e268b":5,"742238e8":5,"be081247":5,"5cc47d1b":5,"678b846f":5,"b4bd39d8":5,"b4cdbe5d":5,"fa0386f3":5,"b95d0f17":5,"cee9c347":5,"bffee581":5,"07150038":5,"080fa362":5,"7b6945ad":5,"a40d08e1":5,"cec79bc2":5,"d2eff358":5,"e70aebb5":5,"808bc372":5,"f1e86522":5,"a488b2f1":5,"c792a7c1":5,"fa03f48f":5,"4caa87d6":5,"5298dafa":5,"5a7da061":5,"f7076e21":5,"25f7f918":5,"69e653b6":5,"06a94514":5,"98d2991b":5,"c5311ebb":5,"73c420df":5,"3b411d6a":5,"105bb3f6":5,"0700da70":5,"83826ef3":5,"58de5462":5,"595609d5":5,"f01c896d":5,"ff591765":5,"309bbf54":5,"c649992d":5,"d5ad3ed6":5,"cc537772":5,"8e5f7187":5,"6618390c":5,"55ba7579":5,"b7769ca6":5,"99cc0813":5,"9c27de51":5,"dc32c4e1":5,"38a75b48":5,"1792bfa3":5,"239c636e":5,"6ee160ff":5,"426f1904":5,"c55d40ca":5,"7c0f1ca9":5,"22c177a8":5,"b2f820ac":5,"25d4f65d":5,"00ae883f":5,"eddb6a2a":5,"f416ee62":5,"0d2b182d":5,"ff8a00aa":5,"320754c3":5,"c146560b":5,"232b2f64":5,"985068e7":5,"3171b6e7":5,"d543ba6f":5,"3b25460f":5,"d2064756":5,"85a220de":5,"fb3444d9":5,"40a7cdd2":5,"f05de640":5,"86a68967":5,"ac033c7b":5,"87759976":5,"4df3f62e":5,"c881a53e":5,"80c1c8b1":5,"cf52acd8":5,"a63cb4ce":5,"56cd4dca":5,"d3b3492b":5,"7f469f4c":5,"f92dedfc":5,"7580cfa4":5,"22a96386":5,"355d1489":5,"5c672b50":5,"f96fc1af":5,"5df16440":5,"06713bac":5,"b666e56d":5,"61aca924":5,"d97fb857":5,"8db378ff":5,"784d6375":5,"59ff5ec6":5,"4541bf85":5,"ef04e64e":5,"6e2d04de":5,"a6b13f20":5,"2fca1798":5,"2459c882":5,"05028839":5,"3df97186":5,"5488826c":5,"ef0490de":5,"e0f47ced":5,"84fff5c1":5,"d1d50cfe":5,"b6b8e5c7":5,"23646ff9":5,"e82177d3":5,"3abb827b":5,"732d62ee":5,"0c73c293":5,"89914b94":5,"d4b0751c":5,"04bdf5e1":5,"88929b06":5,"5b01444b":5,"da8b42be":5,"79995b62":5,"08c4692e":5,"5b2479ef":5,"3b0576bf":5,"97160db8":5,"589f0d6e":5,"9458934f":5,"1d882c36":5,"1dcc489c":5,"eb62e8f2":5,"51b4016a":5,"945badf3":5,"46bf9112":5,"092ad3d6":5,"1327775b":5,"bdd40125":5,"bf940089":5,"01f34f98":5,"75fd47f7":5,"1c52a07e":5,"1670b0d3":5,"e70ccc25":5,"ec97d63e":5,"94208a41":5,"afd1494f":5,"2cbcad17":5,"ca6bffd3":5,"4dccb5ca":5,"829c44a4":5,"83268abf":5,"e76e2617":5,"2b4fd52e":5,"578c4c95":5,"57162572":5,"c606b472":5,"b47f1b89":5,"8e6caf71":5,"93f12198":5,"1f2670d0":5,"962c9c8f":5,"62e270e5":5,"9a3433b8":5,"66b1b6d7":5,"b89112cb":5,"aec0bf28":5,"66736d5e":5,"b062adc4":5,"a017a323":5,"30de89a7":5,"8801c469":5,"4aae5133":5,"b6281f1a":5,"63a3af32":5,"06aaa33f":5,"3fec4b0b":5,"48c6df81":5,"320c65bf":5,"5e165f43":5,"faa3de3e":5,"1fa1e7c2":5,"f8785b71":5,"44983d13":5,"646af2b9":5,"80999122":5,"659389ad":5,"ab4a411a":5,"240c8679":5,"d7a4b24c":5,"72af9198":5,"686d5c0b":5,"e39e9552":5,"0718c3be":5,"81c1b70d":5,"f15eb1c5":5,"8b503f7b":5,"e72f0f82":5,"87a8523c":5,"71789493":5,"88374b72":5,"c416baa6":5,"5ac72353":5,"fdfaf1ed":5,"d1b14d06":5,"ae350a07":5,"ea981bed":5,"680a32a6":5,"f6c074a7":5,"83ba647d":5,"5e197575":5,"ffd6849d":5,"cb0bd6b7":5,"962fca02":5,"e587c4d0":5,"525b2635":5,"8e426e39":5,"75968179":5,"51909df8":5,"caa38a45":5,"bc8bdc23":5,"e22b0973":5,"a71f3f70":5,"a9987a58":5,"1f7aa83c":5,"bf4b58e4":5
1601326845379,"080d5d42":6,"5d03f5dc":6,"f0a01341":6,"1ee4d9f9":6,"0d6e45e7":6,"0da97151":6,"e829038c":6,"4987cfb5":6,"ba90687c":6,"77f2cf92":6,"037e2be4":6,"9e7dbd20":6,"0c086273":6,"ac13c3b0":6,"7800e7ce":6,"77869ff0":6,"b4d9c57f":6,"4b8f7b16":6,"5d53c964":6,"89f75690":6,"8ee9cc91":6,"cb363e2f":6,"cd802f02":6,"4cc0af91":6,"d3cca7eb":6,"55f6a2ba":6,"9559ea96":6,"e866a899":6,"5690e712":6,"9cb044bf":6,"0b92d2a9":6,"16b25add":6,"80ee333e":6,"070bed95":6,"67e5d108":6,"3b329af2":6,"1cd662bf":6,"3d37b94b":6,"842c97c2":6,"72992b35":6,"47589344":6,"c4cef92b":6,"593b1533":6,"0eecdc5b":6,"e9f6e5ce":6,"b7e495ea":6,"ed6bead5":6,"45ec63c0":6,"96f594b9":6,"0ddfde2c":6,"590ce3d3":6,"1802d7ce":6,"0a49914b":6,"5d3f5cad":6,"cf347cba":6,"fc0c23f7":6,"641f9b9e":6,"c92edec5":6,"9f03c1e7":6,"06c24a8d":6,"2f35e75f":6,"3eddf7c8":6,"77970f8b":6,"efd594d5":6,"4718294d":6,"5352cf45":6,"e0ffe8ff":6,"ae14d6b5":6,"a8b41774":6,"94dfcfc5":6,"81f0da2d":6,"8301986e":6,"830ecfec":6,"1fcc8ba4":6,"75a9c117":6,"a8bae791":6,"12ba54ec":6,"312009ee":6,"be391c1a":6,"c98759fd":6,"e8b6d676":6,"37d8a5b7":6,"45ee5840":6,"d5ab81c4":6,"76f04033":6,"2ecde685":6,"f0bd52d3":6,"43480b19":6,"dcc20f76":6,"fd955858":6,"69798d15":6,"666a8ef0":6,"c5b609f1":6,"efea71fa":6,"fb3aa867":6,"4dc5849a":6,"d605c755":6,"c9cf710b":6,"8a8c1d67":6,"fcacdeb3":6,"0ea055ed":6,"cc6b3306":6,"8c2dfd9a":6,"f11267b9":6,"e3b1bdf8":6,"a483b15e":6,"f80ab49d":6,"644b45fb":6,"95eaed39":6,"a5ba0ebb":6,"f53362a9":6,"1901ef7e":6,"721f5f42":6,"0b50bca6":6,"d5d94481":6,"ffe48500":6,"c7a45a33":6,"faffe099":6,"e99490cd":6,"3b830769":6,"583f0305":6,"1557c50a":6,"249e80ab":6,"f52a3d94":6,"eb74d3dd":6,"3bcbc28d":6,"3c0455e7":6,"df203c79":6,"df1e1ac0":6,"491708eb":6,"e421caaa":6,"2d2ecf27":6,"d38a4953":6,"eba5efdd":6,"a5463f93":6,"bf2ca266":6,"5d8d9641":6,"0de67c6c":6,"2311399f":6,"5e3ebf5e":6,"9f6ca218":6,"6213799d":6,"44cb1fd2":6,"baf19c25":6,"f7ffcbb8":6,"24a79a6e":6,"5728f934":6,"edde30af":6,"00b26865":6,"18c73816":6,"e491161e":6,"b5087677":6,"16f60bed":6,"cb0c3481":6,"7664512c":6,"df9a53b8":6,"f6c27b2b":6,"945f6c24":6,"f1daea7e":6,"b8fb90e3":6,"56227e35":6,"0d6bf22a":6,"b87321d0":6,"92b72493":6,"43205b5d":6,"d3e58903":6,"8982905a":6,"4481c4be":6,"f6fe1ad7":6,"230064fa":6,"7954891b":6,"c333337d":6,"4d949e11":6,"dfe4a061":6,"df12f689":6,"815c56bc":6,"c2bf7d51":6,"1da10cbf":6,"5bd61a68":6,"781afef6":6,"8582c5cf":6,"832c48e4":6,"0c353665":6,"de9229a0":6,"dc90a44c":6,"231e8700":6,"1ad7c45b":6,"99a5feef":6,"5566c17c":6,"f6266388":6,"1f9fbd85":6,"960c2e6b":6,"3515e999":6,"d11f8f1b":6,"9d9eb027":6,"325f9a29":6,"503aafe5":6,"a8edfe84":6,"2ed19b1e":6,"959e16ea":6,"02f76c64":6,"5c6d1f33":6,"b4801cae":6,"c3c2fd05":6,"f8c97147":6,"c2526ff3":6,"cc386067":6,"a22ffd8f":6,"3cd28a4d":6,"44a12c31":6,"86a22252":6,"43f24679":6,"e64fd39c":6,"0000dece":6,"a1c0dfc4":6,"e1b3ce36":6,"78f71162":6,"625fa164":6,"ce5efdbe":6,"4b27a9a4":6,"0c6ae551":6,"58ace2b5":6,"e8f4c1dd":6,"163f4d19":6,"d379fd96":6,"7b819458":6,"1d043d5a":6,"cede8b8c":6,"7f8024cd":6,"b2f82e06":6,"ad95ff4a":6,"ae562513":6,"5b0b43e6":6,"893a99c5":6,"b5474d69":6,"7b66dacd":6,"d8bf32b5":6,"9ab137d7":6,"5a938eeb":6,"0eb42efe":6,"7191d1cd":6,"4fe0dedf":6,"03c4ab87":6,"005354dd":6,"951fc6d0":6,"4e3d3af7":6,"3a4803a8":6,"61892a4c":6,"f7a7de5d":6,"f096219e":6,"a3f0a6ec":6,"d4e56c3e":6,"0c045c2d":6,"01051f84":6,"8efd4801":6,"aa7e370d":6
1601326845794,"c85ac4f8":6,"bc253f4f":6,"0d9d2bf8":6,"846b7f11":6,"d3411467":6,"1df0ce7f":6,"a08171d0":6,"c8bc5677":6,"dfca0518":6,"b9a21017":6,"e47705d3":6,"3cae4115":6,"0ccf4731":6,"c7c6782d":6,"54346574":6,"b12cbf87":6,"81942d9b":6,"699b90c1":6,"d9b5a7a8":6,"1e7914d2":6,"e5d8fdb2":6,"3412ab75":6,"bcac5daf":6,"62d028cc":6,"0af2cf39":6,"27491297":6,"d041ea86":6,"3b3569f6":6,"b01ab62a":6,"76da16fa":6,"bffee581":6,"07150038":6,"080fa362":6,"7b6945ad":6,"5b09e53e":6,"1eda11b2":6,"fc442678":6,"da5bb0f7":6,"6d925c84":6,"50b23ab2":6,"edfa56d4":6,"899c16eb":6,"41c76041":6,"6bb1fa99":6,"d73ff72e":6,"61c0ca91":6,"d2fda7be":6,"ce20ca3c":6,"1d2d958b":6,"9666b973":6,"81fb6a01":6,"653b27c7":6,"7f5b27c8":6,"83b37fd6":6,"fb3444d9":6,"4d852788":6,"f05de640":6,"e43a9448":6,"86a68967":6,"3542b748":6,"56cd4dca":6,"379c53ab":6,"e396d80d":6,"7f469f4c":6,"7da61f27":6,"f92dedfc":6,"dc874a97":6,"355d1489":6,"85a220de":6,"f96fc1af":6,"06713bac":6,"40a7cdd2":6,"ac033c7b":6,"61aca924":6,"d97fb857":6,"87759976":6,"a40d08e1":6,"cec79bc2":6,"d2eff358":6,"e70aebb5":6,"f1e86522":6,"808bc372":6,"a488b2f1":6,"fa03f48f":6,"c792a7c1":6,"4caa87d6":6,"5a7da061":6,"5298dafa":6,"f7076e21":6,"25f7f918":6,"69e653b6":6,"06a94514":6,"73c420df":6,"98d2991b":6,"c5311ebb":6,"3b411d6a":6,"0700da70":6,"105bb3f6":6,"ff591765":6,"58de5462":6,"83826ef3":6,"93f12198":6,"f01c896d":6,"595609d5":6,"62e270e5":6,"1f2670d0":6,"b47f1b89":6,"962c9c8f":6,"8e6caf71":6,"66b1b6d7":6,"aec0bf28":6,"b062adc4":6,"9a3433b8":6,"a017a323":6,"4aae5133":6,"b89112cb":6,"8801c469":6,"63a3af32":6,"b6281f1a":6,"66736d5e":6,"3fec4b0b":6,"48c6df81":6,"30de89a7":6,"faa3de3e":6,"06aaa33f":6,"5e165f43":6,"44983d13":6,"80999122":6,"f8785b71":6,"320c65bf":6,"1fa1e7c2":6,"4df3f62e":6,"59ff5ec6":6,"ef04e64e":6,"c881a53e":6,"6e2d04de":6,"80c1c8b1":6,"2fca1798":6,"cf52acd8":6,"05028839":6,"5488826c":6,"a63cb4ce":6,"84fff5c1":6,"d3b3492b":6,"c649992d":6,"7580cfa4":6,"22a96386":6,"d5ad3ed6":6,"5c672b50":6,"8e5f7187":6,"5df16440":6,"55ba7579":6,"b7769ca6":6,"b666e56d":6,"9c27de51":6,"8db378ff":6,"764e0abb":6,"4afd60a9":6,"bba6d88e":6,"d44c0ea3":6,"68f87858":6,"ea3479ec":6,"533bac6b":6,"32266fa3":6,"50b090c3":6,"41634dba":6,"8be24763":6,"43fd1327":6,"eb4800b2":6,"113e7f4b":6,"6e0ce9dc":6,"8cce569a":6,"87d9bec4":6,"ce6401b6":6,"e30dfa0c":6,"6f57824c":6,"6da34174":6,"28bd7aa1":6,"bfb849fa":6,"1d52fb0d":6,"cde0d748":6,"0a10b423":6,"535ed444":6,"9ef7cee7":6,"38a75b48":6,"784d6375":6,"1792bfa3":6,"426f1904":6,"4541bf85":6,"7c0f1ca9":6,"a6b13f20":6,"2459c882":6,"b2f820ac":6,"25d4f65d":6,"3df97186":6,"ef0490de":6,"eddb6a2a":6,"72af9198":6,"ab4a411a":6,"e39e9552":6,"646af2b9":6,"d7a4b24c":6,"81c1b70d":6,"686d5c0b":6,"659389ad":6,"f15eb1c5":6,"e72f0f82":6,"240c8679":6,"88374b72":6,"0718c3be":6,"71789493":6,"8b503f7b":6,"fdfaf1ed":6,"5ac72353":6,"87a8523c":6,"d1b14d06":6,"ea981bed":6,"c416baa6":6,"5e197575":6,"f6c074a7":6,"ae350a07":6,"ffd6849d":6,"e587c4d0":6,"525b2635":6,"962fca02":6,"680a32a6":6,"caa38a45":6,"83ba647d":6,"75968179":6,"a9987a58":6,"bc8bdc23":6,"cb0bd6b7":6,"a71f3f70":6,"8e426e39":6,"b6b8e5c7":6,"51909df8":6,"e82177d3":6,"1f7aa83c":6,"89914b94":6,"732d62ee":6,"e22b0973":6,"04bdf5e1":6,"da8b42be":6,"d4b0751c":6,"23646ff9":6,"5b01444b":6,"3abb827b":6,"3b0576bf":6,"0c73c293":6,"79995b62":6,"9458934f":6,"97160db8":6,"88929b06":6,"1dcc489c":6,"589f0d6e":6,"08c4692e":6,"51b4016a":6,"5b2479ef":6,"e0f47ced":6,"ff8a00aa":6,"309bbf54":6,"c146560b":6,"cc537772":6,"985068e7":6,"6618390c":6,"d543ba6f":6,"99cc0813":6,"dc32c4e1":6,"239c636e":6,"6ee160ff":6,"c55d40ca":6,"22c177a8":6,"00ae883f":6,"f416ee62":6,"0d2b182d":6,"320754c3":6,"232b2f64":6,"3171b6e7":6,"49f1a0d1":6,"710f0d0e":6,"0905f1fb":6,"5f04aa76":6,"a20e529c":6,"ba297382":6,"0287db2a":6,"1ae76fcc":6,"35b161d3":6,"96abe4a9":6,"344cd1a3":6,"753b10b1":6,"77ea1236":6,"cf14bd99":6,"782022f4":6,"96d2a118":6,"23a0e41f":6,"322e833f":6,"272e7d0d":6,"b32a1080":6,"f92596ee":6,"ab3619e4":6,"106006ad":6,"68831ea9":6,"a2c4b591":6,"6dfa57be":6,"c8237be9":6,"9713d076":6,"1416e8f5":6,"fd098272":6,"1854ce44":6,"6ee788a7":6,"dde2eed5":6,"f92b22f1":6,"8249641d":6,"a208caa8":6,"ece12664":6,"45b0968f":6,"16605353":6,"36f4ecde":6,"6a9bb182":6,"77b39e15":6,"3b25460f":6,"d2064756":6,"46bf9112":6,"1d882c36":6,"092ad3d6":6,"945badf3":6,"eb62e8f2":6,"bf940089":6,"1327775b":6,"01f34f98":6,"bdd40125":6,"1670b0d3":6,"75fd47f7":6,"ec97d63e":6,"1c52a07e":6,"94208a41":6,"e70ccc25":6,"afd1494f":6,"2cbcad17":6,"4dccb5ca":6,"ca6bffd3":6,"83268abf":6,"829c44a4":6,"578c4c95":6,"e76e2617":6,"2b4fd52e":6,"c606b472":6,"57162572":6,"d1d50cfe":6,"45a961ca":6,"5ca978fd":6,"668e601b":6,"7552d86c":6,"02ebf3b6":6,"bb17a968":6,"4abcb85d":6,"cba26072":6,"2a718dcc":6,"c6a9a8e1":6,"88854fd0":6,"8dc27d2a":6,"41d7f05d":6,"2b851827":6,"9f428a03":6,"4d504d96":6,"0533ece1":6,"bcee2ef3":6,"0afba00c":6,"04ff8100":6,"6c00d8d6":6,"ac9a02bc":6,"acfe69ed":6,"426603ff":6,"2db2f252":6,"2e84193b":6,"c55683c9":6,"51233daf":6,"02791635":6,"be081247":6,"5cc47d1b":6,"678b846f":6,"b4bd39d8":6,"b4cdbe5d":6,"fa0386f3":6,"b95d0f17":6,"cee9c347":6,"1f1afd4f":6,"568a0d58":6,"f1726edb":6,"25fb8826":6,"5fd569d2":6,"0dc5da58":6,"10c8fd03":6,"2874a625":6,"bd4ccb49":6,"e773d697":6,"e61ae828":6,"7e8c11e7":6,"f7ac3883":6,"ccd01528":6,"077eb15a":6,"dab8cf68":6,"5337c279":6,"00f2a9cb":6,"8d256cb6":6,"916fe082":6,"b64dba8e":6,"7021c619":6,"32ae00db":6,"c3bb30ce":6,"86219c70":6,"bf2defb2":6,"601990d8":6,"bc733a28":6,"30d32d34":6,"5c662c19":6,"886c16d3":6,"d2a5d2fd":6,"e8d09b62":6,"89d220c2":6,"3e10c9cb":6,"5500a3e8":6,"3c0e87ac":6,"a891461f":6,"a246cdab":6,"117c7f0b":6,"0d21cf99":6,"14e6fe14":6,"37ec5e73":6,"bfff7913":6,"f8636899":6,"37724339":6,"d45d9727":6,"ee5ff2a3":6,"44322dfd":6,"295e4d1d":6,"8cf6570a":6,"403064a0":6,"312af46e":6,"b5a9f8c3":6,"fcbc0ae8":6,"2ff6b6a8":6,"66a71cc1":6,"bf4b58e4":6,"3b09f1de":6,"ba69b06b":6,"b371f44a":6,"7d2a2cb4":6,"4f62491c":6,"8b6180ff":6,"70b4c438":6,"8819ac24":6,"71ed93db":6,"dbbf7f69":6,"c92efaa8":6,"c241ac7e":6,"62a45672":6,"210e507a":6,"ac6e268b":6,"742238e8":6,"7eb8f268":6,"f995eeab":6,"20236d3e":6,"4006e709":6,"36ae8cd8":6,"0dedf63e":6,"3ddd5391":6,"a9d5374b":6,"4321f02d":6,"089b3f8f":6,"07f69c6d":6,"7698d0dc":6,"2254f0f5":6,"784414ce":6,"ea282e84":6,"2df3efdb":6,"6653c83b":6,"d0f1b7bd":6,"c896052c":6,"e7799883":6,"4f9456cf":6,"287ecd1c":6,"f9376d3e":6,"6e260ee8":6,"f4f84279":6,"07a94e8c":6,"b0950de5":6,"bb017b49":6,"37b52fe4":6,"6f873999":6,"1f4e0e22":6,"61ad1519":6,"819c4185":6,"60d69311":6
1601326848662,"080d5d42":7,"5d03f5dc":7,"f0a01341":7,"1ee4d9f9":7,"0d6e45e7":7,"0da97151":7,"e829038c":7,"4987cfb5":7,"ba90687c":7,"77f2cf92":7,"037e2be4":7,"9e7dbd20":7,"7800e7ce":7,"0c086273":7,"ac13c3b0":7,"77869ff0":7,"b4d9c57f":7,"4b8f7b16":7,"89f75690":7,"5d53c964":7,"cb363e2f":7,"8ee9cc91":7,"cd802f02":7,"4cc0af91":7,"55f6a2ba":7,"d3cca7eb":7,"9559ea96":7,"e866a899":7,"5690e712":7,"9cb044bf":7,"16b25add":7,"0b92d2a9":7,"070bed95":7,"80ee333e":7,"3b329af2":7,"67e5d108":7,"1cd662bf":7,"3d37b94b":7,"842c97c2":7,"72992b35":7,"47589344":7,"c4cef92b":7,"0eecdc5b":7,"593b1533":7,"b7e495ea":7,"e9f6e5ce":7,"ed6bead5":7,"45ec63c0":7,"96f594b9":7,"0ddfde2c":7,"a8b41774":7,"94dfcfc5":7,"81f0da2d":7,"8301986e":7,"830ecfec":7,"1fcc8ba4":7,"a8bae791":7,"75a9c117":7,"12ba54ec":7,"312009ee":7,"be391c1a":7,"c98759fd":7,"37d8a5b7":7,"e8b6d676":7,"d5ab81c4":7,"45ee5840":7,"76f04033":7,"2ecde685":7,"43480b19":7,"f0bd52d3":7,"dcc20f76":7,"fd955858":7,"69798d15":7,"666a8ef0":7,"efea71fa":7,"c5b609f1":7,"4dc5849a":7,"fb3aa867":7,"c9cf710b":7,"d605c755":7,"fcacdeb3":7,"8a8c1d67":7,"cc6b3306":7,"0ea055ed":7,"e3b1bdf8":7,"8c2dfd9a":7,"644b45fb":7,"f11267b9":7,"a483b15e":7,"f80ab49d":7,"95eaed39":7,"a5ba0ebb":7,"f53362a9":7,"1901ef7e":7,"960c2e6b":7,"3515e999":7,"d11f8f1b":7
1601326849166,"9d9eb027":7,"325f9a29":7,"503aafe5":7,"d5d94481":7,"ffe48500":7,"c7a45a33":7,"faffe099":7,"e99490cd":7,"3b830769":7,"583f0305":7,"1557c50a":7,"249e80ab":7,"f52a3d94":7,"eb74d3dd":7,"3bcbc28d":7,"3c0455e7":7,"df203c79":7,"18c73816":7,"e491161e":7,"b5087677":7,"16f60bed":7,"590ce3d3":7,"1802d7ce":7,"0a49914b":7,"5d3f5cad":7,"cf347cba":7,"fc0c23f7":7,"641f9b9e":7,"c92edec5":7,"9f03c1e7":7,"06c24a8d":7,"2f35e75f":7,"3eddf7c8":7,"77970f8b":7,"efd594d5":7,"4718294d":7,"5352cf45":7,"e0ffe8ff":7,"ae14d6b5":7,"721f5f42":7,"a8edfe84":7,"2ed19b1e":7,"959e16ea":7,"02f76c64":7,"5c6d1f33":7,"b4801cae":7,"c3c2fd05":7,"f8c97147":7,"c2526ff3":7,"cc386067":7,"a22ffd8f":7,"3cd28a4d":7,"44a12c31":7,"45a961ca":7,"5ca978fd":7,"0b50bca6":7,"bf2ca266":7,"5d8d9641":7,"0de67c6c":7,"2311399f":7,"f7ffcbb8":7,"5e3ebf5e":7,"9f6ca218":7,"5728f934":7,"6213799d":7,"00b26865":7,"44cb1fd2":7,"baf19c25":7,"c333337d":7,"24a79a6e":7,"dfe4a061":7,"815c56bc":7,"edde30af":7,"5bd61a68":7,"c2bf7d51":7,"4d949e11":7,"8582c5cf":7,"781afef6":7,"df12f689":7,"3b3569f6":7,"b01ab62a":7,"76da16fa":7,"bffee581":7,"07150038":7,"080fa362":7,"7b6945ad":7,"a40d08e1":7,"668e601b":7,"7552d86c":7,"02ebf3b6":7,"bb17a968":7,"4abcb85d":7,"cba26072":7,"62d028cc":7,"0af2cf39":7,"27491297":7,"d041ea86":7,"1eda11b2":7,"fc442678":7,"2a718dcc":7,"c6a9a8e1":7,"df1e1ac0":7,"491708eb":7,"e421caaa":7,"2d2ecf27":7,"d38a4953":7,"eba5efdd":7,"a5463f93":7,"c85ac4f8":7,"bc253f4f":7,"0d9d2bf8":7,"846b7f11":7,"d3411467":7,"1df0ce7f":7,"a08171d0":7,"c8bc5677":7,"dfca0518":7,"b9a21017":7,"e47705d3":7,"3cae4115":7,"0ccf4731":7,"c7c6782d":7,"54346574":7,"b12cbf87":7,"81942d9b":7,"699b90c1":7,"d9b5a7a8":7,"1e7914d2":7,"e5d8fdb2":7,"3412ab75":7,"bcac5daf":7,"88854fd0":7,"8dc27d2a":7,"41d7f05d":7,"2b851827":7,"9f428a03":7,"4d504d96":7,"cb0c3481":7,"7664512c":7,"df9a53b8":7,"f6c27b2b":7,"945f6c24":7,"f1daea7e":7,"b8fb90e3":7,"56227e35":7,"0d6bf22a":7,"b87321d0":7,"43205b5d":7,"8982905a":7,"f6fe1ad7":7,"92b72493":7,"230064fa":7,"d3e58903":7,"764e0abb":7,"4481c4be":7,"bba6d88e":7,"ea3479ec":7,"7954891b":7,"32266fa3":7,"4afd60a9":7,"d44c0ea3":7,"50b090c3":7,"8be24763":7,"68f87858":7,"533bac6b":7,"eb4800b2":7,"41634dba":7,"6e0ce9dc":7,"87d9bec4":7,"43fd1327":7,"e30dfa0c":7,"113e7f4b":7,"8cce569a":7,"6da34174":7,"ce6401b6":7,"bfb849fa":7,"6f57824c":7,"0a10b423":7,"28bd7aa1":7,"9ef7cee7":7,"0533ece1":7,"bcee2ef3":7,"0afba00c":7,"04ff8100":7,"6c00d8d6":7,"ac9a02bc":7,"acfe69ed":7,"426603ff":7,"2db2f252":7,"2e84193b":7,"c55683c9":7,"51233daf":7,"0c353665":7,"de9229a0":7,"1da10cbf":7,"231e8700":7,"99a5feef":7,"832c48e4":7,"f6266388":7,"1f9fbd85":7,"dc90a44c":7,"43f24679":7,"e64fd39c":7,"1ad7c45b":7,"a1c0dfc4":7,"5566c17c":7,"e1b3ce36":7,"625fa164":7,"86a22252":7,"78f71162":7,"0c6ae551":7,"0000dece":7,"ce5efdbe":7,"e8f4c1dd":7,"4b27a9a4":7,"163f4d19":7,"58ace2b5":7,"cede8b8c":7,"d379fd96":7,"1d043d5a":7,"ad95ff4a":7,"893a99c5":7,"7b819458":7,"b2f82e06":7,"7f8024cd":7,"d8bf32b5":7,"5b0b43e6":7,"b5474d69":7,"0eb42efe":7,"ae562513":7,"5a938eeb":7,"03c4ab87":7,"4fe0dedf":7,"7b66dacd":7,"4e3d3af7":7,"02791635":7,"be081247":7,"5cc47d1b":7,"678b846f":7,"b4bd39d8":7,"b4cdbe5d":7,"fa0386f3":7,"b95d0f17":7,"cee9c347":7,"1d52fb0d":7,"49f1a0d1":7,"cde0d748":7,"5f04aa76":7,"535ed444":7,"ba297382":7,"0287db2a":7,"96abe4a9":7,"710f0d0e":7,"0905f1fb":7,"753b10b1":7,"a20e529c":7,"cf14bd99":7,"1ae76fcc":7,"782022f4":7,"35b161d3":7,"322e833f":7,"9ab137d7":7,"951fc6d0":7,"3a4803a8":7,"7191d1cd":7,"f7a7de5d":7,"61892a4c":7,"005354dd":7,"d4e56c3e":7,"f096219e":7,"0c045c2d":7,"a3f0a6ec":7,"8efd4801":7,"7eb8f268":7,"01051f84":7,"aa7e370d":7,"20236d3e":7,"36ae8cd8":7,"f995eeab":7,"4006e709":7,"3ddd5391":7,"07f69c6d":7,"0dedf63e":7,"a9d5374b":7,"2254f0f5":7,"4321f02d":7,"ea282e84":7,"089b3f8f":7,"6653c83b":7,"7698d0dc":7,"c896052c":7,"287ecd1c":7,"784414ce":7,"2df3efdb":7,"f9376d3e":7,"d0f1b7bd":7,"07a94e8c":7,"e7799883":7,"bb017b49":7,"37b52fe4":7,"4f9456cf":7,"6e260ee8":7,"61ad1519":7,"f4f84279":7,"819c4185":7,"ba69b06b":7,"b0950de5":7,"7d2a2cb4":7,"6f873999":7,"1f4e0e22":7,"4f62491c":7,"5b09e53e":7,"da5bb0f7":7,"6d925c84":7,"50b23ab2":7,"edfa56d4":7,"899c16eb":7,"41c76041":7,"6bb1fa99":7,"d73ff72e":7,"9666b973":7,"61c0ca91":7,"653b27c7":7,"d2fda7be":7,"83b37fd6":7,"ce20ca3c":7,"4d852788":7,"1d2d958b":7,"e43a9448":7,"81fb6a01":7,"3542b748":7,"7f5b27c8":7,"379c53ab":7,"fb3444d9":7,"e396d80d":7,"f05de640":7,"7da61f27":7,"86a68967":7,"dc874a97":7,"85a220de":7,"56cd4dca":7,"40a7cdd2":7,"7f469f4c":7,"ac033c7b":7,"87759976":7,"f92dedfc":7,"4df3f62e":7,"355d1489":7,"c881a53e":7,"f96fc1af":7,"80c1c8b1":7,"06713bac":7,"61aca924":7,"cf52acd8":7,"d97fb857":7,"a63cb4ce":7,"59ff5ec6":7,"d3b3492b":7,"ef04e64e":7,"7580cfa4":7,"6e2d04de":7,"22a96386":7,"2fca1798":7,"5c672b50":7,"05028839":7,"5df16440":7,"5488826c":7,"b666e56d":7,"84fff5c1":7,"8db378ff":7,"784d6375":7,"c649992d":7,"4541bf85":7,"d5ad3ed6":7,"8e5f7187":7,"a6b13f20":7,"2459c882":7,"55ba7579":7,"3df97186":7,"b7769ca6":7,"ef0490de":7,"9c27de51":7,"e0f47ced":7,"38a75b48":7,"344cd1a3":7,"ab3619e4":7,"77ea1236":7,"272e7d0d":7,"96d2a118":7,"f92596ee":7,"106006ad":7,"23a0e41f":7,"68831ea9":7,"c8237be9":7,"9713d076":7,"1416e8f5":7,"b32a1080":7,"fd098272":7,"dde2eed5":7,"a2c4b591":7,"6ee788a7":7,"a208caa8":7,"8249641d":7,"6dfa57be":7,"16605353":7,"1854ce44":7,"45b0968f":7,"77b39e15":7,"f1726edb":7,"f92b22f1":7,"6a9bb182":7,"ece12664":7,"1f1afd4f":7,"36f4ecde":7,"25fb8826":7,"568a0d58":7,"0dc5da58":7,"5fd569d2":7,"2874a625":7,"e61ae828":7,"10c8fd03":7,"f7ac3883":7,"ccd01528":7,"bd4ccb49":7,"dab8cf68":7,"e773d697":7,"7e8c11e7":7,"00f2a9cb":7,"70b4c438":7,"60d69311":7,"3b09f1de":7,"71ed93db":7,"c92efaa8":7,"b371f44a":7,"c241ac7e":7,"8b6180ff":7,"8819ac24":7,"62a45672":7,"210e507a":7,"dbbf7f69":7,"ac6e268b":7,"742238e8":7,"cec79bc2":7,"d2eff358":7,"e70aebb5":7,"a488b2f1":7,"4caa87d6":7,"f1e86522":7,"808bc372":7,"f7076e21":7,"fa03f48f":7,"c792a7c1":7,"69e653b6":7,"5298dafa":7,"98d2991b":7,"25f7f918":7,"5a7da061":7,"06a94514":7,"3b411d6a":7,"c5311ebb":7,"83826ef3":7,"105bb3f6":7,"73c420df":7,"0700da70":7,"58de5462":7,"595609d5":7,"b47f1b89":7,"f01c896d":7,"ff591765":7,"8e6caf71":7,"1f2670d0":7,"93f12198":7,"62e270e5":7,"66b1b6d7":7,"962c9c8f":7,"9a3433b8":7,"aec0bf28":7,"b89112cb":7,"b062adc4":7,"66736d5e":7,"4aae5133":7,"a017a323":7,"30de89a7":7,"63a3af32":7,"8801c469":7,"1792bfa3":7,"309bbf54":7,"426f1904":7,"cc537772":7,"7c0f1ca9":7,"6618390c":7,"b2f820ac":7,"99cc0813":7,"dc32c4e1":7,"25d4f65d":7,"239c636e":7,"eddb6a2a":7,"6ee160ff":7,"ff8a00aa":7,"c55d40ca":7,"c146560b":7,"985068e7":7,"22c177a8":7,"d543ba6f":7,"00ae883f":7,"f416ee62":7,"0d2b182d":7,"320754c3":7,"232b2f64":7,"3171b6e7":7,"3b25460f":7,"d2064756":7,"8cf6570a":7,"403064a0":7,"312af46e":7,"b5a9f8c3":7,"fcbc0ae8":7,"2ff6b6a8":7,"66a71cc1":7,"bf4b58e4":7,"916fe082":7,"077eb15a":7,"b64dba8e":7,"5337c279":7,"8d256cb6":7,"c3bb30ce":7,"86219c70":7,"7021c619":7,"601990d8":7,"32ae00db":7,"bf2defb2":7,"5c662c19":7,"bc733a28":7,"d2a5d2fd":7,"30d32d34":7,"89d220c2":7,"3e10c9cb":7,"886c16d3":7,"e8d09b62":7,"5500a3e8":7,"3c0e87ac":7,"a891461f":7,"a246cdab":7,"117c7f0b":7,"0d21cf99":7,"14e6fe14":7,"37ec5e73":7,"bfff7913":7,"f8636899":7,"37724339":7,"d45d9727":7,"ee5ff2a3":7,"44322dfd":7,"295e4d1d":7,"06aaa33f":7,"3fec4b0b":7,"b6281f1a":7,"320c65bf":7,"faa3de3e":7,"48c6df81":7,"1fa1e7c2":7,"44983d13":7,"5e165f43":7,"646af2b9":7,"f8785b71":7,"659389ad":7,"80999122":7,"72af9198":7,"ab4a411a":7,"240c8679":7,"d7a4b24c":7,"0718c3be":7,"e39e9552":7,"686d5c0b":7,"81c1b70d":7,"8b503f7b":7,"f15eb1c5":7,"e72f0f82":7,"87a8523c":7,"c416baa6":7,"71789493":7,"88374b72":7,"ae350a07":7,"5ac72353":7,"fdfaf1ed":7,"680a32a6":7,"ea981bed":7,"83ba647d":7,"d1b14d06":7,"cb0bd6b7":7,"f6c074a7":7,"5e197575":7,"e587c4d0":7,"8e426e39":7,"51909df8":7,"525b2635":7,"ffd6849d":7,"e22b0973":7,"962fca02":7,"caa38a45":7,"75968179":7,"a9987a58":7,"23646ff9":7,"bc8bdc23":7,"b6b8e5c7":7,"3abb827b":7,"a71f3f70":7,"e82177d3":7,"0c73c293":7,"89914b94":7,"1f7aa83c":7,"88929b06":7,"04bdf5e1":7,"08c4692e":7,"732d62ee":7,"da8b42be":7,"d4b0751c":7,"5b2479ef":7,"3b0576bf":7,"1d882c36":7,"5b01444b":7,"79995b62":7,"eb62e8f2":7,"9458934f":7,"1dcc489c":7,"97160db8":7,"945badf3":7,"589f0d6e":7,"51b4016a":7,"1327775b":7,"46bf9112":7,"bdd40125":7,"75fd47f7":7,"092ad3d6":7,"bf940089":7,"1c52a07e":7,"01f34f98":7,"e70ccc25":7,"1670b0d3":7,"afd1494f":7,"ca6bffd3":7,"ec97d63e":7,"94208a41":7,"829c44a4":7,"e76e2617":7,"2cbcad17":7,"4dccb5ca":7,"2b4fd52e":7,"83268abf":7,"57162572":7,"578c4c95":7,"d1d50cfe":7,"c606b472":7
1601326852122,"d5d94481":8,"ffe48500":8,"c7a45a33":8,"faffe099":8,"e99490cd":8,"3b830769":8,"583f0305":8,"1557c50a":8
1601326852604,"080d5d42":8,"5d03f5dc":8,"f0a01341":8,"1ee4d9f9":8,"0d6e45e7":8,"0da97151":8,"e829038c":8,"4987cfb5":8,"ba90687c":8,"77f2cf92":8,"037e2be4":8,"9e7dbd20":8,"0c086273":8,"ac13c3b0":8,"7800e7ce":8,"77869ff0":8,"b4d9c57f":8,"4b8f7b16":8,"5d53c964":8,"89f75690":8,"8ee9cc91":8,"4cc0af91":8,"cb363e2f":8,"cd802f02":8,"55f6a2ba":8,"9559ea96":8,"d3cca7eb":8,"e866a899":8,"9cb044bf":8,"5690e712":8,"16b25add":8,"80ee333e":8,"0b92d2a9":8,"3b329af2":8,"070bed95":8,"67e5d108":8,"1cd662bf":8,"590ce3d3":8,"1802d7ce":8,"249e80ab":8,"f52a3d94":8,"eb74d3dd":8,"3bcbc28d":8,"0a49914b":8,"5d3f5cad":8,"cf347cba":8,"72992b35":8,"3d37b94b":8,"842c97c2":8,"47589344":8,"593b1533":8,"c4cef92b":8,"e9f6e5ce":8,"0eecdc5b":8,"ed6bead5":8,"b7e495ea":8,"45ec63c0":8,"96f594b9":8,"0ddfde2c":8,"94dfcfc5":8,"a8b41774":8,"8301986e":8,"81f0da2d":8,"830ecfec":8,"1fcc8ba4":8,"a8bae791":8,"312009ee":8,"75a9c117":8,"12ba54ec":8,"c98759fd":8,"be391c1a":8,"e8b6d676":8,"45ee5840":8,"37d8a5b7":8,"76f04033":8,"d5ab81c4":8,"43480b19":8,"2ecde685":8,"fd955858":8,"f0bd52d3":8,"69798d15":8,"dcc20f76":8,"666a8ef0":8,"efea71fa":8,"c5b609f1":8,"fb3aa867":8,"4dc5849a":8,"c9cf710b":8,"fcacdeb3":8,"d605c755":8,"0ea055ed":8,"8a8c1d67":8,"e3b1bdf8":8,"cc6b3306":8,"644b45fb":8,"8c2dfd9a":8,"f11267b9":8,"a483b15e":8,"f80ab49d":8,"95eaed39":8,"a5ba0ebb":8,"f53362a9":8,"1901ef7e":8,"18c73816":8,"e491161e":8,"b5087677":8,"16f60bed":8,"fc0c23f7":8,"641f9b9e":8,"c92edec5":8,"9f03c1e7":8,"06c24a8d":8,"2f35e75f":8,"3eddf7c8":8,"77970f8b":8,"efd594d5":8,"4718294d":8,"5352cf45":8,"e0ffe8ff":8,"960c2e6b":8,"3515e999":8,"d11f8f1b":8,"9d9eb027":8,"325f9a29":8,"503aafe5":8,"ae14d6b5":8,"721f5f42":8,"f7ffcbb8":8,"0b50bca6":8,"bf2ca266":8,"5728f934":8,"00b26865":8,"5d8d9641":8,"c333337d":8,"0de67c6c":8,"dfe4a061":8,"815c56bc":8,"2311399f":8,"5bd61a68":8,"c2bf7d51":8,"cb0c3481":8,"7664512c":8,"df9a53b8":8,"f6c27b2b":8,"945f6c24":8,"f1daea7e":8,"b8fb90e3":8,"56227e35":8,"0d6bf22a":8,"b87321d0":8,"43205b5d":8,"8982905a":8,"f6fe1ad7":8,"230064fa":8,"764e0abb":8,"bba6d88e":8,"ea3479ec":8,"32266fa3":8,"50b090c3":8,"8be24763":8,"eb4800b2":8,"6e0ce9dc":8,"92b72493":8,"87d9bec4":8,"d3e58903":8,"e30dfa0c":8,"4481c4be":8,"7954891b":8,"6da34174":8,"4afd60a9":8,"bfb849fa":8,"0a10b423":8,"5e3ebf5e":8,"8582c5cf":8,"781afef6":8,"9f6ca218":8,"de9229a0":8,"0c353665":8,"6213799d":8,"99a5feef":8,"231e8700":8,"44cb1fd2":8,"f6266388":8,"baf19c25":8,"1f9fbd85":8,"24a79a6e":8,"e64fd39c":8,"43f24679":8,"3b3569f6":8,"b01ab62a":8,"76da16fa":8,"bffee581":8,"e1b3ce36":8,"edde30af":8,"a1c0dfc4":8,"4d949e11":8,"625fa164":8,"78f71162":8,"df12f689":8,"0c6ae551":8,"4b27a9a4":8,"e8f4c1dd":8,"1da10cbf":8,"163f4d19":8,"832c48e4":8,"1d043d5a":8,"b2f82e06":8,"dc90a44c":8,"cede8b8c":8,"a8edfe84":8,"2ed19b1e":8,"959e16ea":8,"02f76c64":8,"5c6d1f33":8,"b4801cae":8,"c3c2fd05":8,"f8c97147":8,"c2526ff3":8,"cc386067":8,"a22ffd8f":8,"3cd28a4d":8,"44a12c31":8,"45a961ca":8,"5ca978fd":8,"668e601b":8,"7552d86c":8,"ad95ff4a":8,"5b0b43e6":8,"1ad7c45b":8,"b5474d69":8,"893a99c5":8,"5566c17c":8,"d8bf32b5":8,"5a938eeb":8,"86a22252":8,"0eb42efe":8,"0000dece":8,"4fe0dedf":8,"03c4ab87":8,"3c0455e7":8,"df203c79":8,"df1e1ac0":8,"491708eb":8,"e421caaa":8,"2d2ecf27":8,"d38a4953":8,"eba5efdd":8,"a5463f93":8,"c85ac4f8":8,"bc253f4f":8,"0d9d2bf8":8,"846b7f11":8,"d3411467":8,"1df0ce7f":8,"a08171d0":8,"c8bc5677":8,"dfca0518":8,"b9a21017":8,"e47705d3":8,"3cae4115":8,"0ccf4731":8,"c7c6782d":8,"54346574":8,"b12cbf87":8,"81942d9b":8,"699b90c1":8,"d9b5a7a8":8,"1e7914d2":8,"e5d8fdb2":8,"ce5efdbe":8,"951fc6d0":8,"4e3d3af7":8,"58ace2b5":8,"61892a4c":8,"3a4803a8":8,"3412ab75":8,"bcac5daf":8,"62d028cc":8,"0af2cf39":8,"27491297":8,"d041ea86":8,"1eda11b2":8,"fc442678":8,"5b09e53e":8,"da5bb0f7":8,"6d925c84":8,"50b23ab2":8,"edfa56d4":8,"899c16eb":8,"41c76041":8,"6bb1fa99":8,"d73ff72e":8,"f7a7de5d":8,"f096219e":8,"d379fd96":8,"a3f0a6ec":8,"d4e56c3e":8,"7b819458":8,"0c045c2d":8,"01051f84":8,"8efd4801":8,"aa7e370d":8,"7f8024cd":8,"7eb8f268":8,"f995eeab":8,"ae562513":8,"20236d3e":8,"4006e709":8,"7b66dacd":8,"36ae8cd8":8,"0dedf63e":8,"9ab137d7":8,"3ddd5391":8,"a9d5374b":8,"7191d1cd":8,"07f69c6d":8,"4321f02d":8,"005354dd":8,"2254f0f5":8,"ea282e84":8,"089b3f8f":8,"7698d0dc":8,"6653c83b":8,"c896052c":8,"784414ce":8,"287ecd1c":8,"2df3efdb":8,"f9376d3e":8,"d0f1b7bd":8
1601326852854,"07150038":8,"080fa362":8,"f1e86522":8,"7b6945ad":8,"fa03f48f":8,"a40d08e1":8,"cec79bc2":8,"5298dafa":8,"25f7f918":8,"d2eff358":8,"808bc372":8,"e70aebb5":8,"c5311ebb":8,"c792a7c1":8,"105bb3f6":8,"a488b2f1":8,"5a7da061":8,"58de5462":8,"4caa87d6":8,"06a94514":8,"f7076e21":8,"f01c896d":8,"1f2670d0":8,"69e653b6":8,"73c420df":8,"98d2991b":8,"0700da70":8,"962c9c8f":8,"ff591765":8,"3b411d6a":8,"aec0bf28":8,"83826ef3":8,"93f12198":8,"595609d5":8,"a017a323":8,"62e270e5":8,"b47f1b89":8,"8801c469":8,"66b1b6d7":8,"8e6caf71":8,"b062adc4":8,"b6281f1a":8,"9a3433b8":8,"4aae5133":8,"48c6df81":8,"b89112cb":8,"5e165f43":8,"63a3af32":8,"66736d5e":8,"f8785b71":8,"30de89a7":8,"3fec4b0b":8,"06aaa33f":8,"faa3de3e":8,"ab4a411a":8,"44983d13":8,"d7a4b24c":8,"320c65bf":8,"686d5c0b":8,"80999122":8,"1fa1e7c2":8,"646af2b9":8,"72af9198":8,"f15eb1c5":8,"71789493":8,"e39e9552":8,"659389ad":8,"5ac72353":8,"240c8679":8,"d1b14d06":8,"81c1b70d":8,"0718c3be":8,"e72f0f82":8,"f6c074a7":8,"88374b72":8,"ffd6849d":8,"8b503f7b":8,"fdfaf1ed":8,"87a8523c":8,"962fca02":8,"c416baa6":8,"ea981bed":8,"75968179":8,"ae350a07":8,"5e197575":8,"680a32a6":8,"bc8bdc23":8,"a71f3f70":8,"83ba647d":8,"e587c4d0":8,"cb0bd6b7":8,"525b2635":8,"1f7aa83c":8,"61c0ca91":8,"9666b973":8,"d2fda7be":8,"653b27c7":8,"ce20ca3c":8,"83b37fd6":8,"1d2d958b":8,"4d852788":8,"81fb6a01":8,"e43a9448":8,"3542b748":8,"7f5b27c8":8,"fb3444d9":8,"379c53ab":8,"f05de640":8,"e396d80d":8,"7da61f27":8,"86a68967":8,"dc874a97":8,"56cd4dca":8,"85a220de":8,"7f469f4c":8,"40a7cdd2":8,"f92dedfc":8,"ac033c7b":8,"355d1489":8,"87759976":8,"f96fc1af":8,"4df3f62e":8,"06713bac":8,"c881a53e":8,"61aca924":8,"80c1c8b1":8,"cf52acd8":8,"d97fb857":8,"caa38a45":8,"732d62ee":8,"8e426e39":8,"a9987a58":8,"51909df8":8,"d4b0751c":8,"d44c0ea3":8,"9ef7cee7":8,"68f87858":8,"533bac6b":8,"49f1a0d1":8,"5f04aa76":8,"41634dba":8,"ba297382":8,"0287db2a":8,"43fd1327":8,"e22b0973":8,"b6b8e5c7":8,"5b01444b":8,"e82177d3":8,"23646ff9":8,"79995b62":8,"89914b94":8,"97160db8":8,"3abb827b":8,"0c73c293":8,"589f0d6e":8,"04bdf5e1":8,"88929b06":8,"51b4016a":8,"da8b42be":8,"46bf9112":8,"08c4692e":8,"3b0576bf":8,"9458934f":8,"092ad3d6":8,"5b2479ef":8,"bf940089":8,"1dcc489c":8,"1d882c36":8,"eb62e8f2":8,"945badf3":8,"01f34f98":8,"1327775b":8,"1670b0d3":8,"ec97d63e":8,"bdd40125":8,"94208a41":8,"75fd47f7":8,"2cbcad17":8,"1c52a07e":8,"e70ccc25":8,"4dccb5ca":8,"83268abf":8,"afd1494f":8,"ca6bffd3":8,"829c44a4":8,"578c4c95":8,"c606b472":8,"e76e2617":8,"a63cb4ce":8,"59ff5ec6":8,"d3b3492b":8,"ef04e64e":8,"6e2d04de":8,"7580cfa4":8,"22a96386":8,"2fca1798":8,"5c672b50":8,"05028839":8,"5488826c":8,"5df16440":8,"b666e56d":8,"84fff5c1":8,"c649992d":8,"8db378ff":8,"784d6375":8,"d5ad3ed6":8,"4541bf85":8,"8e5f7187":8,"55ba7579":8,"a6b13f20":8,"2459c882":8,"b7769ca6":8,"9c27de51":8,"3df97186":8,"ef0490de":8,"38a75b48":8,"e0f47ced":8,"1792bfa3":8,"309bbf54":8,"426f1904":8,"cc537772":8,"7c0f1ca9":8,"b2f820ac":8,"6618390c":8,"25d4f65d":8,"99cc0813":8,"dc32c4e1":8,"eddb6a2a":8,"239c636e":8,"ff8a00aa":8,"2b4fd52e":8,"57162572":8,"d1d50cfe":8,"02ebf3b6":8,"bb17a968":8,"4abcb85d":8,"cba26072":8,"2a718dcc":8,"c6a9a8e1":8,"88854fd0":8,"8dc27d2a":8,"6ee160ff":8,"c146560b":8,"985068e7":8,"c55d40ca":8,"22c177a8":8,"d543ba6f":8,"00ae883f":8,"f416ee62":8,"0d2b182d":8,"320754c3":8,"232b2f64":8,"3171b6e7":8,"3b25460f":8,"d2064756":8,"41d7f05d":8,"2b851827":8,"9f428a03":8,"4d504d96":8,"0533ece1":8,"bcee2ef3":8,"0afba00c":8,"04ff8100":8,"6c00d8d6":8,"ac9a02bc":8,"acfe69ed":8,"426603ff":8,"2db2f252":8,"2e84193b":8,"c55683c9":8,"51233daf":8,"02791635":8,"be081247":8,"5cc47d1b":8,"678b846f":8,"b4bd39d8":8,"b4cdbe5d":8,"fa0386f3":8,"b95d0f17":8,"cee9c347":8,"113e7f4b":8,"96abe4a9":8,"8cce569a":8,"753b10b1":8,"ce6401b6":8,"cf14bd99":8,"782022f4":8,"6f57824c":8,"28bd7aa1":8,"322e833f":8,"ab3619e4":8,"1d52fb0d":8,"106006ad":8,"cde0d748":8,"535ed444":8,"c8237be9":8,"1416e8f5":8,"710f0d0e":8,"dde2eed5":8,"0905f1fb":8,"a208caa8":8,"a20e529c":8,"16605353":8,"77b39e15":8,"1ae76fcc":8,"f1726edb":8,"272e7d0d":8,"35b161d3":8,"f92596ee":8,"344cd1a3":8,"68831ea9":8,"77ea1236":8,"96d2a118":8,"9713d076":8,"23a0e41f":8,"fd098272":8,"b32a1080":8,"6ee788a7":8,"8249641d":8,"a2c4b591":8,"45b0968f":8,"6a9bb182":8,"6dfa57be":8,"1854ce44":8,"1f1afd4f":8,"25fb8826":8,"f92b22f1":8,"0dc5da58":8,"ece12664":8,"2874a625":8,"e61ae828":8,"36f4ecde":8,"568a0d58":8,"f7ac3883":8,"5fd569d2":8,"ccd01528":8,"10c8fd03":8,"bd4ccb49":8,"dab8cf68":8,"00f2a9cb":8,"e773d697":8,"916fe082":8,"7e8c11e7":8,"077eb15a":8,"b64dba8e":8,"c3bb30ce":8,"5337c279":8,"8d256cb6":8,"86219c70":8,"7021c619":8,"601990d8":8,"5c662c19":8,"32ae00db":8,"d2a5d2fd":8,"bf2defb2":8,"89d220c2":8,"bc733a28":8,"30d32d34":8,"3e10c9cb":8,"5500a3e8":8,"886c16d3":8,"3c0e87ac":8,"e8d09b62":8,"a891461f":8,"a246cdab":8,"117c7f0b":8,"0d21cf99":8,"14e6fe14":8,"37ec5e73":8,"bfff7913":8,"f8636899":8,"37724339":8,"d45d9727":8,"ee5ff2a3":8,"44322dfd":8,"295e4d1d":8,"8cf6570a":8,"403064a0":8,"312af46e":8,"b5a9f8c3":8,"fcbc0ae8":8,"2ff6b6a8":8,"66a71cc1":8,"bf4b58e4":8,"742238e8":8,"07a94e8c":8,"e7799883":8,"4f9456cf":8,"bb017b49":8,"37b52fe4":8,"6e260ee8":8,"61ad1519":8,"f4f84279":8,"b0950de5":8,"819c4185":8,"6f873999":8,"ba69b06b":8,"1f4e0e22":8,"7d2a2cb4":8,"60d69311":8,"4f62491c":8,"3b09f1de":8,"70b4c438":8,"b371f44a":8,"71ed93db":8,"c92efaa8":8,"8b6180ff":8,"8819ac24":8,"c241ac7e":8,"dbbf7f69":8,"62a45672":8,"210e507a":8,"ac6e268b":8
1601326855850,"d5d94481":9,"ffe48500":9,"c7a45a33":9,"faffe099":9,"e99490cd":9,"3b830769":9,"583f0305":9,"1557c50a":9,"249e80ab":9,"f52a3d94":9,"eb74d3dd":9,"3bcbc28d":9,"3c0455e7":9,"df203c79":9,"df1e1ac0":9,"491708eb":9,"e421caaa":9,"2d2ecf27":9,"d38a4953":9,"eba5efdd":9,"a5463f93":9,"c85ac4f8":9,"bc253f4f":9,"0d9d2bf8":9,"846b7f11":9,"d3411467":9,"1df0ce7f":9,"a08171d0":9,"c8bc5677":9,"dfca0518":9,"b9a21017":9,"e47705d3":9
1601326856428,"18c73816":9,"e491161e":9,"b5087677":9,"16f60bed":9,"cb0c3481":9,"7664512c":9,"df9a53b8":9,"f6c27b2b":9,"945f6c24":9,"f1daea7e":9,"b8fb90e3":9,"56227e35":9,"0d6bf22a":9,"b87321d0":9,"43205b5d":9,"8982905a":9,"f6fe1ad7":9,"230064fa":9,"764e0abb":9,"bba6d88e":9,"ea3479ec":9,"32266fa3":9,"080d5d42":9,"5d03f5dc":9,"f0a01341":9,"1ee4d9f9":9,"0d6e45e7":9,"0da97151":9,"e829038c":9,"4987cfb5":9,"ba90687c":9,"77f2cf92":9,"037e2be4":9,"9e7dbd20":9,"0c086273":9,"ac13c3b0":9,"b4d9c57f":9,"5d53c964":9,"7800e7ce":9,"77869ff0":9,"8ee9cc91":9,"4cc0af91":9,"4b8f7b16":9,"55f6a2ba":9,"89f75690":9,"9559ea96":9,"cb363e2f":9,"cd802f02":9,"9cb044bf":9,"50b090c3":9,"8be24763":9,"eb4800b2":9,"6e0ce9dc":9,"87d9bec4":9,"e30dfa0c":9,"6da34174":9,"bfb849fa":9,"0a10b423":9,"92b72493":9,"9ef7cee7":9,"d3e58903":9,"49f1a0d1":9,"4481c4be":9,"5f04aa76":9,"7954891b":9,"ba297382":9,"4afd60a9":9,"0287db2a":9,"d44c0ea3":9,"96abe4a9":9,"68f87858":9,"753b10b1":9,"cf14bd99":9,"533bac6b":9,"782022f4":9,"41634dba":9,"322e833f":9,"43fd1327":9,"113e7f4b":9,"ab3619e4":9,"106006ad":9,"8cce569a":9,"c8237be9":9,"ce6401b6":9,"1416e8f5":9,"6f57824c":9,"28bd7aa1":9,"dde2eed5":9,"a208caa8":9,"1d52fb0d":9,"cde0d748":9,"16605353":9,"535ed444":9,"77b39e15":9,"710f0d0e":9,"f1726edb":9,"0905f1fb":9,"a20e529c":9,"1ae76fcc":9,"35b161d3":9,"344cd1a3":9,"77ea1236":9,"96d2a118":9,"23a0e41f":9,"b32a1080":9,"a2c4b591":9,"6dfa57be":9,"1854ce44":9,"f92b22f1":9,"ece12664":9,"36f4ecde":9,"568a0d58":9,"5fd569d2":9,"10c8fd03":9,"bd4ccb49":9,"272e7d0d":9,"e773d697":9,"f92596ee":9,"7e8c11e7":9,"68831ea9":9,"077eb15a":9,"9713d076":9,"fd098272":9,"5337c279":9,"8d256cb6":9,"6ee788a7":9,"7021c619":9,"8249641d":9,"32ae00db":9,"45b0968f":9,"bf2defb2":9,"bc733a28":9,"6a9bb182":9,"1f1afd4f":9,"30d32d34":9,"d3cca7eb":9,"16b25add":9,"e866a899":9,"80ee333e":9,"5690e712":9,"3b329af2":9,"1cd662bf":9,"0b92d2a9":9,"070bed95":9,"72992b35":9,"47589344":9,"67e5d108":9,"3d37b94b":9,"593b1533":9,"e9f6e5ce":9,"842c97c2":9,"ed6bead5":9,"c4cef92b":9,"0eecdc5b":9,"96f594b9":9,"94dfcfc5":9,"b7e495ea":9,"45ec63c0":9,"8301986e":9,"830ecfec":9,"0ddfde2c":9,"a8b41774":9,"a8bae791":9,"81f0da2d":9,"312009ee":9,"c98759fd":9,"1fcc8ba4":9,"e8b6d676":9,"75a9c117":9,"12ba54ec":9,"45ee5840":9,"be391c1a":9,"76f04033":9,"43480b19":9,"37d8a5b7":9,"d5ab81c4":9,"fd955858":9,"2ecde685":9,"69798d15":9,"f0bd52d3":9,"efea71fa":9,"dcc20f76":9,"fb3aa867":9,"666a8ef0":9,"c9cf710b":9,"c5b609f1":9,"fcacdeb3":9,"0ea055ed":9,"4dc5849a":9,"d605c755":9,"e3b1bdf8":9,"8a8c1d67":9,"644b45fb":9,"cc6b3306":9,"8c2dfd9a":9,"f11267b9":9,"a483b15e":9,"25fb8826":9,"886c16d3":9,"0dc5da58":9,"e8d09b62":9,"2874a625":9,"590ce3d3":9,"1802d7ce":9,"0a49914b":9,"5d3f5cad":9,"cf347cba":9,"fc0c23f7":9,"641f9b9e":9,"c92edec5":9,"9f03c1e7":9,"06c24a8d":9,"2f35e75f":9,"3eddf7c8":9,"77970f8b":9,"efd594d5":9,"4718294d":9,"5352cf45":9,"e0ffe8ff":9,"ae14d6b5":9,"721f5f42":9,"0b50bca6":9,"e61ae828":9,"f7ac3883":9,"ccd01528":9,"dab8cf68":9,"00f2a9cb":9,"916fe082":9,"3b3569f6":9,"b01ab62a":9,"76da16fa":9,"bffee581":9,"07150038":9,"080fa362":9,"7b6945ad":9,"a40d08e1":9,"f1e86522":9,"cec79bc2":9,"fa03f48f":9,"5298dafa":9,"d2eff358":9,"25f7f918":9,"e70aebb5":9,"a488b2f1":9,"c5311ebb":9,"105bb3f6":9,"4caa87d6":9,"58de5462":9,"f7076e21":9,"f01c896d":9,"b64dba8e":9,"c3bb30ce":9,"3cae4115":9,"0ccf4731":9,"c7c6782d":9,"54346574":9,"b12cbf87":9,"81942d9b":9,"699b90c1":9,"d9b5a7a8":9,"1e7914d2":9,"e5d8fdb2":9,"86219c70":9,"601990d8":9,"5c662c19":9,"d2a5d2fd":9,"89d220c2":9,"3e10c9cb":9,"5500a3e8":9,"3c0e87ac":9,"a891461f":9,"a246cdab":9,"117c7f0b":9,"0d21cf99":9,"14e6fe14":9,"37ec5e73":9,"bfff7913":9,"f8636899":9,"37724339":9,"d45d9727":9,"ee5ff2a3":9,"44322dfd":9,"a8edfe84":9,"2ed19b1e":9,"959e16ea":9,"295e4d1d":9,"8cf6570a":9,"f80ab49d":9,"95eaed39":9,"a5ba0ebb":9,"f53362a9":9,"1901ef7e":9,"960c2e6b":9,"3515e999":9,"d11f8f1b":9,"9d9eb027":9,"325f9a29":9,"503aafe5":9,"403064a0":9,"312af46e":9,"b5a9f8c3":9,"02f76c64":9,"5c6d1f33":9,"b4801cae":9,"c3c2fd05":9,"f8c97147":9,"c2526ff3":9,"cc386067":9,"a22ffd8f":9,"3cd28a4d":9,"44a12c31":9,"45a961ca":9,"5ca978fd":9,"668e601b":9,"7552d86c":9,"02ebf3b6":9,"bb17a968":9,"4abcb85d":9,"cba26072":9,"2a718dcc":9,"c6a9a8e1":9,"88854fd0":9,"8dc27d2a":9,"41d7f05d":9,"2b851827":9,"9f428a03":9,"4d504d96":9,"fcbc0ae8":9,"3412ab75":9,"bcac5daf":9,"62d028cc":9,"0af2cf39":9,"27491297":9,"d041ea86":9,"1eda11b2":9,"fc442678":9,"2ff6b6a8":9,"66a71cc1":9,"bf4b58e4":9,"5b09e53e":9,"da5bb0f7":9,"6d925c84":9,"50b23ab2":9,"edfa56d4":9,"899c16eb":9,"41c76041":9,"6bb1fa99":9,"d73ff72e":9,"61c0ca91":9,"d2fda7be":9,"ce20ca3c":9,"1d2d958b":9,"81fb6a01":9,"7f5b27c8":9,"fb3444d9":9,"f05de640":9,"9666b973":9,"653b27c7":9,"86a68967":9,"83b37fd6":9,"56cd4dca":9,"4d852788":9,"7f469f4c":9,"e43a9448":9,"f92dedfc":9,"3542b748":9,"355d1489":9,"bf2ca266":9,"5d8d9641":9,"0de67c6c":9,"2311399f":9,"5e3ebf5e":9,"9f6ca218":9,"f7ffcbb8":9,"6213799d":9,"5728f934":9,"44cb1fd2":9,"00b26865":9,"baf19c25":9,"24a79a6e":9,"c333337d":9,"edde30af":9,"815c56bc":9,"4d949e11":9,"5bd61a68":9,"dfe4a061":9,"8582c5cf":9,"df12f689":9,"c2bf7d51":9,"1da10cbf":9,"0c353665":9,"781afef6":9,"832c48e4":9,"231e8700":9,"de9229a0":9,"dc90a44c":9,"1f9fbd85":9,"99a5feef":9,"43f24679":9,"1ad7c45b":9,"5566c17c":9,"f6266388":9,"a1c0dfc4":9,"86a22252":9,"78f71162":9,"e64fd39c":9,"4b27a9a4":9,"0000dece":9,"163f4d19":9,"ce5efdbe":9,"e1b3ce36":9,"58ace2b5":9,"625fa164":9,"1d043d5a":9,"d379fd96":9,"0c6ae551":9,"b2f82e06":9,"7b819458":9,"5b0b43e6":9,"7f8024cd":9,"e8f4c1dd":9,"379c53ab":9,"f96fc1af":9,"e396d80d":9,"06713bac":9,"7da61f27":9,"dc874a97":9,"85a220de":9,"61aca924":9,"40a7cdd2":9,"d97fb857":9,"59ff5ec6":9,"ac033c7b":9,"ef04e64e":9,"6e2d04de":9,"87759976":9,"2fca1798":9,"4df3f62e":9,"05028839":9,"c881a53e":9,"5488826c":9,"80c1c8b1":9,"cf52acd8":9,"84fff5c1":9,"a63cb4ce":9,"c649992d":9,"d3b3492b":9,"d5ad3ed6":9,"7580cfa4":9,"8e5f7187":9,"55ba7579":9,"22a96386":9,"b7769ca6":9,"5c672b50":9,"9c27de51":9,"5df16440":9,"38a75b48":9,"b666e56d":9,"1792bfa3":9,"0533ece1":9,"bcee2ef3":9,"0afba00c":9,"04ff8100":9,"6c00d8d6":9,"ac9a02bc":9,"acfe69ed":9,"426603ff":9,"2db2f252":9,"2e84193b":9,"c55683c9":9,"51233daf":9,"02791635":9,"be081247":9,"5cc47d1b":9,"678b846f":9,"b4bd39d8":9,"b4cdbe5d":9,"fa0386f3":9,"8db378ff":9,"426f1904":9,"7c0f1ca9":9,"784d6375":9,"4541bf85":9,"b2f820ac":9,"a6b13f20":9,"25d4f65d":9,"2459c882":9,"3df97186":9,"eddb6a2a":9,"ef0490de":9,"ff8a00aa":9,"c146560b":9,"e0f47ced":9,"985068e7":9,"309bbf54":9,"d543ba6f":9,"cc537772":9,"6618390c":9,"99cc0813":9,"dc32c4e1":9,"239c636e":9,"6ee160ff":9,"c55d40ca":9,"22c177a8":9,"00ae883f":9,"f416ee62":9
1601326856835,"69e653b6":9,"1f2670d0":9,"808bc372":9,"98d2991b":9,"c792a7c1":9,"962c9c8f":9,"5a7da061":9,"3b411d6a":9,"aec0bf28":9,"06a94514":9,"83826ef3":9,"a017a323":9,"73c420df":9,"595609d5":9,"8801c469":9,"0700da70":9,"b6281f1a":9,"b47f1b89":9,"ff591765":9,"8e6caf71":9,"48c6df81":9,"93f12198":9,"9a3433b8":9,"5e165f43":9,"62e270e5":9,"f8785b71":9,"b89112cb":9,"ab4a411a":9,"66b1b6d7":9,"66736d5e":9,"d7a4b24c":9,"b062adc4":9,"30de89a7":9,"686d5c0b":9,"4aae5133":9,"06aaa33f":9,"f15eb1c5":9,"63a3af32":9,"320c65bf":9,"71789493":9,"3fec4b0b":9,"1fa1e7c2":9,"5ac72353":9,"faa3de3e":9,"646af2b9":9,"d1b14d06":9,"659389ad":9,"44983d13":9,"240c8679":9,"f6c074a7":9,"80999122":9,"0718c3be":9,"ffd6849d":9,"72af9198":9,"8b503f7b":9,"e39e9552":9,"962fca02":9,"75968179":9,"87a8523c":9,"81c1b70d":9,"e72f0f82":9,"bc8bdc23":9,"c416baa6":9,"88374b72":9,"ae350a07":9,"a71f3f70":9,"fdfaf1ed":9,"1f7aa83c":9,"ea981bed":9,"732d62ee":9,"680a32a6":9,"83ba647d":9,"d4b0751c":9,"5e197575":9,"cb0bd6b7":9,"5b01444b":9,"e587c4d0":9,"79995b62":9,"8e426e39":9,"525b2635":9,"caa38a45":9,"51909df8":9,"97160db8":9,"a9987a58":9,"b6b8e5c7":9,"e22b0973":9,"589f0d6e":9,"e82177d3":9,"23646ff9":9,"51b4016a":9,"89914b94":9,"3abb827b":9,"46bf9112":9,"04bdf5e1":9,"da8b42be":9,"0c73c293":9,"092ad3d6":9,"88929b06":9,"3b0576bf":9,"bf940089":9,"08c4692e":9,"01f34f98":9,"9458934f":9,"5b2479ef":9,"1dcc489c":9,"1d882c36":9,"1670b0d3":9,"945badf3":9,"ec97d63e":9,"1327775b":9,"eb62e8f2":9,"bdd40125":9,"94208a41":9,"2cbcad17":9,"75fd47f7":9,"1c52a07e":9,"4dccb5ca":9,"e70ccc25":9,"83268abf":9,"578c4c95":9,"afd1494f":9,"c606b472":9,"ca6bffd3":9,"829c44a4":9,"e76e2617":9,"2b4fd52e":9,"57162572":9,"d1d50cfe":9,"b95d0f17":9,"cee9c347":9,"0d2b182d":9,"320754c3":9,"232b2f64":9,"3171b6e7":9,"3b25460f":9,"d2064756":9,"e7799883":9,"6653c83b":9,"c896052c":9,"4f9456cf":9,"287ecd1c":9,"f9376d3e":9,"6e260ee8":9,"07a94e8c":9,"bb017b49":9,"37b52fe4":9,"f4f84279":9,"61ad1519":9,"b0950de5":9,"819c4185":9,"6f873999":9,"ba69b06b":9,"1f4e0e22":9,"7d2a2cb4":9,"60d69311":9,"3b09f1de":9,"4f62491c":9,"b371f44a":9,"8b6180ff":9,"70b4c438":9,"8819ac24":9,"71ed93db":9,"c92efaa8":9,"dbbf7f69":9,"c241ac7e":9,"62a45672":9,"210e507a":9,"ac6e268b":9,"742238e8":9,"cede8b8c":9,"b5474d69":9,"ae562513":9,"5a938eeb":9,"7b66dacd":9,"ad95ff4a":9,"4fe0dedf":9,"9ab137d7":9,"893a99c5":9,"7191d1cd":9,"d8bf32b5":9,"951fc6d0":9,"005354dd":9,"0eb42efe":9,"61892a4c":9,"03c4ab87":9,"f096219e":9,"4e3d3af7":9,"a3f0a6ec":9,"01051f84":9,"3a4803a8":9,"f7a7de5d":9,"aa7e370d":9,"f995eeab":9,"d4e56c3e":9,"4006e709":9,"0c045c2d":9,"8efd4801":9,"0dedf63e":9,"7eb8f268":9,"a9d5374b":9,"20236d3e":9,"4321f02d":9,"089b3f8f":9,"36ae8cd8":9,"3ddd5391":9,"7698d0dc":9,"07f69c6d":9,"784414ce":9,"2df3efdb":9,"2254f0f5":9,"ea282e84":9,"d0f1b7bd":9
1601326859520,"18c73816":10,"e491161e":10,"b5087677":10,"16f60bed":10,"cb0c3481":10,"7664512c":10,"df9a53b8":10,"f6c27b2b":10,"945f6c24":10,"f1daea7e":10,"b8fb90e3":10,"56227e35":10,"0d6bf22a":10,"b87321d0":10,"43205b5d":10,"8982905a":10,"f6fe1ad7":10,"230064fa":10,"764e0abb":10,"bba6d88e":10,"ea3479ec":10,"32266fa3":10,"50b090c3":10,"8be24763":10,"eb4800b2":10,"6e0ce9dc":10,"87d9bec4":10,"e30dfa0c":10,"d5d94481":10,"ffe48500":10,"c7a45a33":10,"faffe099":10,"e99490cd":10,"3b830769":10,"583f0305":10,"1557c50a":10,"249e80ab":10,"6da34174":10,"bfb849fa":10,"0a10b423":10,"9ef7cee7":10,"49f1a0d1":10,"92b72493":10,"5f04aa76":10,"d3e58903":10,"4481c4be":10,"ba297382":10,"0287db2a":10,"7954891b":10,"4afd60a9":10,"96abe4a9":10,"753b10b1":10,"d44c0ea3":10,"68f87858":10,"cf14bd99":10,"533bac6b":10,"782022f4":10,"322e833f":10,"41634dba":10,"ab3619e4":10,"43fd1327":10,"113e7f4b":10,"106006ad":10
1601326859997,"080d5d42":10,"5d03f5dc":10,"f0a01341":10,"1ee4d9f9":10,"0d6e45e7":10,"0da97151":10,"e829038c":10,"4987cfb5":10,"ba90687c":10,"77f2cf92":10,"037e2be4":10,"9e7dbd20":10,"0c086273":10,"ac13c3b0":10,"b4d9c57f":10,"7800e7ce":10,"5d53c964":10,"8ee9cc91":10,"77869ff0":10,"4b8f7b16":10,"4cc0af91":10,"89f75690":10,"55f6a2ba":10,"cb363e2f":10,"9559ea96":10,"9cb044bf":10,"cd802f02":10,"16b25add":10,"d3cca7eb":10,"e866a899":10,"80ee333e":10,"3b329af2":10,"5690e712":10,"1cd662bf":10,"0b92d2a9":10,"070bed95":10,"72992b35":10,"67e5d108":10,"47589344":10,"593b1533":10,"3d37b94b":10,"842c97c2":10,"e9f6e5ce":10,"ed6bead5":10,"c4cef92b":10,"96f594b9":10,"0eecdc5b":10,"94dfcfc5":10,"b7e495ea":10,"45ec63c0":10,"8301986e":10,"830ecfec":10,"0ddfde2c":10,"a8bae791":10,"a8b41774":10,"81f0da2d":10,"312009ee":10,"c98759fd":10,"1fcc8ba4":10,"75a9c117":10,"e8b6d676":10,"12ba54ec":10,"45ee5840":10,"be391c1a":10,"76f04033":10,"43480b19":10,"37d8a5b7":10,"fd955858":10,"d5ab81c4":10,"2ecde685":10,"69798d15":10,"f0bd52d3":10,"efea71fa":10,"fb3aa867":10,"dcc20f76":10,"c9cf710b":10,"666a8ef0":10,"fcacdeb3":10,"c5b609f1":10,"4dc5849a":10,"0ea055ed":10,"e3b1bdf8":10,"d605c755":10,"8a8c1d67":10,"644b45fb":10,"cc6b3306":10,"8c2dfd9a":10,"f11267b9":10,"a483b15e":10,"f80ab49d":10,"95eaed39":10,"a5ba0ebb":10,"590ce3d3":10,"1802d7ce":10,"0a49914b":10,"5d3f5cad":10,"cf347cba":10,"fc0c23f7":10,"641f9b9e":10,"c92edec5":10,"9f03c1e7":10,"06c24a8d":10,"2f35e75f":10,"3eddf7c8":10,"77970f8b":10,"efd594d5":10,"4718294d":10,"5352cf45":10,"e0ffe8ff":10,"ae14d6b5":10,"f53362a9":10,"1901ef7e":10,"960c2e6b":10,"3515e999":10,"d11f8f1b":10,"9d9eb027":10,"325f9a29":10,"503aafe5":10,"721f5f42":10,"0b50bca6":10,"bf2ca266":10,"5d8d9641":10,"0de67c6c":10,"2311399f":10,"5e3ebf5e":10,"9f6ca218":10,"6213799d":10,"44cb1fd2":10,"baf19c25":10,"24a79a6e":10,"edde30af":10,"4d949e11":10,"df12f689":10,"1da10cbf":10,"832c48e4":10,"dc90a44c":10,"1ad7c45b":10,"5566c17c":10,"86a22252":10,"0000dece":10,"f7ffcbb8":10,"ce5efdbe":10,"5728f934":10,"58ace2b5":10,"00b26865":10,"d379fd96":10,"c333337d":10,"7b819458":10,"7f8024cd":10,"815c56bc":10,"ae562513":10,"5bd61a68":10,"7b66dacd":10,"8582c5cf":10,"dfe4a061":10,"9ab137d7":10,"0c353665":10,"c2bf7d51":10,"7191d1cd":10,"231e8700":10,"781afef6":10,"005354dd":10,"de9229a0":10,"1f9fbd85":10,"99a5feef":10,"43f24679":10,"f52a3d94":10,"eb74d3dd":10,"3bcbc28d":10,"3c0455e7":10,"df203c79":10,"df1e1ac0":10,"491708eb":10,"e421caaa":10,"2d2ecf27":10,"d38a4953":10,"eba5efdd":10,"a5463f93":10,"c85ac4f8":10,"bc253f4f":10,"0d9d2bf8":10,"846b7f11":10,"d3411467":10,"1df0ce7f":10,"a08171d0":10,"c8bc5677":10,"dfca0518":10,"b9a21017":10,"e47705d3":10,"3cae4115":10,"0ccf4731":10,"c7c6782d":10,"54346574":10,"b12cbf87":10,"81942d9b":10,"699b90c1":10,"d9b5a7a8":10,"1e7914d2":10,"e5d8fdb2":10,"3412ab75":10,"a1c0dfc4":10,"f6266388":10,"78f71162":10,"e64fd39c":10,"e1b3ce36":10,"4b27a9a4":10,"625fa164":10,"163f4d19":10,"0c6ae551":10,"1d043d5a":10,"e8f4c1dd":10,"b2f82e06":10,"cede8b8c":10,"5b0b43e6":10,"ad95ff4a":10,"b5474d69":10,"893a99c5":10,"5a938eeb":10,"4fe0dedf":10,"d8bf32b5":10,"0eb42efe":10,"951fc6d0":10,"03c4ab87":10,"61892a4c":10,"4e3d3af7":10,"f096219e":10,"3a4803a8":10,"a3f0a6ec":10,"01051f84":10,"f7a7de5d":10,"d4e56c3e":10,"aa7e370d":10,"0c045c2d":10,"f995eeab":10,"4006e709":10,"8efd4801":10,"a8edfe84":10,"2ed19b1e":10,"959e16ea":10,"02f76c64":10,"5c6d1f33":10,"b4801cae":10,"c3c2fd05":10,"f8c97147":10,"c2526ff3":10,"cc386067":10,"a22ffd8f":10,"3cd28a4d":10,"44a12c31":10,"45a961ca":10,"5ca978fd":10,"668e601b":10,"7552d86c":10,"02ebf3b6":10,"bb17a968":10,"4abcb85d":10,"cba26072":10,"7eb8f268":10,"0dedf63e":10,"20236d3e":10,"a9d5374b":10,"4321f02d":10,"36ae8cd8":10,"089b3f8f":10,"bcac5daf":10,"62d028cc":10,"0af2cf39":10,"27491297":10,"d041ea86":10,"1eda11b2":10,"fc442678":10,"3ddd5391":10,"7698d0dc":10,"07f69c6d":10,"784414ce":10,"2254f0f5":10,"2df3efdb":10,"ea282e84":10,"d0f1b7bd":10,"6653c83b":10,"e7799883":10,"4f9456cf":10,"c896052c":10,"6e260ee8":10,"287ecd1c":10,"f4f84279":10,"f9376d3e":10,"b0950de5":10,"07a94e8c":10,"bb017b49":10,"6f873999":10,"1f4e0e22":10,"37b52fe4":10,"61ad1519":10,"60d69311":10,"819c4185":10,"3b09f1de":10,"ba69b06b":10,"b371f44a":10,"7d2a2cb4":10,"8b6180ff":10,"8819ac24":10,"4f62491c":10,"dbbf7f69":10,"70b4c438":10,"71ed93db":10,"c92efaa8":10,"2a718dcc":10,"c6a9a8e1":10,"88854fd0":10,"8dc27d2a":10,"41d7f05d":10,"2b851827":10,"9f428a03":10,"4d504d96":10,"0533ece1":10,"bcee2ef3":10,"0afba00c":10,"04ff8100":10,"6c00d8d6":10,"ac9a02bc":10,"acfe69ed":10,"426603ff":10,"2db2f252":10,"2e84193b":10,"c55683c9":10,"51233daf":10,"02791635":10,"be081247":10,"5cc47d1b":10,"678b846f":10,"b4bd39d8":10,"b4cdbe5d":10,"c241ac7e":10,"62a45672":10,"210e507a":10,"ac6e268b":10,"742238e8":10,"5b09e53e":10,"da5bb0f7":10,"6d925c84":10,"50b23ab2":10,"edfa56d4":10,"899c16eb":10,"41c76041":10,"6bb1fa99":10,"d73ff72e":10,"61c0ca91":10,"d2fda7be":10,"ce20ca3c":10,"1d2d958b":10,"81fb6a01":10,"9666b973":10,"7f5b27c8":10,"653b27c7":10,"fb3444d9":10,"83b37fd6":10,"4d852788":10,"f05de640":10,"86a68967":10,"e43a9448":10,"56cd4dca":10,"3542b748":10,"379c53ab":10,"7f469f4c":10,"e396d80d":10,"f92dedfc":10,"7da61f27":10,"355d1489":10,"dc874a97":10,"f96fc1af":10,"85a220de":10,"06713bac":10,"fa0386f3":10,"b95d0f17":10,"cee9c347":10,"3b3569f6":10,"b01ab62a":10,"76da16fa":10,"bffee581":10,"07150038":10,"f1e86522":10,"080fa362":10,"fa03f48f":10,"5298dafa":10,"7b6945ad":10,"25f7f918":10,"a40d08e1":10,"cec79bc2":10,"c5311ebb":10,"105bb3f6":10,"d2eff358":10,"58de5462":10,"e70aebb5":10,"f01c896d":10,"a488b2f1":10,"4caa87d6":10,"1f2670d0":10,"962c9c8f":10,"f7076e21":10,"69e653b6":10,"aec0bf28":10,"a017a323":10,"808bc372":10,"98d2991b":10,"8801c469":10,"c792a7c1":10,"3b411d6a":10,"b6281f1a":10,"48c6df81":10,"5a7da061":10,"83826ef3":10,"5e165f43":10,"595609d5":10,"06a94514":10,"239c636e":10,"6ee160ff":10,"c55d40ca":10,"22c177a8":10,"00ae883f":10,"f416ee62":10,"0d2b182d":10,"320754c3":10,"232b2f64":10,"3171b6e7":10,"3b25460f":10,"d2064756":10,"40a7cdd2":10,"61aca924":10,"ac033c7b":10,"d97fb857":10,"87759976":10,"59ff5ec6":10,"4df3f62e":10,"ef04e64e":10,"6e2d04de":10,"c881a53e":10,"2fca1798":10,"80c1c8b1":10,"cf52acd8":10,"05028839":10,"5488826c":10,"a63cb4ce":10,"d3b3492b":10,"84fff5c1":10,"c649992d":10,"7580cfa4":10,"d5ad3ed6":10,"22a96386":10,"8e5f7187":10,"5c672b50":10,"55ba7579":10,"5df16440":10,"b7769ca6":10,"b666e56d":10,"8db378ff":10,"9c27de51":10,"784d6375":10,"38a75b48":10,"1792bfa3":10,"4541bf85":10,"a6b13f20":10,"426f1904":10,"2459c882":10,"7c0f1ca9":10,"3df97186":10,"b2f820ac":10,"ef0490de":10,"25d4f65d":10,"e0f47ced":10,"eddb6a2a":10,"309bbf54":10,"ff8a00aa":10,"cc537772":10,"c146560b":10,"985068e7":10,"6618390c":10,"99cc0813":10,"d543ba6f":10,"dc32c4e1":10,"8d256cb6":10,"7021c619":10,"68831ea9":10,"9713d076":10,"32ae00db":10,"fd098272":10,"bf2defb2":10,"6ee788a7":10,"bc733a28":10,"30d32d34":10,"8249641d":10,"45b0968f":10,"886c16d3":10,"6a9bb182":10,"e8d09b62":10,"1f1afd4f":10,"25fb8826":10,"0dc5da58":10,"2874a625":10,"e61ae828":10,"f7ac3883":10,"ccd01528":10,"dab8cf68":10,"00f2a9cb":10,"916fe082":10,"b64dba8e":10,"c3bb30ce":10,"86219c70":10,"601990d8":10,"5c662c19":10,"d2a5d2fd":10,"89d220c2":10,"3e10c9cb":10,"23a0e41f":10,"b32a1080":10,"a2c4b591":10,"6dfa57be":10,"1854ce44":10,"f92b22f1":10,"ece12664":10,"36f4ecde":10,"568a0d58":10,"5fd569d2":10,"10c8fd03":10,"bd4ccb49":10,"e773d697":10,"7e8c11e7":10,"077eb15a":10,"5337c279":10,"272e7d0d":10,"f92596ee":10,"c8237be9":10,"8cce569a":10,"ce6401b6":10,"1416e8f5":10,"6f57824c":10,"dde2eed5":10,"a208caa8":10,"28bd7aa1":10,"16605353":10,"1d52fb0d":10,"77b39e15":10,"cde0d748":10,"f1726edb":10,"535ed444":10,"710f0d0e":10,"0905f1fb":10,"a20e529c":10,"1ae76fcc":10,"35b161d3":10,"344cd1a3":10,"77ea1236":10,"96d2a118":10,"5500a3e8":10,"3c0e87ac":10,"a891461f":10,"a246cdab":10,"117c7f0b":10,"0d21cf99":10,"14e6fe14":10,"37ec5e73":10,"bfff7913":10,"f8636899":10,"37724339":10,"d45d9727":10,"ee5ff2a3":10,"44322dfd":10,"295e4d1d":10,"8cf6570a":10,"403064a0":10,"312af46e":10,"b5a9f8c3":10,"fcbc0ae8":10,"2ff6b6a8":10,"66a71cc1":10,"bf4b58e4":10,"73c420df":10,"b47f1b89":10,"f8785b71":10,"0700da70":10,"ab4a411a":10,"8e6caf71":10,"d7a4b24c":10,"ff591765":10,"9a3433b8":10,"93f12198":10,"b89112cb":10,"686d5c0b":10,"62e270e5":10,"66736d5e":10,"f15eb1c5":10,"66b1b6d7":10,"30de89a7":10,"71789493":10,"b062adc4":10,"06aaa33f":10,"5ac72353":10,"320c65bf":10,"4aae5133":10,"1fa1e7c2":10,"63a3af32":10,"d1b14d06":10,"3fec4b0b":10,"f6c074a7":10,"646af2b9":10,"faa3de3e":10,"659389ad":10,"ffd6849d":10,"44983d13":10,"962fca02":10,"240c8679":10,"80999122":10,"0718c3be":10,"75968179":10,"72af9198":10,"8b503f7b":10,"e39e9552":10,"bc8bdc23":10,"87a8523c":10,"a71f3f70":10,"81c1b70d":10,"c416baa6":10,"1f7aa83c":10,"ae350a07":10,"e72f0f82":10,"732d62ee":10,"680a32a6":10,"88374b72":10,"d4b0751c":10,"fdfaf1ed":10,"83ba647d":10,"5b01444b":10,"ea981bed":10,"cb0bd6b7":10,"79995b62":10,"5e197575":10,"8e426e39":10,"97160db8":10,"e587c4d0":10,"51909df8":10,"525b2635":10,"589f0d6e":10,"51b4016a":10,"e22b0973":10,"caa38a45":10,"46bf9112":10,"a9987a58":10,"23646ff9":10,"b6b8e5c7":10,"092ad3d6":10,"3abb827b":10,"0c73c293":10,"bf940089":10,"e82177d3":10,"88929b06":10,"01f34f98":10,"89914b94":10,"1670b0d3":10,"08c4692e":10,"04bdf5e1":10,"5b2479ef":10,"ec97d63e":10,"1d882c36":10,"da8b42be":10,"eb62e8f2":10,"94208a41":10,"3b0576bf":10,"2cbcad17":10,"9458934f":10,"4dccb5ca":10,"1dcc489c":10,"83268abf":10,"945badf3":10,"578c4c95":10,"c606b472":10,"1327775b":10,"bdd40125":10,"75fd47f7":10,"1c52a07e":10,"e70ccc25":10,"afd1494f":10,"ca6bffd3":10,"829c44a4":10,"e76e2617":10,"2b4fd52e":10,"57162572":10,"d1d50cfe":10
1601326862934,"d5d94481":11,"ffe48500":11,"c7a45a33":11,"faffe099":11,"e99490cd":11,"3b830769":11,"583f0305":11,"1557c50a":11,"249e80ab":11,"f52a3d94":11,"eb74d3dd":11,"3bcbc28d":11,"3c0455e7":11,"df203c79":11,"df1e1ac0":11,"491708eb":11,"e421caaa":11,"2d2ecf27":11,"d38a4953":11,"eba5efdd":11,"a5463f93":11,"c85ac4f8":11,"bc253f4f":11,"0d9d2bf8":11,"846b7f11":11,"d3411467":11,"1df0ce7f":11,"a08171d0":11,"c8bc5677":11,"dfca0518":11,"b9a21017":11,"e47705d3":11,"3cae4115":11,"0ccf4731":11,"c7c6782d":11,"54346574":11,"b12cbf87":11,"81942d9b":11,"699b90c1":11,"d9b5a7a8":11,"1e7914d2":11,"e5d8fdb2":11,"3412ab75":11,"bcac5daf":11,"62d028cc":11,"18c73816":11,"e491161e":11,"b5087677":11,"16f60bed":11,"0af2cf39":11,"27491297":11,"d041ea86":11,"1eda11b2":11,"fc442678":11,"3b3569f6":11,"b01ab62a":11,"76da16fa":11,"bffee581":11,"07150038":11,"080fa362":11,"7b6945ad":11,"a40d08e1":11,"cec79bc2":11,"d2eff358":11,"e70aebb5":11,"a488b2f1":11,"4caa87d6":11,"f7076e21":11,"f1e86522":11,"fa03f48f":11,"69e653b6":11,"98d2991b":11,"5298dafa":11,"3b411d6a":11,"25f7f918":11,"c5311ebb":11,"83826ef3":11,"105bb3f6":11,"595609d5":11,"808bc372":11,"58de5462":11,"b47f1b89":11,"c792a7c1":11,"590ce3d3":11,"1802d7ce":11,"0a49914b":11,"5d3f5cad":11,"cf347cba":11,"fc0c23f7":11,"641f9b9e":11,"c92edec5":11,"9f03c1e7":11,"06c24a8d":11,"2f35e75f":11,"3eddf7c8":11,"77970f8b":11,"efd594d5":11,"4718294d":11,"5352cf45":11,"e0ffe8ff":11,"8e6caf71":11,"f01c896d":11,"080d5d42":11,"5d03f5dc":11,"f0a01341":11,"1ee4d9f9":11,"0d6e45e7":11,"0da97151":11,"e829038c":11,"4987cfb5":11,"ba90687c":11,"77f2cf92":11,"037e2be4":11,"9e7dbd20":11,"0c086273":11,"ac13c3b0":11,"b4d9c57f":11,"5d53c964":11,"8ee9cc91":11,"4cc0af91":11,"7800e7ce":11,"77869ff0":11,"55f6a2ba":11,"9559ea96":11,"4b8f7b16":11,"89f75690":11,"9cb044bf":11,"cb363e2f":11,"16b25add":11,"cd802f02":11,"80ee333e":11,"9a3433b8":11,"5a7da061":11,"1f2670d0":11,"b89112cb":11,"06a94514":11,"962c9c8f":11,"66736d5e":11,"73c420df":11,"aec0bf28":11,"30de89a7":11,"0700da70":11,"a017a323":11,"06aaa33f":11,"8801c469":11,"ff591765":11,"b6281f1a":11,"93f12198":11,"320c65bf":11,"48c6df81":11,"1fa1e7c2":11,"62e270e5":11
1601326863579,"cb0c3481":11,"7664512c":11,"df9a53b8":11,"f6c27b2b":11,"945f6c24":11,"f1daea7e":11,"b8fb90e3":11,"56227e35":11,"0d6bf22a":11,"b87321d0":11,"43205b5d":11,"8982905a":11,"f6fe1ad7":11,"230064fa":11,"764e0abb":11,"bba6d88e":11,"ea3479ec":11,"32266fa3":11,"50b090c3":11,"8be24763":11,"eb4800b2":11,"6e0ce9dc":11,"87d9bec4":11,"e30dfa0c":11,"6da34174":11,"bfb849fa":11,"0a10b423":11,"9ef7cee7":11,"49f1a0d1":11,"5f04aa76":11,"ba297382":11,"92b72493":11,"0287db2a":11,"d3e58903":11,"96abe4a9":11,"4481c4be":11,"753b10b1":11,"7954891b":11,"cf14bd99":11,"4afd60a9":11,"782022f4":11,"d44c0ea3":11,"322e833f":11,"68f87858":11,"ab3619e4":11,"533bac6b":11,"106006ad":11,"41634dba":11,"c8237be9":11,"43fd1327":11,"113e7f4b":11,"1416e8f5":11,"dde2eed5":11,"8cce569a":11,"a208caa8":11,"ce6401b6":11,"16605353":11,"6f57824c":11,"77b39e15":11,"28bd7aa1":11,"f1726edb":11,"1d52fb0d":11,"cde0d748":11,"535ed444":11,"710f0d0e":11,"0905f1fb":11,"a20e529c":11,"1ae76fcc":11,"35b161d3":11,"344cd1a3":11,"77ea1236":11,"96d2a118":11,"23a0e41f":11,"b32a1080":11,"a2c4b591":11,"6dfa57be":11,"1854ce44":11,"f92b22f1":11,"ece12664":11,"36f4ecde":11,"568a0d58":11,"5fd569d2":11,"10c8fd03":11,"bd4ccb49":11,"e773d697":11,"7e8c11e7":11,"077eb15a":11,"5337c279":11,"8d256cb6":11,"7021c619":11,"272e7d0d":11,"32ae00db":11,"bf2defb2":11,"f92596ee":11,"68831ea9":11,"bc733a28":11,"30d32d34":11,"9713d076":11,"fd098272":11,"886c16d3":11,"6ee788a7":11,"e8d09b62":11,"8249641d":11,"45b0968f":11,"6a9bb182":11,"1f1afd4f":11,"25fb8826":11,"0dc5da58":11,"2874a625":11,"e61ae828":11,"f7ac3883":11,"ccd01528":11,"dab8cf68":11,"00f2a9cb":11,"916fe082":11,"b64dba8e":11,"c3bb30ce":11,"86219c70":11,"601990d8":11,"5c662c19":11,"d2a5d2fd":11,"89d220c2":11,"5b09e53e":11,"da5bb0f7":11,"6d925c84":11,"50b23ab2":11,"edfa56d4":11,"899c16eb":11,"41c76041":11,"6bb1fa99":11,"d73ff72e":11,"61c0ca91":11,"d2fda7be":11,"ce20ca3c":11,"1d2d958b":11,"81fb6a01":11,"7f5b27c8":11,"fb3444d9":11,"f05de640":11,"86a68967":11,"9666b973":11,"3e10c9cb":11,"5500a3e8":11,"3c0e87ac":11,"a891461f":11,"a246cdab":11,"117c7f0b":11,"95eaed39":11,"a5ba0ebb":11,"f53362a9":11,"1901ef7e":11,"960c2e6b":11,"3515e999":11,"d11f8f1b":11,"9d9eb027":11,"325f9a29":11,"503aafe5":11,"0d21cf99":11,"14e6fe14":11,"37ec5e73":11,"bfff7913":11,"ae14d6b5":11,"721f5f42":11,"0b50bca6":11,"bf2ca266":11,"5d8d9641":11,"0de67c6c":11,"2311399f":11,"5e3ebf5e":11,"9f6ca218":11,"6213799d":11,"44cb1fd2":11,"baf19c25":11,"24a79a6e":11,"edde30af":11,"4d949e11":11,"df12f689":11,"1da10cbf":11,"832c48e4":11,"dc90a44c":11,"1ad7c45b":11,"5566c17c":11,"86a22252":11,"0000dece":11,"ce5efdbe":11,"58ace2b5":11,"d379fd96":11,"7b819458":11,"7f8024cd":11,"ae562513":11,"f8636899":11,"a8edfe84":11,"2ed19b1e":11,"959e16ea":11,"02f76c64":11,"5c6d1f33":11,"b4801cae":11,"c3c2fd05":11,"f8c97147":11,"c2526ff3":11,"cc386067":11,"a22ffd8f":11,"3cd28a4d":11,"44a12c31":11,"45a961ca":11,"5ca978fd":11,"668e601b":11,"d3cca7eb":11,"3b329af2":11,"1cd662bf":11,"e866a899":11,"72992b35":11,"5690e712":11,"47589344":11,"0b92d2a9":11,"070bed95":11,"593b1533":11,"e9f6e5ce":11,"67e5d108":11,"ed6bead5":11,"3d37b94b":11,"96f594b9":11,"842c97c2":11,"c4cef92b":11,"94dfcfc5":11,"8301986e":11,"0eecdc5b":11,"b7e495ea":11,"830ecfec":11,"45ec63c0":11,"a8bae791":11,"312009ee":11,"0ddfde2c":11,"a8b41774":11,"c98759fd":11,"e8b6d676":11,"81f0da2d":11,"1fcc8ba4":11,"45ee5840":11,"76f04033":11,"75a9c117":11,"12ba54ec":11,"43480b19":11,"be391c1a":11,"fd955858":11,"69798d15":11,"37d8a5b7":11,"d5ab81c4":11,"efea71fa":11,"fb3aa867":11,"2ecde685":11,"c9cf710b":11,"f0bd52d3":11,"fcacdeb3":11,"dcc20f76":11,"0ea055ed":11,"666a8ef0":11,"e3b1bdf8":11,"c5b609f1":11,"4dc5849a":11,"644b45fb":11,"d605c755":11,"8a8c1d67":11,"cc6b3306":11,"8c2dfd9a":11,"f11267b9":11,"a483b15e":11,"f80ab49d":11,"37724339":11,"d45d9727":11,"ee5ff2a3":11,"44322dfd":11,"295e4d1d":11,"8cf6570a":11,"403064a0":11,"312af46e":11,"b5a9f8c3":11,"fcbc0ae8":11,"2ff6b6a8":11,"66a71cc1":11,"bf4b58e4":11,"56cd4dca":11,"653b27c7":11,"7f469f4c":11,"f92dedfc":11,"83b37fd6":11,"355d1489":11,"4d852788":11,"f96fc1af":11,"e43a9448":11,"06713bac":11,"3542b748":11,"61aca924":11,"379c53ab":11,"d97fb857":11,"e396d80d":11,"59ff5ec6":11,"7da61f27":11,"ef04e64e":11,"dc874a97":11,"85a220de":11,"6e2d04de":11,"40a7cdd2":11,"2fca1798":11,"ac033c7b":11,"05028839":11,"87759976":11,"5488826c":11,"4df3f62e":11,"84fff5c1":11,"c881a53e":11,"c649992d":11,"80c1c8b1":11,"d5ad3ed6":11,"cf52acd8":11,"8e5f7187":11,"55ba7579":11,"a63cb4ce":11,"d3b3492b":11,"b7769ca6":11,"7580cfa4":11,"9c27de51":11,"22a96386":11,"5c672b50":11,"38a75b48":11,"1792bfa3":11,"5df16440":11,"b666e56d":11,"426f1904":11,"7b66dacd":11,"9ab137d7":11,"7191d1cd":11,"005354dd":11,"f7ffcbb8":11,"5728f934":11,"00b26865":11,"c333337d":11,"815c56bc":11,"dfe4a061":11,"5bd61a68":11,"c2bf7d51":11,"8582c5cf":11,"781afef6":11,"0c353665":11,"de9229a0":11,"231e8700":11,"99a5feef":11,"1f9fbd85":11,"43f24679":11,"f6266388":11,"e64fd39c":11,"a1c0dfc4":11,"78f71162":11,"e1b3ce36":11,"4b27a9a4":11,"625fa164":11,"163f4d19":11,"0c6ae551":11,"1d043d5a":11,"7552d86c":11,"02ebf3b6":11,"bb17a968":11,"4abcb85d":11,"cba26072":11,"2a718dcc":11,"c6a9a8e1":11,"88854fd0":11,"8dc27d2a":11,"41d7f05d":11,"2b851827":11,"9f428a03":11,"4d504d96":11,"0533ece1":11,"bcee2ef3":11,"0afba00c":11,"04ff8100":11,"6c00d8d6":11,"ac9a02bc":11,"acfe69ed":11,"426603ff":11,"2db2f252":11,"7c0f1ca9":11,"8db378ff":11,"784d6375":11,"b2f820ac":11,"25d4f65d":11,"4541bf85":11,"eddb6a2a":11,"a6b13f20":11,"ff8a00aa":11,"2459c882":11,"c146560b":11,"985068e7":11,"3df97186":11,"ef0490de":11,"d543ba6f":11,"e0f47ced":11,"309bbf54":11,"cc537772":11,"6618390c":11,"99cc0813":11,"dc32c4e1":11,"239c636e":11,"e8f4c1dd":11,"b2f82e06":11,"5b0b43e6":11,"cede8b8c":11,"ad95ff4a":11,"b5474d69":11,"893a99c5":11,"5a938eeb":11,"d8bf32b5":11,"4fe0dedf":11,"0eb42efe":11,"951fc6d0":11,"03c4ab87":11,"61892a4c":11,"4e3d3af7":11,"f096219e":11,"3a4803a8":11,"f7a7de5d":11,"a3f0a6ec":11,"01051f84":11,"d4e56c3e":11,"0c045c2d":11,"aa7e370d":11,"8efd4801":11,"f995eeab":11,"7eb8f268":11,"4006e709":11,"20236d3e":11,"0dedf63e":11,"a9d5374b":11,"4321f02d":11,"089b3f8f":11,"7698d0dc":11,"36ae8cd8":11,"784414ce":11,"3ddd5391":11,"2df3efdb":11,"07f69c6d":11,"d0f1b7bd":11,"2e84193b":11,"c55683c9":11,"51233daf":11,"02791635":11,"be081247":11,"5cc47d1b":11,"678b846f":11,"b4bd39d8":11,"b4cdbe5d":11,"fa0386f3":11,"b95d0f17":11,"cee9c347":11,"2254f0f5":11,"e7799883":11,"ea282e84":11,"4f9456cf":11,"6653c83b":11,"c896052c":11,"6e260ee8":11,"f4f84279":11,"287ecd1c":11,"f9376d3e":11,"b0950de5":11,"6f873999":11,"07a94e8c":11,"1f4e0e22":11,"bb017b49":11,"60d69311":11,"37b52fe4":11,"3b09f1de":11,"61ad1519":11,"b371f44a":11,"819c4185":11,"ba69b06b":11,"8b6180ff":11,"8819ac24":11,"7d2a2cb4":11,"dbbf7f69":11,"4f62491c":11,"70b4c438":11,"71ed93db":11,"c92efaa8":11,"c241ac7e":11,"62a45672":11,"210e507a":11,"ac6e268b":11,"742238e8":11,"6ee160ff":11,"c55d40ca":11,"22c177a8":11,"00ae883f":11,"f416ee62":11,"0d2b182d":11,"320754c3":11,"232b2f64":11,"3171b6e7":11,"3b25460f":11,"d2064756":11,"646af2b9":11,"5e165f43":11,"66b1b6d7":11,"b062adc4":11,"f8785b71":11,"659389ad":11,"ab4a411a":11,"240c8679":11,"4aae5133":11,"0718c3be":11,"63a3af32":11,"d7a4b24c":11,"8b503f7b":11,"686d5c0b":11,"3fec4b0b":11,"87a8523c":11,"f15eb1c5":11,"faa3de3e":11,"c416baa6":11,"71789493":11,"44983d13":11,"ae350a07":11,"5ac72353":11,"80999122":11,"680a32a6":11,"d1b14d06":11,"72af9198":11,"f6c074a7":11,"83ba647d":11,"e39e9552":11,"cb0bd6b7":11,"ffd6849d":11,"4dccb5ca":11,"945badf3":11,"1327775b":11,"83268abf":11,"bdd40125":11,"75fd47f7":11,"578c4c95":11,"1c52a07e":11,"c606b472":11,"e70ccc25":11,"afd1494f":11,"ca6bffd3":11,"829c44a4":11,"e76e2617":11,"2b4fd52e":11,"57162572":11,"d1d50cfe":11,"81c1b70d":11,"962fca02":11,"8e426e39":11,"e72f0f82":11,"51909df8":11,"75968179":11,"88374b72":11,"e22b0973":11,"bc8bdc23":11,"23646ff9":11,"fdfaf1ed":11,"a71f3f70":11,"1f7aa83c":11,"ea981bed":11,"3abb827b":11,"5e197575":11,"732d62ee":11,"e587c4d0":11,"d4b0751c":11,"0c73c293":11,"525b2635":11,"88929b06":11,"5b01444b":11,"08c4692e":11,"79995b62":11,"caa38a45":11,"5b2479ef":11,"97160db8":11,"a9987a58":11,"1d882c36":11,"589f0d6e":11,"51b4016a":11,"eb62e8f2":11,"b6b8e5c7":11,"46bf9112":11,"e82177d3":11,"092ad3d6":11,"89914b94":11,"bf940089":11,"04bdf5e1":11,"01f34f98":11,"da8b42be":11,"3b0576bf":11,"1670b0d3":11,"ec97d63e":11,"9458934f":11,"94208a41":11,"1dcc489c":11,"2cbcad17":11
1601326866345,"080d5d42":12,"5d03f5dc":12,"f0a01341":12,"1ee4d9f9":12,"0d6e45e7":12,"0da97151":12,"e829038c":12,"4987cfb5":12,"7800e7ce":12,"ba90687c":12,"77869ff0":12,"77f2cf92":12,"4b8f7b16":12,"037e2be4":12,"89f75690":12,"cb363e2f":12,"9e7dbd20":12,"cd802f02":12,"0c086273":12,"d3cca7eb":12,"ac13c3b0":12,"e866a899":12,"b4d9c57f":12,"5690e712":12,"5d53c964":12,"0b92d2a9":12,"8ee9cc91":12,"4cc0af91":12,"070bed95":12,"55f6a2ba":12,"67e5d108":12,"9559ea96":12,"3d37b94b":12,"842c97c2":12,"9cb044bf":12,"c4cef92b":12,"16b25add":12,"0eecdc5b":12,"80ee333e":12,"3b329af2":12,"b7e495ea":12,"1cd662bf":12,"45ec63c0":12,"72992b35":12,"0ddfde2c":12,"a8b41774":12,"47589344":12,"593b1533":12,"81f0da2d":12,"e9f6e5ce":12,"1fcc8ba4":12,"75a9c117":12,"ed6bead5":12,"d5d94481":12,"ffe48500":12,"c7a45a33":12,"faffe099":12,"e99490cd":12,"3b830769":12,"583f0305":12,"590ce3d3":12,"1802d7ce":12,"0a49914b":12,"5d3f5cad":12,"cf347cba":12,"fc0c23f7":12,"641f9b9e":12,"c92edec5":12,"12ba54ec":12,"96f594b9":12,"94dfcfc5":12,"be391c1a":12,"8301986e":12,"37d8a5b7":12,"d5ab81c4":12,"830ecfec":12,"a8bae791":12,"2ecde685":12,"f0bd52d3":12,"312009ee":12,"dcc20f76":12,"c98759fd":12,"666a8ef0":12,"e8b6d676":12,"c5b609f1":12,"45ee5840":12,"4dc5849a":12,"76f04033":12,"d605c755":12,"43480b19":12,"fd955858":12,"8a8c1d67":12,"69798d15":12,"cc6b3306":12,"efea71fa":12,"8c2dfd9a":12,"f11267b9":12,"fb3aa867":12,"a483b15e":12,"c9cf710b":12,"fcacdeb3":12,"f80ab49d":12,"95eaed39":12,"0ea055ed":12,"e3b1bdf8":12,"a5ba0ebb":12,"f53362a9":12,"644b45fb":12,"1901ef7e":12,"960c2e6b":12,"3515e999":12,"d11f8f1b":12,"9d9eb027":12,"325f9a29":12,"503aafe5":12,"9f03c1e7":12,"06c24a8d":12
1601326866825,"1557c50a":12,"249e80ab":12,"f52a3d94":12,"eb74d3dd":12,"3bcbc28d":12,"3c0455e7":12,"df203c79":12,"df1e1ac0":12,"491708eb":12,"e421caaa":12,"2d2ecf27":12,"d38a4953":12,"eba5efdd":12,"a5463f93":12,"c85ac4f8":12,"bc253f4f":12,"0d9d2bf8":12,"846b7f11":12,"d3411467":12,"1df0ce7f":12,"a08171d0":12,"c8bc5677":12,"dfca0518":12,"b9a21017":12,"e47705d3":12,"3cae4115":12,"0ccf4731":12,"c7c6782d":12,"54346574":12,"b12cbf87":12,"81942d9b":12,"699b90c1":12,"d9b5a7a8":12,"1e7914d2":12,"e5d8fdb2":12,"3412ab75":12,"bcac5daf":12,"62d028cc":12,"0af2cf39":12,"27491297":12,"d041ea86":12,"1eda11b2":12,"fc442678":12,"18c73816":12,"e491161e":12,"b5087677":12,"16f60bed":12,"cb0c3481":12,"7664512c":12,"df9a53b8":12,"f6c27b2b":12,"945f6c24":12,"f1daea7e":12,"b8fb90e3":12,"56227e35":12,"0d6bf22a":12,"b87321d0":12,"43205b5d":12,"8982905a":12,"5b09e53e":12,"da5bb0f7":12,"6d925c84":12,"50b23ab2":12,"edfa56d4":12,"899c16eb":12,"41c76041":12,"6bb1fa99":12,"d73ff72e":12,"3b3569f6":12,"b01ab62a":12,"76da16fa":12,"bffee581":12,"07150038":12,"080fa362":12,"7b6945ad":12,"a40d08e1":12,"cec79bc2":12,"d2eff358":12,"e70aebb5":12,"a488b2f1":12,"4caa87d6":12,"61c0ca91":12,"d2fda7be":12,"ce20ca3c":12,"1d2d958b":12,"81fb6a01":12,"7f5b27c8":12,"fb3444d9":12,"f05de640":12,"86a68967":12,"56cd4dca":12,"7f469f4c":12,"f92dedfc":12,"355d1489":12,"f96fc1af":12,"06713bac":12,"61aca924":12,"d97fb857":12,"59ff5ec6":12,"ef04e64e":12,"6e2d04de":12,"9666b973":12,"653b27c7":12,"2fca1798":12,"05028839":12,"83b37fd6":12,"5488826c":12,"4d852788":12,"84fff5c1":12,"e43a9448":12,"3542b748":12,"c649992d":12,"d5ad3ed6":12,"379c53ab":12,"e396d80d":12,"8e5f7187":12,"7da61f27":12,"55ba7579":12,"dc874a97":12,"b7769ca6":12,"9c27de51":12,"85a220de":12,"f7076e21":12,"69e653b6":12,"f1e86522":12,"98d2991b":12,"fa03f48f":12,"5298dafa":12,"3b411d6a":12,"25f7f918":12,"83826ef3":12,"c5311ebb":12,"105bb3f6":12,"595609d5":12,"58de5462":12,"b47f1b89":12,"f01c896d":12,"8e6caf71":12,"9a3433b8":12,"1f2670d0":12,"b89112cb":12,"808bc372":12,"66736d5e":12,"962c9c8f":12,"c792a7c1":12,"aec0bf28":12,"30de89a7":12,"5a7da061":12,"a017a323":12,"06aaa33f":12,"8801c469":12,"06a94514":12,"320c65bf":12,"73c420df":12,"b6281f1a":12,"1fa1e7c2":12,"48c6df81":12,"0700da70":12,"646af2b9":12,"5e165f43":12,"ff591765":12,"93f12198":12,"659389ad":12,"f8785b71":12,"240c8679":12,"ab4a411a":12,"62e270e5":12,"0718c3be":12,"66b1b6d7":12,"8b503f7b":12,"d7a4b24c":12,"87a8523c":12,"686d5c0b":12,"b062adc4":12,"38a75b48":12,"40a7cdd2":12,"f6fe1ad7":12,"230064fa":12,"764e0abb":12,"bba6d88e":12,"ea3479ec":12,"32266fa3":12,"50b090c3":12,"8be24763":12,"eb4800b2":12,"6e0ce9dc":12,"87d9bec4":12,"e30dfa0c":12,"6da34174":12,"bfb849fa":12,"0a10b423":12,"9ef7cee7":12,"49f1a0d1":12,"5f04aa76":12,"ba297382":12,"0287db2a":12,"96abe4a9":12,"753b10b1":12,"cf14bd99":12,"782022f4":12,"92b72493":12,"322e833f":12,"d3e58903":12,"4481c4be":12,"ab3619e4":12,"7954891b":12,"106006ad":12,"c8237be9":12,"4afd60a9":12,"d44c0ea3":12,"1416e8f5":12,"68f87858":12,"dde2eed5":12,"533bac6b":12,"a208caa8":12,"16605353":12,"41634dba":12,"77b39e15":12,"43fd1327":12,"113e7f4b":12,"f1726edb":12,"8cce569a":12,"ac033c7b":12,"1792bfa3":12,"87759976":12,"426f1904":12,"4df3f62e":12,"7c0f1ca9":12,"c881a53e":12,"b2f820ac":12,"80c1c8b1":12,"25d4f65d":12,"cf52acd8":12,"eddb6a2a":12,"a63cb4ce":12,"ff8a00aa":12,"d3b3492b":12,"c146560b":12,"7580cfa4":12,"985068e7":12,"d543ba6f":12,"22a96386":12,"5c672b50":12,"5df16440":12,"b666e56d":12,"8db378ff":12,"784d6375":12,"4541bf85":12,"a6b13f20":12,"2459c882":12,"3df97186":12,"ef0490de":12,"e0f47ced":12,"309bbf54":12,"4aae5133":12,"f15eb1c5":12,"c416baa6":12,"63a3af32":12,"ae350a07":12,"71789493":12,"5ac72353":12,"680a32a6":12,"3fec4b0b":12,"faa3de3e":12,"83ba647d":12,"d1b14d06":12,"44983d13":12,"cb0bd6b7":12,"f6c074a7":12,"8e426e39":12,"ffd6849d":12,"80999122":12,"72af9198":12,"962fca02":12,"75968179":12,"e39e9552":12,"bc8bdc23":12,"81c1b70d":12,"a71f3f70":12,"e72f0f82":12,"88374b72":12,"1f7aa83c":12,"51909df8":12,"fdfaf1ed":12,"732d62ee":12,"e22b0973":12,"ea981bed":12,"23646ff9":12,"5e197575":12,"d4b0751c":12,"5b01444b":12,"e587c4d0":12,"3abb827b":12,"79995b62":12,"525b2635":12,"0c73c293":12,"88929b06":12,"97160db8":12,"caa38a45":12,"08c4692e":12,"589f0d6e":12,"a9987a58":12,"5b2479ef":12,"51b4016a":12,"b6b8e5c7":12,"46bf9112":12,"1d882c36":12,"092ad3d6":12,"e82177d3":12,"eb62e8f2":12,"89914b94":12,"bf940089":12,"cc537772":12,"ce6401b6":12,"6f57824c":12,"28bd7aa1":12,"1d52fb0d":12,"cde0d748":12,"535ed444":12,"710f0d0e":12,"0905f1fb":12,"a20e529c":12,"1ae76fcc":12,"35b161d3":12,"344cd1a3":12,"77ea1236":12,"96d2a118":12,"23a0e41f":12,"b32a1080":12,"a2c4b591":12,"6dfa57be":12,"1854ce44":12,"f92b22f1":12,"ece12664":12,"36f4ecde":12,"568a0d58":12,"5fd569d2":12,"10c8fd03":12,"bd4ccb49":12,"6618390c":12,"99cc0813":12,"dc32c4e1":12,"239c636e":12,"6ee160ff":12,"c55d40ca":12,"22c177a8":12,"00ae883f":12,"f416ee62":12,"0d2b182d":12,"320754c3":12,"232b2f64":12,"3171b6e7":12,"3b25460f":12,"d2064756":12,"a8edfe84":12,"2ed19b1e":12,"959e16ea":12,"02f76c64":12,"5c6d1f33":12,"b4801cae":12,"c3c2fd05":12,"f8c97147":12,"c2526ff3":12,"cc386067":12,"a22ffd8f":12,"3cd28a4d":12,"44a12c31":12,"45a961ca":12,"5ca978fd":12,"668e601b":12,"7552d86c":12,"02ebf3b6":12,"04bdf5e1":12,"01f34f98":12,"da8b42be":12,"1670b0d3":12,"3b0576bf":12,"ec97d63e":12,"9458934f":12,"94208a41":12,"1dcc489c":12,"2cbcad17":12,"945badf3":12,"4dccb5ca":12,"1327775b":12,"83268abf":12,"bdd40125":12,"578c4c95":12,"c606b472":12,"75fd47f7":12,"1c52a07e":12,"e70ccc25":12,"afd1494f":12,"ca6bffd3":12,"829c44a4":12,"e76e2617":12,"2b4fd52e":12,"57162572":12,"d1d50cfe":12,"e773d697":12,"7e8c11e7":12,"077eb15a":12,"5337c279":12,"8d256cb6":12,"7021c619":12,"32ae00db":12,"bf2defb2":12,"bc733a28":12,"30d32d34":12,"886c16d3":12,"e8d09b62":12,"272e7d0d":12,"f92596ee":12,"68831ea9":12,"9713d076":12,"fd098272":12,"6ee788a7":12,"8249641d":12,"45b0968f":12,"6a9bb182":12,"1f1afd4f":12,"25fb8826":12,"0dc5da58":12,"2874a625":12,"e61ae828":12,"f7ac3883":12,"ccd01528":12,"dab8cf68":12,"00f2a9cb":12,"916fe082":12,"b64dba8e":12,"c3bb30ce":12,"86219c70":12,"601990d8":12,"5c662c19":12,"d2a5d2fd":12,"89d220c2":12,"3e10c9cb":12,"5500a3e8":12,"3c0e87ac":12,"bb17a968":12,"4abcb85d":12,"cba26072":12,"2a718dcc":12,"c6a9a8e1":12,"88854fd0":12,"8dc27d2a":12,"41d7f05d":12,"2b851827":12,"9f428a03":12,"4d504d96":12,"0533ece1":12,"bcee2ef3":12,"0afba00c":12,"04ff8100":12,"6c00d8d6":12,"ac9a02bc":12,"acfe69ed":12,"426603ff":12,"2db2f252":12,"2e84193b":12,"c55683c9":12,"51233daf":12,"02791635":12,"be081247":12,"5cc47d1b":12,"678b846f":12,"b4bd39d8":12,"b4cdbe5d":12,"edde30af":12,"4d949e11":12,"df12f689":12,"1da10cbf":12,"832c48e4":12,"dc90a44c":12,"1ad7c45b":12,"5566c17c":12,"86a22252":12,"0000dece":12,"ce5efdbe":12,"58ace2b5":12,"d379fd96":12,"7b819458":12,"7f8024cd":12,"ae562513":12,"7b66dacd":12,"9ab137d7":12,"7191d1cd":12,"005354dd":12,"f7ffcbb8":12,"5728f934":12,"00b26865":12,"c333337d":12,"815c56bc":12,"5bd61a68":12,"dfe4a061":12,"8582c5cf":12,"c2bf7d51":12,"0c353665":12,"781afef6":12,"231e8700":12,"de9229a0":12,"99a5feef":12,"1f9fbd85":12,"43f24679":12,"f6266388":12,"a1c0dfc4":12,"e64fd39c":12,"78f71162":12,"e1b3ce36":12,"4b27a9a4":12,"625fa164":12,"163f4d19":12,"1d043d5a":12,"0c6ae551":12,"b2f82e06":12,"e8f4c1dd":12,"5b0b43e6":12,"2f35e75f":12,"3eddf7c8":12,"77970f8b":12,"efd594d5":12,"4718294d":12,"5352cf45":12,"e0ffe8ff":12,"ae14d6b5":12,"721f5f42":12,"0b50bca6":12,"bf2ca266":12,"5d8d9641":12,"0de67c6c":12,"2311399f":12,"5e3ebf5e":12,"9f6ca218":12,"6213799d":12,"44cb1fd2":12,"baf19c25":12,"24a79a6e":12,"a891461f":12,"a246cdab":12,"117c7f0b":12,"0d21cf99":12,"14e6fe14":12,"37ec5e73":12,"bfff7913":12,"f8636899":12,"37724339":12,"d45d9727":12,"ee5ff2a3":12,"44322dfd":12,"295e4d1d":12,"8cf6570a":12,"403064a0":12,"312af46e":12,"b5a9f8c3":12,"fcbc0ae8":12,"2ff6b6a8":12,"66a71cc1":12,"bf4b58e4":12,"fa0386f3":12,"b95d0f17":12,"cee9c347":12,"b5474d69":12,"cede8b8c":12,"ad95ff4a":12,"5a938eeb":12,"893a99c5":12,"4fe0dedf":12,"d8bf32b5":12,"0eb42efe":12,"951fc6d0":12,"61892a4c":12,"03c4ab87":12,"4e3d3af7":12,"f096219e":12,"a3f0a6ec":12,"3a4803a8":12,"f7a7de5d":12,"01051f84":12,"aa7e370d":12,"d4e56c3e":12,"0c045c2d":12,"f995eeab":12,"4006e709":12,"8efd4801":12,"0dedf63e":12,"7eb8f268":12,"20236d3e":12,"a9d5374b":12,"4321f02d":12,"36ae8cd8":12,"089b3f8f":12,"3ddd5391":12,"07f69c6d":12,"7698d0dc":12,"2254f0f5":12,"784414ce":12,"2df3efdb":12,"ea282e84":12,"6653c83b":12,"d0f1b7bd":12,"c896052c":12,"e7799883":12,"4f9456cf":12,"287ecd1c":12,"f9376d3e":12,"6e260ee8":12,"07a94e8c":12,"f4f84279":12,"b0950de5":12,"bb017b49":12,"6f873999":12,"37b52fe4":12,"1f4e0e22":12,"61ad1519":12,"60d69311":12,"819c4185":12,"3b09f1de":12,"ba69b06b":12,"b371f44a":12,"7d2a2cb4":12,"8b6180ff":12,"8819ac24":12,"4f62491c":12,"70b4c438":12,"dbbf7f69":12,"71ed93db":12,"c92efaa8":12,"c241ac7e":12,"62a45672":12,"210e507a":12,"ac6e268b":12,"742238e8":12
1601326869797,"18c73816":13,"e491161e":13,"b5087677":13,"16f60bed":13,"cb0c3481":13,"7664512c":13,"df9a53b8":13,"f6c27b2b":13,"945f6c24":13,"d5d94481":13,"ffe48500":13,"f1daea7e":13,"b8fb90e3":13,"56227e35":13,"0d6bf22a":13,"b87321d0":13,"43205b5d":13,"8982905a":13,"f6fe1ad7":13,"230064fa":13,"764e0abb":13,"bba6d88e":13,"ea3479ec":13,"32266fa3":13,"50b090c3":13,"8be24763":13,"eb4800b2":13,"6e0ce9dc":13,"87d9bec4":13,"e30dfa0c":13,"6da34174":13,"bfb849fa":13,"0a10b423":13,"9ef7cee7":13,"49f1a0d1":13,"5f04aa76":13,"ba297382":13,"0287db2a":13,"96abe4a9":13,"753b10b1":13,"cf14bd99":13,"92b72493":13,"782022f4":13,"d3e58903":13,"322e833f":13,"4481c4be":13,"ab3619e4":13,"7954891b":13,"4afd60a9":13,"106006ad":13,"d44c0ea3":13,"c8237be9":13,"68f87858":13,"1416e8f5":13,"533bac6b":13,"dde2eed5":13,"41634dba":13,"a208caa8":13,"16605353":13,"43fd1327":13,"77b39e15":13,"113e7f4b":13,"8cce569a":13,"f1726edb":13,"080d5d42":13,"5d03f5dc":13,"f0a01341":13,"1ee4d9f9":13,"0d6e45e7":13,"0da97151":13,"e829038c":13,"7800e7ce":13,"4987cfb5":13,"77869ff0":13,"ba90687c":13,"4b8f7b16":13,"77f2cf92":13,"037e2be4":13,"89f75690":13,"cb363e2f":13,"9e7dbd20":13,"cd802f02":13,"0c086273":13,"d3cca7eb":13,"ac13c3b0":13,"e866a899":13,"b4d9c57f":13,"5690e712":13,"5d53c964":13,"0b92d2a9":13,"8ee9cc91":13,"070bed95":13,"4cc0af91":13,"67e5d108":13,"55f6a2ba":13,"ce6401b6":13,"6f57824c":13,"28bd7aa1":13,"1d52fb0d":13,"cde0d748":13,"535ed444":13,"710f0d0e":13,"0905f1fb":13,"a20e529c":13,"1ae76fcc":13,"35b161d3":13,"344cd1a3":13,"77ea1236":13,"96d2a118":13,"23a0e41f":13,"b32a1080":13,"a2c4b591":13,"6dfa57be":13,"1854ce44":13,"c7a45a33":13,"faffe099":13,"e99490cd":13,"3b830769":13,"583f0305":13,"1557c50a":13,"249e80ab":13,"f52a3d94":13,"eb74d3dd":13,"3bcbc28d":13,"3c0455e7":13,"df203c79":13,"df1e1ac0":13,"491708eb":13,"e421caaa":13,"2d2ecf27":13,"d38a4953":13,"eba5efdd":13,"a5463f93":13,"c85ac4f8":13,"bc253f4f":13,"0d9d2bf8":13,"846b7f11":13,"d3411467":13,"1df0ce7f":13,"a08171d0":13,"c8bc5677":13,"dfca0518":13,"b9a21017":13,"e47705d3":13,"3cae4115":13,"0ccf4731":13,"c7c6782d":13,"54346574":13,"b12cbf87":13
1601326870433,"81942d9b":13,"699b90c1":13,"d9b5a7a8":13,"1e7914d2":13,"e5d8fdb2":13,"3412ab75":13,"bcac5daf":13,"62d028cc":13,"0af2cf39":13,"27491297":13,"d041ea86":13,"1eda11b2":13,"fc442678":13,"3b3569f6":13,"b01ab62a":13,"76da16fa":13,"bffee581":13,"07150038":13,"080fa362":13,"7b6945ad":13,"a40d08e1":13,"cec79bc2":13,"d2eff358":13,"e70aebb5":13,"a488b2f1":13,"4caa87d6":13,"f7076e21":13,"69e653b6":13,"98d2991b":13,"f1e86522":13,"5b09e53e":13,"da5bb0f7":13,"6d925c84":13,"50b23ab2":13,"edfa56d4":13,"899c16eb":13,"41c76041":13,"6bb1fa99":13,"d73ff72e":13,"61c0ca91":13,"d2fda7be":13,"fa03f48f":13,"3b411d6a":13,"83826ef3":13,"5298dafa":13,"25f7f918":13,"595609d5":13,"c5311ebb":13,"b47f1b89":13,"105bb3f6":13,"8e6caf71":13,"9a3433b8":13,"58de5462":13,"b89112cb":13,"f01c896d":13,"66736d5e":13,"1f2670d0":13,"590ce3d3":13,"1802d7ce":13,"0a49914b":13,"5d3f5cad":13,"cf347cba":13,"fc0c23f7":13,"641f9b9e":13,"c92edec5":13,"9f03c1e7":13,"06c24a8d":13,"2f35e75f":13,"3eddf7c8":13,"77970f8b":13,"efd594d5":13,"4718294d":13,"5352cf45":13,"e0ffe8ff":13,"ae14d6b5":13,"721f5f42":13,"0b50bca6":13,"bf2ca266":13,"30de89a7":13,"808bc372":13,"06aaa33f":13,"962c9c8f":13,"c792a7c1":13,"aec0bf28":13,"320c65bf":13,"5a7da061":13,"a017a323":13,"1fa1e7c2":13,"06a94514":13,"8801c469":13,"646af2b9":13,"73c420df":13,"b6281f1a":13,"659389ad":13,"0700da70":13,"240c8679":13,"48c6df81":13,"ff591765":13,"5e165f43":13,"1901ef7e":13,"960c2e6b":13,"3515e999":13,"d11f8f1b":13,"9d9eb027":13,"325f9a29":13,"503aafe5":13,"0718c3be":13,"93f12198":13,"f8785b71":13,"8b503f7b":13,"ab4a411a":13,"87a8523c":13,"62e270e5":13,"9559ea96":13,"3d37b94b":13,"842c97c2":13,"9cb044bf":13,"c4cef92b":13,"16b25add":13,"80ee333e":13,"0eecdc5b":13,"3b329af2":13,"b7e495ea":13,"45ec63c0":13,"1cd662bf":13,"0ddfde2c":13,"72992b35":13,"47589344":13,"a8b41774":13,"81f0da2d":13,"593b1533":13,"e9f6e5ce":13,"1fcc8ba4":13,"ed6bead5":13,"75a9c117":13,"96f594b9":13,"12ba54ec":13,"be391c1a":13,"94dfcfc5":13,"37d8a5b7":13,"8301986e":13,"830ecfec":13,"d5ab81c4":13,"a8bae791":13,"2ecde685":13,"312009ee":13,"f0bd52d3":13,"c98759fd":13,"dcc20f76":13,"666a8ef0":13,"e8b6d676":13,"45ee5840":13,"c5b609f1":13,"76f04033":13,"4dc5849a":13,"d605c755":13,"43480b19":13,"8a8c1d67":13,"fd955858":13,"69798d15":13,"cc6b3306":13,"8c2dfd9a":13,"efea71fa":13,"f11267b9":13,"fb3aa867":13,"a483b15e":13,"c9cf710b":13,"fcacdeb3":13,"f80ab49d":13,"0ea055ed":13,"95eaed39":13,"a5ba0ebb":13,"e3b1bdf8":13,"644b45fb":13,"f53362a9":13,"c416baa6":13,"d7a4b24c":13,"66b1b6d7":13,"ae350a07":13,"b062adc4":13,"686d5c0b":13,"ce20ca3c":13,"1d2d958b":13,"81fb6a01":13,"7f5b27c8":13,"fb3444d9":13,"f05de640":13,"86a68967":13,"56cd4dca":13,"7f469f4c":13,"f92dedfc":13,"355d1489":13,"f96fc1af":13,"06713bac":13,"61aca924":13,"d97fb857":13,"59ff5ec6":13,"ef04e64e":13,"6e2d04de":13,"2fca1798":13,"05028839":13,"5488826c":13,"84fff5c1":13,"c649992d":13,"9666b973":13,"4aae5133":13,"680a32a6":13,"f15eb1c5":13,"63a3af32":13,"83ba647d":13,"71789493":13,"3fec4b0b":13,"5ac72353":13,"cb0bd6b7":13,"faa3de3e":13,"d1b14d06":13,"44983d13":13,"8e426e39":13,"f6c074a7":13,"51909df8":13,"80999122":13,"e22b0973":13,"72af9198":13,"ffd6849d":13,"23646ff9":13,"962fca02":13,"e39e9552":13,"3abb827b":13,"75968179":13,"0c73c293":13,"81c1b70d":13,"bc8bdc23":13,"e72f0f82":13,"88929b06":13,"a71f3f70":13,"88374b72":13,"08c4692e":13,"5b2479ef":13,"1f7aa83c":13,"fdfaf1ed":13,"1d882c36":13,"732d62ee":13,"ea981bed":13,"d4b0751c":13,"5e197575":13,"eb62e8f2":13,"e587c4d0":13,"5b01444b":13,"525b2635":13,"79995b62":13,"caa38a45":13,"97160db8":13,"a9987a58":13,"589f0d6e":13,"51b4016a":13,"b6b8e5c7":13,"46bf9112":13,"e82177d3":13,"89914b94":13,"092ad3d6":13,"04bdf5e1":13,"da8b42be":13,"bf940089":13,"3b0576bf":13,"01f34f98":13,"d5ad3ed6":13,"8e5f7187":13,"653b27c7":13,"55ba7579":13,"83b37fd6":13,"b7769ca6":13,"4d852788":13,"9c27de51":13,"e43a9448":13,"38a75b48":13,"3542b748":13,"1792bfa3":13,"379c53ab":13,"426f1904":13,"e396d80d":13,"7c0f1ca9":13,"7da61f27":13,"b2f820ac":13,"25d4f65d":13,"dc874a97":13,"85a220de":13,"eddb6a2a":13,"40a7cdd2":13,"ff8a00aa":13,"c146560b":13,"ac033c7b":13,"985068e7":13,"87759976":13,"d543ba6f":13,"4df3f62e":13,"c881a53e":13,"80c1c8b1":13,"cf52acd8":13,"a63cb4ce":13,"d3b3492b":13,"7580cfa4":13,"22a96386":13,"5c672b50":13,"5df16440":13,"9458934f":13,"1670b0d3":13,"1dcc489c":13,"ec97d63e":13,"94208a41":13,"945badf3":13,"1327775b":13,"2cbcad17":13,"4dccb5ca":13,"bdd40125":13,"f7ffcbb8":13,"5728f934":13,"00b26865":13,"c333337d":13,"815c56bc":13,"5bd61a68":13,"8582c5cf":13,"83268abf":13,"75fd47f7":13,"a8edfe84":13,"2ed19b1e":13,"959e16ea":13,"02f76c64":13,"5c6d1f33":13,"b4801cae":13,"c3c2fd05":13,"f8c97147":13,"578c4c95":13,"1c52a07e":13,"5d8d9641":13,"0de67c6c":13,"2311399f":13,"5e3ebf5e":13,"9f6ca218":13,"6213799d":13,"44cb1fd2":13,"baf19c25":13,"24a79a6e":13,"edde30af":13,"4d949e11":13,"df12f689":13,"1da10cbf":13,"832c48e4":13,"dc90a44c":13,"1ad7c45b":13,"5566c17c":13,"86a22252":13,"0000dece":13,"ce5efdbe":13,"58ace2b5":13,"d379fd96":13,"7b819458":13,"7f8024cd":13,"ae562513":13,"7b66dacd":13,"9ab137d7":13,"7191d1cd":13,"005354dd":13,"c606b472":13,"e70ccc25":13,"afd1494f":13,"ca6bffd3":13,"829c44a4":13,"e76e2617":13,"2b4fd52e":13,"57162572":13,"d1d50cfe":13,"b666e56d":13,"8db378ff":13,"784d6375":13,"4541bf85":13,"a6b13f20":13,"2459c882":13,"3df97186":13,"ef0490de":13,"e0f47ced":13,"309bbf54":13,"cc537772":13,"6618390c":13,"99cc0813":13,"dc32c4e1":13,"239c636e":13,"6ee160ff":13,"c55d40ca":13,"22c177a8":13,"00ae883f":13,"f416ee62":13,"0d2b182d":13,"320754c3":13,"232b2f64":13,"3171b6e7":13,"3b25460f":13,"d2064756":13,"c2526ff3":13,"cc386067":13,"a22ffd8f":13,"3cd28a4d":13,"44a12c31":13,"45a961ca":13,"5ca978fd":13,"668e601b":13,"7552d86c":13,"02ebf3b6":13,"bb17a968":13,"4abcb85d":13,"cba26072":13,"2a718dcc":13,"c6a9a8e1":13,"88854fd0":13,"8dc27d2a":13,"41d7f05d":13,"2b851827":13,"9f428a03":13,"4d504d96":13,"0533ece1":13,"bcee2ef3":13,"0afba00c":13,"04ff8100":13,"0c353665":13,"231e8700":13,"1f9fbd85":13,"43f24679":13,"dfe4a061":13,"a1c0dfc4":13,"c2bf7d51":13,"78f71162":13,"4b27a9a4":13,"781afef6":13,"de9229a0":13,"163f4d19":13,"99a5feef":13,"1d043d5a":13,"b2f82e06":13,"f6266388":13,"e64fd39c":13,"5b0b43e6":13,"b5474d69":13,"e1b3ce36":13,"625fa164":13,"5a938eeb":13,"4fe0dedf":13,"0c6ae551":13,"951fc6d0":13,"e8f4c1dd":13,"61892a4c":13,"cede8b8c":13,"ad95ff4a":13,"f096219e":13,"893a99c5":13,"a3f0a6ec":13,"d8bf32b5":13,"01051f84":13,"6c00d8d6":13,"ac9a02bc":13,"acfe69ed":13,"426603ff":13,"2db2f252":13,"2e84193b":13,"c55683c9":13,"51233daf":13,"02791635":13,"be081247":13,"5cc47d1b":13,"678b846f":13,"b4bd39d8":13,"b4cdbe5d":13,"fa0386f3":13,"b95d0f17":13,"cee9c347":13,"0eb42efe":13,"aa7e370d":13,"03c4ab87":13,"f995eeab":13,"4e3d3af7":13,"4006e709":13,"3a4803a8":13,"f7a7de5d":13,"0dedf63e":13,"a9d5374b":13,"d4e56c3e":13,"0c045c2d":13,"4321f02d":13,"8efd4801":13,"089b3f8f":13,"7eb8f268":13,"7698d0dc":13,"20236d3e":13,"784414ce":13,"2df3efdb":13,"36ae8cd8":13,"d0f1b7bd":13,"3ddd5391":13,"e7799883":13,"07f69c6d":13,"2254f0f5":13,"4f9456cf":13,"ea282e84":13,"6e260ee8":13,"f4f84279":13,"6653c83b":13,"c896052c":13,"b0950de5":13,"6f873999":13,"287ecd1c":13,"1f4e0e22":13,"f9376d3e":13,"07a94e8c":13,"60d69311":13,"3b09f1de":13,"bb017b49":13,"37b52fe4":13,"b371f44a":13,"61ad1519":13,"8b6180ff":13,"8819ac24":13,"819c4185":13,"ba69b06b":13,"dbbf7f69":13,"7d2a2cb4":13,"4f62491c":13,"70b4c438":13,"71ed93db":13,"c92efaa8":13,"c241ac7e":13,"62a45672":13,"f92b22f1":13,"ece12664":13,"36f4ecde":13,"568a0d58":13,"5fd569d2":13,"10c8fd03":13,"bd4ccb49":13,"e773d697":13,"7e8c11e7":13,"077eb15a":13,"5337c279":13,"8d256cb6":13,"7021c619":13,"32ae00db":13,"bf2defb2":13,"bc733a28":13,"30d32d34":13,"89d220c2":13,"3e10c9cb":13,"5500a3e8":13,"3c0e87ac":13,"a891461f":13,"a246cdab":13,"117c7f0b":13,"0d21cf99":13,"14e6fe14":13,"37ec5e73":13,"bfff7913":13,"f8636899":13,"37724339":13,"d45d9727":13,"ee5ff2a3":13,"44322dfd":13,"295e4d1d":13,"8cf6570a":13,"403064a0":13,"312af46e":13,"b5a9f8c3":13,"fcbc0ae8":13,"2ff6b6a8":13,"66a71cc1":13,"bf4b58e4":13,"886c16d3":13,"272e7d0d":13,"f92596ee":13,"e8d09b62":13,"68831ea9":13,"9713d076":13,"fd098272":13,"6ee788a7":13,"8249641d":13,"45b0968f":13,"6a9bb182":13,"1f1afd4f":13,"25fb8826":13,"0dc5da58":13,"2874a625":13,"e61ae828":13,"f7ac3883":13,"ccd01528":13,"dab8cf68":13,"00f2a9cb":13,"916fe082":13,"b64dba8e":13,"c3bb30ce":13,"86219c70":13,"601990d8":13,"5c662c19":13,"d2a5d2fd":13,"210e507a":13,"ac6e268b":13,"742238e8":13
1601326873166,"d5d94481":14,"ffe48500":14,"c7a45a33":14,"faffe099":14,"e99490cd":14,"3b830769":14,"583f0305":14,"1557c50a":14,"249e80ab":14,"f52a3d94":14,"eb74d3dd":14,"3bcbc28d":14,"3c0455e7":14,"df203c79":14,"df1e1ac0":14,"491708eb":14,"e421caaa":14,"2d2ecf27":14,"d38a4953":14,"eba5efdd":14,"a5463f93":14,"c85ac4f8":14,"bc253f4f":14,"0d9d2bf8":14,"846b7f11":14,"d3411467":14,"1df0ce7f":14,"a08171d0":14,"c8bc5677":14,"dfca0518":14,"b9a21017":14,"e47705d3":14,"3cae4115":14,"0ccf4731":14,"080d5d42":14,"c7c6782d":14,"54346574":14,"b12cbf87":14,"81942d9b":14,"699b90c1":14,"d9b5a7a8":14,"1e7914d2":14,"e5d8fdb2":14,"3412ab75":14,"bcac5daf":14,"62d028cc":14,"0af2cf39":14,"27491297":14,"d041ea86":14,"1eda11b2":14,"fc442678":14
1601326873706,"18c73816":14,"e491161e":14,"b5087677":14,"16f60bed":14,"cb0c3481":14,"7664512c":14,"df9a53b8":14,"f6c27b2b":14,"945f6c24":14,"f1daea7e":14,"b8fb90e3":14,"56227e35":14,"0d6bf22a":14,"b87321d0":14,"43205b5d":14,"8982905a":14,"f6fe1ad7":14,"230064fa":14,"764e0abb":14,"bba6d88e":14,"ea3479ec":14,"32266fa3":14,"50b090c3":14,"8be24763":14,"eb4800b2":14,"6e0ce9dc":14,"87d9bec4":14,"e30dfa0c":14,"6da34174":14,"bfb849fa":14,"0a10b423":14,"9ef7cee7":14,"49f1a0d1":14,"5f04aa76":14,"ba297382":14,"0287db2a":14,"96abe4a9":14,"753b10b1":14,"cf14bd99":14,"782022f4":14,"92b72493":14,"322e833f":14,"d3e58903":14,"4481c4be":14,"ab3619e4":14,"106006ad":14,"7954891b":14,"c8237be9":14,"4afd60a9":14,"d44c0ea3":14,"1416e8f5":14,"68f87858":14,"dde2eed5":14,"533bac6b":14,"a208caa8":14,"41634dba":14,"16605353":14,"77b39e15":14,"43fd1327":14,"113e7f4b":14,"f1726edb":14,"8cce569a":14,"ce6401b6":14,"6f57824c":14,"28bd7aa1":14,"1d52fb0d":14,"cde0d748":14,"535ed444":14,"710f0d0e":14,"0905f1fb":14,"a20e529c":14,"1ae76fcc":14,"35b161d3":14,"344cd1a3":14,"77ea1236":14,"96d2a118":14,"23a0e41f":14,"b32a1080":14,"a2c4b591":14,"6dfa57be":14,"1854ce44":14,"f92b22f1":14,"ece12664":14,"36f4ecde":14,"568a0d58":14,"5fd569d2":14,"10c8fd03":14,"bd4ccb49":14,"e773d697":14,"7e8c11e7":14,"077eb15a":14,"5337c279":14,"8d256cb6":14,"7021c619":14,"32ae00db":14,"bf2defb2":14,"bc733a28":14,"30d32d34":14,"886c16d3":14,"e8d09b62":14,"3b3569f6":14,"b01ab62a":14,"76da16fa":14,"bffee581":14,"5d03f5dc":14,"f0a01341":14,"1ee4d9f9":14,"0d6e45e7":14,"0da97151":14,"e829038c":14,"4987cfb5":14,"7800e7ce":14,"ba90687c":14,"77869ff0":14,"77f2cf92":14,"4b8f7b16":14,"037e2be4":14,"89f75690":14,"cb363e2f":14,"9e7dbd20":14,"cd802f02":14,"0c086273":14,"ac13c3b0":14,"d3cca7eb":14,"b4d9c57f":14,"e866a899":14,"5d53c964":14,"5690e712":14,"0b92d2a9":14,"8ee9cc91":14,"070bed95":14,"4cc0af91":14,"67e5d108":14,"55f6a2ba":14,"9559ea96":14,"3d37b94b":14,"842c97c2":14,"9cb044bf":14,"c4cef92b":14,"16b25add":14,"80ee333e":14,"0eecdc5b":14,"3b329af2":14,"b7e495ea":14,"45ec63c0":14,"1cd662bf":14,"72992b35":14,"0ddfde2c":14,"a8b41774":14,"47589344":14,"593b1533":14,"81f0da2d":14,"e9f6e5ce":14,"1fcc8ba4":14,"ed6bead5":14,"75a9c117":14,"12ba54ec":14,"96f594b9":14,"be391c1a":14,"94dfcfc5":14,"37d8a5b7":14,"8301986e":14,"272e7d0d":14,"f92596ee":14,"68831ea9":14,"9713d076":14,"fd098272":14,"6ee788a7":14,"8249641d":14,"45b0968f":14,"6a9bb182":14,"1f1afd4f":14,"25fb8826":14,"0dc5da58":14,"2874a625":14,"e61ae828":14,"f7ac3883":14,"ccd01528":14,"dab8cf68":14,"00f2a9cb":14,"916fe082":14,"b64dba8e":14,"c3bb30ce":14,"d5ab81c4":14,"830ecfec":14,"a8bae791":14,"2ecde685":14,"f0bd52d3":14,"312009ee":14,"c98759fd":14,"dcc20f76":14,"666a8ef0":14,"e8b6d676":14,"c5b609f1":14,"45ee5840":14,"4dc5849a":14,"76f04033":14,"43480b19":14,"d605c755":14,"fd955858":14,"8a8c1d67":14,"69798d15":14,"cc6b3306":14,"efea71fa":14,"8c2dfd9a":14,"f11267b9":14,"fb3aa867":14,"c9cf710b":14,"a483b15e":14,"f80ab49d":14,"fcacdeb3":14,"95eaed39":14,"0ea055ed":14,"e3b1bdf8":14,"a5ba0ebb":14,"f53362a9":14,"644b45fb":14,"1901ef7e":14,"960c2e6b":14,"3515e999":14,"d11f8f1b":14,"9d9eb027":14,"325f9a29":14,"503aafe5":14,"86219c70":14,"601990d8":14,"5c662c19":14,"d2a5d2fd":14,"89d220c2":14,"3e10c9cb":14,"5500a3e8":14,"3c0e87ac":14,"590ce3d3":14,"1802d7ce":14,"0a49914b":14,"5d3f5cad":14,"cf347cba":14,"fc0c23f7":14,"641f9b9e":14,"c92edec5":14,"9f03c1e7":14,"06c24a8d":14,"2f35e75f":14,"3eddf7c8":14,"77970f8b":14,"efd594d5":14,"4718294d":14,"5352cf45":14,"e0ffe8ff":14,"ae14d6b5":14,"721f5f42":14,"0b50bca6":14,"bf2ca266":14,"5d8d9641":14,"0de67c6c":14,"2311399f":14,"5e3ebf5e":14,"9f6ca218":14,"6213799d":14,"44cb1fd2":14,"baf19c25":14,"a891461f":14,"a246cdab":14,"117c7f0b":14,"0d21cf99":14,"14e6fe14":14,"37ec5e73":14,"bfff7913":14,"f8636899":14,"5b09e53e":14,"da5bb0f7":14,"6d925c84":14,"50b23ab2":14,"edfa56d4":14,"899c16eb":14,"41c76041":14,"6bb1fa99":14,"d73ff72e":14,"61c0ca91":14,"d2fda7be":14,"ce20ca3c":14,"1d2d958b":14,"81fb6a01":14,"7f5b27c8":14,"fb3444d9":14,"f05de640":14,"86a68967":14,"56cd4dca":14,"7f469f4c":14,"f92dedfc":14,"355d1489":14,"f96fc1af":14,"06713bac":14,"61aca924":14,"d97fb857":14,"59ff5ec6":14,"ef04e64e":14,"6e2d04de":14,"2fca1798":14,"05028839":14,"5488826c":14,"84fff5c1":14,"c649992d":14,"d5ad3ed6":14,"8e5f7187":14,"55ba7579":14,"9666b973":14,"b7769ca6":14,"9c27de51":14,"38a75b48":14,"1792bfa3":14,"426f1904":14,"653b27c7":14,"7c0f1ca9":14,"83b37fd6":14,"4d852788":14,"e43a9448":14,"b2f820ac":14,"25d4f65d":14,"3542b748":14,"24a79a6e":14,"edde30af":14,"4d949e11":14,"df12f689":14,"1da10cbf":14,"832c48e4":14,"dc90a44c":14,"1ad7c45b":14,"5566c17c":14,"86a22252":14,"0000dece":14,"ce5efdbe":14,"58ace2b5":14,"d379fd96":14,"7b819458":14,"7f8024cd":14,"ae562513":14,"7b66dacd":14,"9ab137d7":14,"7191d1cd":14,"005354dd":14,"37724339":14,"f7ffcbb8":14,"5728f934":14,"00b26865":14,"c333337d":14,"815c56bc":14,"5bd61a68":14,"8582c5cf":14,"0c353665":14,"231e8700":14,"1f9fbd85":14,"43f24679":14,"a1c0dfc4":14,"78f71162":14,"4b27a9a4":14,"a8edfe84":14,"2ed19b1e":14,"959e16ea":14,"02f76c64":14,"5c6d1f33":14,"b4801cae":14,"c3c2fd05":14,"f8c97147":14,"c2526ff3":14,"cc386067":14,"a22ffd8f":14,"3cd28a4d":14,"44a12c31":14,"45a961ca":14,"5ca978fd":14,"668e601b":14,"7552d86c":14,"02ebf3b6":14,"d45d9727":14,"ee5ff2a3":14,"44322dfd":14,"295e4d1d":14,"8cf6570a":14,"403064a0":14,"312af46e":14,"b5a9f8c3":14,"fcbc0ae8":14,"2ff6b6a8":14,"66a71cc1":14,"bf4b58e4":14,"bb17a968":14,"4abcb85d":14,"cba26072":14,"2a718dcc":14,"c6a9a8e1":14,"88854fd0":14,"8dc27d2a":14,"41d7f05d":14,"2b851827":14,"9f428a03":14,"4d504d96":14,"0533ece1":14,"bcee2ef3":14,"0afba00c":14,"04ff8100":14,"6c00d8d6":14,"ac9a02bc":14,"acfe69ed":14,"426603ff":14,"2db2f252":14,"2e84193b":14,"c55683c9":14,"51233daf":14,"02791635":14,"be081247":14,"07150038":14,"080fa362":14,"7b6945ad":14,"a40d08e1":14,"cec79bc2":14,"d2eff358":14,"e70aebb5":14,"f1e86522":14,"a488b2f1":14,"fa03f48f":14,"4caa87d6":14,"5298dafa":14,"25f7f918":14,"f7076e21":14,"c5311ebb":14,"69e653b6":14,"105bb3f6":14,"98d2991b":14,"3b411d6a":14,"58de5462":14,"f01c896d":14,"83826ef3":14,"595609d5":14,"1f2670d0":14,"b47f1b89":14,"962c9c8f":14,"aec0bf28":14,"8e6caf71":14,"9a3433b8":14,"a017a323":14,"b89112cb":14,"8801c469":14,"66736d5e":14,"b6281f1a":14,"48c6df81":14,"30de89a7":14,"808bc372":14,"06aaa33f":14,"5e165f43":14,"c792a7c1":14,"320c65bf":14,"5a7da061":14,"f8785b71":14,"1fa1e7c2":14,"ab4a411a":14,"06a94514":14,"d7a4b24c":14,"646af2b9":14,"686d5c0b":14,"73c420df":14,"659389ad":14,"0700da70":14,"f15eb1c5":14,"240c8679":14,"71789493":14,"ff591765":14,"0718c3be":14,"5ac72353":14,"8b503f7b":14,"93f12198":14,"eddb6a2a":14,"379c53ab":14,"e396d80d":14,"ff8a00aa":14,"7da61f27":14,"c146560b":14,"dc874a97":14,"985068e7":14,"85a220de":14,"40a7cdd2":14,"d543ba6f":14,"ac033c7b":14,"87759976":14,"4df3f62e":14,"c881a53e":14,"80c1c8b1":14,"cf52acd8":14,"a63cb4ce":14,"d3b3492b":14,"7580cfa4":14,"22a96386":14,"5c672b50":14,"5df16440":14,"b666e56d":14,"8db378ff":14,"784d6375":14,"4541bf85":14,"a6b13f20":14,"2459c882":14,"3df97186":14,"ef0490de":14,"e0f47ced":14,"309bbf54":14,"cc537772":14,"6618390c":14,"99cc0813":14,"dc32c4e1":14,"239c636e":14,"6ee160ff":14,"c55d40ca":14,"22c177a8":14,"00ae883f":14,"f416ee62":14,"0d2b182d":14,"320754c3":14,"232b2f64":14,"3171b6e7":14,"3b25460f":14,"d2064756":14,"163f4d19":14,"dfe4a061":14,"c2bf7d51":14,"1d043d5a":14,"b2f82e06":14,"781afef6":14,"de9229a0":14,"5b0b43e6":14,"99a5feef":14,"b5474d69":14,"f6266388":14,"5a938eeb":14,"e64fd39c":14,"4fe0dedf":14,"951fc6d0":14,"e1b3ce36":14,"61892a4c":14,"625fa164":14,"f096219e":14,"0c6ae551":14,"a3f0a6ec":14,"e8f4c1dd":14,"01051f84":14,"cede8b8c":14,"aa7e370d":14,"ad95ff4a":14,"f995eeab":14,"893a99c5":14,"4006e709":14,"d8bf32b5":14,"0dedf63e":14,"a9d5374b":14,"0eb42efe":14,"4321f02d":14,"03c4ab87":14,"089b3f8f":14,"4e3d3af7":14,"7698d0dc":14,"3a4803a8":14,"f7a7de5d":14,"784414ce":14,"2df3efdb":14,"d4e56c3e":14,"0c045c2d":14,"d0f1b7bd":14,"8efd4801":14,"e7799883":14,"4f9456cf":14,"7eb8f268":14,"6e260ee8":14,"20236d3e":14,"f4f84279":14,"36ae8cd8":14,"3ddd5391":14,"b0950de5":14,"07f69c6d":14,"6f873999":14,"2254f0f5":14,"1f4e0e22":14,"ea282e84":14,"60d69311":14,"6653c83b":14,"3b09f1de":14,"c896052c":14,"b371f44a":14,"287ecd1c":14,"8b6180ff":14,"8819ac24":14,"f9376d3e":14,"dbbf7f69":14,"07a94e8c":14,"bb017b49":14,"37b52fe4":14,"61ad1519":14,"819c4185":14,"ba69b06b":14,"7d2a2cb4":14,"4f62491c":14,"70b4c438":14,"71ed93db":14,"c92efaa8":14,"c241ac7e":14,"62a45672":14,"210e507a":14,"ac6e268b":14,"5cc47d1b":14,"678b846f":14,"b4bd39d8":14,"b4cdbe5d":14,"fa0386f3":14,"b95d0f17":14,"cee9c347":14,"d1b14d06":14,"87a8523c":14,"62e270e5":14,"f6c074a7":14,"66b1b6d7":14,"c416baa6":14,"b062adc4":14,"ae350a07":14,"ffd6849d":14,"680a32a6":14,"4aae5133":14,"63a3af32":14,"83ba647d":14,"962fca02":14,"cb0bd6b7":14,"3fec4b0b":14,"faa3de3e":14,"75968179":14,"8e426e39":14,"44983d13":14,"bc8bdc23":14,"80999122":14,"51909df8":14,"a71f3f70":14,"72af9198":14,"e22b0973":14,"23646ff9":14,"e39e9552":14,"1f7aa83c":14,"732d62ee":14,"81c1b70d":14,"3abb827b":14,"d4b0751c":14,"e72f0f82":14,"0c73c293":14,"88374b72":14,"5b01444b":14,"88929b06":14,"08c4692e":14,"fdfaf1ed":14,"79995b62":14,"ea981bed":14,"5b2479ef":14,"97160db8":14,"5e197575":14,"1d882c36":14,"589f0d6e":14,"51b4016a":14,"eb62e8f2":14,"e587c4d0":14,"46bf9112":14,"525b2635":14,"caa38a45":14,"092ad3d6":14,"bf940089":14,"a9987a58":14,"01f34f98":14,"b6b8e5c7":14,"e82177d3":14,"1670b0d3":14,"89914b94":14,"ec97d63e":14,"94208a41":14,"04bdf5e1":14,"742238e8":14,"2cbcad17":14,"da8b42be":14,"4dccb5ca":14,"3b0576bf":14,"9458934f":14,"83268abf":14,"578c4c95":14,"1dcc489c":14,"c606b472":14,"945badf3":14,"1327775b":14,"bdd40125":14,"75fd47f7":14,"1c52a07e":14,"e70ccc25":14,"afd1494f":14,"ca6bffd3":14,"829c44a4":14,"e76e2617":14,"2b4fd52e":14,"57162572":14,"d1d50cfe":14
1601326876600,"d5d94481":15,"ffe48500":15,"c7a45a33":15,"faffe099":15,"e99490cd":15,"3b830769":15,"583f0305":15,"1557c50a":15,"249e80ab":15,"f52a3d94":15,"eb74d3dd":15,"3bcbc28d":15,"3c0455e7":15,"df203c79":15,"df1e1ac0":15,"491708eb":15,"e421caaa":15,"2d2ecf27":15,"d38a4953":15,"eba5efdd":15,"a5463f93":15,"c85ac4f8":15,"bc253f4f":15,"0d9d2bf8":15,"846b7f11":15,"d3411467":15,"1df0ce7f":15,"a08171d0":15,"c8bc5677":15,"dfca0518":15,"b9a21017":15,"e47705d3":15,"3cae4115":15,"0ccf4731":15,"c7c6782d":15,"54346574":15,"b12cbf87":15,"81942d9b":15,"699b90c1":15,"d9b5a7a8":15,"1e7914d2":15,"e5d8fdb2":15,"3412ab75":15,"bcac5daf":15,"62d028cc":15,"0af2cf39":15,"27491297":15,"d041ea86":15,"1eda11b2":15,"fc442678":15,"18c73816":15,"e491161e":15,"b5087677":15,"16f60bed":15,"cb0c3481":15,"7664512c":15,"df9a53b8":15,"f6c27b2b":15,"945f6c24":15,"f1daea7e":15,"b8fb90e3":15,"56227e35":15,"0d6bf22a":15,"3b3569f6":15,"b01ab62a":15,"76da16fa":15,"bffee581":15,"07150038":15,"080fa362":15,"7b6945ad":15,"5b09e53e":15,"da5bb0f7":15,"6d925c84":15,"50b23ab2":15,"edfa56d4":15,"899c16eb":15,"41c76041":15,"6bb1fa99":15,"d73ff72e":15,"61c0ca91":15,"d2fda7be":15,"ce20ca3c":15,"1d2d958b":15,"81fb6a01":15,"7f5b27c8":15
1601326877025,"080d5d42":15,"5d03f5dc":15,"f0a01341":15,"1ee4d9f9":15,"0d6e45e7":15,"0da97151":15,"e829038c":15,"4987cfb5":15,"ba90687c":15,"7800e7ce":15,"77f2cf92":15,"77869ff0":15,"4b8f7b16":15,"037e2be4":15,"9e7dbd20":15,"89f75690":15,"0c086273":15,"cb363e2f":15,"cd802f02":15,"ac13c3b0":15,"d3cca7eb":15,"b4d9c57f":15,"5d53c964":15,"e866a899":15,"8ee9cc91":15,"5690e712":15,"4cc0af91":15,"0b92d2a9":15,"55f6a2ba":15,"070bed95":15,"9559ea96":15,"67e5d108":15,"3d37b94b":15,"9cb044bf":15,"842c97c2":15,"16b25add":15,"80ee333e":15,"c4cef92b":15,"3b329af2":15,"0eecdc5b":15,"b7e495ea":15,"1cd662bf":15,"45ec63c0":15,"72992b35":15,"47589344":15,"0ddfde2c":15,"a8b41774":15,"593b1533":15,"81f0da2d":15,"e9f6e5ce":15,"ed6bead5":15,"1fcc8ba4":15,"96f594b9":15,"75a9c117":15,"94dfcfc5":15,"12ba54ec":15,"be391c1a":15,"8301986e":15,"830ecfec":15,"37d8a5b7":15,"590ce3d3":15,"1802d7ce":15,"0a49914b":15,"5d3f5cad":15,"cf347cba":15,"fc0c23f7":15,"641f9b9e":15,"c92edec5":15,"9f03c1e7":15,"06c24a8d":15,"a8bae791":15,"d5ab81c4":15,"2ecde685":15,"312009ee":15,"f0bd52d3":15,"c98759fd":15,"dcc20f76":15,"e8b6d676":15,"45ee5840":15,"666a8ef0":15,"76f04033":15,"c5b609f1":15,"43480b19":15,"4dc5849a":15,"fd955858":15,"d605c755":15,"69798d15":15,"8a8c1d67":15,"cc6b3306":15,"efea71fa":15,"fb3aa867":15,"8c2dfd9a":15,"c9cf710b":15,"f11267b9":15,"fcacdeb3":15,"a483b15e":15,"f80ab49d":15,"0ea055ed":15,"95eaed39":15,"e3b1bdf8":15,"a5ba0ebb":15,"644b45fb":15,"f53362a9":15,"1901ef7e":15,"960c2e6b":15,"3515e999":15,"d11f8f1b":15,"9d9eb027":15,"325f9a29":15,"503aafe5":15,"2f35e75f":15,"3eddf7c8":15,"77970f8b":15,"efd594d5":15,"4718294d":15,"5352cf45":15,"e0ffe8ff":15,"ae14d6b5":15,"721f5f42":15,"0b50bca6":15,"bf2ca266":15,"5d8d9641":15,"0de67c6c":15,"2311399f":15,"5e3ebf5e":15,"9f6ca218":15,"6213799d":15,"44cb1fd2":15,"baf19c25":15,"24a79a6e":15,"edde30af":15,"4d949e11":15,"df12f689":15,"1da10cbf":15,"832c48e4":15,"dc90a44c":15,"1ad7c45b":15,"5566c17c":15,"86a22252":15,"0000dece":15,"ce5efdbe":15,"58ace2b5":15,"d379fd96":15,"7b819458":15,"7f8024cd":15,"ae562513":15,"7b66dacd":15,"9ab137d7":15,"7191d1cd":15,"005354dd":15,"b87321d0":15,"43205b5d":15,"8982905a":15,"f6fe1ad7":15,"230064fa":15,"764e0abb":15,"bba6d88e":15,"ea3479ec":15,"32266fa3":15,"50b090c3":15,"8be24763":15,"eb4800b2":15,"6e0ce9dc":15,"87d9bec4":15,"e30dfa0c":15,"6da34174":15,"bfb849fa":15,"0a10b423":15,"9ef7cee7":15,"49f1a0d1":15,"5f04aa76":15,"ba297382":15,"0287db2a":15,"96abe4a9":15,"753b10b1":15,"cf14bd99":15,"782022f4":15,"322e833f":15,"ab3619e4":15,"106006ad":15,"c8237be9":15,"92b72493":15,"d3e58903":15,"1416e8f5":15,"4481c4be":15,"dde2eed5":15,"a208caa8":15,"7954891b":15,"f7ffcbb8":15,"5728f934":15,"00b26865":15,"c333337d":15,"fb3444d9":15,"815c56bc":15,"5bd61a68":15,"8582c5cf":15,"0c353665":15,"231e8700":15,"dfe4a061":15,"1f9fbd85":15,"c2bf7d51":15,"43f24679":15,"781afef6":15,"a1c0dfc4":15,"de9229a0":15,"a8edfe84":15,"2ed19b1e":15,"959e16ea":15,"02f76c64":15,"5c6d1f33":15,"b4801cae":15,"c3c2fd05":15,"f8c97147":15,"c2526ff3":15,"cc386067":15,"a22ffd8f":15,"3cd28a4d":15,"99a5feef":15,"78f71162":15,"f6266388":15,"4b27a9a4":15,"e64fd39c":15,"163f4d19":15,"e1b3ce36":15,"1d043d5a":15,"b2f82e06":15,"625fa164":15,"5b0b43e6":15,"0c6ae551":15,"e8f4c1dd":15,"b5474d69":15,"cede8b8c":15,"5a938eeb":15,"4fe0dedf":15,"ad95ff4a":15,"893a99c5":15,"951fc6d0":15,"d8bf32b5":15,"61892a4c":15,"0eb42efe":15,"f096219e":15,"a3f0a6ec":15,"03c4ab87":15,"01051f84":15,"4e3d3af7":15,"3a4803a8":15,"aa7e370d":15,"f7a7de5d":15,"f995eeab":15,"4006e709":15,"d4e56c3e":15,"0dedf63e":15,"0c045c2d":15,"a9d5374b":15,"8efd4801":15,"4321f02d":15,"7eb8f268":15,"20236d3e":15,"089b3f8f":15,"36ae8cd8":15,"7698d0dc":15,"3ddd5391":15,"784414ce":15,"07f69c6d":15,"2df3efdb":15,"2254f0f5":15,"d0f1b7bd":15,"7e8c11e7":15,"077eb15a":15,"5337c279":15,"8d256cb6":15,"7021c619":15,"32ae00db":15,"bf2defb2":15,"bc733a28":15,"30d32d34":15,"886c16d3":15,"e8d09b62":15,"44a12c31":15,"45a961ca":15,"5ca978fd":15,"668e601b":15,"7552d86c":15,"02ebf3b6":15,"bb17a968":15,"4abcb85d":15,"cba26072":15,"2a718dcc":15,"c6a9a8e1":15,"88854fd0":15,"8dc27d2a":15,"41d7f05d":15,"2b851827":15,"9f428a03":15,"4d504d96":15,"0533ece1":15,"bcee2ef3":15,"0afba00c":15,"04ff8100":15,"6c00d8d6":15,"ac9a02bc":15,"acfe69ed":15,"426603ff":15,"2db2f252":15,"2e84193b":15,"c55683c9":15,"ea282e84":15,"e7799883":15,"6653c83b":15,"4f9456cf":15,"c896052c":15,"6e260ee8":15,"272e7d0d":15,"f92596ee":15,"68831ea9":15,"9713d076":15,"fd098272":15,"6ee788a7":15,"8249641d":15,"45b0968f":15,"6a9bb182":15,"1f1afd4f":15,"25fb8826":15,"0dc5da58":15,"2874a625":15,"e61ae828":15,"f7ac3883":15,"ccd01528":15,"dab8cf68":15,"00f2a9cb":15,"287ecd1c":15,"f4f84279":15,"b0950de5":15,"f9376d3e":15,"07a94e8c":15,"6f873999":15,"bb017b49":15,"1f4e0e22":15,"4afd60a9":15,"16605353":15,"77b39e15":15,"d44c0ea3":15,"68f87858":15,"f1726edb":15,"533bac6b":15,"41634dba":15,"43fd1327":15,"113e7f4b":15,"8cce569a":15,"ce6401b6":15,"6f57824c":15,"28bd7aa1":15,"1d52fb0d":15,"cde0d748":15,"535ed444":15,"710f0d0e":15,"0905f1fb":15,"a20e529c":15,"1ae76fcc":15,"35b161d3":15,"344cd1a3":15,"77ea1236":15,"96d2a118":15,"23a0e41f":15,"b32a1080":15,"a2c4b591":15,"6dfa57be":15,"1854ce44":15,"f92b22f1":15,"ece12664":15,"36f4ecde":15,"568a0d58":15,"5fd569d2":15,"10c8fd03":15,"bd4ccb49":15,"e773d697":15,"37b52fe4":15,"60d69311":15,"61ad1519":15,"3b09f1de":15,"819c4185":15,"b371f44a":15,"ba69b06b":15,"8b6180ff":15,"8819ac24":15,"7d2a2cb4":15,"4f62491c":15,"dbbf7f69":15,"70b4c438":15,"71ed93db":15,"f05de640":15,"86a68967":15,"56cd4dca":15,"7f469f4c":15,"f92dedfc":15,"355d1489":15,"f96fc1af":15,"06713bac":15,"61aca924":15,"d97fb857":15,"59ff5ec6":15,"ef04e64e":15,"6e2d04de":15,"2fca1798":15,"05028839":15,"5488826c":15,"84fff5c1":15,"c649992d":15,"d5ad3ed6":15,"8e5f7187":15,"55ba7579":15,"b7769ca6":15,"9c27de51":15,"38a75b48":15,"1792bfa3":15,"c92efaa8":15,"c241ac7e":15,"62a45672":15,"210e507a":15,"ac6e268b":15,"742238e8":15,"a40d08e1":15,"cec79bc2":15,"d2eff358":15,"e70aebb5":15,"a488b2f1":15,"4caa87d6":15,"f7076e21":15,"69e653b6":15,"98d2991b":15,"3b411d6a":15,"83826ef3":15,"595609d5":15,"b47f1b89":15,"8e6caf71":15,"f1e86522":15,"9a3433b8":15,"fa03f48f":15,"b89112cb":15,"5298dafa":15,"25f7f918":15,"66736d5e":15,"30de89a7":15,"c5311ebb":15,"06aaa33f":15,"105bb3f6":15,"58de5462":15,"320c65bf":15,"f01c896d":15,"1fa1e7c2":15,"1f2670d0":15,"646af2b9":15,"962c9c8f":15,"659389ad":15,"808bc372":15,"aec0bf28":15,"240c8679":15,"51233daf":15,"02791635":15,"be081247":15,"5cc47d1b":15,"678b846f":15,"b4bd39d8":15,"b4cdbe5d":15,"fa0386f3":15,"b95d0f17":15,"cee9c347":15,"916fe082":15,"b64dba8e":15,"c3bb30ce":15,"86219c70":15,"601990d8":15,"5c662c19":15,"d2a5d2fd":15,"89d220c2":15,"3e10c9cb":15,"5500a3e8":15,"3c0e87ac":15,"a891461f":15,"a246cdab":15,"117c7f0b":15,"0d21cf99":15,"14e6fe14":15,"37ec5e73":15,"bfff7913":15,"f8636899":15,"37724339":15,"d45d9727":15,"ee5ff2a3":15,"44322dfd":15,"295e4d1d":15,"8cf6570a":15,"403064a0":15,"312af46e":15,"426f1904":15,"9666b973":15,"7c0f1ca9":15,"653b27c7":15,"b2f820ac":15,"83b37fd6":15,"25d4f65d":15,"4d852788":15,"eddb6a2a":15,"e43a9448":15,"ff8a00aa":15,"3542b748":15,"379c53ab":15,"c146560b":15,"985068e7":15,"e396d80d":15,"7da61f27":15,"d543ba6f":15,"dc874a97":15,"85a220de":15,"40a7cdd2":15,"ac033c7b":15,"87759976":15,"4df3f62e":15,"c881a53e":15,"80c1c8b1":15,"cf52acd8":15,"a63cb4ce":15,"d3b3492b":15,"7580cfa4":15,"22a96386":15,"5c672b50":15,"5df16440":15,"b666e56d":15,"8db378ff":15,"784d6375":15,"4541bf85":15,"a6b13f20":15,"2459c882":15,"3df97186":15,"ef0490de":15,"e0f47ced":15,"309bbf54":15,"cc537772":15,"6618390c":15,"99cc0813":15,"dc32c4e1":15,"239c636e":15,"6ee160ff":15,"c55d40ca":15,"22c177a8":15,"00ae883f":15,"f416ee62":15,"0d2b182d":15,"320754c3":15,"232b2f64":15,"3171b6e7":15,"3b25460f":15,"c792a7c1":15,"a017a323":15,"0718c3be":15,"5a7da061":15,"8b503f7b":15,"8801c469":15,"06a94514":15,"87a8523c":15,"b6281f1a":15,"73c420df":15,"48c6df81":15,"c416baa6":15,"0700da70":15,"ae350a07":15,"5e165f43":15,"ff591765":15,"680a32a6":15,"f8785b71":15,"93f12198":15,"83ba647d":15,"ab4a411a":15,"cb0bd6b7":15,"62e270e5":15,"66b1b6d7":15,"8e426e39":15,"d7a4b24c":15,"b062adc4":15,"51909df8":15,"686d5c0b":15,"4aae5133":15,"e22b0973":15,"63a3af32":15,"f15eb1c5":15,"23646ff9":15,"71789493":15,"3fec4b0b":15,"3abb827b":15,"faa3de3e":15,"5ac72353":15,"0c73c293":15,"44983d13":15,"d1b14d06":15,"80999122":15,"88929b06":15,"72af9198":15,"e39e9552":15,"f6c074a7":15,"08c4692e":15,"ffd6849d":15,"5b2479ef":15,"81c1b70d":15,"e72f0f82":15,"962fca02":15,"1d882c36":15,"88374b72":15,"eb62e8f2":15,"b5a9f8c3":15,"fcbc0ae8":15,"2ff6b6a8":15,"66a71cc1":15,"bf4b58e4":15,"d2064756":15,"d1d50cfe":15,"75968179":15,"fdfaf1ed":15,"bc8bdc23":15,"ea981bed":15,"5e197575":15,"a71f3f70":15,"1f7aa83c":15,"e587c4d0":15,"732d62ee":15,"525b2635":15,"d4b0751c":15,"caa38a45":15,"a9987a58":15,"5b01444b":15,"79995b62":15,"b6b8e5c7":15,"e82177d3":15,"97160db8":15,"89914b94":15,"589f0d6e":15,"04bdf5e1":15,"51b4016a":15,"da8b42be":15,"3b0576bf":15,"46bf9112":15,"092ad3d6":15,"9458934f":15,"bf940089":15,"1dcc489c":15,"01f34f98":15,"945badf3":15,"1327775b":15,"1670b0d3":15,"ec97d63e":15,"bdd40125":15,"94208a41":15,"75fd47f7":15,"2cbcad17":15,"1c52a07e":15,"4dccb5ca":15,"e70ccc25":15,"afd1494f":15,"83268abf":15,"578c4c95":15,"ca6bffd3":15,"829c44a4":15,"c606b472":15,"e76e2617":15,"2b4fd52e":15,"57162572":15
1601326880460,"18c73816":16,"e491161e":16,"b5087677":16,"16f60bed":16,"d5d94481":16,"ffe48500":16,"c7a45a33":16,"faffe099":16,"cb0c3481":16,"7664512c":16,"df9a53b8":16,"f6c27b2b":16,"945f6c24":16,"f1daea7e":16,"b8fb90e3":16,"56227e35":16,"0d6bf22a":16,"b87321d0":16,"43205b5d":16,"8982905a":16,"f6fe1ad7":16,"230064fa":16,"764e0abb":16,"bba6d88e":16,"ea3479ec":16,"32266fa3":16,"50b090c3":16,"8be24763":16,"080d5d42":16,"5d03f5dc":16,"f0a01341":16,"1ee4d9f9":16,"0d6e45e7":16,"0da97151":16,"e829038c":16,"4987cfb5":16,"ba90687c":16,"77f2cf92":16,"7800e7ce":16,"77869ff0":16,"037e2be4":16,"4b8f7b16":16,"9e7dbd20":16,"0c086273":16,"89f75690":16,"cb363e2f":16,"ac13c3b0":16,"eb4800b2":16,"6e0ce9dc":16,"87d9bec4":16,"e30dfa0c":16,"6da34174":16,"bfb849fa":16,"0a10b423":16,"9ef7cee7":16,"49f1a0d1":16,"5f04aa76":16,"ba297382":16,"0287db2a":16,"96abe4a9":16,"753b10b1":16,"cf14bd99":16,"782022f4":16,"322e833f":16,"ab3619e4":16,"106006ad":16,"c8237be9":16,"92b72493":16,"1416e8f5":16,"dde2eed5":16,"d3e58903":16,"4481c4be":16,"a208caa8":16,"16605353":16,"7954891b":16,"4afd60a9":16,"77b39e15":16,"f1726edb":16,"d44c0ea3":16,"68f87858":16,"533bac6b":16,"41634dba":16,"43fd1327":16,"113e7f4b":16,"8cce569a":16,"ce6401b6":16,"6f57824c":16,"28bd7aa1":16,"1d52fb0d":16,"cde0d748":16,"535ed444":16,"710f0d0e":16,"0905f1fb":16,"a20e529c":16,"1ae76fcc":16,"35b161d3":16,"344cd1a3":16,"77ea1236":16,"96d2a118":16,"23a0e41f":16,"b32a1080":16,"a2c4b591":16,"6dfa57be":16,"1854ce44":16,"f92b22f1":16,"ece12664":16,"36f4ecde":16,"e99490cd":16,"3b830769":16,"583f0305":16,"1557c50a":16,"249e80ab":16,"f52a3d94":16,"eb74d3dd":16,"3bcbc28d":16,"3c0455e7":16,"df203c79":16,"df1e1ac0":16,"491708eb":16,"e421caaa":16,"2d2ecf27":16,"d38a4953":16,"eba5efdd":16,"a5463f93":16,"c85ac4f8":16,"bc253f4f":16,"0d9d2bf8":16,"846b7f11":16,"d3411467":16,"1df0ce7f":16,"a08171d0":16,"c8bc5677":16,"dfca0518":16,"b9a21017":16,"e47705d3":16,"3cae4115":16,"0ccf4731":16,"c7c6782d":16,"54346574":16,"b12cbf87":16,"81942d9b":16,"699b90c1":16,"d9b5a7a8":16,"568a0d58":16,"5fd569d2":16,"10c8fd03":16,"bd4ccb49":16,"590ce3d3":16,"1802d7ce":16,"0a49914b":16,"5d3f5cad":16,"cf347cba":16,"fc0c23f7":16,"641f9b9e":16,"c92edec5":16,"e773d697":16,"7e8c11e7":16,"077eb15a":16,"5337c279":16,"8d256cb6":16,"7021c619":16,"32ae00db":16,"bf2defb2":16,"bc733a28":16,"30d32d34":16,"886c16d3":16,"e8d09b62":16,"1e7914d2":16,"e5d8fdb2":16,"3412ab75":16,"bcac5daf":16,"62d028cc":16,"0af2cf39":16,"27491297":16,"d041ea86":16,"1eda11b2":16,"fc442678":16,"3b3569f6":16,"b01ab62a":16,"76da16fa":16,"bffee581":16,"07150038":16,"080fa362":16,"7b6945ad":16,"a40d08e1":16,"cec79bc2":16,"d2eff358":16,"e70aebb5":16,"a488b2f1":16,"4caa87d6":16,"f7076e21":16,"69e653b6":16,"0ea055ed":16,"a483b15e":16,"e3b1bdf8":16,"f80ab49d":16,"644b45fb":16,"95eaed39":16,"a5ba0ebb":16,"f53362a9":16,"1901ef7e":16,"960c2e6b":16,"3515e999":16,"d11f8f1b":16,"9d9eb027":16,"325f9a29":16,"503aafe5":16,"b4d9c57f":16,"cd802f02":16,"5d53c964":16,"d3cca7eb":16,"e866a899":16,"8ee9cc91":16,"5690e712":16,"4cc0af91":16,"55f6a2ba":16,"0b92d2a9":16,"9559ea96":16,"070bed95":16,"67e5d108":16,"9cb044bf":16,"16b25add":16,"3d37b94b":16,"80ee333e":16,"842c97c2":16,"c4cef92b":16,"3b329af2":16,"1cd662bf":16,"0eecdc5b":16,"b7e495ea":16,"72992b35":16,"45ec63c0":16,"47589344":16,"0ddfde2c":16,"593b1533":16,"e9f6e5ce":16,"a8b41774":16,"ed6bead5":16,"81f0da2d":16,"1fcc8ba4":16,"96f594b9":16,"75a9c117":16,"94dfcfc5":16,"12ba54ec":16,"8301986e":16,"830ecfec":16,"be391c1a":16,"a8bae791":16,"37d8a5b7":16,"d5ab81c4":16,"312009ee":16,"c98759fd":16,"2ecde685":16,"f0bd52d3":16,"e8b6d676":16,"dcc20f76":16,"45ee5840":16,"666a8ef0":16,"76f04033":16,"c5b609f1":16,"43480b19":16,"4dc5849a":16,"fd955858":16,"d605c755":16,"69798d15":16,"8a8c1d67":16,"efea71fa":16,"cc6b3306":16,"fb3aa867":16,"8c2dfd9a":16,"c9cf710b":16,"fcacdeb3":16,"f11267b9":16,"272e7d0d":16,"f92596ee":16
1601326880908,"9f03c1e7":16,"06c24a8d":16,"2f35e75f":16,"3eddf7c8":16,"77970f8b":16,"efd594d5":16,"4718294d":16,"5352cf45":16,"e0ffe8ff":16,"ae14d6b5":16,"721f5f42":16,"0b50bca6":16,"bf2ca266":16,"5d8d9641":16,"0de67c6c":16,"2311399f":16,"5e3ebf5e":16,"9f6ca218":16,"6213799d":16,"44cb1fd2":16,"baf19c25":16,"24a79a6e":16,"edde30af":16,"4d949e11":16,"df12f689":16,"1da10cbf":16,"832c48e4":16,"dc90a44c":16,"1ad7c45b":16,"5566c17c":16,"86a22252":16,"0000dece":16,"ce5efdbe":16,"58ace2b5":16,"d379fd96":16,"7b819458":16,"7f8024cd":16,"ae562513":16,"7b66dacd":16,"9ab137d7":16,"7191d1cd":16,"005354dd":16,"98d2991b":16,"f7ffcbb8":16,"5728f934":16,"00b26865":16,"c333337d":16,"815c56bc":16,"5bd61a68":16,"5b09e53e":16,"da5bb0f7":16,"6d925c84":16,"50b23ab2":16,"edfa56d4":16,"899c16eb":16,"41c76041":16,"6bb1fa99":16,"d73ff72e":16,"61c0ca91":16,"d2fda7be":16,"ce20ca3c":16,"1d2d958b":16,"81fb6a01":16,"7f5b27c8":16,"fb3444d9":16,"f05de640":16,"86a68967":16,"56cd4dca":16,"7f469f4c":16,"f92dedfc":16,"355d1489":16,"f96fc1af":16,"06713bac":16,"61aca924":16,"d97fb857":16,"59ff5ec6":16,"8582c5cf":16,"0c353665":16,"231e8700":16,"dfe4a061":16,"1f9fbd85":16,"c2bf7d51":16,"43f24679":16,"a1c0dfc4":16,"781afef6":16,"78f71162":16,"de9229a0":16,"99a5feef":16,"4b27a9a4":16,"f6266388":16,"163f4d19":16,"e64fd39c":16,"1d043d5a":16,"e1b3ce36":16,"a8edfe84":16,"2ed19b1e":16,"959e16ea":16,"02f76c64":16,"5c6d1f33":16,"b4801cae":16,"c3c2fd05":16,"f8c97147":16,"c2526ff3":16,"cc386067":16,"a22ffd8f":16,"3cd28a4d":16,"44a12c31":16,"45a961ca":16,"5ca978fd":16,"668e601b":16,"b2f82e06":16,"625fa164":16,"0c6ae551":16,"5b0b43e6":16,"b5474d69":16,"e8f4c1dd":16,"5a938eeb":16,"cede8b8c":16,"4fe0dedf":16,"ad95ff4a":16,"951fc6d0":16,"893a99c5":16,"d8bf32b5":16,"61892a4c":16,"f096219e":16,"0eb42efe":16,"03c4ab87":16,"a3f0a6ec":16,"01051f84":16,"4e3d3af7":16,"3a4803a8":16,"aa7e370d":16,"f995eeab":16,"f7a7de5d":16,"4006e709":16,"d4e56c3e":16,"0dedf63e":16,"0c045c2d":16,"8efd4801":16,"a9d5374b":16,"ef04e64e":16,"6e2d04de":16,"2fca1798":16,"05028839":16,"5488826c":16,"84fff5c1":16,"c649992d":16,"d5ad3ed6":16,"8e5f7187":16,"55ba7579":16,"b7769ca6":16,"9c27de51":16,"38a75b48":16,"1792bfa3":16,"426f1904":16,"9666b973":16,"7c0f1ca9":16,"653b27c7":16,"83b37fd6":16,"b2f820ac":16,"25d4f65d":16,"4d852788":16,"eddb6a2a":16,"e43a9448":16,"3542b748":16,"ff8a00aa":16,"379c53ab":16,"c146560b":16,"985068e7":16,"e396d80d":16,"7eb8f268":16,"4321f02d":16,"089b3f8f":16,"20236d3e":16,"7698d0dc":16,"36ae8cd8":16,"784414ce":16,"3ddd5391":16,"07f69c6d":16,"2df3efdb":16,"2254f0f5":16,"d0f1b7bd":16,"ea282e84":16,"e7799883":16,"6653c83b":16,"4f9456cf":16,"6e260ee8":16,"c896052c":16,"287ecd1c":16,"f4f84279":16,"f9376d3e":16,"b0950de5":16,"6f873999":16,"07a94e8c":16,"7552d86c":16,"02ebf3b6":16,"bb17a968":16,"4abcb85d":16,"cba26072":16,"2a718dcc":16,"c6a9a8e1":16,"88854fd0":16,"8dc27d2a":16,"41d7f05d":16,"2b851827":16,"9f428a03":16,"4d504d96":16,"0533ece1":16,"bcee2ef3":16,"0afba00c":16,"04ff8100":16,"6c00d8d6":16,"ac9a02bc":16,"acfe69ed":16,"426603ff":16,"2db2f252":16,"2e84193b":16,"c55683c9":16,"51233daf":16,"1f4e0e22":16,"bb017b49":16,"37b52fe4":16,"60d69311":16,"61ad1519":16,"3b09f1de":16,"819c4185":16,"b371f44a":16,"ba69b06b":16,"8b6180ff":16,"7d2a2cb4":16,"8819ac24":16,"4f62491c":16,"dbbf7f69":16,"70b4c438":16,"71ed93db":16,"c92efaa8":16,"c241ac7e":16,"62a45672":16,"210e507a":16,"ac6e268b":16,"742238e8":16,"d543ba6f":16,"7da61f27":16,"dc874a97":16,"85a220de":16,"40a7cdd2":16,"ac033c7b":16,"87759976":16,"4df3f62e":16,"c881a53e":16,"80c1c8b1":16,"cf52acd8":16,"a63cb4ce":16,"d3b3492b":16,"7580cfa4":16,"22a96386":16,"5c672b50":16,"5df16440":16,"b666e56d":16,"8db378ff":16,"784d6375":16,"4541bf85":16,"a6b13f20":16,"2459c882":16,"3df97186":16,"ef0490de":16,"e0f47ced":16,"309bbf54":16,"cc537772":16,"6618390c":16,"3b411d6a":16,"83826ef3":16,"595609d5":16,"b47f1b89":16,"8e6caf71":16,"9a3433b8":16,"f1e86522":16,"b89112cb":16,"fa03f48f":16,"66736d5e":16,"5298dafa":16,"25f7f918":16,"30de89a7":16,"06aaa33f":16,"c5311ebb":16,"320c65bf":16,"105bb3f6":16,"1fa1e7c2":16,"58de5462":16,"646af2b9":16,"f01c896d":16,"659389ad":16,"1f2670d0":16,"240c8679":16,"0718c3be":16,"962c9c8f":16,"aec0bf28":16,"8b503f7b":16,"808bc372":16,"a017a323":16,"c792a7c1":16,"87a8523c":16,"5a7da061":16,"8801c469":16,"c416baa6":16,"b6281f1a":16,"ae350a07":16,"06a94514":16,"48c6df81":16,"680a32a6":16,"73c420df":16,"83ba647d":16,"5e165f43":16,"0700da70":16,"ff591765":16,"f8785b71":16,"cb0bd6b7":16,"93f12198":16,"ab4a411a":16,"8e426e39":16,"62e270e5":16,"d7a4b24c":16,"51909df8":16,"02791635":16,"be081247":16,"5cc47d1b":16,"678b846f":16,"b4bd39d8":16,"b4cdbe5d":16,"fa0386f3":16,"b95d0f17":16,"cee9c347":16,"99cc0813":16,"dc32c4e1":16,"239c636e":16,"6ee160ff":16,"c55d40ca":16,"22c177a8":16,"00ae883f":16,"f416ee62":16,"0d2b182d":16,"320754c3":16,"232b2f64":16,"3171b6e7":16,"3b25460f":16,"d2064756":16,"04bdf5e1":16,"01f34f98":16,"da8b42be":16,"1670b0d3":16,"3b0576bf":16,"ec97d63e":16,"94208a41":16,"9458934f":16,"2cbcad17":16,"4dccb5ca":16,"1dcc489c":16,"83268abf":16,"945badf3":16,"578c4c95":16,"1327775b":16,"bdd40125":16,"c606b472":16,"75fd47f7":16,"1c52a07e":16,"e70ccc25":16,"afd1494f":16,"ca6bffd3":16,"829c44a4":16,"e76e2617":16,"2b4fd52e":16,"57162572":16,"d1d50cfe":16,"68831ea9":16,"9713d076":16,"fd098272":16,"6ee788a7":16,"8249641d":16,"45b0968f":16,"6a9bb182":16,"1f1afd4f":16,"25fb8826":16,"0dc5da58":16,"2874a625":16,"e61ae828":16,"686d5c0b":16,"66b1b6d7":16,"e22b0973":16,"b062adc4":16,"23646ff9":16,"f15eb1c5":16,"71789493":16,"3abb827b":16,"4aae5133":16,"5ac72353":16,"63a3af32":16,"0c73c293":16,"3fec4b0b":16,"d1b14d06":16,"88929b06":16,"faa3de3e":16,"08c4692e":16,"f6c074a7":16,"5b2479ef":16,"44983d13":16,"ffd6849d":16,"1d882c36":16,"80999122":16,"962fca02":16,"72af9198":16,"eb62e8f2":16,"75968179":16,"e39e9552":16,"bc8bdc23":16,"81c1b70d":16,"a71f3f70":16,"e72f0f82":16,"88374b72":16,"1f7aa83c":16,"fdfaf1ed":16,"732d62ee":16,"ea981bed":16,"d4b0751c":16,"5b01444b":16,"5e197575":16,"e587c4d0":16,"79995b62":16,"525b2635":16,"97160db8":16,"caa38a45":16,"589f0d6e":16,"51b4016a":16,"a9987a58":16,"b6b8e5c7":16,"46bf9112":16,"e82177d3":16,"092ad3d6":16,"bf940089":16,"89914b94":16,"44322dfd":16,"295e4d1d":16,"8cf6570a":16,"403064a0":16,"312af46e":16,"b5a9f8c3":16,"fcbc0ae8":16,"2ff6b6a8":16,"66a71cc1":16,"bf4b58e4":16,"f7ac3883":16,"ccd01528":16,"dab8cf68":16,"00f2a9cb":16,"916fe082":16,"b64dba8e":16,"c3bb30ce":16,"86219c70":16,"601990d8":16,"5c662c19":16,"d2a5d2fd":16,"89d220c2":16,"3e10c9cb":16,"5500a3e8":16,"3c0e87ac":16,"a891461f":16,"a246cdab":16,"117c7f0b":16,"0d21cf99":16,"14e6fe14":16,"37ec5e73":16,"bfff7913":16,"f8636899":16,"37724339":16,"d45d9727":16,"ee5ff2a3":16
1601326883249,"d5d94481":17,"ffe48500":17,"c7a45a33":17,"faffe099":17,"e99490cd":17,"3b830769":17,"583f0305":17,"1557c50a":17,"249e80ab":17,"f52a3d94":17,"eb74d3dd":17,"3bcbc28d":17,"3c0455e7":17,"df203c79":17,"df1e1ac0":17,"491708eb":17,"e421caaa":17,"2d2ecf27":17,"d38a4953":17,"eba5efdd":17,"a5463f93":17,"c85ac4f8":17,"bc253f4f":17,"0d9d2bf8":17,"846b7f11":17,"d3411467":17,"1df0ce7f":17,"a08171d0":17,"c8bc5677":17,"dfca0518":17,"b9a21017":17,"e47705d3":17,"3cae4115":17,"0ccf4731":17,"c7c6782d":17,"54346574":17,"b12cbf87":17,"81942d9b":17,"699b90c1":17,"d9b5a7a8":17,"1e7914d2":17,"e5d8fdb2":17,"3412ab75":17,"bcac5daf":17,"62d028cc":17,"0af2cf39":17,"27491297":17,"d041ea86":17,"1eda11b2":17,"fc442678":17,"5b09e53e":17,"da5bb0f7":17,"3b3569f6":17,"b01ab62a":17,"76da16fa":17,"bffee581":17,"07150038":17,"080fa362":17,"7b6945ad":17,"a40d08e1":17,"cec79bc2":17,"d2eff358":17,"e70aebb5":17,"6d925c84":17,"18c73816":17,"e491161e":17,"b5087677":17,"16f60bed":17,"cb0c3481":17,"7664512c":17,"df9a53b8":17,"f6c27b2b":17,"945f6c24":17,"f1daea7e":17,"b8fb90e3":17,"56227e35":17,"0d6bf22a":17,"b87321d0":17,"43205b5d":17,"8982905a":17,"f6fe1ad7":17,"50b23ab2":17,"edfa56d4":17,"899c16eb":17,"41c76041":17,"6bb1fa99":17,"d73ff72e":17,"61c0ca91":17,"d2fda7be":17,"ce20ca3c":17,"1d2d958b":17,"81fb6a01":17,"7f5b27c8":17,"fb3444d9":17,"f05de640":17,"86a68967":17,"56cd4dca":17,"7f469f4c":17,"f92dedfc":17,"355d1489":17,"f96fc1af":17,"06713bac":17,"080d5d42":17,"5d03f5dc":17,"f0a01341":17,"1ee4d9f9":17,"0d6e45e7":17,"0da97151":17,"e829038c":17,"4987cfb5":17,"7800e7ce":17,"ba90687c":17,"77869ff0":17,"77f2cf92":17,"4b8f7b16":17,"037e2be4":17,"89f75690":17,"9e7dbd20":17,"cb363e2f":17,"0c086273":17,"cd802f02":17,"ac13c3b0":17,"d3cca7eb":17,"b4d9c57f":17,"e866a899":17,"5d53c964":17,"5690e712":17,"8ee9cc91":17,"0b92d2a9":17,"4cc0af91":17,"070bed95":17,"55f6a2ba":17,"67e5d108":17,"3d37b94b":17,"9559ea96":17,"842c97c2":17,"9cb044bf":17,"16b25add":17,"c4cef92b":17,"0eecdc5b":17,"80ee333e":17,"b7e495ea":17,"3b329af2":17,"45ec63c0":17,"1cd662bf":17,"0ddfde2c":17,"72992b35":17,"a8b41774":17,"47589344":17,"61aca924":17,"d97fb857":17,"59ff5ec6":17,"ef04e64e":17,"6e2d04de":17,"2fca1798":17,"05028839":17,"5488826c":17
1601326883890,"593b1533":17,"81f0da2d":17,"e9f6e5ce":17,"1fcc8ba4":17,"ed6bead5":17,"75a9c117":17,"12ba54ec":17,"96f594b9":17,"be391c1a":17,"94dfcfc5":17,"8301986e":17,"37d8a5b7":17,"830ecfec":17,"d5ab81c4":17,"a8bae791":17,"2ecde685":17,"f0bd52d3":17,"312009ee":17,"dcc20f76":17,"c98759fd":17,"666a8ef0":17,"e8b6d676":17,"c5b609f1":17,"45ee5840":17,"4dc5849a":17,"76f04033":17,"d605c755":17,"43480b19":17,"fd955858":17,"8a8c1d67":17,"69798d15":17,"cc6b3306":17,"590ce3d3":17,"1802d7ce":17,"0a49914b":17,"5d3f5cad":17,"cf347cba":17,"fc0c23f7":17,"641f9b9e":17,"c92edec5":17,"9f03c1e7":17,"06c24a8d":17,"efea71fa":17,"8c2dfd9a":17,"f11267b9":17,"fb3aa867":17,"c9cf710b":17,"a483b15e":17,"fcacdeb3":17,"f80ab49d":17,"0ea055ed":17,"95eaed39":17,"a5ba0ebb":17,"e3b1bdf8":17,"644b45fb":17,"f53362a9":17,"1901ef7e":17,"960c2e6b":17,"3515e999":17,"d11f8f1b":17,"9d9eb027":17,"325f9a29":17,"503aafe5":17,"2f35e75f":17,"3eddf7c8":17,"77970f8b":17,"efd594d5":17,"4718294d":17,"5352cf45":17,"e0ffe8ff":17,"ae14d6b5":17,"721f5f42":17,"0b50bca6":17,"bf2ca266":17,"5d8d9641":17,"0de67c6c":17,"2311399f":17,"5e3ebf5e":17,"9f6ca218":17,"6213799d":17,"44cb1fd2":17,"baf19c25":17,"24a79a6e":17,"edde30af":17,"4d949e11":17,"df12f689":17,"1da10cbf":17,"832c48e4":17,"dc90a44c":17,"1ad7c45b":17,"5566c17c":17,"86a22252":17,"0000dece":17,"ce5efdbe":17,"58ace2b5":17,"d379fd96":17,"7b819458":17,"7f8024cd":17,"ae562513":17,"7b66dacd":17,"9ab137d7":17,"7191d1cd":17,"005354dd":17,"230064fa":17,"764e0abb":17,"bba6d88e":17,"ea3479ec":17,"32266fa3":17,"50b090c3":17,"8be24763":17,"eb4800b2":17,"6e0ce9dc":17,"87d9bec4":17,"e30dfa0c":17,"6da34174":17,"bfb849fa":17,"0a10b423":17,"9ef7cee7":17,"49f1a0d1":17,"5f04aa76":17,"ba297382":17,"0287db2a":17,"96abe4a9":17,"753b10b1":17,"cf14bd99":17,"782022f4":17,"322e833f":17,"ab3619e4":17,"106006ad":17,"c8237be9":17,"1416e8f5":17,"dde2eed5":17,"a208caa8":17,"16605353":17,"92b72493":17,"d3e58903":17,"77b39e15":17,"f1726edb":17,"4481c4be":17,"7954891b":17,"4afd60a9":17,"f7ffcbb8":17,"5728f934":17,"00b26865":17,"c333337d":17,"dfe4a061":17,"815c56bc":17,"d44c0ea3":17,"68f87858":17,"533bac6b":17,"41634dba":17,"43fd1327":17,"113e7f4b":17,"8cce569a":17,"ce6401b6":17,"6f57824c":17,"28bd7aa1":17,"1d52fb0d":17,"cde0d748":17,"535ed444":17,"710f0d0e":17,"0905f1fb":17,"a20e529c":17,"1ae76fcc":17,"35b161d3":17,"344cd1a3":17,"77ea1236":17,"96d2a118":17,"23a0e41f":17,"b32a1080":17,"a2c4b591":17,"6dfa57be":17,"1854ce44":17,"f92b22f1":17,"ece12664":17,"36f4ecde":17,"568a0d58":17,"5fd569d2":17,"10c8fd03":17,"bd4ccb49":17,"c2bf7d51":17,"5bd61a68":17,"781afef6":17,"8582c5cf":17,"0c353665":17,"de9229a0":17,"231e8700":17,"99a5feef":17,"1f9fbd85":17,"f6266388":17,"e64fd39c":17,"43f24679":17,"a1c0dfc4":17,"e1b3ce36":17,"625fa164":17,"78f71162":17,"4b27a9a4":17,"0c6ae551":17,"163f4d19":17,"e8f4c1dd":17,"1d043d5a":17,"cede8b8c":17,"ad95ff4a":17,"893a99c5":17,"b2f82e06":17,"d8bf32b5":17,"5b0b43e6":17,"0eb42efe":17,"b5474d69":17,"03c4ab87":17,"4e3d3af7":17,"5a938eeb":17,"3a4803a8":17,"4fe0dedf":17,"f7a7de5d":17,"951fc6d0":17,"61892a4c":17,"d4e56c3e":17,"f096219e":17,"0c045c2d":17,"e773d697":17,"7e8c11e7":17,"077eb15a":17,"5337c279":17,"8d256cb6":17,"7021c619":17,"32ae00db":17,"bf2defb2":17,"bc733a28":17,"30d32d34":17,"886c16d3":17,"e8d09b62":17,"8efd4801":17,"a3f0a6ec":17,"01051f84":17,"7eb8f268":17,"a8edfe84":17,"2ed19b1e":17,"959e16ea":17,"02f76c64":17,"5c6d1f33":17,"b4801cae":17,"c3c2fd05":17,"f8c97147":17,"c2526ff3":17,"cc386067":17,"a22ffd8f":17,"3cd28a4d":17,"44a12c31":17,"45a961ca":17,"5ca978fd":17,"668e601b":17,"7552d86c":17,"02ebf3b6":17,"bb17a968":17,"4abcb85d":17,"cba26072":17,"2a718dcc":17,"c6a9a8e1":17,"88854fd0":17,"272e7d0d":17,"f92596ee":17,"68831ea9":17,"aa7e370d":17,"20236d3e":17,"f995eeab":17,"36ae8cd8":17,"4006e709":17,"3ddd5391":17,"0dedf63e":17,"07f69c6d":17,"2254f0f5":17,"a9d5374b":17,"4321f02d":17,"ea282e84":17,"089b3f8f":17,"6653c83b":17,"7698d0dc":17,"c896052c":17,"287ecd1c":17,"784414ce":17,"2df3efdb":17,"f9376d3e":17,"d0f1b7bd":17,"07a94e8c":17,"bb017b49":17,"e7799883":17,"4f9456cf":17,"37b52fe4":17,"61ad1519":17,"6e260ee8":17,"f4f84279":17,"819c4185":17,"ba69b06b":17,"b0950de5":17,"6f873999":17,"7d2a2cb4":17,"1f4e0e22":17,"4f62491c":17,"70b4c438":17,"60d69311":17,"71ed93db":17,"3b09f1de":17,"b371f44a":17,"c92efaa8":17,"c241ac7e":17,"8b6180ff":17,"8819ac24":17,"62a45672":17,"210e507a":17,"dbbf7f69":17,"ac6e268b":17,"742238e8":17,"8dc27d2a":17,"41d7f05d":17,"2b851827":17,"9f428a03":17,"4d504d96":17,"0533ece1":17,"bcee2ef3":17,"0afba00c":17,"04ff8100":17,"6c00d8d6":17,"ac9a02bc":17,"acfe69ed":17,"426603ff":17,"2db2f252":17,"2e84193b":17,"c55683c9":17,"51233daf":17,"02791635":17,"be081247":17,"5cc47d1b":17,"678b846f":17,"b4bd39d8":17,"b4cdbe5d":17,"fa0386f3":17,"b95d0f17":17,"cee9c347":17,"9713d076":17,"fd098272":17,"6ee788a7":17,"8249641d":17,"45b0968f":17,"6a9bb182":17,"1f1afd4f":17,"25fb8826":17,"0dc5da58":17,"2874a625":17,"e61ae828":17,"f7ac3883":17,"ccd01528":17,"dab8cf68":17,"00f2a9cb":17,"916fe082":17,"b64dba8e":17,"c3bb30ce":17,"86219c70":17,"601990d8":17,"5c662c19":17,"d2a5d2fd":17,"89d220c2":17,"3e10c9cb":17,"5500a3e8":17,"a488b2f1":17,"4caa87d6":17,"f7076e21":17,"69e653b6":17,"98d2991b":17,"3b411d6a":17,"83826ef3":17,"595609d5":17,"b47f1b89":17,"8e6caf71":17,"9a3433b8":17,"f1e86522":17,"b89112cb":17,"fa03f48f":17,"66736d5e":17,"5298dafa":17,"30de89a7":17,"25f7f918":17,"06aaa33f":17,"c5311ebb":17,"320c65bf":17,"105bb3f6":17,"1fa1e7c2":17,"58de5462":17,"646af2b9":17,"f01c896d":17,"659389ad":17,"1f2670d0":17,"240c8679":17,"962c9c8f":17,"0718c3be":17,"aec0bf28":17,"8b503f7b":17,"87a8523c":17,"a017a323":17,"c416baa6":17,"8801c469":17,"ae350a07":17,"b6281f1a":17,"680a32a6":17,"48c6df81":17,"808bc372":17,"83ba647d":17,"c792a7c1":17,"5e165f43":17,"cb0bd6b7":17,"f8785b71":17,"8e426e39":17,"5a7da061":17,"06a94514":17,"51909df8":17,"ab4a411a":17,"e22b0973":17,"d7a4b24c":17,"73c420df":17,"23646ff9":17,"0700da70":17,"686d5c0b":17,"25d4f65d":17,"eddb6a2a":17,"ff8a00aa":17,"c146560b":17,"985068e7":17,"d543ba6f":17,"9666b973":17,"653b27c7":17,"83b37fd6":17,"4d852788":17,"e43a9448":17,"3542b748":17,"379c53ab":17,"e396d80d":17,"7da61f27":17,"dc874a97":17,"85a220de":17,"40a7cdd2":17,"ac033c7b":17,"87759976":17,"84fff5c1":17,"c649992d":17,"d5ad3ed6":17,"8e5f7187":17,"55ba7579":17,"b7769ca6":17,"9c27de51":17,"38a75b48":17,"1792bfa3":17,"426f1904":17,"7c0f1ca9":17,"b2f820ac":17,"4df3f62e":17,"c881a53e":17,"80c1c8b1":17,"cf52acd8":17,"a63cb4ce":17,"d3b3492b":17,"7580cfa4":17,"22a96386":17,"5c672b50":17,"5df16440":17,"b666e56d":17,"8db378ff":17,"784d6375":17,"4541bf85":17,"a6b13f20":17,"2459c882":17,"3df97186":17,"ef0490de":17,"e0f47ced":17,"309bbf54":17,"cc537772":17,"6618390c":17,"99cc0813":17,"dc32c4e1":17,"239c636e":17,"6ee160ff":17,"c55d40ca":17,"51b4016a":17,"a9987a58":17,"46bf9112":17,"b6b8e5c7":17,"092ad3d6":17,"e82177d3":17,"bf940089":17,"89914b94":17,"04bdf5e1":17,"01f34f98":17,"da8b42be":17,"1670b0d3":17,"ec97d63e":17,"3b0576bf":17,"9458934f":17,"94208a41":17,"2cbcad17":17,"4dccb5ca":17,"1dcc489c":17,"83268abf":17,"945badf3":17,"1327775b":17,"578c4c95":17,"c606b472":17,"bdd40125":17,"75fd47f7":17,"1c52a07e":17,"e70ccc25":17,"afd1494f":17,"ca6bffd3":17,"829c44a4":17,"e76e2617":17,"2b4fd52e":17,"57162572":17,"ff591765":17,"3abb827b":17,"f15eb1c5":17,"93f12198":17,"0c73c293":17,"71789493":17,"5ac72353":17,"62e270e5":17,"88929b06":17,"66b1b6d7":17,"08c4692e":17,"b062adc4":17,"5b2479ef":17,"4aae5133":17,"1d882c36":17,"d1b14d06":17,"63a3af32":17,"eb62e8f2":17,"f6c074a7":17,"3fec4b0b":17,"ffd6849d":17,"faa3de3e":17,"44983d13":17,"962fca02":17,"75968179":17,"80999122":17,"bc8bdc23":17,"72af9198":17,"a71f3f70":17,"e39e9552":17,"81c1b70d":17,"e72f0f82":17,"1f7aa83c":17,"88374b72":17,"732d62ee":17,"d4b0751c":17,"fdfaf1ed":17,"ea981bed":17,"5b01444b":17,"5e197575":17,"79995b62":17,"97160db8":17,"e587c4d0":17,"589f0d6e":17,"525b2635":17,"caa38a45":17,"3c0e87ac":17,"a891461f":17,"a246cdab":17,"117c7f0b":17,"0d21cf99":17,"14e6fe14":17,"37ec5e73":17,"bfff7913":17,"f8636899":17,"37724339":17,"d45d9727":17,"ee5ff2a3":17,"44322dfd":17,"295e4d1d":17,"8cf6570a":17,"403064a0":17,"312af46e":17,"b5a9f8c3":17,"fcbc0ae8":17,"2ff6b6a8":17,"66a71cc1":17,"bf4b58e4":17,"22c177a8":17,"00ae883f":17,"f416ee62":17,"0d2b182d":17,"320754c3":17,"232b2f64":17,"3171b6e7":17,"3b25460f":17,"d2064756":17,"d1d50cfe":17
1601326886591,"080d5d42":18,"7800e7ce":18,"5d03f5dc":18,"77869ff0":18,"f0a01341":18,"4b8f7b16":18,"1ee4d9f9":18,"0d6e45e7":18,"89f75690":18,"cb363e2f":18,"0da97151":18,"cd802f02":18,"e829038c":18,"4987cfb5":18,"d3cca7eb":18,"e866a899":18,"ba90687c":18,"77f2cf92":18,"5690e712":18,"037e2be4":18,"0b92d2a9":18,"070bed95":18,"9e7dbd20":18,"0c086273":18,"67e5d108":18,"3d37b94b":18,"ac13c3b0":18,"b4d9c57f":18,"842c97c2":18,"c4cef92b":18,"5d53c964":18,"0eecdc5b":18,"8ee9cc91":18,"4cc0af91":18,"b7e495ea":18,"45ec63c0":18,"55f6a2ba":18,"0ddfde2c":18,"9559ea96":18,"9cb044bf":18,"a8b41774":18,"16b25add":18,"81f0da2d":18,"1fcc8ba4":18,"80ee333e":18,"3b329af2":18,"75a9c117":18,"12ba54ec":18,"1cd662bf":18,"72992b35":18,"be391c1a":18,"47589344":18,"37d8a5b7":18,"593b1533":18,"d5ab81c4":18,"e9f6e5ce":18,"2ecde685":18,"ed6bead5":18,"f0bd52d3":18,"dcc20f76":18,"96f594b9":18,"94dfcfc5":18,"666a8ef0":18,"8301986e":18,"c5b609f1":18,"4dc5849a":18,"830ecfec":18,"a8bae791":18,"d605c755":18,"312009ee":18,"8a8c1d67":18,"d5d94481":18,"ffe48500":18,"c7a45a33":18,"faffe099":18,"e99490cd":18,"3b830769":18,"583f0305":18,"1557c50a":18,"cc6b3306":18,"c98759fd":18,"e8b6d676":18,"8c2dfd9a":18,"f11267b9":18,"45ee5840":18,"76f04033":18,"a483b15e":18,"43480b19":18,"f80ab49d":18,"95eaed39":18,"fd955858":18,"69798d15":18,"a5ba0ebb":18,"efea71fa":18,"f53362a9":18,"fb3aa867":18,"1901ef7e":18,"960c2e6b":18,"c9cf710b":18,"fcacdeb3":18,"3515e999":18,"d11f8f1b":18,"0ea055ed":18,"e3b1bdf8":18,"9d9eb027":18,"644b45fb":18,"325f9a29":18,"503aafe5":18,"590ce3d3":18,"1802d7ce":18,"0a49914b":18,"5d3f5cad":18,"cf347cba":18,"fc0c23f7":18
1601326887116,"249e80ab":18,"f52a3d94":18,"eb74d3dd":18,"641f9b9e":18,"c92edec5":18,"9f03c1e7":18,"06c24a8d":18,"2f35e75f":18,"3eddf7c8":18,"77970f8b":18,"efd594d5":18,"4718294d":18,"5352cf45":18,"e0ffe8ff":18,"ae14d6b5":18,"721f5f42":18,"0b50bca6":18,"bf2ca266":18,"5d8d9641":18,"0de67c6c":18,"2311399f":18,"5e3ebf5e":18,"9f6ca218":18,"6213799d":18,"44cb1fd2":18,"baf19c25":18,"24a79a6e":18,"edde30af":18,"4d949e11":18,"df12f689":18,"1da10cbf":18,"832c48e4":18,"dc90a44c":18,"1ad7c45b":18,"5566c17c":18,"3bcbc28d":18,"3c0455e7":18,"df203c79":18,"df1e1ac0":18,"491708eb":18,"e421caaa":18,"2d2ecf27":18,"d38a4953":18,"eba5efdd":18,"a5463f93":18,"c85ac4f8":18,"bc253f4f":18,"0d9d2bf8":18,"846b7f11":18,"d3411467":18,"1df0ce7f":18,"a08171d0":18,"c8bc5677":18,"dfca0518":18,"b9a21017":18,"e47705d3":18,"3cae4115":18,"0ccf4731":18,"c7c6782d":18,"54346574":18,"b12cbf87":18,"81942d9b":18,"699b90c1":18,"d9b5a7a8":18,"1e7914d2":18,"e5d8fdb2":18,"3412ab75":18,"bcac5daf":18,"62d028cc":18,"0af2cf39":18,"27491297":18,"86a22252":18,"0000dece":18,"ce5efdbe":18,"58ace2b5":18,"d379fd96":18,"7b819458":18,"7f8024cd":18,"ae562513":18,"7b66dacd":18,"9ab137d7":18,"7191d1cd":18,"005354dd":18,"d041ea86":18,"1eda11b2":18,"fc442678":18,"18c73816":18,"e491161e":18,"b5087677":18,"16f60bed":18,"cb0c3481":18,"7664512c":18,"df9a53b8":18,"f6c27b2b":18,"945f6c24":18,"f1daea7e":18,"b8fb90e3":18,"56227e35":18,"0d6bf22a":18,"b87321d0":18,"43205b5d":18,"8982905a":18,"f6fe1ad7":18,"230064fa":18,"764e0abb":18,"bba6d88e":18,"ea3479ec":18,"32266fa3":18,"50b090c3":18,"8be24763":18,"eb4800b2":18,"6e0ce9dc":18,"87d9bec4":18,"e30dfa0c":18,"6da34174":18,"bfb849fa":18,"0a10b423":18,"9ef7cee7":18,"49f1a0d1":18,"5f04aa76":18,"ba297382":18,"0287db2a":18,"96abe4a9":18,"753b10b1":18,"cf14bd99":18,"782022f4":18,"322e833f":18,"ab3619e4":18,"106006ad":18,"c8237be9":18,"1416e8f5":18,"dde2eed5":18,"92b72493":18,"a208caa8":18,"d3e58903":18,"16605353":18,"4481c4be":18,"77b39e15":18,"f1726edb":18,"7954891b":18,"4afd60a9":18,"d44c0ea3":18,"68f87858":18,"533bac6b":18,"41634dba":18,"43fd1327":18,"113e7f4b":18,"8cce569a":18,"ce6401b6":18,"6f57824c":18,"28bd7aa1":18,"1d52fb0d":18,"cde0d748":18,"535ed444":18,"5b09e53e":18,"da5bb0f7":18,"6d925c84":18,"50b23ab2":18,"edfa56d4":18,"899c16eb":18,"41c76041":18,"6bb1fa99":18,"d73ff72e":18,"61c0ca91":18,"d2fda7be":18,"ce20ca3c":18,"1d2d958b":18,"81fb6a01":18,"7f5b27c8":18,"fb3444d9":18,"f05de640":18,"86a68967":18,"56cd4dca":18,"7f469f4c":18,"f92dedfc":18,"355d1489":18,"f96fc1af":18,"06713bac":18,"61aca924":18,"d97fb857":18,"59ff5ec6":18,"ef04e64e":18,"6e2d04de":18,"f7ffcbb8":18,"5728f934":18,"00b26865":18,"dfe4a061":18,"c333337d":18,"c2bf7d51":18,"781afef6":18,"815c56bc":18,"de9229a0":18,"5bd61a68":18,"99a5feef":18,"8582c5cf":18,"0c353665":18,"f6266388":18,"231e8700":18,"e64fd39c":18,"e1b3ce36":18,"1f9fbd85":18,"625fa164":18,"0c6ae551":18,"43f24679":18,"e8f4c1dd":18,"a1c0dfc4":18,"cede8b8c":18,"78f71162":18,"ad95ff4a":18,"4b27a9a4":18,"893a99c5":18,"163f4d19":18,"d8bf32b5":18,"1d043d5a":18,"0eb42efe":18,"b2f82e06":18,"03c4ab87":18,"4e3d3af7":18,"5b0b43e6":18,"b5474d69":18,"3a4803a8":18,"5a938eeb":18,"f7a7de5d":18,"4fe0dedf":18,"d4e56c3e":18,"951fc6d0":18,"0c045c2d":18,"8efd4801":18,"61892a4c":18,"2fca1798":18,"05028839":18,"5488826c":18,"84fff5c1":18,"c649992d":18,"d5ad3ed6":18,"8e5f7187":18,"55ba7579":18,"b7769ca6":18,"9c27de51":18,"38a75b48":18,"1792bfa3":18,"426f1904":18,"7c0f1ca9":18,"b2f820ac":18,"25d4f65d":18,"eddb6a2a":18,"ff8a00aa":18,"c146560b":18,"985068e7":18,"d543ba6f":18,"f096219e":18,"7eb8f268":18,"a3f0a6ec":18,"20236d3e":18,"01051f84":18,"36ae8cd8":18,"3b3569f6":18,"b01ab62a":18,"76da16fa":18,"bffee581":18,"07150038":18,"080fa362":18,"7b6945ad":18,"a40d08e1":18,"cec79bc2":18,"d2eff358":18,"e70aebb5":18,"a488b2f1":18,"4caa87d6":18,"f7076e21":18,"69e653b6":18,"98d2991b":18,"3b411d6a":18,"83826ef3":18,"595609d5":18,"b47f1b89":18,"8e6caf71":18,"9a3433b8":18,"f1e86522":18,"b89112cb":18,"fa03f48f":18,"5298dafa":18,"66736d5e":18,"25f7f918":18,"30de89a7":18,"c5311ebb":18,"06aaa33f":18,"320c65bf":18,"105bb3f6":18,"aa7e370d":18,"3ddd5391":18,"f995eeab":18,"07f69c6d":18,"2254f0f5":18,"4006e709":18,"ea282e84":18,"0dedf63e":18,"6653c83b":18,"a9d5374b":18,"4321f02d":18,"c896052c":18,"287ecd1c":18,"089b3f8f":18,"a8edfe84":18,"2ed19b1e":18,"959e16ea":18,"02f76c64":18,"5c6d1f33":18,"b4801cae":18,"c3c2fd05":18,"f8c97147":18,"c2526ff3":18,"cc386067":18,"a22ffd8f":18,"3cd28a4d":18,"44a12c31":18,"45a961ca":18,"5ca978fd":18,"668e601b":18,"7552d86c":18,"02ebf3b6":18,"bb17a968":18,"4abcb85d":18,"cba26072":18,"2a718dcc":18,"c6a9a8e1":18,"88854fd0":18,"8dc27d2a":18,"41d7f05d":18,"2b851827":18,"7698d0dc":18,"f9376d3e":18,"bf2defb2":18,"bc733a28":18,"30d32d34":18,"886c16d3":18,"e8d09b62":18,"784414ce":18,"07a94e8c":18,"bb017b49":18,"2df3efdb":18,"d0f1b7bd":18,"37b52fe4":18,"272e7d0d":18,"f92596ee":18,"68831ea9":18,"9713d076":18,"fd098272":18,"6ee788a7":18,"8249641d":18,"45b0968f":18,"6a9bb182":18,"1f1afd4f":18,"25fb8826":18,"e7799883":18,"61ad1519":18,"710f0d0e":18,"0905f1fb":18,"a20e529c":18,"1ae76fcc":18,"35b161d3":18,"344cd1a3":18,"77ea1236":18,"96d2a118":18,"23a0e41f":18,"b32a1080":18,"a2c4b591":18,"6dfa57be":18,"1854ce44":18,"f92b22f1":18,"ece12664":18,"36f4ecde":18,"568a0d58":18,"5fd569d2":18,"10c8fd03":18,"bd4ccb49":18,"e773d697":18,"7e8c11e7":18,"077eb15a":18,"5337c279":18,"8d256cb6":18,"7021c619":18,"32ae00db":18,"4f9456cf":18,"819c4185":18,"6e260ee8":18,"ba69b06b":18,"f4f84279":18,"7d2a2cb4":18,"b0950de5":18,"4f62491c":18,"6f873999":18,"70b4c438":18,"1f4e0e22":18,"71ed93db":18,"60d69311":18,"c92efaa8":18,"c241ac7e":18,"3b09f1de":18,"62a45672":18,"b371f44a":18,"210e507a":18,"8b6180ff":18,"ac6e268b":18,"8819ac24":18,"dbbf7f69":18,"742238e8":18,"9666b973":18,"653b27c7":18,"83b37fd6":18,"4d852788":18,"e43a9448":18,"3542b748":18,"379c53ab":18,"e396d80d":18,"7da61f27":18,"dc874a97":18,"85a220de":18,"40a7cdd2":18,"ac033c7b":18,"87759976":18,"4df3f62e":18,"c881a53e":18,"80c1c8b1":18,"cf52acd8":18,"a63cb4ce":18,"d3b3492b":18,"7580cfa4":18,"22a96386":18,"9f428a03":18,"4d504d96":18,"0533ece1":18,"bcee2ef3":18,"0afba00c":18,"04ff8100":18,"6c00d8d6":18,"ac9a02bc":18,"acfe69ed":18,"426603ff":18,"2db2f252":18,"2e84193b":18,"c55683c9":18,"51233daf":18,"02791635":18,"be081247":18,"5cc47d1b":18,"678b846f":18,"b4bd39d8":18,"b4cdbe5d":18,"fa0386f3":18,"b95d0f17":18,"cee9c347":18,"0dc5da58":18,"2874a625":18,"e61ae828":18,"f7ac3883":18,"ccd01528":18,"dab8cf68":18,"00f2a9cb":18,"916fe082":18,"b64dba8e":18,"c3bb30ce":18,"86219c70":18,"601990d8":18,"5c662c19":18,"d2a5d2fd":18,"89d220c2":18,"3e10c9cb":18,"5500a3e8":18,"3c0e87ac":18,"a891461f":18,"a246cdab":18,"117c7f0b":18,"0d21cf99":18,"14e6fe14":18,"37ec5e73":18,"bfff7913":18,"f8636899":18,"37724339":18,"d45d9727":18,"ee5ff2a3":18,"44322dfd":18,"295e4d1d":18,"5c672b50":18,"5df16440":18,"b666e56d":18,"8db378ff":18,"784d6375":18,"4541bf85":18,"a6b13f20":18,"2459c882":18,"3df97186":18,"ef0490de":18,"e0f47ced":18,"309bbf54":18,"cc537772":18,"6618390c":18,"99cc0813":18,"dc32c4e1":18,"239c636e":18,"6ee160ff":18,"c55d40ca":18,"22c177a8":18,"00ae883f":18,"f416ee62":18,"0d2b182d":18,"320754c3":18,"232b2f64":18,"3171b6e7":18,"3b25460f":18,"58de5462":18,"1fa1e7c2":18,"f01c896d":18,"646af2b9":18,"1f2670d0":18,"659389ad":18,"962c9c8f":18,"240c8679":18,"0718c3be":18,"aec0bf28":18,"8b503f7b":18,"a017a323":18,"87a8523c":18,"8801c469":18,"b6281f1a":18,"c416baa6":18,"ae350a07":18,"48c6df81":18,"5e165f43":18,"680a32a6":18,"f8785b71":18,"83ba647d":18,"808bc372":18,"ab4a411a":18,"c792a7c1":18,"cb0bd6b7":18,"d7a4b24c":18,"8e426e39":18,"5a7da061":18,"686d5c0b":18,"51909df8":18,"06a94514":18,"f15eb1c5":18,"e22b0973":18,"73c420df":18,"23646ff9":18,"71789493":18,"0700da70":18,"3abb827b":18,"5ac72353":18,"ff591765":18,"d1b14d06":18,"0c73c293":18,"93f12198":18,"f6c074a7":18,"88929b06":18,"62e270e5":18,"ffd6849d":18,"08c4692e":18,"66b1b6d7":18,"5b2479ef":18,"b062adc4":18,"962fca02":18,"1d882c36":18,"75968179":18,"4aae5133":18,"eb62e8f2":18,"bc8bdc23":18,"63a3af32":18,"8cf6570a":18,"403064a0":18,"312af46e":18,"b5a9f8c3":18,"fcbc0ae8":18,"2ff6b6a8":18,"66a71cc1":18,"bf4b58e4":18,"89914b94":18,"83268abf":18,"578c4c95":18,"04bdf5e1":18,"c606b472":18,"da8b42be":18,"3b0576bf":18,"9458934f":18,"1dcc489c":18,"945badf3":18,"1327775b":18,"bdd40125":18,"75fd47f7":18,"1c52a07e":18,"e70ccc25":18,"afd1494f":18,"ca6bffd3":18,"829c44a4":18,"e76e2617":18,"2b4fd52e":18,"57162572":18,"d1d50cfe":18,"a71f3f70":18,"3fec4b0b":18,"1f7aa83c":18,"faa3de3e":18,"732d62ee":18,"44983d13":18,"d4b0751c":18,"5b01444b":18,"80999122":18,"72af9198":18,"79995b62":18,"97160db8":18,"e39e9552":18,"81c1b70d":18,"589f0d6e":18,"e72f0f82":18,"51b4016a":18,"46bf9112":18,"88374b72":18,"fdfaf1ed":18,"092ad3d6":18,"ea981bed":18,"bf940089":18,"5e197575":18,"e587c4d0":18,"01f34f98":18,"525b2635":18,"1670b0d3":18,"caa38a45":18,"ec97d63e":18,"94208a41":18,"a9987a58":18,"2cbcad17":18,"b6b8e5c7":18,"4dccb5ca":18,"e82177d3":18,"d2064756":18
1601326890000,"7800e7ce":19,"77869ff0":19,"4b8f7b16":19,"89f75690":19,"cb363e2f":19,"cd802f02":19,"d3cca7eb":19,"080d5d42":19,"e866a899":19,"5d03f5dc":19,"5690e712":19,"f0a01341":19,"0b92d2a9":19,"1ee4d9f9":19,"070bed95":19,"67e5d108":19,"0d6e45e7":19,"0da97151":19,"3d37b94b":19,"e829038c":19,"842c97c2":19,"4987cfb5":19,"c4cef92b":19,"ba90687c":19,"0eecdc5b":19,"77f2cf92":19,"b7e495ea":19,"45ec63c0":19,"037e2be4":19,"9e7dbd20":19,"0ddfde2c":19,"0c086273":19,"a8b41774":19,"ac13c3b0":19,"81f0da2d":19,"1fcc8ba4":19,"b4d9c57f":19,"75a9c117":19,"5d53c964":19,"12ba54ec":19,"8ee9cc91":19,"4cc0af91":19,"be391c1a":19,"37d8a5b7":19,"55f6a2ba":19,"9559ea96":19,"d5ab81c4":19,"2ecde685":19,"9cb044bf":19,"16b25add":19,"f0bd52d3":19,"dcc20f76":19,"80ee333e":19,"3b329af2":19,"666a8ef0":19,"c5b609f1":19,"1cd662bf":19,"4dc5849a":19,"72992b35":19,"d605c755":19,"47589344":19,"593b1533":19,"8a8c1d67":19
1601326890525,"e9f6e5ce":19,"cc6b3306":19,"8c2dfd9a":19,"ed6bead5":19,"f11267b9":19,"96f594b9":19,"590ce3d3":19,"1802d7ce":19,"0a49914b":19,"5d3f5cad":19,"cf347cba":19,"fc0c23f7":19,"641f9b9e":19,"c92edec5":19,"a483b15e":19,"94dfcfc5":19,"8301986e":19,"f80ab49d":19,"95eaed39":19,"830ecfec":19,"a5ba0ebb":19,"a8bae791":19,"312009ee":19,"f53362a9":19,"c98759fd":19,"1901ef7e":19,"e8b6d676":19,"45ee5840":19,"960c2e6b":19,"76f04033":19,"3515e999":19,"d11f8f1b":19,"43480b19":19,"fd955858":19,"9d9eb027":19,"69798d15":19,"325f9a29":19,"efea71fa":19,"503aafe5":19,"fb3aa867":19,"c9cf710b":19,"fcacdeb3":19,"0ea055ed":19,"e3b1bdf8":19,"644b45fb":19,"9f03c1e7":19,"06c24a8d":19,"2f35e75f":19,"3eddf7c8":19,"77970f8b":19,"18c73816":19,"e491161e":19,"b5087677":19,"16f60bed":19,"cb0c3481":19,"7664512c":19,"df9a53b8":19,"f6c27b2b":19,"945f6c24":19,"f1daea7e":19,"b8fb90e3":19,"56227e35":19,"0d6bf22a":19,"b87321d0":19,"43205b5d":19,"efd594d5":19,"4718294d":19,"5352cf45":19,"e0ffe8ff":19,"ae14d6b5":19,"721f5f42":19,"0b50bca6":19,"bf2ca266":19,"5d8d9641":19,"0de67c6c":19,"2311399f":19,"5e3ebf5e":19,"9f6ca218":19,"6213799d":19,"44cb1fd2":19,"baf19c25":19,"24a79a6e":19,"edde30af":19,"4d949e11":19,"df12f689":19,"1da10cbf":19,"832c48e4":19,"dc90a44c":19,"1ad7c45b":19,"5566c17c":19,"86a22252":19,"0000dece":19,"ce5efdbe":19,"58ace2b5":19,"d379fd96":19,"7b819458":19,"7f8024cd":19,"ae562513":19,"7b66dacd":19,"9ab137d7":19,"7191d1cd":19,"005354dd":19,"e47705d3":19,"3cae4115":19,"0ccf4731":19,"c7c6782d":19,"54346574":19,"b12cbf87":19,"81942d9b":19,"699b90c1":19,"d9b5a7a8":19,"1e7914d2":19,"e5d8fdb2":19,"3412ab75":19,"bcac5daf":19,"62d028cc":19,"0af2cf39":19,"27491297":19,"d041ea86":19,"1eda11b2":19,"fc442678":19,"d5d94481":19,"ffe48500":19,"c7a45a33":19,"faffe099":19,"e99490cd":19,"3b830769":19,"583f0305":19,"1557c50a":19,"249e80ab":19,"f52a3d94":19,"eb74d3dd":19,"3bcbc28d":19,"3c0455e7":19,"df203c79":19,"df1e1ac0":19,"491708eb":19,"e421caaa":19,"2d2ecf27":19,"d38a4953":19,"eba5efdd":19,"a5463f93":19,"c85ac4f8":19,"bc253f4f":19,"0d9d2bf8":19,"846b7f11":19,"d3411467":19,"1df0ce7f":19,"a08171d0":19,"c8bc5677":19,"dfca0518":19,"b9a21017":19,"8982905a":19,"f6fe1ad7":19,"230064fa":19,"764e0abb":19,"bba6d88e":19,"ea3479ec":19,"32266fa3":19,"50b090c3":19,"8be24763":19,"eb4800b2":19,"6e0ce9dc":19,"87d9bec4":19,"e30dfa0c":19,"6da34174":19,"bfb849fa":19,"0a10b423":19,"9ef7cee7":19,"49f1a0d1":19,"5f04aa76":19,"ba297382":19,"0287db2a":19,"96abe4a9":19,"753b10b1":19,"cf14bd99":19,"782022f4":19,"322e833f":19,"ab3619e4":19,"106006ad":19,"c8237be9":19,"1416e8f5":19,"dde2eed5":19,"92b72493":19,"3b3569f6":19,"b01ab62a":19,"76da16fa":19,"bffee581":19,"07150038":19,"080fa362":19,"7b6945ad":19,"a40d08e1":19,"cec79bc2":19,"d2eff358":19,"e70aebb5":19,"a488b2f1":19,"4caa87d6":19,"f7076e21":19,"69e653b6":19,"98d2991b":19,"5b09e53e":19,"da5bb0f7":19,"6d925c84":19,"50b23ab2":19,"edfa56d4":19,"899c16eb":19,"41c76041":19,"6bb1fa99":19,"d73ff72e":19,"61c0ca91":19,"d2fda7be":19,"ce20ca3c":19,"1d2d958b":19,"81fb6a01":19,"7f5b27c8":19,"fb3444d9":19,"f05de640":19,"86a68967":19,"56cd4dca":19,"7f469f4c":19,"f92dedfc":19,"355d1489":19,"f7ffcbb8":19,"dfe4a061":19,"5728f934":19,"c2bf7d51":19,"00b26865":19,"781afef6":19,"c333337d":19,"f96fc1af":19,"06713bac":19,"61aca924":19,"d97fb857":19,"59ff5ec6":19,"ef04e64e":19,"6e2d04de":19,"2fca1798":19,"05028839":19,"5488826c":19,"84fff5c1":19,"c649992d":19,"d5ad3ed6":19,"8e5f7187":19,"55ba7579":19,"b7769ca6":19,"9c27de51":19,"38a75b48":19,"1792bfa3":19,"426f1904":19,"7c0f1ca9":19,"b2f820ac":19,"25d4f65d":19,"eddb6a2a":19,"ff8a00aa":19,"c146560b":19,"985068e7":19,"de9229a0":19,"815c56bc":19,"99a5feef":19,"5bd61a68":19,"f6266388":19,"8582c5cf":19,"e64fd39c":19,"a8edfe84":19,"2ed19b1e":19,"959e16ea":19,"0c353665":19,"231e8700":19,"e1b3ce36":19,"625fa164":19,"1f9fbd85":19,"43f24679":19,"0c6ae551":19,"e8f4c1dd":19,"a1c0dfc4":19,"78f71162":19,"cede8b8c":19,"10c8fd03":19,"bd4ccb49":19,"e773d697":19,"7e8c11e7":19,"077eb15a":19,"5337c279":19,"8d256cb6":19,"7021c619":19,"32ae00db":19,"bf2defb2":19,"bc733a28":19,"30d32d34":19,"886c16d3":19,"e8d09b62":19,"4b27a9a4":19,"ad95ff4a":19,"163f4d19":19,"d3e58903":19,"a208caa8":19,"16605353":19,"4481c4be":19,"77b39e15":19,"7954891b":19,"4afd60a9":19,"f1726edb":19,"d44c0ea3":19,"68f87858":19,"533bac6b":19,"41634dba":19,"43fd1327":19,"113e7f4b":19,"8cce569a":19,"ce6401b6":19,"6f57824c":19,"28bd7aa1":19,"1d52fb0d":19,"cde0d748":19,"535ed444":19,"710f0d0e":19,"0905f1fb":19,"a20e529c":19,"1ae76fcc":19,"35b161d3":19,"344cd1a3":19,"77ea1236":19,"96d2a118":19,"23a0e41f":19,"b32a1080":19,"a2c4b591":19,"6dfa57be":19,"1854ce44":19,"f92b22f1":19,"ece12664":19,"36f4ecde":19,"568a0d58":19,"5fd569d2":19,"1d043d5a":19,"893a99c5":19,"d8bf32b5":19,"b2f82e06":19,"0eb42efe":19,"5b0b43e6":19,"03c4ab87":19,"b5474d69":19,"5a938eeb":19,"4e3d3af7":19,"4fe0dedf":19,"3a4803a8":19,"951fc6d0":19,"f7a7de5d":19,"61892a4c":19,"d4e56c3e":19,"f096219e":19,"0c045c2d":19,"a3f0a6ec":19,"8efd4801":19,"01051f84":19,"7eb8f268":19,"d543ba6f":19,"9666b973":19,"653b27c7":19,"83b37fd6":19,"4d852788":19,"e43a9448":19,"3542b748":19,"379c53ab":19,"e396d80d":19,"7da61f27":19,"dc874a97":19,"aa7e370d":19,"20236d3e":19,"36ae8cd8":19,"f995eeab":19,"3ddd5391":19,"4006e709":19,"07f69c6d":19,"0dedf63e":19,"2254f0f5":19,"a9d5374b":19,"ea282e84":19,"4321f02d":19,"6653c83b":19,"089b3f8f":19,"c896052c":19,"7698d0dc":19,"02f76c64":19,"5c6d1f33":19,"b4801cae":19,"c3c2fd05":19,"f8c97147":19,"c2526ff3":19,"cc386067":19,"a22ffd8f":19,"3cd28a4d":19,"44a12c31":19,"45a961ca":19,"5ca978fd":19,"668e601b":19,"7552d86c":19,"02ebf3b6":19,"bb17a968":19,"4abcb85d":19,"cba26072":19,"2a718dcc":19,"c6a9a8e1":19,"88854fd0":19,"8dc27d2a":19,"41d7f05d":19,"2b851827":19,"9f428a03":19,"4d504d96":19,"0533ece1":19,"784414ce":19,"287ecd1c":19,"f9376d3e":19,"2df3efdb":19,"07a94e8c":19,"d0f1b7bd":19,"272e7d0d":19,"f92596ee":19,"68831ea9":19,"9713d076":19,"fd098272":19,"6ee788a7":19,"8249641d":19,"45b0968f":19,"6a9bb182":19,"bb017b49":19,"e7799883":19,"37b52fe4":19,"4f9456cf":19,"61ad1519":19,"6e260ee8":19,"819c4185":19,"f4f84279":19,"ba69b06b":19,"b0950de5":19,"6f873999":19,"7d2a2cb4":19,"4f62491c":19,"1f4e0e22":19,"70b4c438":19,"60d69311":19,"3b411d6a":19,"83826ef3":19,"595609d5":19,"b47f1b89":19,"8e6caf71":19,"9a3433b8":19,"b89112cb":19,"66736d5e":19,"30de89a7":19,"f1e86522":19,"06aaa33f":19,"fa03f48f":19,"5298dafa":19,"320c65bf":19,"1fa1e7c2":19,"25f7f918":19,"c5311ebb":19,"646af2b9":19,"659389ad":19,"105bb3f6":19,"240c8679":19,"58de5462":19,"f01c896d":19,"0718c3be":19,"1f2670d0":19,"8b503f7b":19,"962c9c8f":19,"87a8523c":19,"c416baa6":19,"aec0bf28":19,"a017a323":19,"ae350a07":19,"680a32a6":19,"8801c469":19,"b6281f1a":19,"83ba647d":19,"cb0bd6b7":19,"48c6df81":19,"8e426e39":19,"5e165f43":19,"f8785b71":19,"51909df8":19,"ab4a411a":19,"e22b0973":19,"808bc372":19,"d7a4b24c":19,"23646ff9":19,"c792a7c1":19,"3abb827b":19,"686d5c0b":19,"5a7da061":19,"f15eb1c5":19,"0c73c293":19,"06a94514":19,"71789493":19,"88929b06":19,"73c420df":19,"5ac72353":19,"08c4692e":19,"0700da70":19,"5b2479ef":19,"d1b14d06":19,"ff591765":19,"f6c074a7":19,"93f12198":19,"3b09f1de":19,"71ed93db":19,"b371f44a":19,"c92efaa8":19,"c241ac7e":19,"8b6180ff":19,"62a45672":19,"8819ac24":19,"210e507a":19,"dbbf7f69":19,"ac6e268b":19,"742238e8":19,"85a220de":19,"40a7cdd2":19,"ac033c7b":19,"87759976":19,"4df3f62e":19,"c881a53e":19,"80c1c8b1":19,"cf52acd8":19,"a63cb4ce":19,"d3b3492b":19,"7580cfa4":19,"22a96386":19,"5c672b50":19,"5df16440":19,"b666e56d":19,"8db378ff":19,"784d6375":19,"4541bf85":19,"a6b13f20":19,"2459c882":19,"3df97186":19,"ef0490de":19,"e0f47ced":19,"309bbf54":19,"cc537772":19,"6618390c":19,"99cc0813":19,"bcee2ef3":19,"0afba00c":19,"04ff8100":19,"6c00d8d6":19,"ac9a02bc":19,"acfe69ed":19,"426603ff":19,"2db2f252":19,"2e84193b":19,"c55683c9":19,"51233daf":19,"02791635":19,"be081247":19,"5cc47d1b":19,"678b846f":19,"b4bd39d8":19,"b4cdbe5d":19,"fa0386f3":19,"b95d0f17":19,"cee9c347":19,"1f1afd4f":19,"25fb8826":19,"0dc5da58":19,"2874a625":19,"e61ae828":19,"f7ac3883":19,"ccd01528":19,"dab8cf68":19,"00f2a9cb":19,"916fe082":19,"b64dba8e":19,"c3bb30ce":19,"86219c70":19,"601990d8":19,"5c662c19":19,"d2a5d2fd":19,"89d220c2":19,"3e10c9cb":19,"5500a3e8":19,"3c0e87ac":19,"a891461f":19,"a246cdab":19,"117c7f0b":19,"0d21cf99":19,"14e6fe14":19,"37ec5e73":19,"bfff7913":19,"f8636899":19,"1d882c36":19,"ffd6849d":19,"62e270e5":19,"eb62e8f2":19,"962fca02":19,"66b1b6d7":19,"75968179":19,"b062adc4":19,"bc8bdc23":19,"4aae5133":19,"a71f3f70":19,"63a3af32":19,"3fec4b0b":19,"1f7aa83c":19,"faa3de3e":19,"732d62ee":19,"44983d13":19,"d4b0751c":19,"80999122":19,"5b01444b":19,"72af9198":19,"79995b62":19,"e39e9552":19,"97160db8":19,"81c1b70d":19,"589f0d6e":19,"51b4016a":19,"e72f0f82":19,"46bf9112":19,"88374b72":19,"092ad3d6":19,"fdfaf1ed":19,"bf940089":19,"ea981bed":19,"01f34f98":19,"5e197575":19,"1670b0d3":19,"e587c4d0":19,"ec97d63e":19,"525b2635":19,"94208a41":19,"caa38a45":19,"2cbcad17":19,"a9987a58":19,"4dccb5ca":19,"b6b8e5c7":19,"83268abf":19,"e82177d3":19,"578c4c95":19,"89914b94":19,"c606b472":19,"04bdf5e1":19,"dc32c4e1":19,"239c636e":19,"6ee160ff":19,"c55d40ca":19,"22c177a8":19,"00ae883f":19,"f416ee62":19,"0d2b182d":19,"320754c3":19,"232b2f64":19,"3171b6e7":19,"3b25460f":19,"d2064756":19,"da8b42be":19,"3b0576bf":19,"9458934f":19,"1dcc489c":19,"945badf3":19,"1327775b":19,"bdd40125":19,"75fd47f7":19,"1c52a07e":19,"e70ccc25":19,"afd1494f":19,"ca6bffd3":19,"829c44a4":19,"e76e2617":19,"2b4fd52e":19,"57162572":19,"d1d50cfe":19,"37724339":19,"d45d9727":19,"ee5ff2a3":19,"44322dfd":19,"295e4d1d":19,"8cf6570a":19,"403064a0":19,"312af46e":19,"b5a9f8c3":19,"fcbc0ae8":19,"2ff6b6a8":19,"66a71cc1":19,"bf4b58e4":19
1601326893524,"7800e7ce":20,"77869ff0":20,"4b8f7b16":20,"89f75690":20,"cb363e2f":20,"cd802f02":20,"d3cca7eb":20,"e866a899":20,"5690e712":20,"0b92d2a9":20,"070bed95":20,"67e5d108":20,"3d37b94b":20,"842c97c2":20,"c4cef92b":20,"0eecdc5b":20,"b7e495ea":20,"080d5d42":20,"45ec63c0":20,"5d03f5dc":20,"0ddfde2c":20,"f0a01341":20,"1ee4d9f9":20,"a8b41774":20,"81f0da2d":20,"0d6e45e7":20,"0da97151":20,"1fcc8ba4":20,"75a9c117":20,"e829038c":20,"12ba54ec":20,"4987cfb5":20,"be391c1a":20,"ba90687c":20,"77f2cf92":20,"37d8a5b7":20,"037e2be4":20,"d5ab81c4":20,"2ecde685":20,"9e7dbd20":20,"f0bd52d3":20,"0c086273":20,"dcc20f76":20,"ac13c3b0":20,"b4d9c57f":20,"666a8ef0":20,"c5b609f1":20,"5d53c964":20,"8ee9cc91":20,"4dc5849a":20,"d605c755":20,"4cc0af91":20,"8a8c1d67":20,"55f6a2ba":20,"cc6b3306":20,"9559ea96":20,"8c2dfd9a":20,"9cb044bf":20,"16b25add":20,"f11267b9":20,"80ee333e":20,"a483b15e":20,"3b329af2":20,"f80ab49d":20,"95eaed39":20,"1cd662bf":20,"a5ba0ebb":20,"72992b35":20,"47589344":20,"f53362a9":20,"1901ef7e":20,"593b1533":20,"960c2e6b":20,"e9f6e5ce":20,"ed6bead5":20,"3515e999":20,"96f594b9":20,"d11f8f1b":20,"9d9eb027":20,"94dfcfc5":20,"8301986e":20,"325f9a29":20,"503aafe5":20,"830ecfec":20,"a8bae791":20,"312009ee":20,"c98759fd":20,"e8b6d676":20,"45ee5840":20,"76f04033":20,"43480b19":20,"fd955858":20,"69798d15":20,"efea71fa":20,"fb3aa867":20,"c9cf710b":20,"fcacdeb3":20,"0ea055ed":20,"e3b1bdf8":20,"644b45fb":20,"d5d94481":20,"ffe48500":20,"c7a45a33":20,"faffe099":20,"e99490cd":20,"3b830769":20,"583f0305":20,"1557c50a":20,"249e80ab":20,"f52a3d94":20,"eb74d3dd":20,"3bcbc28d":20,"3c0455e7":20,"df203c79":20,"df1e1ac0":20,"491708eb":20,"e421caaa":20,"2d2ecf27":20,"d38a4953":20,"eba5efdd":20,"a5463f93":20,"c85ac4f8":20,"590ce3d3":20,"1802d7ce":20,"0a49914b":20,"5d3f5cad":20,"cf347cba":20,"fc0c23f7":20,"641f9b9e":20,"c92edec5":20,"9f03c1e7":20,"06c24a8d":20,"2f35e75f":20,"3eddf7c8":20,"77970f8b":20,"efd594d5":20,"4718294d":20,"5352cf45":20,"e0ffe8ff":20,"ae14d6b5":20,"721f5f42":20,"0b50bca6":20,"bf2ca266":20,"5d8d9641":20,"0de67c6c":20,"2311399f":20,"5e3ebf5e":20,"9f6ca218":20,"6213799d":20,"44cb1fd2":20,"baf19c25":20,"24a79a6e":20,"edde30af":20,"4d949e11":20,"df12f689":20,"1da10cbf":20,"832c48e4":20,"dc90a44c":20,"1ad7c45b":20,"5566c17c":20,"86a22252":20,"0000dece":20,"ce5efdbe":20,"bc253f4f":20,"0d9d2bf8":20,"846b7f11":20,"d3411467":20,"1df0ce7f":20,"a08171d0":20,"c8bc5677":20,"dfca0518":20,"b9a21017":20,"e47705d3":20,"3cae4115":20,"0ccf4731":20,"c7c6782d":20,"54346574":20,"b12cbf87":20,"81942d9b":20,"699b90c1":20,"d9b5a7a8":20,"1e7914d2":20,"e5d8fdb2":20,"3412ab75":20,"bcac5daf":20,"62d028cc":20,"0af2cf39":20,"27491297":20,"d041ea86":20,"1eda11b2":20,"fc442678":20,"58ace2b5":20,"d379fd96":20,"7b819458":20,"7f8024cd":20,"ae562513":20,"7b66dacd":20,"9ab137d7":20,"7191d1cd":20,"005354dd":20,"18c73816":20,"e491161e":20,"b5087677":20,"16f60bed":20,"cb0c3481":20,"7664512c":20,"df9a53b8":20,"f6c27b2b":20,"945f6c24":20,"f1daea7e":20,"b8fb90e3":20,"56227e35":20,"0d6bf22a":20,"b87321d0":20,"43205b5d":20,"8982905a":20,"f6fe1ad7":20,"230064fa":20,"764e0abb":20,"bba6d88e":20,"ea3479ec":20,"32266fa3":20,"50b090c3":20,"8be24763":20,"eb4800b2":20,"6e0ce9dc":20,"87d9bec4":20,"e30dfa0c":20,"6da34174":20,"bfb849fa":20,"0a10b423":20,"9ef7cee7":20,"49f1a0d1":20,"5f04aa76":20,"ba297382":20,"0287db2a":20,"96abe4a9":20,"753b10b1":20,"cf14bd99":20,"782022f4":20,"322e833f":20,"ab3619e4":20,"106006ad":20,"c8237be9":20,"1416e8f5":20,"dde2eed5":20,"a208caa8":20,"16605353":20,"77b39e15":20,"f1726edb":20,"92b72493":20,"d3e58903":20,"4481c4be":20,"7954891b":20,"4afd60a9":20,"d44c0ea3":20,"5b09e53e":20,"da5bb0f7":20,"6d925c84":20,"50b23ab2":20,"edfa56d4":20,"899c16eb":20,"41c76041":20,"6bb1fa99":20,"d73ff72e":20,"61c0ca91":20,"d2fda7be":20,"ce20ca3c":20,"1d2d958b":20,"81fb6a01":20,"7f5b27c8":20,"fb3444d9":20,"f05de640":20,"86a68967":20,"56cd4dca":20,"7f469f4c":20,"f92dedfc":20,"355d1489":20,"f96fc1af":20,"3b3569f6":20,"b01ab62a":20,"76da16fa":20,"bffee581":20,"07150038":20,"080fa362":20,"7b6945ad":20,"a40d08e1":20,"cec79bc2":20,"d2eff358":20,"e70aebb5":20,"a488b2f1":20,"4caa87d6":20,"f7076e21":20,"69e653b6":20,"98d2991b":20,"3b411d6a":20,"83826ef3":20,"595609d5":20,"b47f1b89":20,"8e6caf71":20,"9a3433b8":20,"b89112cb":20,"66736d5e":20,"30de89a7":20,"06aaa33f":20
1601326894431,"06713bac":20,"61aca924":20,"d97fb857":20,"59ff5ec6":20,"ef04e64e":20,"6e2d04de":20,"2fca1798":20,"05028839":20,"5488826c":20,"84fff5c1":20,"c649992d":20,"d5ad3ed6":20,"8e5f7187":20,"55ba7579":20,"b7769ca6":20,"9c27de51":20,"38a75b48":20,"1792bfa3":20,"426f1904":20,"7c0f1ca9":20,"b2f820ac":20,"25d4f65d":20,"eddb6a2a":20,"ff8a00aa":20,"c146560b":20,"985068e7":20,"d543ba6f":20,"a8edfe84":20,"2ed19b1e":20,"959e16ea":20,"02f76c64":20,"5c6d1f33":20,"b4801cae":20,"c3c2fd05":20,"f8c97147":20,"c2526ff3":20,"cc386067":20,"a22ffd8f":20,"3cd28a4d":20,"7021c619":20,"32ae00db":20,"bf2defb2":20,"bc733a28":20,"30d32d34":20,"886c16d3":20,"e8d09b62":20,"44a12c31":20,"45a961ca":20,"68f87858":20,"533bac6b":20,"41634dba":20,"43fd1327":20,"113e7f4b":20,"8cce569a":20,"ce6401b6":20,"6f57824c":20,"28bd7aa1":20,"1d52fb0d":20,"cde0d748":20,"535ed444":20,"710f0d0e":20,"0905f1fb":20,"a20e529c":20,"1ae76fcc":20,"35b161d3":20,"344cd1a3":20,"77ea1236":20,"96d2a118":20,"23a0e41f":20,"b32a1080":20,"a2c4b591":20,"6dfa57be":20,"1854ce44":20,"f92b22f1":20,"ece12664":20,"36f4ecde":20,"568a0d58":20,"5fd569d2":20,"10c8fd03":20,"bd4ccb49":20,"e773d697":20,"7e8c11e7":20,"077eb15a":20,"5337c279":20,"8d256cb6":20,"5ca978fd":20,"668e601b":20,"7552d86c":20,"02ebf3b6":20,"bb17a968":20,"4abcb85d":20,"cba26072":20,"9666b973":20,"653b27c7":20,"83b37fd6":20,"4d852788":20,"e43a9448":20,"3542b748":20,"2a718dcc":20,"c6a9a8e1":20,"88854fd0":20,"8dc27d2a":20,"41d7f05d":20,"2b851827":20,"9f428a03":20,"4d504d96":20,"0533ece1":20,"bcee2ef3":20,"0afba00c":20,"04ff8100":20,"6c00d8d6":20,"ac9a02bc":20,"acfe69ed":20,"426603ff":20,"2db2f252":20,"dfe4a061":20,"f7ffcbb8":20,"c2bf7d51":20,"5728f934":20,"781afef6":20,"00b26865":20,"de9229a0":20,"99a5feef":20,"c333337d":20,"815c56bc":20,"f6266388":20,"5bd61a68":20,"e64fd39c":20,"8582c5cf":20,"e1b3ce36":20,"0c353665":20,"625fa164":20,"231e8700":20,"0c6ae551":20,"e8f4c1dd":20,"1f9fbd85":20,"43f24679":20,"cede8b8c":20,"ad95ff4a":20,"a1c0dfc4":20,"893a99c5":20,"78f71162":20,"4b27a9a4":20,"d8bf32b5":20,"163f4d19":20,"0eb42efe":20,"1d043d5a":20,"03c4ab87":20,"4e3d3af7":20,"b2f82e06":20,"3a4803a8":20,"5b0b43e6":20,"b5474d69":20,"f7a7de5d":20,"d4e56c3e":20,"5a938eeb":20,"0c045c2d":20,"4fe0dedf":20,"8efd4801":20,"951fc6d0":20,"61892a4c":20,"7eb8f268":20,"f096219e":20,"20236d3e":20,"a3f0a6ec":20,"36ae8cd8":20,"2e84193b":20,"c55683c9":20,"51233daf":20,"02791635":20,"272e7d0d":20,"f92596ee":20,"68831ea9":20,"9713d076":20,"fd098272":20,"6ee788a7":20,"8249641d":20,"45b0968f":20,"6a9bb182":20,"1f1afd4f":20,"25fb8826":20,"0dc5da58":20,"2874a625":20,"e61ae828":20,"f7ac3883":20,"ccd01528":20,"be081247":20,"5cc47d1b":20,"678b846f":20,"b4bd39d8":20,"b4cdbe5d":20,"320c65bf":20,"1fa1e7c2":20,"646af2b9":20,"659389ad":20,"f1e86522":20,"240c8679":20,"0718c3be":20,"fa03f48f":20,"5298dafa":20,"8b503f7b":20,"25f7f918":20,"87a8523c":20,"c5311ebb":20,"c416baa6":20,"ae350a07":20,"105bb3f6":20,"680a32a6":20,"58de5462":20,"83ba647d":20,"f01c896d":20,"cb0bd6b7":20,"1f2670d0":20,"8e426e39":20,"962c9c8f":20,"51909df8":20,"aec0bf28":20,"e22b0973":20,"a017a323":20,"8801c469":20,"23646ff9":20,"b6281f1a":20,"3abb827b":20,"48c6df81":20,"0c73c293":20,"88929b06":20,"5e165f43":20,"08c4692e":20,"f8785b71":20,"5b2479ef":20,"ab4a411a":20,"d7a4b24c":20,"1d882c36":20,"808bc372":20,"c792a7c1":20,"eb62e8f2":20,"686d5c0b":20,"f15eb1c5":20,"5a7da061":20,"71789493":20,"06a94514":20,"5ac72353":20,"73c420df":20,"0700da70":20,"d1b14d06":20,"f6c074a7":20,"ff591765":20,"ffd6849d":20,"93f12198":20,"962fca02":20,"62e270e5":20,"fa0386f3":20,"b95d0f17":20,"cee9c347":20,"379c53ab":20,"e396d80d":20,"7da61f27":20,"dc874a97":20,"85a220de":20,"40a7cdd2":20,"ac033c7b":20,"87759976":20,"4df3f62e":20,"c881a53e":20,"80c1c8b1":20,"cf52acd8":20,"a63cb4ce":20,"d3b3492b":20,"7580cfa4":20,"22a96386":20,"5c672b50":20,"5df16440":20,"b666e56d":20,"8db378ff":20,"784d6375":20,"4541bf85":20,"a6b13f20":20,"2459c882":20,"3df97186":20,"ef0490de":20,"e0f47ced":20,"309bbf54":20,"cc537772":20,"6618390c":20,"afd1494f":20,"ca6bffd3":20,"829c44a4":20,"e76e2617":20,"2b4fd52e":20,"57162572":20,"d1d50cfe":20,"3ddd5391":20,"01051f84":20,"07f69c6d":20,"aa7e370d":20,"2254f0f5":20,"f995eeab":20,"4006e709":20,"ea282e84":20,"0dedf63e":20,"6653c83b":20,"a9d5374b":20,"c896052c":20,"4321f02d":20,"287ecd1c":20,"089b3f8f":20,"7698d0dc":20,"f9376d3e":20,"784414ce":20,"07a94e8c":20,"2df3efdb":20,"bb017b49":20,"37b52fe4":20,"d0f1b7bd":20,"61ad1519":20,"e7799883":20,"4f9456cf":20,"819c4185":20,"ba69b06b":20,"6e260ee8":20,"f4f84279":20,"7d2a2cb4":20,"b0950de5":20,"4f62491c":20,"6f873999":20,"1f4e0e22":20,"70b4c438":20,"71ed93db":20,"60d69311":20,"3b09f1de":20,"c92efaa8":20,"c241ac7e":20,"b371f44a":20,"8b6180ff":20,"62a45672":20,"dab8cf68":20,"00f2a9cb":20,"916fe082":20,"b64dba8e":20,"c3bb30ce":20,"86219c70":20,"601990d8":20,"5c662c19":20,"d2a5d2fd":20,"89d220c2":20,"3e10c9cb":20,"5500a3e8":20,"3c0e87ac":20,"a891461f":20,"a246cdab":20,"117c7f0b":20,"0d21cf99":20,"14e6fe14":20,"37ec5e73":20,"bfff7913":20,"f8636899":20,"37724339":20,"d45d9727":20,"ee5ff2a3":20,"44322dfd":20,"295e4d1d":20,"8cf6570a":20,"403064a0":20,"312af46e":20,"b5a9f8c3":20,"66b1b6d7":20,"75968179":20,"bc8bdc23":20,"b062adc4":20,"4aae5133":20,"a71f3f70":20,"1f7aa83c":20,"63a3af32":20,"3fec4b0b":20,"732d62ee":20,"d4b0751c":20,"faa3de3e":20,"44983d13":20,"5b01444b":20,"79995b62":20,"80999122":20,"97160db8":20,"72af9198":20,"e39e9552":20,"589f0d6e":20,"81c1b70d":20,"51b4016a":20,"e72f0f82":20,"46bf9112":20,"092ad3d6":20,"88374b72":20,"fdfaf1ed":20,"bf940089":20,"01f34f98":20,"ea981bed":20,"5e197575":20,"1670b0d3":20,"e587c4d0":20,"ec97d63e":20,"525b2635":20,"94208a41":20,"caa38a45":20,"2cbcad17":20,"a9987a58":20,"4dccb5ca":20,"b6b8e5c7":20,"83268abf":20,"e82177d3":20,"578c4c95":20,"89914b94":20,"c606b472":20,"04bdf5e1":20,"da8b42be":20,"3b0576bf":20,"9458934f":20,"1dcc489c":20,"945badf3":20,"1327775b":20,"bdd40125":20,"75fd47f7":20,"1c52a07e":20,"e70ccc25":20,"99cc0813":20,"dc32c4e1":20,"239c636e":20,"6ee160ff":20,"c55d40ca":20,"22c177a8":20,"00ae883f":20,"f416ee62":20,"0d2b182d":20,"320754c3":20,"232b2f64":20,"3171b6e7":20,"3b25460f":20,"d2064756":20,"8819ac24":20,"210e507a":20,"dbbf7f69":20,"ac6e268b":20,"742238e8":20,"fcbc0ae8":20,"2ff6b6a8":20,"66a71cc1":20,"bf4b58e4":20
1601326896636,"7800e7ce":21,"77869ff0":21,"4b8f7b16":21,"89f75690":21,"cb363e2f":21,"cd802f02":21,"d3cca7eb":21
1601326897278,"d5d94481":21,"ffe48500":21,"c7a45a33":21,"faffe099":21,"e99490cd":21,"3b830769":21,"583f0305":21,"1557c50a":21,"249e80ab":21,"f52a3d94":21,"eb74d3dd":21,"3bcbc28d":21,"3c0455e7":21,"df203c79":21,"df1e1ac0":21,"491708eb":21,"e421caaa":21,"2d2ecf27":21,"d38a4953":21,"eba5efdd":21,"a5463f93":21,"c85ac4f8":21,"bc253f4f":21,"0d9d2bf8":21,"846b7f11":21,"d3411467":21,"1df0ce7f":21,"a08171d0":21,"c8bc5677":21,"dfca0518":21,"b9a21017":21,"e47705d3":21,"3cae4115":21,"0ccf4731":21,"c7c6782d":21,"54346574":21,"b12cbf87":21,"81942d9b":21,"699b90c1":21,"d9b5a7a8":21,"1e7914d2":21,"e5d8fdb2":21,"3412ab75":21,"bcac5daf":21,"62d028cc":21,"0af2cf39":21,"27491297":21,"18c73816":21,"e491161e":21,"d041ea86":21,"1eda11b2":21,"fc442678":21,"3b3569f6":21,"b01ab62a":21,"76da16fa":21,"bffee581":21,"07150038":21,"080fa362":21,"7b6945ad":21,"a40d08e1":21,"cec79bc2":21,"d2eff358":21,"e70aebb5":21,"a488b2f1":21,"4caa87d6":21,"f7076e21":21,"69e653b6":21,"98d2991b":21,"3b411d6a":21,"83826ef3":21,"595609d5":21,"b47f1b89":21,"5b09e53e":21,"da5bb0f7":21,"6d925c84":21,"50b23ab2":21,"edfa56d4":21,"899c16eb":21,"41c76041":21,"6bb1fa99":21,"d73ff72e":21,"61c0ca91":21,"d2fda7be":21,"8e6caf71":21,"9a3433b8":21,"b89112cb":21,"66736d5e":21,"30de89a7":21,"06aaa33f":21,"320c65bf":21,"1fa1e7c2":21,"f1e86522":21,"fa03f48f":21,"646af2b9":21,"5298dafa":21,"659389ad":21,"240c8679":21,"25f7f918":21,"c5311ebb":21,"0718c3be":21,"105bb3f6":21,"8b503f7b":21,"b5087677":21,"16f60bed":21,"cb0c3481":21,"7664512c":21,"df9a53b8":21,"f6c27b2b":21,"945f6c24":21,"f1daea7e":21,"b8fb90e3":21,"56227e35":21,"0d6bf22a":21,"b87321d0":21,"43205b5d":21,"8982905a":21,"f6fe1ad7":21,"230064fa":21,"764e0abb":21,"bba6d88e":21,"ea3479ec":21,"32266fa3":21,"50b090c3":21,"8be24763":21,"eb4800b2":21,"6e0ce9dc":21,"87d9bec4":21,"e30dfa0c":21,"6da34174":21,"bfb849fa":21,"0a10b423":21,"9ef7cee7":21,"49f1a0d1":21,"58de5462":21,"87a8523c":21,"c416baa6":21,"f01c896d":21,"ae350a07":21,"1f2670d0":21,"e866a899":21,"5690e712":21,"0b92d2a9":21,"070bed95":21,"67e5d108":21,"3d37b94b":21,"842c97c2":21,"c4cef92b":21,"0eecdc5b":21,"b7e495ea":21,"080d5d42":21,"45ec63c0":21,"5d03f5dc":21,"f0a01341":21,"0ddfde2c":21,"a8b41774":21,"1ee4d9f9":21,"0d6e45e7":21,"81f0da2d":21,"1fcc8ba4":21,"0da97151":21,"e829038c":21,"75a9c117":21,"12ba54ec":21,"4987cfb5":21,"ba90687c":21,"be391c1a":21,"77f2cf92":21,"37d8a5b7":21,"037e2be4":21,"d5ab81c4":21,"9e7dbd20":21,"2ecde685":21,"f0bd52d3":21,"0c086273":21,"ac13c3b0":21,"dcc20f76":21,"b4d9c57f":21,"666a8ef0":21,"c5b609f1":21,"5d53c964":21,"680a32a6":21,"962c9c8f":21,"aec0bf28":21,"83ba647d":21,"cb0bd6b7":21,"a017a323":21,"8801c469":21,"8e426e39":21,"b6281f1a":21,"51909df8":21,"e22b0973":21,"48c6df81":21,"23646ff9":21,"5e165f43":21,"3abb827b":21,"f8785b71":21,"0c73c293":21,"ab4a411a":21,"88929b06":21,"808bc372":21,"d7a4b24c":21,"686d5c0b":21,"08c4692e":21,"c792a7c1":21,"f15eb1c5":21,"5a7da061":21,"5b2479ef":21,"71789493":21,"06a94514":21,"1d882c36":21,"5ac72353":21,"73c420df":21,"eb62e8f2":21,"0700da70":21,"d1b14d06":21,"f6c074a7":21,"ff591765":21,"ffd6849d":21,"93f12198":21,"962fca02":21,"62e270e5":21,"66b1b6d7":21,"75968179":21,"bc8bdc23":21,"b062adc4":21,"4aae5133":21,"a71f3f70":21,"1f7aa83c":21,"63a3af32":21,"732d62ee":21,"3fec4b0b":21,"590ce3d3":21,"1802d7ce":21,"0a49914b":21,"5d3f5cad":21,"cf347cba":21,"fc0c23f7":21,"641f9b9e":21,"c92edec5":21,"9f03c1e7":21,"06c24a8d":21,"2f35e75f":21,"3eddf7c8":21,"77970f8b":21,"efd594d5":21,"4718294d":21,"5352cf45":21,"e0ffe8ff":21,"ae14d6b5":21,"721f5f42":21,"0b50bca6":21,"bf2ca266":21,"5d8d9641":21,"0de67c6c":21,"2311399f":21,"5e3ebf5e":21,"9f6ca218":21,"6213799d":21,"44cb1fd2":21,"baf19c25":21,"d4b0751c":21,"faa3de3e":21,"ce20ca3c":21,"1d2d958b":21,"81fb6a01":21,"7f5b27c8":21,"fb3444d9":21,"f05de640":21,"86a68967":21,"56cd4dca":21,"7f469f4c":21,"f92dedfc":21,"355d1489":21,"f96fc1af":21,"06713bac":21,"61aca924":21,"d97fb857":21,"59ff5ec6":21,"ef04e64e":21,"6e2d04de":21,"2fca1798":21,"05028839":21,"5488826c":21,"84fff5c1":21,"c649992d":21,"d5ad3ed6":21,"8e5f7187":21,"55ba7579":21,"b7769ca6":21,"9c27de51":21,"38a75b48":21,"1792bfa3":21,"426f1904":21,"7c0f1ca9":21,"b2f820ac":21,"25d4f65d":21,"5b01444b":21,"44983d13":21,"79995b62":21,"80999122":21,"97160db8":21,"72af9198":21,"589f0d6e":21,"e39e9552":21,"51b4016a":21,"81c1b70d":21,"e72f0f82":21,"46bf9112":21,"092ad3d6":21,"88374b72":21,"5f04aa76":21,"ba297382":21,"0287db2a":21,"96abe4a9":21,"753b10b1":21,"cf14bd99":21,"782022f4":21,"322e833f":21,"ab3619e4":21,"106006ad":21,"c8237be9":21,"1416e8f5":21,"dde2eed5":21,"a208caa8":21,"92b72493":21,"d3e58903":21,"16605353":21,"77b39e15":21,"4481c4be":21,"7954891b":21,"f1726edb":21,"4afd60a9":21,"d44c0ea3":21,"68f87858":21,"533bac6b":21,"41634dba":21,"43fd1327":21,"113e7f4b":21,"8cce569a":21,"ce6401b6":21,"6f57824c":21,"28bd7aa1":21,"1d52fb0d":21,"cde0d748":21,"535ed444":21,"710f0d0e":21,"fdfaf1ed":21,"bf940089":21,"e3b1bdf8":21,"644b45fb":21,"01f34f98":21,"ea981bed":21,"5e197575":21,"1670b0d3":21,"e587c4d0":21,"ec97d63e":21,"94208a41":21,"525b2635":21,"2cbcad17":21,"caa38a45":21,"4dccb5ca":21,"a9987a58":21,"4dc5849a":21,"8ee9cc91":21,"4cc0af91":21,"d605c755":21,"55f6a2ba":21,"8a8c1d67":21,"cc6b3306":21,"9559ea96":21,"9cb044bf":21,"8c2dfd9a":21,"f11267b9":21,"16b25add":21,"a483b15e":21,"80ee333e":21,"f80ab49d":21,"3b329af2":21,"95eaed39":21,"1cd662bf":21,"72992b35":21,"a5ba0ebb":21,"f53362a9":21,"47589344":21,"1901ef7e":21,"593b1533":21,"e9f6e5ce":21,"960c2e6b":21,"ed6bead5":21,"3515e999":21,"96f594b9":21,"d11f8f1b":21,"94dfcfc5":21,"9d9eb027":21,"325f9a29":21,"8301986e":21,"830ecfec":21,"503aafe5":21,"a8bae791":21,"312009ee":21,"c98759fd":21,"e8b6d676":21,"45ee5840":21,"76f04033":21,"43480b19":21,"fd955858":21,"69798d15":21,"efea71fa":21,"fb3aa867":21,"c9cf710b":21,"fcacdeb3":21,"0ea055ed":21,"b6b8e5c7":21,"83268abf":21,"e82177d3":21,"578c4c95":21,"89914b94":21,"c606b472":21,"04bdf5e1":21,"da8b42be":21,"3b0576bf":21,"9458934f":21,"1dcc489c":21,"945badf3":21,"1327775b":21,"bdd40125":21,"eddb6a2a":21,"ff8a00aa":21,"c146560b":21,"985068e7":21,"d543ba6f":21,"75fd47f7":21,"1c52a07e":21,"e70ccc25":21,"afd1494f":21,"ca6bffd3":21,"829c44a4":21,"e76e2617":21,"2b4fd52e":21,"57162572":21,"d1d50cfe":21,"0905f1fb":21,"a20e529c":21,"1ae76fcc":21,"35b161d3":21,"344cd1a3":21,"77ea1236":21,"96d2a118":21,"23a0e41f":21,"b32a1080":21,"a2c4b591":21,"6dfa57be":21,"1854ce44":21,"f92b22f1":21,"ece12664":21,"36f4ecde":21,"568a0d58":21,"5fd569d2":21,"10c8fd03":21,"bd4ccb49":21,"e773d697":21,"7e8c11e7":21,"077eb15a":21,"5337c279":21,"8d256cb6":21,"7021c619":21,"32ae00db":21,"24a79a6e":21,"edde30af":21,"4d949e11":21,"df12f689":21,"1da10cbf":21,"832c48e4":21,"dc90a44c":21,"1ad7c45b":21,"5566c17c":21,"86a22252":21,"0000dece":21,"ce5efdbe":21,"58ace2b5":21,"d379fd96":21,"7b819458":21,"7f8024cd":21,"ae562513":21,"7b66dacd":21,"9ab137d7":21,"7191d1cd":21,"005354dd":21,"bf2defb2":21,"bc733a28":21,"30d32d34":21,"886c16d3":21,"e8d09b62":21,"9666b973":21,"653b27c7":21,"83b37fd6":21,"4d852788":21,"e43a9448":21,"3542b748":21,"379c53ab":21,"e396d80d":21,"7da61f27":21,"dc874a97":21,"85a220de":21,"40a7cdd2":21,"ac033c7b":21,"87759976":21,"4df3f62e":21,"c881a53e":21,"80c1c8b1":21,"cf52acd8":21,"a63cb4ce":21,"d3b3492b":21,"7580cfa4":21,"22a96386":21,"5c672b50":21,"5df16440":21,"b666e56d":21,"8db378ff":21,"784d6375":21,"4541bf85":21,"a6b13f20":21,"2459c882":21,"3df97186":21,"ef0490de":21,"e0f47ced":21,"309bbf54":21,"cc537772":21,"6618390c":21,"99cc0813":21,"dc32c4e1":21,"239c636e":21,"6ee160ff":21,"c55d40ca":21,"22c177a8":21,"00ae883f":21,"f416ee62":21,"0d2b182d":21,"320754c3":21,"232b2f64":21,"3171b6e7":21,"3b25460f":21,"d2064756":21,"a8edfe84":21,"2ed19b1e":21,"959e16ea":21,"02f76c64":21,"5c6d1f33":21,"b4801cae":21,"c3c2fd05":21,"f8c97147":21,"c2526ff3":21,"cc386067":21,"a22ffd8f":21,"3cd28a4d":21,"44a12c31":21,"45a961ca":21,"272e7d0d":21,"f92596ee":21,"68831ea9":21,"9713d076":21,"fd098272":21,"6ee788a7":21,"8249641d":21,"45b0968f":21,"6a9bb182":21,"1f1afd4f":21,"25fb8826":21,"0dc5da58":21,"2874a625":21,"e61ae828":21,"f7ac3883":21,"ccd01528":21,"dab8cf68":21,"00f2a9cb":21,"916fe082":21,"b64dba8e":21,"c3bb30ce":21,"86219c70":21,"601990d8":21,"5c662c19":21,"d2a5d2fd":21,"89d220c2":21,"3e10c9cb":21,"dfe4a061":21,"c2bf7d51":21,"781afef6":21,"de9229a0":21,"99a5feef":21,"f6266388":21,"e64fd39c":21,"e1b3ce36":21,"625fa164":21,"0c6ae551":21,"e8f4c1dd":21,"cede8b8c":21,"f7ffcbb8":21,"ad95ff4a":21,"5728f934":21,"893a99c5":21,"00b26865":21,"c333337d":21,"d8bf32b5":21,"815c56bc":21,"0eb42efe":21,"5bd61a68":21,"03c4ab87":21,"8582c5cf":21,"4e3d3af7":21,"3a4803a8":21,"0c353665":21,"f7a7de5d":21,"231e8700":21,"1f9fbd85":21,"d4e56c3e":21,"5500a3e8":21,"3c0e87ac":21,"a891461f":21,"a246cdab":21,"117c7f0b":21,"0d21cf99":21,"14e6fe14":21,"37ec5e73":21,"bfff7913":21,"f8636899":21,"37724339":21,"d45d9727":21,"ee5ff2a3":21,"44322dfd":21,"295e4d1d":21,"8cf6570a":21,"403064a0":21,"312af46e":21,"b5a9f8c3":21,"fcbc0ae8":21,"2ff6b6a8":21,"66a71cc1":21,"bf4b58e4":21,"5ca978fd":21,"668e601b":21,"7552d86c":21,"02ebf3b6":21,"bb17a968":21,"4abcb85d":21,"cba26072":21,"2a718dcc":21,"c6a9a8e1":21,"88854fd0":21,"8dc27d2a":21,"41d7f05d":21,"2b851827":21,"9f428a03":21,"4d504d96":21,"0533ece1":21,"bcee2ef3":21,"0afba00c":21,"04ff8100":21,"6c00d8d6":21,"ac9a02bc":21,"acfe69ed":21,"426603ff":21,"2db2f252":21,"2e84193b":21,"c55683c9":21,"51233daf":21,"02791635":21,"be081247":21,"5cc47d1b":21,"678b846f":21,"b4bd39d8":21,"b4cdbe5d":21,"fa0386f3":21,"b95d0f17":21,"cee9c347":21,"6e260ee8":21,"f4f84279":21,"b0950de5":21,"6f873999":21,"1f4e0e22":21,"60d69311":21,"3b09f1de":21,"b371f44a":21,"8b6180ff":21,"8819ac24":21,"dbbf7f69":21
1601326897591,"0c045c2d":21,"43f24679":21,"8efd4801":21,"a1c0dfc4":21,"78f71162":21,"7eb8f268":21,"4b27a9a4":21,"20236d3e":21,"163f4d19":21,"36ae8cd8":21,"3ddd5391":21,"1d043d5a":21,"07f69c6d":21,"b2f82e06":21,"5b0b43e6":21,"2254f0f5":21,"ea282e84":21,"b5474d69":21,"5a938eeb":21,"6653c83b":21,"c896052c":21,"4fe0dedf":21,"951fc6d0":21,"287ecd1c":21,"61892a4c":21,"f9376d3e":21,"07a94e8c":21,"f096219e":21,"a3f0a6ec":21,"bb017b49":21,"01051f84":21,"37b52fe4":21,"aa7e370d":21,"61ad1519":21,"819c4185":21,"f995eeab":21,"ba69b06b":21,"4006e709":21,"0dedf63e":21,"7d2a2cb4":21,"a9d5374b":21,"4f62491c":21,"70b4c438":21,"4321f02d":21,"089b3f8f":21,"71ed93db":21,"c92efaa8":21,"7698d0dc":21,"c241ac7e":21,"784414ce":21,"2df3efdb":21,"62a45672":21,"210e507a":21,"d0f1b7bd":21,"ac6e268b":21,"e7799883":21,"742238e8":21,"4f9456cf":21
1601326900358,"7800e7ce":22,"77869ff0":22,"4b8f7b16":22,"89f75690":22,"cb363e2f":22,"cd802f02":22,"d3cca7eb":22,"e866a899":22,"5690e712":22,"0b92d2a9":22,"070bed95":22,"67e5d108":22,"3d37b94b":22,"842c97c2":22,"c4cef92b":22,"0eecdc5b":22,"b7e495ea":22,"45ec63c0":22,"0ddfde2c":22,"a8b41774":22,"81f0da2d":22,"1fcc8ba4":22,"75a9c117":22,"12ba54ec":22,"080d5d42":22,"be391c1a":22,"37d8a5b7":22,"5d03f5dc":22,"f0a01341":22,"d5ab81c4":22,"1ee4d9f9":22,"2ecde685":22,"0d6e45e7":22,"f0bd52d3":22,"dcc20f76":22,"0da97151":22,"666a8ef0":22,"e829038c":22,"4987cfb5":22,"c5b609f1":22,"ba90687c":22,"4dc5849a":22,"d605c755":22,"77f2cf92":22,"8a8c1d67":22,"037e2be4":22,"cc6b3306":22,"9e7dbd20":22,"8c2dfd9a":22,"0c086273":22,"ac13c3b0":22,"f11267b9":22,"b4d9c57f":22,"a483b15e":22,"f80ab49d":22,"5d53c964":22,"8ee9cc91":22,"95eaed39":22,"a5ba0ebb":22,"4cc0af91":22,"55f6a2ba":22,"f53362a9":22,"1901ef7e":22,"9559ea96":22,"960c2e6b":22,"9cb044bf":22,"3515e999":22,"16b25add":22,"80ee333e":22,"d11f8f1b":22,"9d9eb027":22,"3b329af2":22,"1cd662bf":22,"325f9a29":22,"503aafe5":22,"72992b35":22,"47589344":22,"593b1533":22,"e9f6e5ce":22,"ed6bead5":22,"96f594b9":22,"94dfcfc5":22,"8301986e":22,"d5d94481":22,"ffe48500":22,"c7a45a33":22,"faffe099":22,"e99490cd":22,"3b830769":22,"583f0305":22,"1557c50a":22,"249e80ab":22,"f52a3d94":22,"eb74d3dd":22,"3bcbc28d":22,"3c0455e7":22,"df203c79":22,"df1e1ac0":22,"830ecfec":22,"a8bae791":22,"312009ee":22,"c98759fd":22,"e8b6d676":22,"45ee5840":22,"76f04033":22,"43480b19":22,"fd955858":22,"69798d15":22,"efea71fa":22,"fb3aa867":22,"c9cf710b":22,"fcacdeb3":22,"0ea055ed":22,"e3b1bdf8":22,"644b45fb":22,"590ce3d3":22,"1802d7ce":22,"0a49914b":22,"5d3f5cad":22,"cf347cba":22,"fc0c23f7":22,"18c73816":22,"e491161e":22,"b5087677":22,"16f60bed":22,"cb0c3481":22,"7664512c":22,"df9a53b8":22,"f6c27b2b":22,"945f6c24":22,"f1daea7e":22,"b8fb90e3":22,"641f9b9e":22,"c92edec5":22,"9f03c1e7":22,"06c24a8d":22,"2f35e75f":22,"3eddf7c8":22,"77970f8b":22,"efd594d5":22,"4718294d":22,"5352cf45":22,"e0ffe8ff":22,"ae14d6b5":22,"721f5f42":22,"0b50bca6":22,"bf2ca266":22,"5d8d9641":22,"0de67c6c":22,"2311399f":22,"5e3ebf5e":22,"9f6ca218":22,"6213799d":22,"44cb1fd2":22,"baf19c25":22,"24a79a6e":22,"edde30af":22,"4d949e11":22,"df12f689":22,"1da10cbf":22,"832c48e4":22,"dc90a44c":22,"1ad7c45b":22,"5566c17c":22,"86a22252":22,"491708eb":22,"e421caaa":22,"2d2ecf27":22,"d38a4953":22,"eba5efdd":22,"a5463f93":22,"c85ac4f8":22,"bc253f4f":22,"0d9d2bf8":22,"846b7f11":22,"d3411467":22,"1df0ce7f":22,"a08171d0":22,"c8bc5677":22,"dfca0518":22,"b9a21017":22,"e47705d3":22,"3cae4115":22,"0ccf4731":22,"c7c6782d":22,"54346574":22,"b12cbf87":22,"81942d9b":22,"699b90c1":22,"d9b5a7a8":22,"1e7914d2":22,"e5d8fdb2":22,"3412ab75":22,"bcac5daf":22,"62d028cc":22,"0af2cf39":22,"27491297":22,"d041ea86":22,"1eda11b2":22,"fc442678":22,"0000dece":22,"ce5efdbe":22,"58ace2b5":22,"d379fd96":22,"7b819458":22,"7f8024cd":22,"ae562513":22,"7b66dacd":22,"9ab137d7":22,"7191d1cd":22,"005354dd":22,"3b3569f6":22,"b01ab62a":22,"76da16fa":22,"bffee581":22,"07150038":22,"080fa362":22,"7b6945ad":22,"a40d08e1":22,"cec79bc2":22,"56227e35":22,"0d6bf22a":22,"b87321d0":22,"43205b5d":22,"8982905a":22,"f6fe1ad7":22,"230064fa":22,"764e0abb":22,"bba6d88e":22,"ea3479ec":22,"32266fa3":22,"50b090c3":22,"8be24763":22,"eb4800b2":22,"6e0ce9dc":22,"87d9bec4":22,"e30dfa0c":22,"6da34174":22,"bfb849fa":22,"0a10b423":22,"9ef7cee7":22,"49f1a0d1":22,"5f04aa76":22,"ba297382":22,"0287db2a":22,"96abe4a9":22,"753b10b1":22,"cf14bd99":22,"782022f4":22,"322e833f":22,"ab3619e4":22,"106006ad":22,"c8237be9":22,"1416e8f5":22,"dde2eed5":22,"5b09e53e":22,"da5bb0f7":22,"6d925c84":22,"50b23ab2":22,"edfa56d4":22,"899c16eb":22,"41c76041":22,"6bb1fa99":22,"d73ff72e":22,"61c0ca91":22,"d2fda7be":22,"ce20ca3c":22,"1d2d958b":22,"81fb6a01":22,"7f5b27c8":22,"fb3444d9":22,"f05de640":22,"86a68967":22,"56cd4dca":22,"7f469f4c":22,"f92dedfc":22,"355d1489":22,"f96fc1af":22,"06713bac":22,"61aca924":22,"d97fb857":22,"59ff5ec6":22,"ef04e64e":22,"6e2d04de":22,"2fca1798":22,"05028839":22,"5488826c":22,"84fff5c1":22,"c649992d":22,"d5ad3ed6":22,"8e5f7187":22,"dfe4a061":22,"36f4ecde":22,"568a0d58":22,"5fd569d2":22,"10c8fd03":22,"bd4ccb49":22,"e773d697":22,"7e8c11e7":22,"077eb15a":22,"5337c279":22,"8d256cb6":22,"7021c619":22,"32ae00db":22,"bf2defb2":22,"bc733a28":22,"30d32d34":22,"886c16d3":22,"e8d09b62":22,"a208caa8":22,"16605353":22,"77b39e15":22,"92b72493":22,"f1726edb":22,"d3e58903":22,"4481c4be":22,"7954891b":22,"4afd60a9":22,"d44c0ea3":22,"68f87858":22,"533bac6b":22,"41634dba":22,"43fd1327":22,"113e7f4b":22,"8cce569a":22,"ce6401b6":22,"6f57824c":22,"28bd7aa1":22,"1d52fb0d":22,"cde0d748":22,"535ed444":22,"710f0d0e":22,"0905f1fb":22,"a20e529c":22,"1ae76fcc":22,"35b161d3":22,"344cd1a3":22,"77ea1236":22,"96d2a118":22,"23a0e41f":22,"b32a1080":22,"a2c4b591":22,"6dfa57be":22,"1854ce44":22,"f92b22f1":22,"ece12664":22,"a8edfe84":22,"2ed19b1e":22,"959e16ea":22,"55ba7579":22,"b7769ca6":22,"9c27de51":22,"38a75b48":22,"1792bfa3":22,"426f1904":22,"7c0f1ca9":22,"b2f820ac":22,"25d4f65d":22,"eddb6a2a":22,"ff8a00aa":22,"c146560b":22,"985068e7":22,"d543ba6f":22,"02f76c64":22,"5c6d1f33":22,"b4801cae":22,"c3c2fd05":22,"f8c97147":22,"c2526ff3":22,"cc386067":22,"a22ffd8f":22,"3cd28a4d":22,"44a12c31":22,"45a961ca":22,"5ca978fd":22,"668e601b":22,"7552d86c":22,"02ebf3b6":22,"bb17a968":22,"4abcb85d":22,"cba26072":22,"2a718dcc":22,"c6a9a8e1":22,"88854fd0":22,"8dc27d2a":22,"d2eff358":22,"e70aebb5":22,"a488b2f1":22,"4caa87d6":22,"f7076e21":22,"69e653b6":22,"98d2991b":22,"3b411d6a":22,"83826ef3":22,"595609d5":22,"b47f1b89":22,"8e6caf71":22,"9a3433b8":22,"b89112cb":22,"66736d5e":22,"30de89a7":22,"06aaa33f":22,"320c65bf":22,"1fa1e7c2":22,"646af2b9":22,"659389ad":22,"f1e86522":22,"240c8679":22,"0718c3be":22,"fa03f48f":22,"8b503f7b":22,"5298dafa":22,"25f7f918":22,"87a8523c":22,"c416baa6":22,"c5311ebb":22,"105bb3f6":22,"ae350a07":22,"680a32a6":22,"58de5462":22,"f01c896d":22,"83ba647d":22,"cb0bd6b7":22,"1f2670d0":22,"962c9c8f":22,"8e426e39":22,"aec0bf28":22,"51909df8":22,"41d7f05d":22,"2b851827":22,"9f428a03":22,"4d504d96":22,"0533ece1":22,"bcee2ef3":22,"0afba00c":22,"04ff8100":22,"6c00d8d6":22,"ac9a02bc":22,"9666b973":22,"653b27c7":22,"83b37fd6":22,"4d852788":22,"e43a9448":22,"3542b748":22,"379c53ab":22,"c2bf7d51":22,"781afef6":22,"de9229a0":22,"99a5feef":22,"f6266388":22,"e64fd39c":22,"e1b3ce36":22,"625fa164":22,"0c6ae551":22,"e8f4c1dd":22,"cede8b8c":22,"ad95ff4a":22,"893a99c5":22,"f7ffcbb8":22,"d8bf32b5":22,"5728f934":22,"0eb42efe":22,"03c4ab87":22,"00b26865":22,"c333337d":22,"4e3d3af7":22,"815c56bc":22,"3a4803a8":22,"f7a7de5d":22,"5bd61a68":22,"8582c5cf":22,"d4e56c3e":22,"0c353665":22,"0c045c2d":22,"231e8700":22,"8efd4801":22,"7eb8f268":22,"1f9fbd85":22,"43f24679":22,"20236d3e":22,"a1c0dfc4":22,"36ae8cd8":22,"78f71162":22,"3ddd5391":22,"4b27a9a4":22,"07f69c6d":22,"163f4d19":22,"2254f0f5":22,"1d043d5a":22,"ea282e84":22,"6653c83b":22,"b2f82e06":22,"acfe69ed":22
1601326900664,"272e7d0d":22,"f92596ee":22,"68831ea9":22,"9713d076":22,"fd098272":22,"6ee788a7":22,"8249641d":22,"45b0968f":22,"6a9bb182":22,"1f1afd4f":22,"25fb8826":22,"0dc5da58":22,"2874a625":22,"e61ae828":22,"f7ac3883":22,"ccd01528":22,"dab8cf68":22,"00f2a9cb":22,"916fe082":22,"b64dba8e":22,"c3bb30ce":22,"86219c70":22,"601990d8":22,"5c662c19":22,"d2a5d2fd":22,"89d220c2":22,"3e10c9cb":22,"5500a3e8":22,"3c0e87ac":22,"a891461f":22,"a246cdab":22,"117c7f0b":22,"0d21cf99":22,"14e6fe14":22,"37ec5e73":22,"bfff7913":22,"f8636899":22,"37724339":22,"e396d80d":22,"d45d9727":22,"ee5ff2a3":22,"44322dfd":22,"295e4d1d":22,"8cf6570a":22,"403064a0":22,"312af46e":22,"b5a9f8c3":22,"fcbc0ae8":22,"2ff6b6a8":22,"66a71cc1":22,"bf4b58e4":22,"e22b0973":22,"a017a323":22,"8801c469":22,"23646ff9":22,"b6281f1a":22,"3abb827b":22,"48c6df81":22,"0c73c293":22,"5e165f43":22,"88929b06":22,"08c4692e":22,"f8785b71":22,"ab4a411a":22,"5b2479ef":22,"d7a4b24c":22,"1d882c36":22,"686d5c0b":22,"808bc372":22,"eb62e8f2":22,"f15eb1c5":22,"c792a7c1":22,"71789493":22,"5a7da061":22,"5ac72353":22,"06a94514":22,"d1b14d06":22,"73c420df":22,"f6c074a7":22,"0700da70":22,"ffd6849d":22,"ff591765":22,"962fca02":22,"93f12198":22,"62e270e5":22,"75968179":22,"66b1b6d7":22,"bc8bdc23":22,"b062adc4":22,"a71f3f70":22,"1f7aa83c":22,"4aae5133":22,"732d62ee":22,"63a3af32":22,"d4b0751c":22,"3fec4b0b":22,"faa3de3e":22,"5b01444b":22,"44983d13":22,"79995b62":22,"97160db8":22,"80999122":22,"589f0d6e":22,"72af9198":22,"e39e9552":22,"51b4016a":22,"81c1b70d":22,"46bf9112":22,"092ad3d6":22,"e72f0f82":22,"bf940089":22,"88374b72":22,"7da61f27":22,"dc874a97":22,"85a220de":22,"40a7cdd2":22,"ac033c7b":22,"87759976":22,"4df3f62e":22,"c881a53e":22,"80c1c8b1":22,"cf52acd8":22,"a63cb4ce":22,"d3b3492b":22,"7580cfa4":22,"22a96386":22,"5c672b50":22,"5df16440":22,"b666e56d":22,"8db378ff":22,"784d6375":22,"4541bf85":22,"a6b13f20":22,"2459c882":22,"3df97186":22,"ef0490de":22,"e0f47ced":22,"309bbf54":22,"cc537772":22,"6618390c":22,"99cc0813":22,"dc32c4e1":22,"239c636e":22,"6ee160ff":22,"01f34f98":22,"fdfaf1ed":22,"ea981bed":22,"1670b0d3":22,"ec97d63e":22,"5e197575":22,"e587c4d0":22,"94208a41":22,"525b2635":22,"2cbcad17":22,"caa38a45":22,"4dccb5ca":22,"a9987a58":22,"83268abf":22,"b6b8e5c7":22,"578c4c95":22,"e82177d3":22,"c606b472":22,"89914b94":22,"04bdf5e1":22,"da8b42be":22,"3b0576bf":22,"9458934f":22,"1dcc489c":22,"945badf3":22,"1327775b":22,"bdd40125":22,"75fd47f7":22,"1c52a07e":22,"e70ccc25":22,"afd1494f":22,"ca6bffd3":22,"829c44a4":22,"e76e2617":22,"2b4fd52e":22,"57162572":22,"d1d50cfe":22,"c55d40ca":22,"22c177a8":22,"00ae883f":22,"f416ee62":22,"0d2b182d":22,"320754c3":22,"232b2f64":22,"3171b6e7":22,"3b25460f":22,"d2064756":22,"5b0b43e6":22,"c896052c":22,"287ecd1c":22,"b5474d69":22,"f9376d3e":22,"5a938eeb":22,"4fe0dedf":22,"07a94e8c":22,"951fc6d0":22,"bb017b49":22,"61892a4c":22,"37b52fe4":22,"61ad1519":22,"f096219e":22,"a3f0a6ec":22,"819c4185":22,"ba69b06b":22,"01051f84":22,"aa7e370d":22,"7d2a2cb4":22,"f995eeab":22,"4f62491c":22,"70b4c438":22,"4006e709":22,"71ed93db":22,"0dedf63e":22,"c92efaa8":22,"a9d5374b":22,"4321f02d":22,"c241ac7e":22,"62a45672":22,"089b3f8f":22,"7698d0dc":22,"210e507a":22,"784414ce":22,"ac6e268b":22,"2df3efdb":22,"742238e8":22,"d0f1b7bd":22,"e7799883":22,"4f9456cf":22,"6e260ee8":22,"f4f84279":22,"b0950de5":22,"6f873999":22,"1f4e0e22":22,"60d69311":22,"3b09f1de":22,"b371f44a":22,"8b6180ff":22,"8819ac24":22,"dbbf7f69":22,"426603ff":22,"2db2f252":22,"2e84193b":22,"c55683c9":22,"51233daf":22,"02791635":22,"be081247":22,"5cc47d1b":22,"678b846f":22,"b4bd39d8":22,"b4cdbe5d":22,"fa0386f3":22,"b95d0f17":22,"cee9c347":22
1601326903058,"7800e7ce":23,"d5d94481":23,"ffe48500":23,"18c73816":23,"e491161e":23,"b5087677":23,"16f60bed":23,"cb0c3481":23,"7664512c":23,"df9a53b8":23,"f6c27b2b":23,"945f6c24":23,"f1daea7e":23,"b8fb90e3":23,"56227e35":23,"0d6bf22a":23,"b87321d0":23,"43205b5d":23,"8982905a":23,"f6fe1ad7":23,"230064fa":23,"764e0abb":23,"bba6d88e":23,"ea3479ec":23,"32266fa3":23,"50b090c3":23,"8be24763":23,"eb4800b2":23,"6e0ce9dc":23,"87d9bec4":23,"e30dfa0c":23,"6da34174":23,"bfb849fa":23,"0a10b423":23,"9ef7cee7":23,"49f1a0d1":23,"5f04aa76":23,"ba297382":23,"0287db2a":23,"96abe4a9":23,"753b10b1":23,"cf14bd99":23,"782022f4":23,"322e833f":23,"ab3619e4":23,"106006ad":23,"c8237be9":23,"92b72493":23,"1416e8f5":23,"d3e58903":23,"dde2eed5":23,"4481c4be":23,"a208caa8":23,"7954891b":23,"16605353":23,"4afd60a9":23,"77b39e15":23,"d44c0ea3":23,"f1726edb":23,"68f87858":23,"533bac6b":23,"41634dba":23,"43fd1327":23,"113e7f4b":23,"8cce569a":23,"ce6401b6":23,"6f57824c":23,"28bd7aa1":23,"1d52fb0d":23,"cde0d748":23,"535ed444":23,"710f0d0e":23,"0905f1fb":23,"a20e529c":23,"77869ff0":23,"4b8f7b16":23,"89f75690":23,"cb363e2f":23,"cd802f02":23,"d3cca7eb":23,"e866a899":23,"5690e712":23,"0b92d2a9":23,"070bed95":23,"67e5d108":23,"3d37b94b":23,"842c97c2":23,"c4cef92b":23,"0eecdc5b":23,"b7e495ea":23,"45ec63c0":23,"0ddfde2c":23,"a8b41774":23,"81f0da2d":23,"1fcc8ba4":23,"75a9c117":23,"12ba54ec":23,"be391c1a":23,"080d5d42":23,"37d8a5b7":23,"5d03f5dc":23,"d5ab81c4":23,"f0a01341":23,"2ecde685":23,"1ee4d9f9":23,"f0bd52d3":23,"0d6e45e7":23,"dcc20f76":23,"666a8ef0":23,"0da97151":23,"c5b609f1":23,"e829038c":23,"4987cfb5":23,"4dc5849a":23,"d605c755":23,"ba90687c":23,"77f2cf92":23,"8a8c1d67":23,"1ae76fcc":23,"35b161d3":23,"344cd1a3":23,"77ea1236":23,"96d2a118":23,"23a0e41f":23,"c7a45a33":23,"faffe099":23,"e99490cd":23,"3b830769":23,"583f0305":23,"1557c50a":23,"249e80ab":23,"f52a3d94":23,"eb74d3dd":23,"3bcbc28d":23,"3c0455e7":23,"df203c79":23,"df1e1ac0":23,"491708eb":23,"e421caaa":23,"2d2ecf27":23,"d38a4953":23,"eba5efdd":23,"a5463f93":23,"c85ac4f8":23,"bc253f4f":23,"0d9d2bf8":23,"846b7f11":23,"d3411467":23,"1df0ce7f":23,"a08171d0":23,"c8bc5677":23,"dfca0518":23,"b9a21017":23,"e47705d3":23,"3cae4115":23,"0ccf4731":23,"c7c6782d":23,"54346574":23,"b32a1080":23,"a2c4b591":23,"6dfa57be":23,"1854ce44":23,"f92b22f1":23,"ece12664":23,"36f4ecde":23,"568a0d58":23,"5fd569d2":23,"10c8fd03":23,"bd4ccb49":23,"e773d697":23,"7e8c11e7":23,"077eb15a":23,"5337c279":23,"8d256cb6":23,"7021c619":23,"32ae00db":23,"bf2defb2":23,"bc733a28":23
1601326903451,"30d32d34":23,"886c16d3":23,"e8d09b62":23,"590ce3d3":23,"1802d7ce":23,"0a49914b":23,"5d3f5cad":23,"cf347cba":23,"fc0c23f7":23,"641f9b9e":23,"c92edec5":23,"9f03c1e7":23,"06c24a8d":23,"2f35e75f":23,"3eddf7c8":23,"77970f8b":23,"efd594d5":23,"4718294d":23,"5352cf45":23,"e0ffe8ff":23,"ae14d6b5":23,"721f5f42":23,"0b50bca6":23,"bf2ca266":23,"5d8d9641":23,"0de67c6c":23,"b12cbf87":23,"81942d9b":23,"699b90c1":23,"d9b5a7a8":23,"1e7914d2":23,"e5d8fdb2":23,"3412ab75":23,"bcac5daf":23,"62d028cc":23,"0af2cf39":23,"27491297":23,"d041ea86":23,"1eda11b2":23,"fc442678":23,"037e2be4":23,"cc6b3306":23,"9e7dbd20":23,"8c2dfd9a":23,"0c086273":23,"f11267b9":23,"ac13c3b0":23,"a483b15e":23,"b4d9c57f":23,"f80ab49d":23,"5d53c964":23,"95eaed39":23,"8ee9cc91":23,"a5ba0ebb":23,"4cc0af91":23,"55f6a2ba":23,"f53362a9":23,"1901ef7e":23,"9559ea96":23,"9cb044bf":23,"960c2e6b":23,"16b25add":23,"3515e999":23,"80ee333e":23,"d11f8f1b":23,"3b329af2":23,"9d9eb027":23,"325f9a29":23,"1cd662bf":23,"503aafe5":23,"72992b35":23,"47589344":23,"593b1533":23,"e9f6e5ce":23,"ed6bead5":23,"96f594b9":23,"94dfcfc5":23,"8301986e":23,"830ecfec":23,"a8bae791":23,"312009ee":23,"c98759fd":23,"e8b6d676":23,"45ee5840":23,"76f04033":23,"43480b19":23,"fd955858":23,"69798d15":23,"efea71fa":23,"fb3aa867":23,"c9cf710b":23,"fcacdeb3":23,"0ea055ed":23,"e3b1bdf8":23,"644b45fb":23,"5b09e53e":23,"da5bb0f7":23,"6d925c84":23,"50b23ab2":23,"edfa56d4":23,"899c16eb":23,"41c76041":23,"6bb1fa99":23,"d73ff72e":23,"61c0ca91":23,"d2fda7be":23,"ce20ca3c":23,"1d2d958b":23,"81fb6a01":23,"7f5b27c8":23,"fb3444d9":23,"f05de640":23,"86a68967":23,"56cd4dca":23,"7f469f4c":23,"f92dedfc":23,"355d1489":23,"f96fc1af":23,"06713bac":23,"61aca924":23,"d97fb857":23,"59ff5ec6":23,"3b3569f6":23,"b01ab62a":23,"76da16fa":23,"bffee581":23,"07150038":23,"080fa362":23,"7b6945ad":23,"a40d08e1":23,"cec79bc2":23,"d2eff358":23,"e70aebb5":23,"a488b2f1":23,"4caa87d6":23,"f7076e21":23,"69e653b6":23,"98d2991b":23,"3b411d6a":23,"83826ef3":23,"595609d5":23,"b47f1b89":23,"8e6caf71":23,"9a3433b8":23,"b89112cb":23,"66736d5e":23,"30de89a7":23,"06aaa33f":23,"2311399f":23,"5e3ebf5e":23,"9f6ca218":23,"6213799d":23,"44cb1fd2":23,"baf19c25":23,"24a79a6e":23,"edde30af":23,"4d949e11":23,"df12f689":23,"1da10cbf":23,"832c48e4":23,"dc90a44c":23,"1ad7c45b":23,"5566c17c":23,"86a22252":23,"0000dece":23,"ce5efdbe":23,"58ace2b5":23,"d379fd96":23,"7b819458":23,"7f8024cd":23,"ae562513":23,"7b66dacd":23,"9ab137d7":23,"7191d1cd":23,"005354dd":23,"ef04e64e":23,"6e2d04de":23,"2fca1798":23,"05028839":23,"5488826c":23,"84fff5c1":23,"c649992d":23,"d5ad3ed6":23,"8e5f7187":23,"55ba7579":23,"b7769ca6":23,"9c27de51":23,"38a75b48":23,"1792bfa3":23,"426f1904":23,"7c0f1ca9":23,"b2f820ac":23,"25d4f65d":23,"eddb6a2a":23,"ff8a00aa":23,"c146560b":23,"985068e7":23,"d543ba6f":23,"272e7d0d":23,"f92596ee":23,"68831ea9":23,"9713d076":23,"fd098272":23,"6ee788a7":23,"8249641d":23,"45b0968f":23,"6a9bb182":23,"1f1afd4f":23,"25fb8826":23,"0dc5da58":23,"2874a625":23,"e61ae828":23,"f7ac3883":23,"ccd01528":23,"dab8cf68":23,"00f2a9cb":23,"916fe082":23,"b64dba8e":23,"c3bb30ce":23,"86219c70":23,"601990d8":23,"5c662c19":23,"d2a5d2fd":23,"89d220c2":23,"3e10c9cb":23,"5500a3e8":23,"3c0e87ac":23,"a891461f":23,"a246cdab":23,"117c7f0b":23,"0d21cf99":23,"14e6fe14":23,"37ec5e73":23,"bfff7913":23,"f8636899":23,"320c65bf":23,"1fa1e7c2":23,"646af2b9":23,"659389ad":23,"f1e86522":23,"240c8679":23,"fa03f48f":23,"0718c3be":23,"5298dafa":23,"8b503f7b":23,"25f7f918":23,"87a8523c":23,"c5311ebb":23,"c416baa6":23,"105bb3f6":23,"58de5462":23,"ae350a07":23,"f01c896d":23,"680a32a6":23,"1f2670d0":23,"83ba647d":23,"cb0bd6b7":23,"962c9c8f":23,"8e426e39":23,"aec0bf28":23,"51909df8":23,"a017a323":23,"e22b0973":23,"8801c469":23,"23646ff9":23,"b6281f1a":23,"48c6df81":23,"3abb827b":23,"5e165f43":23,"0c73c293":23,"f8785b71":23,"88929b06":23,"08c4692e":23,"ab4a411a":23,"d7a4b24c":23,"5b2479ef":23,"686d5c0b":23,"1d882c36":23,"f15eb1c5":23,"eb62e8f2":23,"808bc372":23,"71789493":23,"c792a7c1":23,"5ac72353":23,"5a7da061":23,"06a94514":23,"d1b14d06":23,"37724339":23,"d45d9727":23,"ee5ff2a3":23,"44322dfd":23,"295e4d1d":23,"8cf6570a":23,"403064a0":23,"312af46e":23,"dfe4a061":23,"c2bf7d51":23,"781afef6":23,"de9229a0":23,"99a5feef":23,"f6266388":23,"e64fd39c":23,"e1b3ce36":23,"625fa164":23,"0c6ae551":23,"e8f4c1dd":23,"cede8b8c":23,"ad95ff4a":23,"f7ffcbb8":23,"893a99c5":23,"5728f934":23,"d8bf32b5":23,"b5a9f8c3":23,"fcbc0ae8":23,"2ff6b6a8":23,"66a71cc1":23,"bf4b58e4":23,"9666b973":23,"653b27c7":23,"83b37fd6":23,"4d852788":23,"e43a9448":23,"3542b748":23,"379c53ab":23,"e396d80d":23,"7da61f27":23,"dc874a97":23,"85a220de":23,"40a7cdd2":23,"ac033c7b":23,"87759976":23,"4df3f62e":23,"c881a53e":23,"80c1c8b1":23,"cf52acd8":23,"945badf3":23,"1327775b":23,"bdd40125":23,"75fd47f7":23,"1c52a07e":23,"e70ccc25":23,"afd1494f":23,"ca6bffd3":23,"829c44a4":23,"e76e2617":23,"2b4fd52e":23,"57162572":23,"d1d50cfe":23,"a8edfe84":23,"2ed19b1e":23,"959e16ea":23,"02f76c64":23,"5c6d1f33":23,"b4801cae":23,"c3c2fd05":23,"f8c97147":23,"c2526ff3":23,"cc386067":23,"a22ffd8f":23,"3cd28a4d":23,"44a12c31":23,"45a961ca":23,"5ca978fd":23,"668e601b":23,"7552d86c":23,"02ebf3b6":23,"bb17a968":23,"4abcb85d":23,"cba26072":23,"2a718dcc":23,"c6a9a8e1":23,"88854fd0":23,"8dc27d2a":23,"41d7f05d":23,"2b851827":23,"9f428a03":23,"4d504d96":23,"0533ece1":23,"bcee2ef3":23,"73c420df":23,"f6c074a7":23,"ffd6849d":23,"0700da70":23,"ff591765":23,"962fca02":23,"75968179":23,"93f12198":23,"bc8bdc23":23,"62e270e5":23,"66b1b6d7":23,"a71f3f70":23,"1f7aa83c":23,"b062adc4":23,"732d62ee":23,"4aae5133":23,"d4b0751c":23,"63a3af32":23,"5b01444b":23,"3fec4b0b":23,"79995b62":23,"faa3de3e":23,"44983d13":23,"97160db8":23,"589f0d6e":23,"80999122":23,"72af9198":23,"51b4016a":23,"46bf9112":23,"e39e9552":23,"092ad3d6":23,"81c1b70d":23,"e72f0f82":23,"bf940089":23,"01f34f98":23,"88374b72":23,"fdfaf1ed":23,"1670b0d3":23,"ea981bed":23,"ec97d63e":23,"5e197575":23,"94208a41":23,"2cbcad17":23,"e587c4d0":23,"4dccb5ca":23,"525b2635":23,"83268abf":23,"caa38a45":23,"a9987a58":23,"578c4c95":23,"c606b472":23,"b6b8e5c7":23,"e82177d3":23,"89914b94":23,"04bdf5e1":23,"da8b42be":23,"3b0576bf":23,"9458934f":23,"1dcc489c":23,"a63cb4ce":23,"d3b3492b":23,"7580cfa4":23,"22a96386":23,"5c672b50":23,"5df16440":23,"b666e56d":23,"8db378ff":23,"784d6375":23,"4541bf85":23,"a6b13f20":23,"2459c882":23,"3df97186":23,"ef0490de":23,"e0f47ced":23,"309bbf54":23,"cc537772":23,"6618390c":23,"99cc0813":23,"dc32c4e1":23,"239c636e":23,"6ee160ff":23,"c55d40ca":23,"22c177a8":23,"00ae883f":23,"f416ee62":23,"0d2b182d":23,"320754c3":23,"232b2f64":23,"3171b6e7":23,"3b25460f":23,"d2064756":23,"0afba00c":23,"04ff8100":23,"6c00d8d6":23,"ac9a02bc":23,"acfe69ed":23,"426603ff":23,"2db2f252":23,"2e84193b":23,"c55683c9":23,"51233daf":23,"02791635":23,"be081247":23,"5cc47d1b":23,"678b846f":23,"b4bd39d8":23,"b4cdbe5d":23,"fa0386f3":23,"b95d0f17":23,"cee9c347":23,"4321f02d":23,"c92efaa8":23,"089b3f8f":23,"c241ac7e":23,"7698d0dc":23,"62a45672":23,"784414ce":23,"210e507a":23,"2df3efdb":23,"ac6e268b":23,"d0f1b7bd":23,"742238e8":23,"e7799883":23,"4f9456cf":23,"6e260ee8":23,"f4f84279":23,"b0950de5":23,"6f873999":23,"1f4e0e22":23,"60d69311":23,"3b09f1de":23,"b371f44a":23,"8b6180ff":23,"8819ac24":23,"dbbf7f69":23,"0eb42efe":23,"00b26865":23,"c333337d":23,"03c4ab87":23,"815c56bc":23,"4e3d3af7":23,"5bd61a68":23,"3a4803a8":23,"f7a7de5d":23,"8582c5cf":23,"d4e56c3e":23,"0c353665":23,"0c045c2d":23,"231e8700":23,"1f9fbd85":23,"8efd4801":23,"7eb8f268":23,"43f24679":23,"a1c0dfc4":23,"20236d3e":23,"78f71162":23,"36ae8cd8":23,"4b27a9a4":23,"3ddd5391":23,"163f4d19":23,"07f69c6d":23,"2254f0f5":23,"1d043d5a":23,"b2f82e06":23,"ea282e84":23,"5b0b43e6":23,"6653c83b":23,"b5474d69":23,"c896052c":23,"287ecd1c":23,"5a938eeb":23,"f9376d3e":23,"4fe0dedf":23,"07a94e8c":23,"951fc6d0":23,"61892a4c":23,"bb017b49":23,"37b52fe4":23,"f096219e":23,"61ad1519":23,"a3f0a6ec":23,"01051f84":23,"819c4185":23,"ba69b06b":23,"aa7e370d":23,"f995eeab":23,"7d2a2cb4":23,"4006e709":23,"4f62491c":23,"70b4c438":23,"0dedf63e":23,"71ed93db":23,"a9d5374b":23
1601326906202,"7800e7ce":24,"77869ff0":24,"4b8f7b16":24,"89f75690":24,"cb363e2f":24,"cd802f02":24,"d3cca7eb":24,"e866a899":24,"5690e712":24,"0b92d2a9":24,"070bed95":24,"67e5d108":24,"3d37b94b":24,"842c97c2":24,"c4cef92b":24,"0eecdc5b":24,"b7e495ea":24,"45ec63c0":24,"0ddfde2c":24,"a8b41774":24,"81f0da2d":24,"1fcc8ba4":24,"75a9c117":24,"12ba54ec":24,"be391c1a":24,"37d8a5b7":24,"d5ab81c4":24,"2ecde685":24,"080d5d42":24,"5d03f5dc":24,"f0bd52d3":24,"dcc20f76":24,"f0a01341":24,"1ee4d9f9":24,"666a8ef0":24,"d5d94481":24,"ffe48500":24,"c7a45a33":24,"faffe099":24,"e99490cd":24,"c5b609f1":24,"0d6e45e7":24,"0da97151":24,"4dc5849a":24,"e829038c":24,"d605c755":24,"4987cfb5":24,"8a8c1d67":24,"ba90687c":24,"cc6b3306":24,"8c2dfd9a":24,"77f2cf92":24,"f11267b9":24,"037e2be4":24,"a483b15e":24,"9e7dbd20":24,"0c086273":24,"f80ab49d":24,"ac13c3b0":24,"95eaed39":24,"a5ba0ebb":24,"b4d9c57f":24,"5d53c964":24,"f53362a9":24,"1901ef7e":24,"8ee9cc91":24,"960c2e6b":24,"4cc0af91":24,"55f6a2ba":24,"3515e999":24,"d11f8f1b":24,"9559ea96":24,"9cb044bf":24,"9d9eb027":24,"16b25add":24,"325f9a29":24,"80ee333e":24,"503aafe5":24,"3b329af2":24,"1cd662bf":24,"72992b35":24,"47589344":24,"593b1533":24,"e9f6e5ce":24,"ed6bead5":24,"96f594b9":24,"94dfcfc5":24,"8301986e":24,"830ecfec":24,"a8bae791":24,"312009ee":24,"c98759fd":24,"e8b6d676":24,"590ce3d3":24,"1802d7ce":24,"0a49914b":24,"5d3f5cad":24,"cf347cba":24,"fc0c23f7":24,"641f9b9e":24,"c92edec5":24,"9f03c1e7":24,"06c24a8d":24,"2f35e75f":24,"3eddf7c8":24,"77970f8b":24,"efd594d5":24,"4718294d":24,"5352cf45":24,"e0ffe8ff":24,"ae14d6b5":24,"721f5f42":24,"45ee5840":24,"76f04033":24,"43480b19":24,"fd955858":24,"69798d15":24,"efea71fa":24,"fb3aa867":24,"c9cf710b":24,"fcacdeb3":24,"0ea055ed":24,"e3b1bdf8":24,"644b45fb":24,"0b50bca6":24,"bf2ca266":24,"5d8d9641":24,"0de67c6c":24,"18c73816":24,"e491161e":24,"b5087677":24,"16f60bed":24,"cb0c3481":24,"7664512c":24,"df9a53b8":24,"f6c27b2b":24,"945f6c24":24,"f1daea7e":24,"b8fb90e3":24,"56227e35":24,"0d6bf22a":24,"b87321d0":24,"43205b5d":24,"8982905a":24,"f6fe1ad7":24,"230064fa":24,"764e0abb":24,"2311399f":24,"5e3ebf5e":24,"9f6ca218":24,"6213799d":24,"44cb1fd2":24,"baf19c25":24,"24a79a6e":24,"edde30af":24,"4d949e11":24,"df12f689":24,"1da10cbf":24,"832c48e4":24
1601326906448,"3b830769":24,"583f0305":24,"1557c50a":24,"249e80ab":24,"f52a3d94":24,"eb74d3dd":24,"3bcbc28d":24,"3c0455e7":24,"df203c79":24,"df1e1ac0":24,"491708eb":24,"e421caaa":24,"2d2ecf27":24,"d38a4953":24,"eba5efdd":24,"a5463f93":24,"c85ac4f8":24,"bc253f4f":24,"0d9d2bf8":24,"846b7f11":24,"d3411467":24,"1df0ce7f":24,"a08171d0":24,"c8bc5677":24,"dfca0518":24,"b9a21017":24,"e47705d3":24,"3cae4115":24,"0ccf4731":24,"c7c6782d":24,"54346574":24,"b12cbf87":24,"81942d9b":24,"699b90c1":24,"d9b5a7a8":24,"1e7914d2":24,"e5d8fdb2":24,"3412ab75":24,"bcac5daf":24,"62d028cc":24,"0af2cf39":24,"27491297":24,"d041ea86":24,"1eda11b2":24,"fc442678":24,"3b3569f6":24,"b01ab62a":24,"76da16fa":24,"bffee581":24,"07150038":24,"080fa362":24,"7b6945ad":24,"a40d08e1":24,"cec79bc2":24,"d2eff358":24,"e70aebb5":24,"a488b2f1":24,"4caa87d6":24,"f7076e21":24,"69e653b6":24,"98d2991b":24,"3b411d6a":24,"83826ef3":24,"595609d5":24,"b47f1b89":24,"8e6caf71":24,"9a3433b8":24,"b89112cb":24,"66736d5e":24,"30de89a7":24,"06aaa33f":24,"320c65bf":24,"5b09e53e":24,"da5bb0f7":24,"6d925c84":24,"50b23ab2":24,"edfa56d4":24,"899c16eb":24,"41c76041":24,"6bb1fa99":24,"d73ff72e":24,"61c0ca91":24,"d2fda7be":24,"ce20ca3c":24,"1fa1e7c2":24,"646af2b9":24,"659389ad":24,"240c8679":24,"f1e86522":24,"fa03f48f":24,"0718c3be":24,"5298dafa":24,"8b503f7b":24,"25f7f918":24,"87a8523c":24,"c416baa6":24,"c5311ebb":24,"ae350a07":24,"105bb3f6":24,"58de5462":24,"680a32a6":24,"f01c896d":24,"83ba647d":24,"1f2670d0":24,"cb0bd6b7":24,"962c9c8f":24,"8e426e39":24,"51909df8":24,"aec0bf28":24,"e22b0973":24,"a017a323":24,"23646ff9":24,"8801c469":24,"bba6d88e":24,"ea3479ec":24,"32266fa3":24,"50b090c3":24,"8be24763":24,"eb4800b2":24,"6e0ce9dc":24,"87d9bec4":24,"e30dfa0c":24,"6da34174":24,"bfb849fa":24,"0a10b423":24,"9ef7cee7":24,"49f1a0d1":24,"5f04aa76":24,"ba297382":24,"0287db2a":24,"96abe4a9":24,"753b10b1":24,"cf14bd99":24,"782022f4":24,"3abb827b":24,"b6281f1a":24,"48c6df81":24,"0c73c293":24,"5e165f43":24,"88929b06":24,"f8785b71":24,"08c4692e":24,"5b2479ef":24,"ab4a411a":24,"1d882c36":24,"d7a4b24c":24,"686d5c0b":24,"eb62e8f2":24,"808bc372":24,"f15eb1c5":24,"c792a7c1":24,"71789493":24,"5a7da061":24,"5ac72353":24,"06a94514":24,"73c420df":24,"d1b14d06":24,"0700da70":24,"f6c074a7":24,"ffd6849d":24,"ff591765":24,"93f12198":24,"962fca02":24,"75968179":24,"62e270e5":24,"66b1b6d7":24,"bc8bdc23":24,"1d2d958b":24,"81fb6a01":24,"7f5b27c8":24,"fb3444d9":24,"f05de640":24,"86a68967":24,"56cd4dca":24,"7f469f4c":24,"f92dedfc":24,"355d1489":24,"f96fc1af":24,"06713bac":24,"61aca924":24,"d97fb857":24,"59ff5ec6":24,"ef04e64e":24,"6e2d04de":24,"2fca1798":24,"05028839":24,"5488826c":24,"84fff5c1":24,"c649992d":24,"d5ad3ed6":24,"8e5f7187":24,"55ba7579":24,"b7769ca6":24,"9c27de51":24,"38a75b48":24,"a71f3f70":24,"b062adc4":24,"4aae5133":24,"1f7aa83c":24,"732d62ee":24,"63a3af32":24,"d4b0751c":24,"3fec4b0b":24,"faa3de3e":24,"5b01444b":24,"79995b62":24,"44983d13":24,"80999122":24,"97160db8":24,"589f0d6e":24,"72af9198":24,"51b4016a":24,"e39e9552":24,"46bf9112":24,"81c1b70d":24,"dc90a44c":24,"1ad7c45b":24,"e72f0f82":24,"092ad3d6":24,"bf940089":24,"88374b72":24,"01f34f98":24,"fdfaf1ed":24,"322e833f":24,"ab3619e4":24,"106006ad":24,"c8237be9":24,"1416e8f5":24,"dde2eed5":24,"a208caa8":24,"16605353":24,"77b39e15":24,"f1726edb":24,"92b72493":24,"d3e58903":24,"4481c4be":24,"7954891b":24,"4afd60a9":24,"d44c0ea3":24,"68f87858":24,"533bac6b":24,"41634dba":24,"43fd1327":24,"113e7f4b":24,"8cce569a":24,"ce6401b6":24,"6f57824c":24,"28bd7aa1":24,"1d52fb0d":24,"cde0d748":24,"535ed444":24,"710f0d0e":24,"0905f1fb":24,"a20e529c":24,"1ae76fcc":24,"35b161d3":24,"344cd1a3":24,"77ea1236":24,"ea981bed":24,"1670b0d3":24,"ec97d63e":24,"5e197575":24,"e587c4d0":24,"94208a41":24,"525b2635":24,"2cbcad17":24,"4dccb5ca":24,"caa38a45":24,"83268abf":24,"a9987a58":24,"b6b8e5c7":24,"578c4c95":24,"e82177d3":24,"c606b472":24,"89914b94":24,"04bdf5e1":24,"da8b42be":24,"3b0576bf":24,"9458934f":24,"1dcc489c":24,"945badf3":24,"1792bfa3":24,"426f1904":24,"7c0f1ca9":24,"b2f820ac":24,"25d4f65d":24,"eddb6a2a":24,"ff8a00aa":24,"c146560b":24,"985068e7":24,"d543ba6f":24,"1327775b":24,"bdd40125":24,"75fd47f7":24,"1c52a07e":24,"e70ccc25":24,"afd1494f":24,"ca6bffd3":24,"829c44a4":24,"e76e2617":24,"2b4fd52e":24,"57162572":24,"d1d50cfe":24,"96d2a118":24,"23a0e41f":24,"b32a1080":24,"a2c4b591":24,"6dfa57be":24,"1854ce44":24,"f92b22f1":24,"ece12664":24,"36f4ecde":24,"568a0d58":24,"5fd569d2":24,"10c8fd03":24,"bd4ccb49":24,"e773d697":24,"7e8c11e7":24,"077eb15a":24,"5337c279":24,"8d256cb6":24,"7021c619":24,"32ae00db":24,"bf2defb2":24,"bc733a28":24,"30d32d34":24,"886c16d3":24,"e8d09b62":24,"9666b973":24,"653b27c7":24,"83b37fd6":24,"4d852788":24,"e43a9448":24,"3542b748":24,"379c53ab":24,"e396d80d":24,"7da61f27":24,"dc874a97":24,"85a220de":24,"40a7cdd2":24,"ac033c7b":24,"87759976":24,"4df3f62e":24,"c881a53e":24,"80c1c8b1":24,"cf52acd8":24,"a63cb4ce":24,"d3b3492b":24,"7580cfa4":24,"22a96386":24,"5c672b50":24,"5df16440":24,"b666e56d":24,"8db378ff":24,"784d6375":24,"4541bf85":24,"a6b13f20":24,"2459c882":24,"3df97186":24,"ef0490de":24,"e0f47ced":24,"309bbf54":24,"a8edfe84":24,"2ed19b1e":24,"959e16ea":24,"02f76c64":24,"5c6d1f33":24,"b4801cae":24,"c3c2fd05":24,"f8c97147":24,"c2526ff3":24,"cc386067":24,"a22ffd8f":24,"3cd28a4d":24,"44a12c31":24,"45a961ca":24,"5ca978fd":24,"668e601b":24,"7552d86c":24,"02ebf3b6":24,"bb17a968":24,"4abcb85d":24,"272e7d0d":24,"f92596ee":24,"68831ea9":24,"9713d076":24,"fd098272":24,"6ee788a7":24,"8249641d":24,"45b0968f":24,"6a9bb182":24,"1f1afd4f":24,"25fb8826":24,"0dc5da58":24,"2874a625":24,"e61ae828":24,"f7ac3883":24,"ccd01528":24,"dab8cf68":24,"00f2a9cb":24,"5566c17c":24,"86a22252":24,"0000dece":24,"ce5efdbe":24,"58ace2b5":24,"d379fd96":24,"7b819458":24,"7f8024cd":24,"ae562513":24,"7b66dacd":24,"9ab137d7":24,"7191d1cd":24,"005354dd":24,"cc537772":24,"6618390c":24,"99cc0813":24,"dc32c4e1":24,"239c636e":24,"6ee160ff":24,"c55d40ca":24,"22c177a8":24,"00ae883f":24,"f416ee62":24,"0d2b182d":24,"320754c3":24,"232b2f64":24,"3171b6e7":24,"3b25460f":24,"d2064756":24,"dfe4a061":24,"c2bf7d51":24,"781afef6":24,"de9229a0":24,"99a5feef":24,"f6266388":24,"e64fd39c":24,"e1b3ce36":24,"625fa164":24,"0c6ae551":24,"e8f4c1dd":24,"cede8b8c":24,"f7ffcbb8":24,"ad95ff4a":24,"5728f934":24,"00b26865":24,"893a99c5":24,"d8bf32b5":24,"c333337d":24,"0eb42efe":24,"815c56bc":24,"5bd61a68":24,"03c4ab87":24,"4e3d3af7":24,"8582c5cf":24,"0c353665":24,"3a4803a8":24,"231e8700":24,"f7a7de5d":24,"1f9fbd85":24,"d4e56c3e":24,"43f24679":24,"0c045c2d":24,"a1c0dfc4":24,"78f71162":24,"8efd4801":24,"7eb8f268":24,"4b27a9a4":24,"20236d3e":24,"163f4d19":24,"1d043d5a":24,"36ae8cd8":24,"3ddd5391":24,"b2f82e06":24,"07f69c6d":24,"5b0b43e6":24,"cba26072":24,"2a718dcc":24,"c6a9a8e1":24,"88854fd0":24,"8dc27d2a":24,"41d7f05d":24,"2b851827":24,"9f428a03":24,"4d504d96":24,"0533ece1":24,"bcee2ef3":24,"0afba00c":24,"04ff8100":24,"6c00d8d6":24,"ac9a02bc":24,"acfe69ed":24,"426603ff":24,"2db2f252":24,"2e84193b":24,"c55683c9":24,"51233daf":24,"02791635":24,"be081247":24,"5cc47d1b":24,"678b846f":24,"b4bd39d8":24,"b4cdbe5d":24,"fa0386f3":24,"b95d0f17":24,"cee9c347":24,"916fe082":24,"b64dba8e":24,"c3bb30ce":24,"86219c70":24,"601990d8":24,"5c662c19":24,"d2a5d2fd":24,"89d220c2":24,"3e10c9cb":24,"5500a3e8":24,"3c0e87ac":24,"a891461f":24,"a246cdab":24,"117c7f0b":24,"0d21cf99":24,"14e6fe14":24,"37ec5e73":24,"bfff7913":24,"f8636899":24,"37724339":24,"d45d9727":24,"ee5ff2a3":24,"44322dfd":24,"295e4d1d":24,"8cf6570a":24,"403064a0":24,"312af46e":24,"b5a9f8c3":24,"fcbc0ae8":24,"2ff6b6a8":24,"66a71cc1":24,"bf4b58e4":24,"8b6180ff":24,"8819ac24":24,"dbbf7f69":24,"b5474d69":24,"2254f0f5":24,"5a938eeb":24,"ea282e84":24,"6653c83b":24,"4fe0dedf":24,"951fc6d0":24,"c896052c":24,"61892a4c":24,"287ecd1c":24,"f9376d3e":24,"f096219e":24,"a3f0a6ec":24,"07a94e8c":24,"01051f84":24,"bb017b49":24,"37b52fe4":24,"aa7e370d":24,"f995eeab":24,"61ad1519":24,"4006e709":24,"819c4185":24,"0dedf63e":24,"ba69b06b":24,"a9d5374b":24,"7d2a2cb4":24,"4f62491c":24,"4321f02d":24,"70b4c438":24,"089b3f8f":24,"71ed93db":24,"7698d0dc":24,"784414ce":24,"c92efaa8":24,"c241ac7e":24,"2df3efdb":24,"62a45672":24,"d0f1b7bd":24,"210e507a":24,"e7799883":24,"4f9456cf":24,"ac6e268b":24,"742238e8":24,"6e260ee8":24,"f4f84279":24,"b0950de5":24,"6f873999":24,"1f4e0e22":24,"60d69311":24,"3b09f1de":24,"b371f44a":24
1601326909106,"d5d94481":25,"ffe48500":25,"c7a45a33":25,"faffe099":25,"e99490cd":25,"3b830769":25,"583f0305":25,"1557c50a":25,"249e80ab":25,"f52a3d94":25,"eb74d3dd":25,"3bcbc28d":25,"3c0455e7":25,"df203c79":25,"df1e1ac0":25,"491708eb":25,"e421caaa":25,"2d2ecf27":25,"d38a4953":25,"eba5efdd":25,"a5463f93":25,"c85ac4f8":25,"bc253f4f":25,"0d9d2bf8":25,"846b7f11":25,"d3411467":25,"1df0ce7f":25,"a08171d0":25,"c8bc5677":25,"dfca0518":25,"b9a21017":25,"e47705d3":25,"3cae4115":25,"0ccf4731":25,"c7c6782d":25,"54346574":25,"b12cbf87":25,"81942d9b":25,"699b90c1":25,"d9b5a7a8":25,"1e7914d2":25,"e5d8fdb2":25,"3412ab75":25,"bcac5daf":25,"62d028cc":25,"0af2cf39":25,"27491297":25,"d041ea86":25,"1eda11b2":25,"fc442678":25,"18c73816":25,"e491161e":25,"b5087677":25,"16f60bed":25,"cb0c3481":25,"7664512c":25,"df9a53b8":25,"f6c27b2b":25,"945f6c24":25,"f1daea7e":25,"3b3569f6":25,"b01ab62a":25,"76da16fa":25,"bffee581":25,"07150038":25,"080fa362":25,"7b6945ad":25,"a40d08e1":25,"cec79bc2":25,"d2eff358":25,"e70aebb5":25,"a488b2f1":25,"4caa87d6":25,"f7076e21":25,"69e653b6":25,"98d2991b":25,"3b411d6a":25,"590ce3d3":25,"1802d7ce":25,"0a49914b":25,"5d3f5cad":25,"cf347cba":25,"fc0c23f7":25,"641f9b9e":25,"c92edec5":25,"9f03c1e7":25,"06c24a8d":25,"2f35e75f":25,"3eddf7c8":25,"83826ef3":25,"7800e7ce":25,"77869ff0":25,"4b8f7b16":25,"89f75690":25,"cb363e2f":25,"cd802f02":25,"d3cca7eb":25,"e866a899":25,"5690e712":25,"0b92d2a9":25,"070bed95":25,"67e5d108":25,"3d37b94b":25,"842c97c2":25,"c4cef92b":25,"0eecdc5b":25,"b7e495ea":25,"45ec63c0":25,"0ddfde2c":25,"a8b41774":25,"81f0da2d":25,"1fcc8ba4":25,"75a9c117":25,"12ba54ec":25,"be391c1a":25,"37d8a5b7":25,"d5ab81c4":25,"080d5d42":25,"5d03f5dc":25,"2ecde685":25,"f0a01341":25,"f0bd52d3":25,"1ee4d9f9":25,"dcc20f76":25,"595609d5":25,"b47f1b89":25,"8e6caf71":25,"9a3433b8":25,"b89112cb":25,"66736d5e":25,"30de89a7":25,"06aaa33f":25,"320c65bf":25,"1fa1e7c2":25,"646af2b9":25,"659389ad":25,"240c8679":25,"0718c3be":25,"8b503f7b":25,"87a8523c":25,"f1e86522":25,"c416baa6":25,"fa03f48f":25
1601326909907,"0d6e45e7":25,"666a8ef0":25,"c5b609f1":25,"0da97151":25,"4dc5849a":25,"e829038c":25,"d605c755":25,"4987cfb5":25,"ba90687c":25,"8a8c1d67":25,"77f2cf92":25,"cc6b3306":25,"037e2be4":25,"8c2dfd9a":25,"9e7dbd20":25,"f11267b9":25,"0c086273":25,"a483b15e":25,"f80ab49d":25,"ac13c3b0":25,"95eaed39":25,"b4d9c57f":25,"5d53c964":25,"a5ba0ebb":25,"f53362a9":25,"8ee9cc91":25,"1901ef7e":25,"4cc0af91":25,"55f6a2ba":25,"960c2e6b":25,"9559ea96":25,"3515e999":25,"d11f8f1b":25,"9cb044bf":25,"16b25add":25,"9d9eb027":25,"80ee333e":25,"325f9a29":25,"3b329af2":25,"503aafe5":25,"1cd662bf":25,"72992b35":25,"47589344":25,"593b1533":25,"e9f6e5ce":25,"ed6bead5":25,"96f594b9":25,"94dfcfc5":25,"8301986e":25,"830ecfec":25,"a8bae791":25,"312009ee":25,"c98759fd":25,"e8b6d676":25,"45ee5840":25,"76f04033":25,"43480b19":25,"fd955858":25,"69798d15":25,"efea71fa":25,"fb3aa867":25,"c9cf710b":25,"fcacdeb3":25,"0ea055ed":25,"e3b1bdf8":25,"644b45fb":25,"77970f8b":25,"efd594d5":25,"4718294d":25,"5352cf45":25,"e0ffe8ff":25,"ae14d6b5":25,"721f5f42":25,"0b50bca6":25,"bf2ca266":25,"5d8d9641":25,"0de67c6c":25,"2311399f":25,"5e3ebf5e":25,"9f6ca218":25,"6213799d":25,"44cb1fd2":25,"baf19c25":25,"b8fb90e3":25,"56227e35":25,"0d6bf22a":25,"b87321d0":25,"43205b5d":25,"8982905a":25,"f6fe1ad7":25,"230064fa":25,"764e0abb":25,"bba6d88e":25,"ea3479ec":25,"32266fa3":25,"50b090c3":25,"8be24763":25,"eb4800b2":25,"6e0ce9dc":25,"87d9bec4":25,"e30dfa0c":25,"6da34174":25,"bfb849fa":25,"0a10b423":25,"9ef7cee7":25,"49f1a0d1":25,"24a79a6e":25,"edde30af":25,"4d949e11":25,"df12f689":25,"1da10cbf":25,"832c48e4":25,"dc90a44c":25,"1ad7c45b":25,"5566c17c":25,"86a22252":25,"0000dece":25,"ce5efdbe":25,"58ace2b5":25,"d379fd96":25,"7b819458":25,"7f8024cd":25,"ae562513":25,"7b66dacd":25,"9ab137d7":25,"7191d1cd":25,"005354dd":25,"5b09e53e":25,"da5bb0f7":25,"6d925c84":25,"50b23ab2":25,"edfa56d4":25,"899c16eb":25,"41c76041":25,"6bb1fa99":25,"d73ff72e":25,"61c0ca91":25,"d2fda7be":25,"ce20ca3c":25,"1d2d958b":25,"81fb6a01":25,"7f5b27c8":25,"fb3444d9":25,"f05de640":25,"86a68967":25,"56cd4dca":25,"7f469f4c":25,"f92dedfc":25,"355d1489":25,"f96fc1af":25,"5f04aa76":25,"ba297382":25,"0287db2a":25,"96abe4a9":25,"753b10b1":25,"cf14bd99":25,"782022f4":25,"322e833f":25,"ab3619e4":25,"106006ad":25,"c8237be9":25,"1416e8f5":25,"dde2eed5":25,"92b72493":25,"d3e58903":25,"a208caa8":25,"4481c4be":25,"16605353":25,"77b39e15":25,"7954891b":25,"f1726edb":25,"4afd60a9":25,"d44c0ea3":25,"68f87858":25,"533bac6b":25,"41634dba":25,"43fd1327":25,"113e7f4b":25,"8cce569a":25,"ce6401b6":25,"6f57824c":25,"28bd7aa1":25,"1d52fb0d":25,"cde0d748":25,"535ed444":25,"710f0d0e":25,"0905f1fb":25,"a20e529c":25,"1ae76fcc":25,"35b161d3":25,"344cd1a3":25,"77ea1236":25,"96d2a118":25,"23a0e41f":25,"b32a1080":25,"a2c4b591":25,"6dfa57be":25,"1854ce44":25,"f92b22f1":25,"ece12664":25,"36f4ecde":25,"568a0d58":25,"5fd569d2":25,"10c8fd03":25,"bd4ccb49":25,"e773d697":25,"7e8c11e7":25,"077eb15a":25,"5337c279":25,"8d256cb6":25,"7021c619":25,"32ae00db":25,"bf2defb2":25,"bc733a28":25,"30d32d34":25,"06713bac":25,"61aca924":25,"d97fb857":25,"59ff5ec6":25,"ef04e64e":25,"6e2d04de":25,"2fca1798":25,"05028839":25,"5488826c":25,"84fff5c1":25,"c649992d":25,"d5ad3ed6":25,"8e5f7187":25,"55ba7579":25,"b7769ca6":25,"9c27de51":25,"38a75b48":25,"1792bfa3":25,"426f1904":25,"7c0f1ca9":25,"b2f820ac":25,"25d4f65d":25,"eddb6a2a":25,"ff8a00aa":25,"c146560b":25,"985068e7":25,"d543ba6f":25,"a8edfe84":25,"2ed19b1e":25,"959e16ea":25,"02f76c64":25,"5c6d1f33":25,"b4801cae":25,"c3c2fd05":25,"f8c97147":25,"c2526ff3":25,"cc386067":25,"886c16d3":25,"e8d09b62":25,"a22ffd8f":25,"dfe4a061":25,"c2bf7d51":25,"781afef6":25,"de9229a0":25,"99a5feef":25,"f6266388":25,"e64fd39c":25,"f7ffcbb8":25,"e1b3ce36":25,"5728f934":25,"00b26865":25,"625fa164":25,"c333337d":25,"0c6ae551":25,"815c56bc":25,"e8f4c1dd":25,"cede8b8c":25,"5bd61a68":25,"3cd28a4d":25,"44a12c31":25,"45a961ca":25,"5ca978fd":25,"668e601b":25,"7552d86c":25,"02ebf3b6":25,"bb17a968":25,"4abcb85d":25,"cba26072":25,"2a718dcc":25,"c6a9a8e1":25,"88854fd0":25,"8dc27d2a":25,"41d7f05d":25,"2b851827":25,"9f428a03":25,"4d504d96":25,"0533ece1":25,"bcee2ef3":25,"0afba00c":25,"04ff8100":25,"6c00d8d6":25,"ac9a02bc":25,"acfe69ed":25,"426603ff":25,"2db2f252":25,"2e84193b":25,"c55683c9":25,"51233daf":25,"02791635":25,"be081247":25,"9666b973":25,"653b27c7":25,"83b37fd6":25,"4d852788":25,"5cc47d1b":25,"678b846f":25,"b4bd39d8":25,"b4cdbe5d":25,"fa0386f3":25,"272e7d0d":25,"f92596ee":25,"68831ea9":25,"9713d076":25,"fd098272":25,"6ee788a7":25,"8249641d":25,"b95d0f17":25,"cee9c347":25,"ad95ff4a":25,"8582c5cf":25,"893a99c5":25,"0c353665":25,"d8bf32b5":25,"231e8700":25,"1f9fbd85":25,"0eb42efe":25,"43f24679":25,"03c4ab87":25,"4e3d3af7":25,"a1c0dfc4":25,"3a4803a8":25,"78f71162":25,"4b27a9a4":25,"f7a7de5d":25,"163f4d19":25,"d4e56c3e":25,"0c045c2d":25,"1d043d5a":25,"8efd4801":25,"b2f82e06":25,"5b0b43e6":25,"7eb8f268":25,"b5474d69":25,"20236d3e":25,"36ae8cd8":25,"5a938eeb":25,"4fe0dedf":25,"3ddd5391":25,"07f69c6d":25,"951fc6d0":25,"61892a4c":25,"2254f0f5":25,"ea282e84":25,"f096219e":25,"6653c83b":25,"a3f0a6ec":25,"c896052c":25,"01051f84":25,"aa7e370d":25,"287ecd1c":25,"f995eeab":25,"f9376d3e":25,"07a94e8c":25,"4006e709":25,"0dedf63e":25,"bb017b49":25,"37b52fe4":25,"a9d5374b":25,"4321f02d":25,"61ad1519":25,"089b3f8f":25,"819c4185":25,"ba69b06b":25,"7698d0dc":25,"784414ce":25,"7d2a2cb4":25,"2df3efdb":25,"4f62491c":25,"d0f1b7bd":25,"70b4c438":25,"71ed93db":25,"e7799883":25,"c92efaa8":25,"4f9456cf":25,"6e260ee8":25,"c241ac7e":25,"f4f84279":25,"62a45672":25,"210e507a":25,"b0950de5":25,"6f873999":25,"ac6e268b":25,"1f4e0e22":25,"742238e8":25,"60d69311":25,"3b09f1de":25,"b371f44a":25,"8b6180ff":25,"8819ac24":25,"dbbf7f69":25,"e43a9448":25,"3542b748":25,"379c53ab":25,"e396d80d":25,"7da61f27":25,"dc874a97":25,"85a220de":25,"40a7cdd2":25,"ac033c7b":25,"87759976":25,"4df3f62e":25,"c881a53e":25,"80c1c8b1":25,"cf52acd8":25,"a63cb4ce":25,"d3b3492b":25,"7580cfa4":25,"22a96386":25,"5c672b50":25,"5df16440":25,"b666e56d":25,"8db378ff":25,"784d6375":25,"4541bf85":25,"a6b13f20":25,"2459c882":25,"3df97186":25,"ef0490de":25,"e0f47ced":25,"309bbf54":25,"cc537772":25,"6618390c":25,"99cc0813":25,"dc32c4e1":25,"45b0968f":25,"6a9bb182":25,"1f1afd4f":25,"25fb8826":25,"0dc5da58":25,"2874a625":25,"e61ae828":25,"f7ac3883":25,"ccd01528":25,"dab8cf68":25,"00f2a9cb":25,"916fe082":25,"b64dba8e":25,"c3bb30ce":25,"86219c70":25,"601990d8":25,"5c662c19":25,"d2a5d2fd":25,"89d220c2":25,"3e10c9cb":25,"5500a3e8":25,"3c0e87ac":25,"a891461f":25,"a246cdab":25,"117c7f0b":25,"0d21cf99":25,"14e6fe14":25,"37ec5e73":25,"bfff7913":25,"f8636899":25,"37724339":25,"d45d9727":25,"ee5ff2a3":25,"239c636e":25,"6ee160ff":25,"c55d40ca":25,"22c177a8":25,"00ae883f":25,"f416ee62":25,"0d2b182d":25,"320754c3":25,"232b2f64":25,"3171b6e7":25,"3b25460f":25,"d2064756":25,"44322dfd":25,"295e4d1d":25,"8cf6570a":25,"403064a0":25,"312af46e":25,"b5a9f8c3":25,"fcbc0ae8":25,"2ff6b6a8":25,"66a71cc1":25,"bf4b58e4":25,"5298dafa":25,"ae350a07":25,"680a32a6":25,"25f7f918":25,"83ba647d":25,"c5311ebb":25,"cb0bd6b7":25,"105bb3f6":25,"58de5462":25,"8e426e39":25,"f01c896d":25,"51909df8":25,"e22b0973":25,"1f2670d0":25,"962c9c8f":25,"23646ff9":25,"aec0bf28":25,"3abb827b":25,"0c73c293":25,"a017a323":25,"88929b06":25,"8801c469":25,"08c4692e":25,"b6281f1a":25,"5b2479ef":25,"48c6df81":25,"1d882c36":25,"5e165f43":25,"f8785b71":25,"eb62e8f2":25,"ab4a411a":25,"d7a4b24c":25,"686d5c0b":25,"808bc372":25,"c792a7c1":25,"f15eb1c5":25,"71789493":25,"5a7da061":25,"06a94514":25,"5ac72353":25,"73c420df":25,"d1b14d06":25,"3b0576bf":25,"9458934f":25,"1dcc489c":25,"945badf3":25,"1327775b":25,"bdd40125":25,"75fd47f7":25,"1c52a07e":25,"e70ccc25":25,"afd1494f":25,"ca6bffd3":25,"829c44a4":25,"e76e2617":25,"2b4fd52e":25,"57162572":25,"d1d50cfe":25,"f6c074a7":25,"0700da70":25,"ffd6849d":25,"ff591765":25,"93f12198":25,"962fca02":25,"75968179":25,"62e270e5":25,"bc8bdc23":25,"66b1b6d7":25,"a71f3f70":25,"b062adc4":25,"4aae5133":25,"1f7aa83c":25,"63a3af32":25,"732d62ee":25,"3fec4b0b":25,"d4b0751c":25,"5b01444b":25,"faa3de3e":25,"44983d13":25,"79995b62":25,"97160db8":25,"80999122":25,"589f0d6e":25,"72af9198":25,"e39e9552":25,"51b4016a":25,"46bf9112":25,"81c1b70d":25,"092ad3d6":25,"e72f0f82":25,"88374b72":25,"bf940089":25,"01f34f98":25,"fdfaf1ed":25,"1670b0d3":25,"ea981bed":25,"ec97d63e":25,"5e197575":25,"e587c4d0":25,"94208a41":25,"2cbcad17":25,"525b2635":25,"caa38a45":25,"4dccb5ca":25,"83268abf":25,"a9987a58":25,"578c4c95":25,"b6b8e5c7":25,"e82177d3":25,"c606b472":25,"89914b94":25,"04bdf5e1":25,"da8b42be":25
1601326912711,"d5d94481":26,"ffe48500":26,"c7a45a33":26,"faffe099":26,"e99490cd":26,"3b830769":26,"583f0305":26,"1557c50a":26,"249e80ab":26,"f52a3d94":26,"eb74d3dd":26,"3bcbc28d":26,"3c0455e7":26,"df203c79":26,"df1e1ac0":26,"491708eb":26,"e421caaa":26,"2d2ecf27":26,"d38a4953":26,"eba5efdd":26,"a5463f93":26,"c85ac4f8":26,"bc253f4f":26,"0d9d2bf8":26,"846b7f11":26,"d3411467":26,"1df0ce7f":26,"a08171d0":26,"c8bc5677":26,"dfca0518":26,"b9a21017":26,"e47705d3":26,"3cae4115":26,"0ccf4731":26,"c7c6782d":26,"54346574":26,"b12cbf87":26,"81942d9b":26,"699b90c1":26,"d9b5a7a8":26,"1e7914d2":26,"e5d8fdb2":26,"3412ab75":26,"bcac5daf":26,"62d028cc":26,"0af2cf39":26,"27491297":26,"d041ea86":26,"1eda11b2":26,"fc442678":26,"5b09e53e":26,"da5bb0f7":26,"6d925c84":26,"50b23ab2":26,"edfa56d4":26,"899c16eb":26,"41c76041":26,"6bb1fa99":26,"d73ff72e":26,"61c0ca91":26
1601326912969,"7800e7ce":26,"77869ff0":26,"4b8f7b16":26,"89f75690":26,"cb363e2f":26,"cd802f02":26,"d3cca7eb":26,"e866a899":26,"5690e712":26,"0b92d2a9":26,"070bed95":26,"67e5d108":26,"3d37b94b":26,"842c97c2":26,"c4cef92b":26,"0eecdc5b":26,"b7e495ea":26,"45ec63c0":26,"0ddfde2c":26,"a8b41774":26,"81f0da2d":26,"1fcc8ba4":26,"75a9c117":26,"12ba54ec":26,"be391c1a":26,"18c73816":26,"e491161e":26,"b5087677":26,"16f60bed":26,"cb0c3481":26,"7664512c":26,"df9a53b8":26,"f6c27b2b":26,"3b3569f6":26,"b01ab62a":26,"76da16fa":26,"bffee581":26,"07150038":26,"080fa362":26,"7b6945ad":26,"a40d08e1":26,"cec79bc2":26,"d2eff358":26,"e70aebb5":26,"a488b2f1":26,"590ce3d3":26,"1802d7ce":26,"0a49914b":26,"5d3f5cad":26,"4caa87d6":26,"f7076e21":26,"69e653b6":26,"98d2991b":26,"3b411d6a":26,"83826ef3":26,"595609d5":26,"b47f1b89":26,"8e6caf71":26,"9a3433b8":26,"b89112cb":26,"66736d5e":26,"30de89a7":26,"06aaa33f":26,"320c65bf":26,"1fa1e7c2":26,"646af2b9":26,"d2fda7be":26,"ce20ca3c":26,"1d2d958b":26,"81fb6a01":26,"7f5b27c8":26,"fb3444d9":26,"f05de640":26,"659389ad":26,"240c8679":26,"0718c3be":26,"8b503f7b":26,"87a8523c":26,"c416baa6":26,"f1e86522":26,"ae350a07":26,"fa03f48f":26,"680a32a6":26,"83ba647d":26,"5298dafa":26,"cb0bd6b7":26,"25f7f918":26,"c5311ebb":26,"8e426e39":26,"51909df8":26,"105bb3f6":26,"58de5462":26,"e22b0973":26,"23646ff9":26,"f01c896d":26,"1f2670d0":26,"3abb827b":26,"945f6c24":26,"f1daea7e":26,"b8fb90e3":26,"56227e35":26,"0d6bf22a":26,"b87321d0":26,"43205b5d":26,"8982905a":26,"f6fe1ad7":26,"230064fa":26,"764e0abb":26,"bba6d88e":26,"ea3479ec":26,"32266fa3":26,"50b090c3":26,"8be24763":26,"eb4800b2":26,"6e0ce9dc":26,"87d9bec4":26,"e30dfa0c":26,"6da34174":26,"bfb849fa":26,"0a10b423":26,"9ef7cee7":26,"49f1a0d1":26,"5f04aa76":26,"ba297382":26,"0287db2a":26,"96abe4a9":26,"753b10b1":26,"cf14bd99":26,"782022f4":26,"322e833f":26,"ab3619e4":26,"106006ad":26,"962c9c8f":26,"0c73c293":26,"aec0bf28":26,"88929b06":26,"08c4692e":26,"a017a323":26,"5b2479ef":26,"8801c469":26,"1d882c36":26,"b6281f1a":26,"48c6df81":26,"eb62e8f2":26,"5e165f43":26,"f8785b71":26,"ab4a411a":26,"d7a4b24c":26,"686d5c0b":26,"808bc372":26,"f15eb1c5":26,"c792a7c1":26,"5a7da061":26,"71789493":26,"5ac72353":26,"06a94514":26,"73c420df":26,"d1b14d06":26,"0700da70":26,"f6c074a7":26,"ffd6849d":26,"ff591765":26,"86a68967":26,"56cd4dca":26,"7f469f4c":26,"f92dedfc":26,"355d1489":26,"f96fc1af":26,"06713bac":26,"61aca924":26,"d97fb857":26,"59ff5ec6":26,"ef04e64e":26,"6e2d04de":26,"2fca1798":26,"05028839":26,"5488826c":26,"84fff5c1":26,"c649992d":26,"d5ad3ed6":26,"8e5f7187":26,"55ba7579":26,"b7769ca6":26,"9c27de51":26,"38a75b48":26,"1792bfa3":26,"426f1904":26,"7c0f1ca9":26,"b2f820ac":26,"25d4f65d":26,"eddb6a2a":26,"ff8a00aa":26,"c146560b":26,"985068e7":26,"93f12198":26,"962fca02":26,"75968179":26,"62e270e5":26,"bc8bdc23":26,"66b1b6d7":26,"b062adc4":26,"a71f3f70":26,"4aae5133":26,"1f7aa83c":26,"732d62ee":26,"63a3af32":26,"3fec4b0b":26,"d4b0751c":26,"830ecfec":26,"a8bae791":26,"312009ee":26,"c98759fd":26,"e8b6d676":26,"45ee5840":26,"76f04033":26,"43480b19":26,"fd955858":26,"69798d15":26,"efea71fa":26,"fb3aa867":26,"c9cf710b":26,"fcacdeb3":26,"0ea055ed":26,"e3b1bdf8":26,"644b45fb":26,"faa3de3e":26,"5b01444b":26,"79995b62":26,"44983d13":26,"80999122":26,"97160db8":26,"37d8a5b7":26,"d5ab81c4":26,"080d5d42":26,"2ecde685":26,"5d03f5dc":26,"f0bd52d3":26,"f0a01341":26,"dcc20f76":26,"1ee4d9f9":26,"666a8ef0":26,"0d6e45e7":26,"c5b609f1":26,"4dc5849a":26,"0da97151":26,"e829038c":26,"d605c755":26,"8a8c1d67":26,"4987cfb5":26,"cc6b3306":26,"ba90687c":26,"77f2cf92":26,"8c2dfd9a":26,"f11267b9":26,"037e2be4":26,"9e7dbd20":26,"a483b15e":26,"0c086273":26,"f80ab49d":26,"ac13c3b0":26,"95eaed39":26,"a5ba0ebb":26,"b4d9c57f":26,"f53362a9":26,"5d53c964":26,"1901ef7e":26,"8ee9cc91":26,"960c2e6b":26,"4cc0af91":26,"3515e999":26,"55f6a2ba":26,"9559ea96":26,"d11f8f1b":26,"9cb044bf":26,"9d9eb027":26,"16b25add":26,"325f9a29":26,"80ee333e":26,"503aafe5":26,"3b329af2":26,"1cd662bf":26,"72992b35":26,"47589344":26,"593b1533":26,"e9f6e5ce":26,"ed6bead5":26,"96f594b9":26,"94dfcfc5":26,"8301986e":26,"589f0d6e":26,"72af9198":26,"51b4016a":26,"e39e9552":26,"46bf9112":26,"81c1b70d":26,"e72f0f82":26,"092ad3d6":26,"cf347cba":26,"fc0c23f7":26,"641f9b9e":26,"c92edec5":26,"9f03c1e7":26,"06c24a8d":26,"2f35e75f":26,"3eddf7c8":26,"77970f8b":26,"efd594d5":26,"4718294d":26,"5352cf45":26,"e0ffe8ff":26,"ae14d6b5":26,"721f5f42":26,"0b50bca6":26,"bf2ca266":26,"5d8d9641":26,"0de67c6c":26,"2311399f":26,"5e3ebf5e":26,"9f6ca218":26,"6213799d":26,"44cb1fd2":26,"baf19c25":26,"24a79a6e":26,"edde30af":26,"4d949e11":26,"df12f689":26,"1da10cbf":26,"832c48e4":26,"dc90a44c":26,"1ad7c45b":26,"5566c17c":26,"86a22252":26,"88374b72":26,"bf940089":26,"01f34f98":26,"fdfaf1ed":26,"1670b0d3":26,"ea981bed":26,"5e197575":26,"ec97d63e":26,"e587c4d0":26,"94208a41":26,"2cbcad17":26,"525b2635":26,"4dccb5ca":26,"caa38a45":26,"83268abf":26,"a9987a58":26,"578c4c95":26,"b6b8e5c7":26,"e82177d3":26,"c606b472":26,"89914b94":26,"04bdf5e1":26,"da8b42be":26,"3b0576bf":26,"9458934f":26,"d543ba6f":26,"1dcc489c":26,"945badf3":26,"1327775b":26,"bdd40125":26,"75fd47f7":26,"1c52a07e":26,"e70ccc25":26,"afd1494f":26,"ca6bffd3":26,"829c44a4":26,"e76e2617":26,"2b4fd52e":26,"57162572":26,"d1d50cfe":26,"0000dece":26,"ce5efdbe":26,"58ace2b5":26,"d379fd96":26,"7b819458":26,"7f8024cd":26,"ae562513":26,"7b66dacd":26,"9ab137d7":26,"7191d1cd":26,"005354dd":26,"36f4ecde":26,"568a0d58":26,"5fd569d2":26,"10c8fd03":26,"bd4ccb49":26,"e773d697":26,"7e8c11e7":26,"077eb15a":26,"5337c279":26,"8d256cb6":26,"7021c619":26,"32ae00db":26,"bf2defb2":26,"bc733a28":26,"30d32d34":26,"886c16d3":26,"e8d09b62":26,"c8237be9":26,"1416e8f5":26,"dde2eed5":26,"92b72493":26,"a208caa8":26,"d3e58903":26,"16605353":26,"4481c4be":26,"77b39e15":26,"7954891b":26,"f1726edb":26,"4afd60a9":26,"d44c0ea3":26,"68f87858":26,"533bac6b":26,"41634dba":26,"43fd1327":26,"113e7f4b":26,"8cce569a":26,"ce6401b6":26,"6f57824c":26,"28bd7aa1":26,"1d52fb0d":26,"cde0d748":26,"535ed444":26,"710f0d0e":26,"0905f1fb":26,"a20e529c":26,"1ae76fcc":26,"35b161d3":26,"344cd1a3":26,"77ea1236":26,"96d2a118":26,"23a0e41f":26,"b32a1080":26,"a2c4b591":26,"6dfa57be":26,"1854ce44":26,"f92b22f1":26,"ece12664":26,"9666b973":26,"653b27c7":26,"83b37fd6":26,"4d852788":26,"e43a9448":26,"3542b748":26,"379c53ab":26,"e396d80d":26,"7da61f27":26,"dc874a97":26,"85a220de":26,"40a7cdd2":26,"ac033c7b":26,"87759976":26,"4df3f62e":26,"c881a53e":26,"80c1c8b1":26,"cf52acd8":26,"a63cb4ce":26,"d3b3492b":26,"7580cfa4":26,"22a96386":26,"5c672b50":26,"5df16440":26,"b666e56d":26,"8db378ff":26,"784d6375":26,"4541bf85":26,"a6b13f20":26,"2459c882":26,"a8edfe84":26,"2ed19b1e":26,"959e16ea":26,"02f76c64":26,"5c6d1f33":26,"b4801cae":26,"272e7d0d":26,"f92596ee":26,"68831ea9":26,"9713d076":26,"fd098272":26,"6ee788a7":26,"8249641d":26,"45b0968f":26,"6a9bb182":26,"1f1afd4f":26,"25fb8826":26,"0dc5da58":26,"dfe4a061":26,"c2bf7d51":26,"781afef6":26,"de9229a0":26,"99a5feef":26,"f6266388":26,"e64fd39c":26,"e1b3ce36":26,"625fa164":26,"0c6ae551":26,"e8f4c1dd":26,"cede8b8c":26,"ad95ff4a":26,"893a99c5":26,"f7ffcbb8":26,"d8bf32b5":26,"5728f934":26,"00b26865":26,"0eb42efe":26,"03c4ab87":26,"c333337d":26,"4e3d3af7":26,"815c56bc":26,"3a4803a8":26,"5bd61a68":26,"8582c5cf":26,"f7a7de5d":26,"d4e56c3e":26,"0c353665":26,"3df97186":26,"ef0490de":26,"e0f47ced":26,"309bbf54":26,"cc537772":26,"6618390c":26,"99cc0813":26,"dc32c4e1":26,"239c636e":26,"6ee160ff":26,"c55d40ca":26,"22c177a8":26,"00ae883f":26,"f416ee62":26,"0d2b182d":26,"320754c3":26,"232b2f64":26,"3171b6e7":26,"3b25460f":26,"d2064756":26,"c3c2fd05":26,"f8c97147":26,"c2526ff3":26,"cc386067":26,"a22ffd8f":26,"3cd28a4d":26,"44a12c31":26,"45a961ca":26,"5ca978fd":26,"668e601b":26,"7552d86c":26,"02ebf3b6":26,"bb17a968":26,"4abcb85d":26,"cba26072":26,"2a718dcc":26,"c6a9a8e1":26,"88854fd0":26,"8dc27d2a":26,"41d7f05d":26,"2b851827":26,"9f428a03":26,"4d504d96":26,"0533ece1":26,"bcee2ef3":26,"0afba00c":26,"04ff8100":26,"6c00d8d6":26,"2874a625":26,"e61ae828":26,"f7ac3883":26,"ccd01528":26,"dab8cf68":26,"00f2a9cb":26,"916fe082":26,"b64dba8e":26,"c3bb30ce":26,"86219c70":26,"601990d8":26,"5c662c19":26,"d2a5d2fd":26,"89d220c2":26,"3e10c9cb":26,"5500a3e8":26,"3c0e87ac":26,"a891461f":26,"a246cdab":26,"117c7f0b":26,"0d21cf99":26,"14e6fe14":26,"37ec5e73":26,"bfff7913":26,"f8636899":26,"37724339":26,"d45d9727":26,"ee5ff2a3":26,"44322dfd":26,"295e4d1d":26,"ac9a02bc":26,"acfe69ed":26,"426603ff":26,"2db2f252":26,"2e84193b":26,"c55683c9":26,"51233daf":26,"02791635":26,"be081247":26,"5cc47d1b":26,"678b846f":26,"b4bd39d8":26,"b4cdbe5d":26,"fa0386f3":26,"b95d0f17":26,"cee9c347":26,"8cf6570a":26,"403064a0":26,"312af46e":26,"b5a9f8c3":26,"fcbc0ae8":26,"2ff6b6a8":26,"66a71cc1":26,"bf4b58e4":26,"f4f84279":26,"b0950de5":26,"6f873999":26,"1f4e0e22":26,"60d69311":26,"3b09f1de":26,"b371f44a":26,"8b6180ff":26,"8819ac24":26,"dbbf7f69":26,"0c045c2d":26,"231e8700":26,"8efd4801":26,"1f9fbd85":26,"43f24679":26,"7eb8f268":26,"20236d3e":26,"a1c0dfc4":26,"78f71162":26,"36ae8cd8":26,"4b27a9a4":26,"3ddd5391":26,"07f69c6d":26,"163f4d19":26,"1d043d5a":26,"2254f0f5":26,"ea282e84":26,"b2f82e06":26,"5b0b43e6":26,"6653c83b":26,"c896052c":26,"b5474d69":26,"5a938eeb":26,"287ecd1c":26,"4fe0dedf":26,"f9376d3e":26,"951fc6d0":26,"07a94e8c":26,"61892a4c":26,"bb017b49":26,"f096219e":26,"37b52fe4":26,"a3f0a6ec":26,"61ad1519":26,"01051f84":26,"819c4185":26,"aa7e370d":26,"ba69b06b":26,"f995eeab":26,"7d2a2cb4":26,"4006e709":26,"4f62491c":26,"0dedf63e":26,"70b4c438":26,"a9d5374b":26,"4321f02d":26,"71ed93db":26,"c92efaa8":26,"089b3f8f":26,"7698d0dc":26,"c241ac7e":26,"784414ce":26,"62a45672":26,"210e507a":26,"2df3efdb":26,"ac6e268b":26,"d0f1b7bd":26,"742238e8":26,"e7799883":26,"4f9456cf":26,"6e260ee8":26
1601326916534,"7800e7ce":27,"77869ff0":27,"4b8f7b16":27,"89f75690":27,"cb363e2f":27,"cd802f02":27,"d3cca7eb":27,"e866a899":27,"5690e712":27,"0b92d2a9":27,"070bed95":27,"67e5d108":27,"3d37b94b":27,"842c97c2":27,"c4cef92b":27,"0eecdc5b":27,"b7e495ea":27,"45ec63c0":27,"0ddfde2c":27,"a8b41774":27,"81f0da2d":27,"1fcc8ba4":27,"75a9c117":27,"12ba54ec":27,"be391c1a":27,"37d8a5b7":27,"080d5d42":27,"5d03f5dc":27,"d5ab81c4":27,"2ecde685":27,"f0a01341":27,"1ee4d9f9":27,"f0bd52d3":27,"0d6e45e7":27,"dcc20f76":27,"666a8ef0":27,"0da97151":27,"c5b609f1":27,"e829038c":27,"4987cfb5":27,"4dc5849a":27,"ba90687c":27,"d605c755":27,"d5d94481":27,"ffe48500":27,"c7a45a33":27,"faffe099":27,"e99490cd":27,"3b830769":27,"583f0305":27,"1557c50a":27,"249e80ab":27,"f52a3d94":27,"eb74d3dd":27,"3bcbc28d":27,"3c0455e7":27,"77f2cf92":27,"8a8c1d67":27,"037e2be4":27,"cc6b3306":27,"9e7dbd20":27,"8c2dfd9a":27,"f11267b9":27,"0c086273":27,"a483b15e":27,"ac13c3b0":27,"f80ab49d":27,"b4d9c57f":27,"5d53c964":27,"95eaed39":27,"8ee9cc91":27,"a5ba0ebb":27,"4cc0af91":27,"f53362a9":27,"55f6a2ba":27,"1901ef7e":27,"960c2e6b":27,"9559ea96":27,"9cb044bf":27,"3515e999":27,"16b25add":27,"d11f8f1b":27,"9d9eb027":27,"80ee333e":27,"3b329af2":27,"325f9a29":27,"1cd662bf":27,"503aafe5":27,"72992b35":27,"47589344":27,"593b1533":27,"e9f6e5ce":27,"ed6bead5":27,"96f594b9":27,"94dfcfc5":27,"8301986e":27,"830ecfec":27,"a8bae791":27,"312009ee":27,"c98759fd":27,"e8b6d676":27,"45ee5840":27,"76f04033":27,"43480b19":27,"fd955858":27,"69798d15":27,"590ce3d3":27,"1802d7ce":27,"0a49914b":27,"5d3f5cad":27,"cf347cba":27,"fc0c23f7":27,"641f9b9e":27,"c92edec5":27,"9f03c1e7":27,"06c24a8d":27,"2f35e75f":27,"3eddf7c8":27,"77970f8b":27,"efea71fa":27,"fb3aa867":27,"c9cf710b":27,"fcacdeb3":27,"0ea055ed":27,"e3b1bdf8":27,"644b45fb":27,"efd594d5":27,"4718294d":27,"5352cf45":27,"e0ffe8ff":27,"ae14d6b5":27,"721f5f42":27,"0b50bca6":27,"bf2ca266":27,"5d8d9641":27,"0de67c6c":27,"2311399f":27,"5e3ebf5e":27,"9f6ca218":27,"6213799d":27,"44cb1fd2":27,"baf19c25":27,"24a79a6e":27,"edde30af":27,"4d949e11":27,"df12f689":27,"1eda11b2":27,"fc442678":27,"1da10cbf":27,"832c48e4":27,"dc90a44c":27,"1ad7c45b":27,"5566c17c":27,"df203c79":27,"df1e1ac0":27,"491708eb":27,"e421caaa":27,"2d2ecf27":27,"d38a4953":27,"eba5efdd":27,"a5463f93":27,"c85ac4f8":27,"bc253f4f":27,"0d9d2bf8":27,"846b7f11":27,"d3411467":27,"1df0ce7f":27,"a08171d0":27,"c8bc5677":27,"dfca0518":27,"b9a21017":27,"e47705d3":27,"3cae4115":27,"0ccf4731":27,"c7c6782d":27,"54346574":27,"b12cbf87":27,"81942d9b":27,"699b90c1":27,"d9b5a7a8":27,"1e7914d2":27,"e5d8fdb2":27,"3412ab75":27,"bcac5daf":27,"62d028cc":27,"0af2cf39":27,"27491297":27,"d041ea86":27,"86a22252":27,"0000dece":27,"ce5efdbe":27,"58ace2b5":27,"d379fd96":27,"7b819458":27,"7f8024cd":27,"ae562513":27,"7b66dacd":27,"9ab137d7":27,"7191d1cd":27,"005354dd":27,"18c73816":27,"e491161e":27,"b5087677":27,"16f60bed":27,"cb0c3481":27,"7664512c":27,"df9a53b8":27,"f6c27b2b":27,"945f6c24":27,"f1daea7e":27,"b8fb90e3":27,"56227e35":27,"0d6bf22a":27,"b87321d0":27,"43205b5d":27,"8982905a":27,"f6fe1ad7":27,"230064fa":27,"764e0abb":27,"bba6d88e":27,"ea3479ec":27,"32266fa3":27,"50b090c3":27,"8be24763":27,"eb4800b2":27,"6e0ce9dc":27,"87d9bec4":27,"e30dfa0c":27,"6da34174":27,"bfb849fa":27,"0a10b423":27,"9ef7cee7":27,"49f1a0d1":27,"5f04aa76":27,"ba297382":27,"0287db2a":27,"96abe4a9":27,"753b10b1":27,"cf14bd99":27,"782022f4":27,"322e833f":27,"ab3619e4":27,"106006ad":27,"c8237be9":27,"1416e8f5":27,"dde2eed5":27,"a208caa8":27,"16605353":27,"92b72493":27,"77b39e15":27,"d3e58903":27,"4481c4be":27,"f1726edb":27,"7954891b":27,"4afd60a9":27,"d44c0ea3":27,"68f87858":27,"533bac6b":27,"41634dba":27,"43fd1327":27,"113e7f4b":27,"8cce569a":27,"ce6401b6":27,"6f57824c":27,"28bd7aa1":27,"1d52fb0d":27,"cde0d748":27,"535ed444":27,"710f0d0e":27,"0905f1fb":27,"a20e529c":27,"1ae76fcc":27,"35b161d3":27,"344cd1a3":27,"5b09e53e":27,"da5bb0f7":27,"6d925c84":27,"50b23ab2":27,"edfa56d4":27,"899c16eb":27,"41c76041":27,"6bb1fa99":27,"d73ff72e":27,"61c0ca91":27,"d2fda7be":27,"ce20ca3c":27,"1d2d958b":27,"81fb6a01":27,"7f5b27c8":27,"fb3444d9":27,"f05de640":27,"86a68967":27,"56cd4dca":27,"7f469f4c":27,"f92dedfc":27,"355d1489":27,"f96fc1af":27,"06713bac":27,"61aca924":27,"d97fb857":27,"59ff5ec6":27,"ef04e64e":27,"6e2d04de":27,"2fca1798":27
1601326917080,"3b3569f6":27,"b01ab62a":27,"76da16fa":27,"bffee581":27,"07150038":27,"080fa362":27,"7b6945ad":27,"a40d08e1":27,"cec79bc2":27,"d2eff358":27,"e70aebb5":27,"a488b2f1":27,"4caa87d6":27,"f7076e21":27,"69e653b6":27,"98d2991b":27,"3b411d6a":27,"83826ef3":27,"595609d5":27,"b47f1b89":27,"8e6caf71":27,"9a3433b8":27,"77ea1236":27,"96d2a118":27,"23a0e41f":27,"b32a1080":27,"a2c4b591":27,"6dfa57be":27,"1854ce44":27,"f92b22f1":27,"ece12664":27,"36f4ecde":27,"568a0d58":27,"5fd569d2":27,"10c8fd03":27,"bd4ccb49":27,"e773d697":27,"7e8c11e7":27,"077eb15a":27,"5337c279":27,"8d256cb6":27,"7021c619":27,"32ae00db":27,"bf2defb2":27,"bc733a28":27,"30d32d34":27,"886c16d3":27,"e8d09b62":27,"05028839":27,"5488826c":27,"84fff5c1":27,"c649992d":27,"d5ad3ed6":27,"8e5f7187":27,"55ba7579":27,"b7769ca6":27,"9c27de51":27,"38a75b48":27,"1792bfa3":27,"426f1904":27,"7c0f1ca9":27,"b2f820ac":27,"25d4f65d":27,"eddb6a2a":27,"ff8a00aa":27,"c146560b":27,"985068e7":27,"d543ba6f":27,"b89112cb":27,"66736d5e":27,"30de89a7":27,"06aaa33f":27,"320c65bf":27,"1fa1e7c2":27,"646af2b9":27,"659389ad":27,"240c8679":27,"0718c3be":27,"8b503f7b":27,"87a8523c":27,"c416baa6":27,"ae350a07":27,"680a32a6":27,"83ba647d":27,"cb0bd6b7":27,"8e426e39":27,"51909df8":27,"e22b0973":27,"23646ff9":27,"3abb827b":27,"0c73c293":27,"88929b06":27,"f1e86522":27,"08c4692e":27,"fa03f48f":27,"5b2479ef":27,"5298dafa":27,"1d882c36":27,"eb62e8f2":27,"25f7f918":27,"c5311ebb":27,"105bb3f6":27,"58de5462":27,"f01c896d":27,"1f2670d0":27,"a8edfe84":27,"2ed19b1e":27,"959e16ea":27,"02f76c64":27,"5c6d1f33":27,"b4801cae":27,"c3c2fd05":27,"f8c97147":27,"c2526ff3":27,"cc386067":27,"a22ffd8f":27,"3cd28a4d":27,"44a12c31":27,"45a961ca":27,"5ca978fd":27,"668e601b":27,"7552d86c":27,"02ebf3b6":27,"bb17a968":27,"4abcb85d":27,"dfe4a061":27,"c2bf7d51":27,"781afef6":27,"de9229a0":27,"99a5feef":27,"f6266388":27,"e64fd39c":27,"e1b3ce36":27,"625fa164":27,"0c6ae551":27,"e8f4c1dd":27,"cede8b8c":27,"f7ffcbb8":27,"ad95ff4a":27,"5728f934":27,"893a99c5":27,"d8bf32b5":27,"00b26865":27,"c333337d":27,"0eb42efe":27,"03c4ab87":27,"815c56bc":27,"5bd61a68":27,"4e3d3af7":27,"3a4803a8":27,"8582c5cf":27,"f7a7de5d":27,"0c353665":27,"231e8700":27,"d4e56c3e":27,"0c045c2d":27,"1f9fbd85":27,"8efd4801":27,"43f24679":27,"a1c0dfc4":27,"7eb8f268":27,"78f71162":27,"20236d3e":27,"4b27a9a4":27,"36ae8cd8":27,"3ddd5391":27,"163f4d19":27,"cba26072":27,"2a718dcc":27,"c6a9a8e1":27,"88854fd0":27,"8dc27d2a":27,"41d7f05d":27,"2b851827":27,"9f428a03":27,"4d504d96":27,"0533ece1":27,"bcee2ef3":27,"0afba00c":27,"04ff8100":27,"6c00d8d6":27,"ac9a02bc":27,"acfe69ed":27,"426603ff":27,"2db2f252":27,"2e84193b":27,"fdfaf1ed":27,"ec97d63e":27,"94208a41":27,"ea981bed":27,"2cbcad17":27,"5e197575":27,"4dccb5ca":27,"e587c4d0":27,"83268abf":27,"525b2635":27,"caa38a45":27,"578c4c95":27,"a9987a58":27,"c606b472":27,"b6b8e5c7":27,"e82177d3":27,"89914b94":27,"04bdf5e1":27,"da8b42be":27,"3b0576bf":27,"9458934f":27,"1dcc489c":27,"945badf3":27,"1327775b":27,"bdd40125":27,"75fd47f7":27,"1c52a07e":27,"e70ccc25":27,"afd1494f":27,"ca6bffd3":27,"829c44a4":27,"e76e2617":27,"2b4fd52e":27,"57162572":27,"d1d50cfe":27,"c55683c9":27,"51233daf":27,"02791635":27,"be081247":27,"962c9c8f":27,"aec0bf28":27,"a017a323":27,"8801c469":27,"b6281f1a":27,"48c6df81":27,"5e165f43":27,"f8785b71":27,"ab4a411a":27,"d7a4b24c":27,"808bc372":27,"686d5c0b":27,"f15eb1c5":27,"71789493":27,"5ac72353":27,"c792a7c1":27,"d1b14d06":27,"5a7da061":27,"06a94514":27,"f6c074a7":27,"ffd6849d":27,"73c420df":27,"962fca02":27,"0700da70":27,"75968179":27,"ff591765":27,"93f12198":27,"bc8bdc23":27,"a71f3f70":27,"62e270e5":27,"66b1b6d7":27,"1f7aa83c":27,"732d62ee":27,"b062adc4":27,"4aae5133":27,"d4b0751c":27,"5b01444b":27,"63a3af32":27,"3fec4b0b":27,"79995b62":27,"97160db8":27,"faa3de3e":27,"44983d13":27,"589f0d6e":27,"51b4016a":27,"80999122":27,"46bf9112":27,"72af9198":27,"092ad3d6":27,"e39e9552":27,"81c1b70d":27,"bf940089":27,"01f34f98":27,"e72f0f82":27,"1670b0d3":27,"88374b72":27,"5cc47d1b":27,"678b846f":27,"b4bd39d8":27,"b4cdbe5d":27,"fa0386f3":27,"9666b973":27,"653b27c7":27,"83b37fd6":27,"4d852788":27,"e43a9448":27,"3542b748":27,"379c53ab":27,"e396d80d":27,"7da61f27":27,"dc874a97":27,"85a220de":27,"40a7cdd2":27,"ac033c7b":27,"87759976":27,"4df3f62e":27,"c881a53e":27,"80c1c8b1":27,"cf52acd8":27,"a63cb4ce":27,"d3b3492b":27,"7580cfa4":27,"22a96386":27,"5c672b50":27,"5df16440":27,"b666e56d":27,"8db378ff":27,"b95d0f17":27,"cee9c347":27,"07f69c6d":27,"1d043d5a":27,"b2f82e06":27,"2254f0f5":27,"5b0b43e6":27,"ea282e84":27,"b5474d69":27,"6653c83b":27,"5a938eeb":27,"4fe0dedf":27,"c896052c":27,"951fc6d0":27,"287ecd1c":27,"f9376d3e":27,"61892a4c":27,"07a94e8c":27,"f096219e":27,"a3f0a6ec":27,"bb017b49":27,"01051f84":27,"37b52fe4":27,"61ad1519":27,"aa7e370d":27,"f995eeab":27,"819c4185":27,"4006e709":27,"ba69b06b":27,"7d2a2cb4":27,"0dedf63e":27,"4f62491c":27,"a9d5374b":27,"70b4c438":27,"4321f02d":27,"089b3f8f":27,"71ed93db":27,"c92efaa8":27,"7698d0dc":27,"c241ac7e":27,"784414ce":27,"2df3efdb":27,"62a45672":27,"210e507a":27,"d0f1b7bd":27,"ac6e268b":27,"e7799883":27,"742238e8":27,"4f9456cf":27,"6e260ee8":27,"f4f84279":27,"272e7d0d":27,"f92596ee":27,"68831ea9":27,"9713d076":27,"fd098272":27,"6ee788a7":27,"8249641d":27,"45b0968f":27,"6a9bb182":27,"1f1afd4f":27,"25fb8826":27,"0dc5da58":27,"2874a625":27,"e61ae828":27,"f7ac3883":27,"ccd01528":27,"dab8cf68":27,"00f2a9cb":27,"916fe082":27,"b64dba8e":27,"c3bb30ce":27,"86219c70":27,"601990d8":27,"5c662c19":27,"d2a5d2fd":27,"89d220c2":27,"3e10c9cb":27,"5500a3e8":27,"3c0e87ac":27,"b0950de5":27,"6f873999":27,"1f4e0e22":27,"60d69311":27,"3b09f1de":27,"b371f44a":27,"8b6180ff":27,"8819ac24":27,"dbbf7f69":27,"784d6375":27,"4541bf85":27,"a6b13f20":27,"2459c882":27,"3df97186":27,"ef0490de":27,"e0f47ced":27,"309bbf54":27,"cc537772":27,"6618390c":27,"99cc0813":27,"dc32c4e1":27,"239c636e":27,"6ee160ff":27,"c55d40ca":27,"22c177a8":27,"00ae883f":27,"f416ee62":27,"0d2b182d":27,"320754c3":27,"232b2f64":27,"3171b6e7":27,"3b25460f":27,"d2064756":27,"a891461f":27,"a246cdab":27,"117c7f0b":27,"0d21cf99":27,"14e6fe14":27,"37ec5e73":27,"bfff7913":27,"f8636899":27,"37724339":27,"d45d9727":27,"ee5ff2a3":27,"44322dfd":27,"295e4d1d":27,"8cf6570a":27,"403064a0":27,"312af46e":27,"b5a9f8c3":27,"fcbc0ae8":27,"2ff6b6a8":27,"66a71cc1":27,"bf4b58e4":27
1601326922651,"d5d94481":28,"ffe48500":28,"c7a45a33":28,"faffe099":28,"e99490cd":28,"3b830769":28,"583f0305":28,"1557c50a":28,"249e80ab":28,"f52a3d94":28,"eb74d3dd":28,"3bcbc28d":28,"3c0455e7":28,"df203c79":28,"df1e1ac0":28,"491708eb":28,"e421caaa":28,"2d2ecf27":28,"d38a4953":28,"7800e7ce":28,"77869ff0":28,"4b8f7b16":28,"89f75690":28,"cb363e2f":28,"cd802f02":28,"d3cca7eb":28,"e866a899":28,"5690e712":28,"0b92d2a9":28,"070bed95":28,"eba5efdd":28,"a5463f93":28,"c85ac4f8":28,"bc253f4f":28,"0d9d2bf8":28,"846b7f11":28,"d3411467":28,"1df0ce7f":28,"a08171d0":28,"c8bc5677":28,"dfca0518":28,"b9a21017":28,"e47705d3":28,"3cae4115":28,"0ccf4731":28,"c7c6782d":28,"54346574":28,"b12cbf87":28,"81942d9b":28,"699b90c1":28,"d9b5a7a8":28,"1e7914d2":28,"e5d8fdb2":28,"3412ab75":28,"bcac5daf":28,"62d028cc":28,"0af2cf39":28,"27491297":28,"d041ea86":28,"1eda11b2":28,"fc442678":28,"3b3569f6":28,"b01ab62a":28,"76da16fa":28,"67e5d108":28,"3d37b94b":28,"842c97c2":28,"c4cef92b":28,"0eecdc5b":28,"b7e495ea":28,"45ec63c0":28,"0ddfde2c":28,"a8b41774":28,"81f0da2d":28,"1fcc8ba4":28,"75a9c117":28,"12ba54ec":28,"be391c1a":28,"37d8a5b7":28,"080d5d42":28,"d5ab81c4":28,"5d03f5dc":28,"2ecde685":28,"f0bd52d3":28,"f0a01341":28,"1ee4d9f9":28,"dcc20f76":28,"0d6e45e7":28,"666a8ef0":28,"c5b609f1":28,"0da97151":28,"4dc5849a":28,"e829038c":28,"4987cfb5":28,"d605c755":28,"ba90687c":28,"8a8c1d67":28,"cc6b3306":28,"77f2cf92":28,"8c2dfd9a":28,"037e2be4":28,"f11267b9":28,"9e7dbd20":28,"a483b15e":28,"0c086273":28,"ac13c3b0":28,"f80ab49d":28,"b4d9c57f":28,"95eaed39":28,"a5ba0ebb":28,"5d53c964":28,"f53362a9":28,"8ee9cc91":28,"4cc0af91":28,"1901ef7e":28,"bffee581":28,"07150038":28,"080fa362":28,"7b6945ad":28,"a40d08e1":28,"cec79bc2":28,"d2eff358":28,"e70aebb5":28,"a488b2f1":28,"4caa87d6":28,"f7076e21":28,"5b09e53e":28,"da5bb0f7":28,"6d925c84":28,"69e653b6":28,"98d2991b":28,"3b411d6a":28,"83826ef3":28,"595609d5":28,"b47f1b89":28,"8e6caf71":28,"9a3433b8":28,"b89112cb":28,"66736d5e":28,"30de89a7":28,"06aaa33f":28,"320c65bf":28,"1fa1e7c2":28,"646af2b9":28,"659389ad":28,"240c8679":28,"0718c3be":28,"55f6a2ba":28,"960c2e6b":28,"9559ea96":28,"3515e999":28,"9cb044bf":28,"d11f8f1b":28,"16b25add":28,"9d9eb027":28,"325f9a29":28,"80ee333e":28,"503aafe5":28,"3b329af2":28,"1cd662bf":28,"72992b35":28,"47589344":28,"593b1533":28,"e9f6e5ce":28,"ed6bead5":28,"96f594b9":28,"94dfcfc5":28,"8301986e":28,"830ecfec":28,"a8bae791":28,"312009ee":28,"c98759fd":28,"e8b6d676":28,"45ee5840":28,"76f04033":28,"43480b19":28,"fd955858":28,"69798d15":28,"efea71fa":28,"fb3aa867":28,"c9cf710b":28,"fcacdeb3":28,"0ea055ed":28,"e3b1bdf8":28,"644b45fb":28,"8b503f7b":28,"87a8523c":28,"c416baa6":28,"ae350a07":28,"680a32a6":28,"83ba647d":28,"cb0bd6b7":28,"8e426e39":28,"590ce3d3":28,"1802d7ce":28,"0a49914b":28,"5d3f5cad":28,"cf347cba":28,"fc0c23f7":28,"641f9b9e":28,"c92edec5":28,"9f03c1e7":28,"06c24a8d":28,"2f35e75f":28,"3eddf7c8":28,"77970f8b":28,"efd594d5":28,"4718294d":28,"5352cf45":28,"e0ffe8ff":28,"ae14d6b5":28,"721f5f42":28,"0b50bca6":28,"bf2ca266":28,"5d8d9641":28,"0de67c6c":28,"2311399f":28,"5e3ebf5e":28,"9f6ca218":28,"51909df8":28,"e22b0973":28,"23646ff9":28,"f1e86522":28,"3abb827b":28,"fa03f48f":28,"0c73c293":28,"88929b06":28,"5298dafa":28,"25f7f918":28,"08c4692e":28,"5b2479ef":28,"c5311ebb":28,"1d882c36":28,"105bb3f6":28,"eb62e8f2":28,"58de5462":28,"f01c896d":28,"50b23ab2":28,"edfa56d4":28,"899c16eb":28,"41c76041":28,"6bb1fa99":28,"d73ff72e":28,"61c0ca91":28,"d2fda7be":28,"ce20ca3c":28,"1d2d958b":28,"81fb6a01":28,"7f5b27c8":28,"fb3444d9":28,"f05de640":28,"86a68967":28,"56cd4dca":28,"7f469f4c":28,"f92dedfc":28,"355d1489":28,"f96fc1af":28,"06713bac":28,"61aca924":28,"d97fb857":28,"59ff5ec6":28,"ef04e64e":28,"6e2d04de":28,"2fca1798":28,"05028839":28,"5488826c":28,"84fff5c1":28,"c649992d":28,"1f2670d0":28,"962c9c8f":28,"aec0bf28":28,"a017a323":28,"8801c469":28,"b6281f1a":28,"48c6df81":28,"5e165f43":28,"f8785b71":28,"808bc372":28,"ab4a411a":28,"c792a7c1":28,"5a7da061":28,"d7a4b24c":28,"06a94514":28,"686d5c0b":28,"73c420df":28,"f15eb1c5":28,"71789493":28,"0700da70":28,"ff591765":28,"5ac72353":28,"d1b14d06":28,"93f12198":28,"62e270e5":28,"f6c074a7":28,"18c73816":28,"e491161e":28,"b5087677":28,"16f60bed":28,"cb0c3481":28,"7664512c":28,"df9a53b8":28,"f6c27b2b":28,"945f6c24":28,"f1daea7e":28,"b8fb90e3":28,"56227e35":28,"0d6bf22a":28,"b87321d0":28,"43205b5d":28,"8982905a":28,"f6fe1ad7":28,"230064fa":28,"764e0abb":28,"bba6d88e":28,"ea3479ec":28,"32266fa3":28,"50b090c3":28,"8be24763":28,"eb4800b2":28,"6e0ce9dc":28,"87d9bec4":28,"e30dfa0c":28,"6da34174":28,"bfb849fa":28,"0a10b423":28,"ffd6849d":28,"66b1b6d7":28,"b062adc4":28,"962fca02":28,"9ef7cee7":28,"49f1a0d1":28,"5f04aa76":28,"ba297382":28,"0287db2a":28,"96abe4a9":28,"753b10b1":28,"cf14bd99":28,"782022f4":28,"322e833f":28,"ab3619e4":28,"106006ad":28,"c8237be9":28,"1416e8f5":28,"dde2eed5":28,"a208caa8":28,"16605353":28,"77b39e15":28,"f1726edb":28,"92b72493":28,"d3e58903":28,"4481c4be":28,"7954891b":28,"4afd60a9":28,"d44c0ea3":28,"68f87858":28,"533bac6b":28,"41634dba":28,"43fd1327":28,"113e7f4b":28,"8cce569a":28,"ce6401b6":28,"6f57824c":28,"28bd7aa1":28,"1d52fb0d":28,"cde0d748":28,"535ed444":28,"710f0d0e":28,"75968179":28,"4aae5133":28,"63a3af32":28,"bc8bdc23":28,"3fec4b0b":28,"a71f3f70":28,"faa3de3e":28,"1f7aa83c":28,"732d62ee":28,"44983d13":28,"d4b0751c":28,"80999122":28,"72af9198":28,"5b01444b":28,"79995b62":28,"e39e9552":28,"97160db8":28,"81c1b70d":28,"e72f0f82":28,"589f0d6e":28,"51b4016a":28,"88374b72":28,"fdfaf1ed":28,"46bf9112":28,"092ad3d6":28,"ea981bed":28,"5e197575":28,"bf940089":28,"01f34f98":28,"e587c4d0":28,"525b2635":28,"1670b0d3":28,"d5ad3ed6":28,"8e5f7187":28,"55ba7579":28,"b7769ca6":28,"9c27de51":28,"38a75b48":28,"1792bfa3":28,"426f1904":28,"7c0f1ca9":28,"b2f820ac":28,"25d4f65d":28,"eddb6a2a":28,"ff8a00aa":28,"c146560b":28,"985068e7":28,"d543ba6f":28,"ec97d63e":28,"caa38a45":28,"a9987a58":28,"94208a41":28,"2cbcad17":28,"b6b8e5c7":28,"e82177d3":28,"4dccb5ca":28,"83268abf":28,"89914b94":28,"04bdf5e1":28,"578c4c95":28,"da8b42be":28,"c606b472":28,"3b0576bf":28,"9458934f":28,"1dcc489c":28,"945badf3":28,"1327775b":28,"bdd40125":28,"75fd47f7":28,"1c52a07e":28,"e70ccc25":28,"afd1494f":28,"ca6bffd3":28,"829c44a4":28,"e76e2617":28,"2b4fd52e":28,"57162572":28,"d1d50cfe":28,"6213799d":28,"44cb1fd2":28,"baf19c25":28,"24a79a6e":28,"edde30af":28,"4d949e11":28,"df12f689":28,"1da10cbf":28,"832c48e4":28,"dc90a44c":28,"1ad7c45b":28,"5566c17c":28,"86a22252":28,"0000dece":28,"ce5efdbe":28,"58ace2b5":28,"d379fd96":28,"7b819458":28,"7f8024cd":28,"ae562513":28,"7b66dacd":28,"9ab137d7":28,"7191d1cd":28,"005354dd":28,"e8d09b62":28,"0905f1fb":28,"a20e529c":28,"1ae76fcc":28,"35b161d3":28,"344cd1a3":28,"77ea1236":28,"96d2a118":28,"23a0e41f":28,"b32a1080":28,"a2c4b591":28,"6dfa57be":28,"1854ce44":28,"f92b22f1":28,"ece12664":28,"36f4ecde":28,"568a0d58":28,"5fd569d2":28,"10c8fd03":28,"bd4ccb49":28,"e773d697":28,"7e8c11e7":28,"077eb15a":28,"5337c279":28,"8d256cb6":28,"7021c619":28,"32ae00db":28,"bf2defb2":28,"bc733a28":28,"30d32d34":28,"886c16d3":28,"9666b973":28,"653b27c7":28,"83b37fd6":28,"4d852788":28,"e43a9448":28,"3542b748":28,"379c53ab":28,"e396d80d":28,"7da61f27":28,"dc874a97":28,"85a220de":28,"40a7cdd2":28,"ac033c7b":28,"87759976":28,"dfe4a061":28,"c2bf7d51":28,"781afef6":28,"de9229a0":28,"99a5feef":28,"f6266388":28,"e64fd39c":28,"e1b3ce36":28,"625fa164":28,"0c6ae551":28,"e8f4c1dd":28,"cede8b8c":28,"4df3f62e":28,"c881a53e":28,"80c1c8b1":28,"cf52acd8":28,"a63cb4ce":28,"d3b3492b":28,"7580cfa4":28,"22a96386":28,"5c672b50":28,"5df16440":28,"b666e56d":28,"8db378ff":28,"784d6375":28,"4541bf85":28,"a6b13f20":28,"2459c882":28,"3df97186":28,"ef0490de":28,"e0f47ced":28,"309bbf54":28,"cc537772":28,"6618390c":28,"99cc0813":28,"dc32c4e1":28,"239c636e":28,"6ee160ff":28,"c55d40ca":28,"22c177a8":28,"00ae883f":28,"f416ee62":28,"0d2b182d":28,"320754c3":28
1601326922885,"ad95ff4a":28,"893a99c5":28,"f7ffcbb8":28,"d8bf32b5":28,"0eb42efe":28,"5728f934":28,"00b26865":28,"03c4ab87":28,"c333337d":28,"4e3d3af7":28,"3a4803a8":28,"815c56bc":28,"5bd61a68":28,"f7a7de5d":28,"8582c5cf":28,"d4e56c3e":28,"0c353665":28,"0c045c2d":28,"231e8700":28,"8efd4801":28,"7eb8f268":28,"1f9fbd85":28,"20236d3e":28,"43f24679":28,"36ae8cd8":28,"a1c0dfc4":28,"78f71162":28,"3ddd5391":28,"07f69c6d":28,"4b27a9a4":28,"163f4d19":28,"2254f0f5":28,"1d043d5a":28,"ea282e84":28,"b2f82e06":28,"6653c83b":28,"5b0b43e6":28,"c896052c":28,"287ecd1c":28,"b5474d69":28,"5a938eeb":28,"f9376d3e":28,"07a94e8c":28,"4fe0dedf":28,"951fc6d0":28,"bb017b49":28,"37b52fe4":28,"61892a4c":28,"61ad1519":28,"f096219e":28,"819c4185":28,"a3f0a6ec":28,"01051f84":28,"ba69b06b":28,"7d2a2cb4":28,"aa7e370d":28,"f995eeab":28,"4f62491c":28,"70b4c438":28,"4006e709":28,"71ed93db":28,"0dedf63e":28,"c92efaa8":28,"a8edfe84":28,"2ed19b1e":28,"959e16ea":28,"02f76c64":28,"5c6d1f33":28,"b4801cae":28,"c3c2fd05":28,"f8c97147":28,"c2526ff3":28,"cc386067":28,"a22ffd8f":28,"3cd28a4d":28,"44a12c31":28,"45a961ca":28,"5ca978fd":28,"668e601b":28,"7552d86c":28,"02ebf3b6":28,"bb17a968":28,"4abcb85d":28,"cba26072":28,"2a718dcc":28,"c6a9a8e1":28,"a9d5374b":28,"c241ac7e":28,"4321f02d":28,"089b3f8f":28,"62a45672":28,"210e507a":28,"7698d0dc":28,"784414ce":28,"ac6e268b":28,"2df3efdb":28,"742238e8":28,"d0f1b7bd":28,"e7799883":28,"4f9456cf":28,"6e260ee8":28,"f4f84279":28,"b0950de5":28,"6f873999":28,"1f4e0e22":28,"60d69311":28,"3b09f1de":28,"272e7d0d":28,"f92596ee":28,"68831ea9":28,"9713d076":28,"fd098272":28,"6ee788a7":28,"8249641d":28,"45b0968f":28,"6a9bb182":28,"1f1afd4f":28,"25fb8826":28,"0dc5da58":28,"2874a625":28,"e61ae828":28,"b371f44a":28,"8b6180ff":28,"8819ac24":28,"dbbf7f69":28,"88854fd0":28,"8dc27d2a":28,"41d7f05d":28,"2b851827":28,"9f428a03":28,"4d504d96":28,"0533ece1":28,"bcee2ef3":28,"0afba00c":28,"04ff8100":28,"6c00d8d6":28,"ac9a02bc":28,"acfe69ed":28,"426603ff":28,"2db2f252":28,"2e84193b":28,"c55683c9":28,"51233daf":28,"02791635":28,"be081247":28,"5cc47d1b":28,"678b846f":28,"b4bd39d8":28,"b4cdbe5d":28,"fa0386f3":28,"b95d0f17":28,"cee9c347":28,"f7ac3883":28,"ccd01528":28,"dab8cf68":28,"00f2a9cb":28,"916fe082":28,"b64dba8e":28,"c3bb30ce":28,"86219c70":28,"601990d8":28,"5c662c19":28,"d2a5d2fd":28,"89d220c2":28,"3e10c9cb":28,"5500a3e8":28,"3c0e87ac":28,"a891461f":28,"a246cdab":28,"117c7f0b":28,"0d21cf99":28,"14e6fe14":28,"37ec5e73":28,"bfff7913":28,"f8636899":28,"37724339":28,"d45d9727":28,"ee5ff2a3":28,"44322dfd":28,"295e4d1d":28,"8cf6570a":28,"403064a0":28,"312af46e":28,"b5a9f8c3":28,"232b2f64":28,"3171b6e7":28,"3b25460f":28,"d2064756":28,"fcbc0ae8":28,"2ff6b6a8":28,"66a71cc1":28,"bf4b58e4":28,"7800e7ce":29,"77869ff0":29,"4b8f7b16":29,"89f75690":29,"cb363e2f":29,"cd802f02":29,"d3cca7eb":29,"e866a899":29,"5690e712":29,"0b92d2a9":29,"070bed95":29,"67e5d108":29,"3d37b94b":29,"842c97c2":29,"c4cef92b":29,"0eecdc5b":29,"b7e495ea":29,"45ec63c0":29,"0ddfde2c":29,"a8b41774":29,"81f0da2d":29,"1fcc8ba4":29,"75a9c117":29,"12ba54ec":29,"be391c1a":29,"37d8a5b7":29,"d5ab81c4":29,"2ecde685":29,"080d5d42":29,"5d03f5dc":29,"f0bd52d3":29,"f0a01341":29,"dcc20f76":29,"666a8ef0":29,"1ee4d9f9":29,"c5b609f1":29,"0d6e45e7":29,"0da97151":29,"4dc5849a":29,"e829038c":29,"d605c755":29,"4987cfb5":29,"8a8c1d67":29,"ba90687c":29,"cc6b3306":29,"8c2dfd9a":29,"77f2cf92":29,"037e2be4":29,"f11267b9":29,"a483b15e":29,"9e7dbd20":29,"0c086273":29,"f80ab49d":29,"ac13c3b0":29,"95eaed39":29,"b4d9c57f":29,"a5ba0ebb":29,"f53362a9":29,"5d53c964":29,"8ee9cc91":29,"1901ef7e":29,"4cc0af91":29,"960c2e6b":29,"3515e999":29,"55f6a2ba":29,"d11f8f1b":29,"9559ea96":29,"9cb044bf":29,"9d9eb027":29,"325f9a29":29,"16b25add":29,"503aafe5":29,"80ee333e":29,"3b329af2":29,"d5d94481":29,"ffe48500":29,"c7a45a33":29,"faffe099":29,"e99490cd":29,"3b830769":29,"583f0305":29,"1557c50a":29,"249e80ab":29,"f52a3d94":29,"eb74d3dd":29,"3bcbc28d":29,"3c0455e7":29,"df203c79":29,"df1e1ac0":29,"491708eb":29,"e421caaa":29,"2d2ecf27":29,"d38a4953":29,"eba5efdd":29,"a5463f93":29,"c85ac4f8":29,"bc253f4f":29,"0d9d2bf8":29,"846b7f11":29,"1cd662bf":29,"72992b35":29,"47589344":29,"593b1533":29,"e9f6e5ce":29,"ed6bead5":29,"96f594b9":29,"94dfcfc5":29,"8301986e":29,"830ecfec":29,"a8bae791":29,"312009ee":29,"c98759fd":29,"e8b6d676":29,"45ee5840":29,"76f04033":29,"43480b19":29,"fd955858":29,"69798d15":29,"efea71fa":29,"fb3aa867":29,"c9cf710b":29,"fcacdeb3":29,"0ea055ed":29,"e3b1bdf8":29,"644b45fb":29,"590ce3d3":29,"18c73816":29,"e491161e":29,"b5087677":29,"16f60bed":29,"cb0c3481":29,"7664512c":29,"df9a53b8":29,"f6c27b2b":29,"1802d7ce":29,"0a49914b":29,"5d3f5cad":29,"cf347cba":29,"fc0c23f7":29,"641f9b9e":29,"c92edec5":29,"9f03c1e7":29,"06c24a8d":29,"2f35e75f":29,"3eddf7c8":29,"77970f8b":29,"efd594d5":29,"4718294d":29,"5352cf45":29,"e0ffe8ff":29,"ae14d6b5":29,"721f5f42":29,"0b50bca6":29,"bf2ca266":29,"5d8d9641":29,"0de67c6c":29,"2311399f":29,"5e3ebf5e":29,"9f6ca218":29,"6213799d":29,"44cb1fd2":29,"baf19c25":29,"24a79a6e":29,"edde30af":29,"4d949e11":29,"df12f689":29,"1da10cbf":29,"832c48e4":29,"dc90a44c":29,"1ad7c45b":29,"5566c17c":29,"86a22252":29,"0000dece":29
1601326923516,"d3411467":29,"1df0ce7f":29,"a08171d0":29,"c8bc5677":29,"dfca0518":29,"b9a21017":29,"e47705d3":29,"3cae4115":29,"0ccf4731":29,"c7c6782d":29,"54346574":29,"b12cbf87":29,"81942d9b":29,"699b90c1":29,"d9b5a7a8":29,"1e7914d2":29,"e5d8fdb2":29,"3412ab75":29,"bcac5daf":29,"62d028cc":29,"0af2cf39":29,"27491297":29,"d041ea86":29,"1eda11b2":29,"fc442678":29,"5b09e53e":29,"da5bb0f7":29,"6d925c84":29,"50b23ab2":29,"edfa56d4":29,"899c16eb":29,"41c76041":29,"6bb1fa99":29,"d73ff72e":29,"61c0ca91":29,"d2fda7be":29,"ce20ca3c":29,"1d2d958b":29,"81fb6a01":29,"7f5b27c8":29,"fb3444d9":29,"f05de640":29,"86a68967":29,"56cd4dca":29,"7f469f4c":29,"f92dedfc":29,"355d1489":29,"f96fc1af":29,"3b3569f6":29,"b01ab62a":29,"76da16fa":29,"bffee581":29,"07150038":29,"080fa362":29,"7b6945ad":29,"a40d08e1":29,"cec79bc2":29,"d2eff358":29,"e70aebb5":29,"a488b2f1":29,"4caa87d6":29,"f7076e21":29,"69e653b6":29,"98d2991b":29,"3b411d6a":29,"83826ef3":29,"595609d5":29,"b47f1b89":29,"8e6caf71":29,"9a3433b8":29,"b89112cb":29,"66736d5e":29,"30de89a7":29,"06aaa33f":29,"320c65bf":29,"1fa1e7c2":29,"06713bac":29,"61aca924":29,"d97fb857":29,"59ff5ec6":29,"ef04e64e":29,"6e2d04de":29,"2fca1798":29,"05028839":29,"5488826c":29,"84fff5c1":29,"c649992d":29,"945f6c24":29,"f1daea7e":29,"b8fb90e3":29,"56227e35":29,"0d6bf22a":29,"b87321d0":29,"43205b5d":29,"8982905a":29,"f6fe1ad7":29,"230064fa":29,"764e0abb":29,"bba6d88e":29,"ea3479ec":29,"32266fa3":29,"50b090c3":29,"8be24763":29,"eb4800b2":29,"6e0ce9dc":29,"87d9bec4":29,"e30dfa0c":29,"6da34174":29,"bfb849fa":29,"0a10b423":29,"9ef7cee7":29,"49f1a0d1":29,"5f04aa76":29,"ba297382":29,"0287db2a":29,"96abe4a9":29,"753b10b1":29,"cf14bd99":29,"782022f4":29,"322e833f":29,"ab3619e4":29,"106006ad":29,"c8237be9":29,"1416e8f5":29,"d5ad3ed6":29,"8e5f7187":29,"55ba7579":29,"b7769ca6":29,"9c27de51":29,"38a75b48":29,"1792bfa3":29,"426f1904":29,"7c0f1ca9":29,"b2f820ac":29,"25d4f65d":29,"eddb6a2a":29,"ff8a00aa":29,"c146560b":29,"985068e7":29,"d543ba6f":29,"646af2b9":29,"659389ad":29,"240c8679":29,"0718c3be":29,"8b503f7b":29,"87a8523c":29,"c416baa6":29,"ae350a07":29,"680a32a6":29,"83ba647d":29,"cb0bd6b7":29,"f1e86522":29,"8e426e39":29,"fa03f48f":29,"51909df8":29,"5298dafa":29,"e22b0973":29,"25f7f918":29,"c5311ebb":29,"23646ff9":29,"3abb827b":29,"105bb3f6":29,"58de5462":29,"0c73c293":29,"f01c896d":29,"88929b06":29,"08c4692e":29,"1f2670d0":29,"5b2479ef":29,"962c9c8f":29,"aec0bf28":29,"1d882c36":29,"a017a323":29,"eb62e8f2":29,"8801c469":29,"b6281f1a":29,"808bc372":29,"c792a7c1":29,"48c6df81":29,"f92b22f1":29,"ece12664":29,"36f4ecde":29,"568a0d58":29,"5fd569d2":29,"10c8fd03":29,"bd4ccb49":29,"e773d697":29,"7e8c11e7":29,"077eb15a":29,"5337c279":29,"8d256cb6":29,"7021c619":29,"32ae00db":29,"bf2defb2":29,"bc733a28":29,"30d32d34":29,"886c16d3":29,"e8d09b62":29,"dde2eed5":29,"a208caa8":29,"16605353":29,"92b72493":29,"77b39e15":29,"f1726edb":29,"d3e58903":29,"4481c4be":29,"7954891b":29,"4afd60a9":29,"d44c0ea3":29,"68f87858":29,"533bac6b":29,"41634dba":29,"43fd1327":29,"113e7f4b":29,"8cce569a":29,"ce6401b6":29,"6f57824c":29,"28bd7aa1":29,"1d52fb0d":29,"cde0d748":29,"535ed444":29,"710f0d0e":29,"0905f1fb":29,"a20e529c":29,"1ae76fcc":29,"35b161d3":29,"344cd1a3":29,"77ea1236":29,"96d2a118":29,"23a0e41f":29,"b32a1080":29,"a2c4b591":29,"6dfa57be":29,"1854ce44":29,"5a7da061":29,"5e165f43":29,"06a94514":29,"f8785b71":29,"73c420df":29,"ab4a411a":29,"0700da70":29,"d7a4b24c":29,"686d5c0b":29,"ff591765":29,"f15eb1c5":29,"93f12198":29,"62e270e5":29,"71789493":29,"66b1b6d7":29,"5ac72353":29,"b062adc4":29,"d1b14d06":29,"f6c074a7":29,"4aae5133":29,"63a3af32":29,"ffd6849d":29,"962fca02":29,"3fec4b0b":29,"faa3de3e":29,"75968179":29,"bc8bdc23":29,"44983d13":29,"a71f3f70":29,"80999122":29,"1f7aa83c":29,"72af9198":29,"732d62ee":29,"e39e9552":29,"81c1b70d":29,"d4b0751c":29,"5b01444b":29,"e72f0f82":29,"79995b62":29,"88374b72":29,"fdfaf1ed":29,"97160db8":29,"589f0d6e":29,"ea981bed":29,"5e197575":29,"51b4016a":29,"46bf9112":29,"e587c4d0":29,"525b2635":29,"092ad3d6":29,"bf940089":29,"caa38a45":29,"01f34f98":29,"a9987a58":29,"b6b8e5c7":29,"1670b0d3":29,"ec97d63e":29,"e82177d3":29,"89914b94":29,"94208a41":29,"2cbcad17":29,"04bdf5e1":29,"da8b42be":29,"4dccb5ca":29,"83268abf":29,"3b0576bf":29,"578c4c95":29,"9458934f":29,"c606b472":29,"1dcc489c":29,"945badf3":29,"1327775b":29,"bdd40125":29,"75fd47f7":29,"1c52a07e":29,"e70ccc25":29,"afd1494f":29,"ca6bffd3":29,"829c44a4":29,"e76e2617":29,"2b4fd52e":29,"57162572":29,"d1d50cfe":29,"9666b973":29,"653b27c7":29,"83b37fd6":29,"4d852788":29,"e43a9448":29,"3542b748":29,"379c53ab":29,"e396d80d":29,"7da61f27":29,"dc874a97":29,"85a220de":29,"40a7cdd2":29,"ac033c7b":29,"87759976":29,"4df3f62e":29,"c881a53e":29,"80c1c8b1":29,"cf52acd8":29,"a63cb4ce":29,"d3b3492b":29,"7580cfa4":29,"22a96386":29,"5c672b50":29,"5df16440":29,"b666e56d":29,"8db378ff":29,"784d6375":29,"4541bf85":29,"a6b13f20":29,"2459c882":29,"3df97186":29,"ef0490de":29,"e0f47ced":29,"309bbf54":29,"cc537772":29,"6618390c":29,"99cc0813":29,"dc32c4e1":29,"239c636e":29,"6ee160ff":29,"c55d40ca":29,"22c177a8":29,"272e7d0d":29,"00ae883f":29,"f416ee62":29,"0d2b182d":29,"320754c3":29,"232b2f64":29,"3171b6e7":29,"3b25460f":29,"d2064756":29,"a8edfe84":29,"2ed19b1e":29,"959e16ea":29,"02f76c64":29,"5c6d1f33":29,"b4801cae":29,"c3c2fd05":29,"f8c97147":29,"c2526ff3":29,"cc386067":29,"a22ffd8f":29,"3cd28a4d":29,"44a12c31":29,"45a961ca":29,"5ca978fd":29,"668e601b":29,"7552d86c":29,"02ebf3b6":29,"bb17a968":29,"4abcb85d":29,"cba26072":29,"2a718dcc":29,"c6a9a8e1":29,"88854fd0":29,"f92596ee":29,"68831ea9":29,"9713d076":29,"fd098272":29,"6ee788a7":29,"8249641d":29,"45b0968f":29,"6a9bb182":29,"1f1afd4f":29,"25fb8826":29,"0dc5da58":29,"2874a625":29,"e61ae828":29,"f7ac3883":29,"ccd01528":29,"dab8cf68":29,"00f2a9cb":29,"916fe082":29,"b64dba8e":29,"c3bb30ce":29,"86219c70":29,"601990d8":29,"5c662c19":29,"d2a5d2fd":29,"89d220c2":29,"3e10c9cb":29,"5500a3e8":29,"3c0e87ac":29,"a891461f":29,"a246cdab":29,"117c7f0b":29,"0d21cf99":29,"14e6fe14":29,"37ec5e73":29,"bfff7913":29,"ce5efdbe":29,"58ace2b5":29,"d379fd96":29,"7b819458":29,"7f8024cd":29,"ae562513":29,"7b66dacd":29,"9ab137d7":29,"7191d1cd":29,"005354dd":29,"8dc27d2a":29,"41d7f05d":29,"2b851827":29,"9f428a03":29,"4d504d96":29,"0533ece1":29,"bcee2ef3":29,"0afba00c":29,"04ff8100":29,"6c00d8d6":29,"ac9a02bc":29,"acfe69ed":29,"426603ff":29,"2db2f252":29,"2e84193b":29,"c55683c9":29,"51233daf":29,"02791635":29,"be081247":29,"5cc47d1b":29,"678b846f":29,"b4bd39d8":29,"b4cdbe5d":29,"fa0386f3":29,"b95d0f17":29,"cee9c347":29,"f8636899":29,"37724339":29,"d45d9727":29,"ee5ff2a3":29,"44322dfd":29,"295e4d1d":29,"8cf6570a":29,"403064a0":29,"312af46e":29,"b5a9f8c3":29,"fcbc0ae8":29,"2ff6b6a8":29,"66a71cc1":29,"bf4b58e4":29,"dfe4a061":29,"c2bf7d51":29,"781afef6":29,"de9229a0":29,"99a5feef":29,"f6266388":29,"e64fd39c":29,"e1b3ce36":29,"625fa164":29,"0c6ae551":29,"e8f4c1dd":29,"cede8b8c":29,"f7ffcbb8":29,"ad95ff4a":29,"5728f934":29,"893a99c5":29,"00b26865":29,"d8bf32b5":29,"c333337d":29,"0eb42efe":29,"815c56bc":29,"03c4ab87":29,"5bd61a68":29,"4e3d3af7":29,"8582c5cf":29,"3a4803a8":29,"0c353665":29,"f7a7de5d":29,"231e8700":29,"1f9fbd85":29,"d4e56c3e":29,"0c045c2d":29,"43f24679":29,"8efd4801":29,"a1c0dfc4":29,"78f71162":29,"7eb8f268":29,"20236d3e":29,"4b27a9a4":29,"163f4d19":29,"36ae8cd8":29,"3ddd5391":29,"1d043d5a":29,"07f69c6d":29,"b2f82e06":29,"5b0b43e6":29,"2254f0f5":29,"b5474d69":29,"ea282e84":29,"5a938eeb":29,"6653c83b":29,"4fe0dedf":29,"c896052c":29,"951fc6d0":29,"287ecd1c":29,"f9376d3e":29,"61892a4c":29,"f096219e":29,"07a94e8c":29,"bb017b49":29,"a3f0a6ec":29,"01051f84":29,"37b52fe4":29,"61ad1519":29,"aa7e370d":29,"f995eeab":29,"819c4185":29,"ba69b06b":29,"4006e709":29,"0dedf63e":29,"7d2a2cb4":29,"a9d5374b":29,"4f62491c":29,"70b4c438":29,"4321f02d":29,"71ed93db":29,"089b3f8f":29,"c92efaa8":29,"7698d0dc":29,"784414ce":29,"c241ac7e":29,"2df3efdb":29,"62a45672":29,"210e507a":29,"d0f1b7bd":29,"e7799883":29,"ac6e268b":29,"4f9456cf":29,"742238e8":29,"6e260ee8":29,"f4f84279":29,"b0950de5":29,"6f873999":29,"1f4e0e22":29,"60d69311":29,"3b09f1de":29,"b371f44a":29,"8b6180ff":29,"8819ac24":29,"dbbf7f69":29
1601326925491,"18c73816":30,"e491161e":30,"b5087677":30,"16f60bed":30,"cb0c3481":30,"7664512c":30,"df9a53b8":30,"f6c27b2b":30,"945f6c24":30,"f1daea7e":30,"b8fb90e3":30,"56227e35":30,"0d6bf22a":30,"b87321d0":30,"d5d94481":30,"ffe48500":30,"c7a45a33":30,"faffe099":30,"e99490cd":30,"3b830769":30,"583f0305":30,"1557c50a":30,"249e80ab":30,"f52a3d94":30,"eb74d3dd":30,"3bcbc28d":30,"3c0455e7":30,"df203c79":30,"df1e1ac0":30,"491708eb":30,"e421caaa":30,"2d2ecf27":30,"d38a4953":30,"eba5efdd":30,"a5463f93":30,"c85ac4f8":30,"bc253f4f":30,"0d9d2bf8":30,"846b7f11":30,"d3411467":30,"1df0ce7f":30,"43205b5d":30,"8982905a":30,"f6fe1ad7":30,"230064fa":30,"764e0abb":30,"bba6d88e":30,"ea3479ec":30,"32266fa3":30,"50b090c3":30,"8be24763":30,"eb4800b2":30,"6e0ce9dc":30,"87d9bec4":30,"e30dfa0c":30,"6da34174":30,"bfb849fa":30,"0a10b423":30,"9ef7cee7":30,"49f1a0d1":30,"5f04aa76":30,"ba297382":30,"0287db2a":30,"96abe4a9":30,"753b10b1":30,"cf14bd99":30,"782022f4":30,"322e833f":30,"ab3619e4":30,"106006ad":30,"c8237be9":30,"1416e8f5":30,"dde2eed5":30,"92b72493":30,"d3e58903":30,"a208caa8":30,"4481c4be":30,"16605353":30,"77b39e15":30,"7954891b":30,"4afd60a9":30,"f1726edb":30,"d44c0ea3":30,"a08171d0":30,"c8bc5677":30,"dfca0518":30,"b9a21017":30,"e47705d3":30,"3cae4115":30,"0ccf4731":30,"c7c6782d":30,"54346574":30,"b12cbf87":30,"81942d9b":30,"699b90c1":30,"d9b5a7a8":30,"1e7914d2":30,"e5d8fdb2":30,"3412ab75":30,"bcac5daf":30,"62d028cc":30,"0af2cf39":30,"27491297":30,"d041ea86":30,"1eda11b2":30,"fc442678":30,"68f87858":30,"533bac6b":30,"41634dba":30,"43fd1327":30,"113e7f4b":30,"8cce569a":30,"ce6401b6":30,"6f57824c":30,"28bd7aa1":30,"1d52fb0d":30,"cde0d748":30,"535ed444":30,"710f0d0e":30,"0905f1fb":30,"a20e529c":30,"1ae76fcc":30,"35b161d3":30,"344cd1a3":30,"77ea1236":30,"96d2a118":30,"23a0e41f":30,"b32a1080":30,"a2c4b591":30,"6dfa57be":30,"1854ce44":30,"f92b22f1":30,"ece12664":30,"36f4ecde":30,"568a0d58":30,"5fd569d2":30,"10c8fd03":30,"bd4ccb49":30,"7800e7ce":30,"77869ff0":30,"4b8f7b16":30,"89f75690":30,"cb363e2f":30,"cd802f02":30,"d3cca7eb":30,"e866a899":30,"5690e712":30,"0b92d2a9":30,"070bed95":30,"67e5d108":30,"3d37b94b":30,"842c97c2":30,"c4cef92b":30,"0eecdc5b":30,"b7e495ea":30,"45ec63c0":30,"0ddfde2c":30,"a8b41774":30,"81f0da2d":30,"1fcc8ba4":30,"75a9c117":30,"12ba54ec":30,"be391c1a":30,"37d8a5b7":30,"d5ab81c4":30,"2ecde685":30,"f0bd52d3":30,"080d5d42":30,"dcc20f76":30,"5d03f5dc":30,"666a8ef0":30,"f0a01341":30,"c5b609f1":30,"1ee4d9f9":30,"4dc5849a":30,"0d6e45e7":30,"d605c755":30,"e773d697":30,"7e8c11e7":30,"077eb15a":30,"5337c279":30,"8d256cb6":30,"7021c619":30,"32ae00db":30,"bf2defb2":30,"bc733a28":30,"30d32d34":30,"886c16d3":30,"e8d09b62":30,"0da97151":30,"8a8c1d67":30,"e829038c":30,"cc6b3306":30,"4987cfb5":30,"ba90687c":30,"8c2dfd9a":30,"f11267b9":30,"77f2cf92":30,"037e2be4":30,"a483b15e":30,"f80ab49d":30,"9e7dbd20":30,"95eaed39":30,"0c086273":30,"ac13c3b0":30,"a5ba0ebb":30,"f53362a9":30,"b4d9c57f":30,"1901ef7e":30,"5d53c964":30,"960c2e6b":30,"8ee9cc91":30,"3515e999":30,"4cc0af91":30,"55f6a2ba":30,"d11f8f1b":30,"9d9eb027":30,"9559ea96":30,"9cb044bf":30,"325f9a29":30,"503aafe5":30,"16b25add":30,"80ee333e":30,"3b329af2":30,"1cd662bf":30,"72992b35":30,"47589344":30,"593b1533":30,"e9f6e5ce":30,"ed6bead5":30,"96f594b9":30,"94dfcfc5":30,"8301986e":30,"830ecfec":30,"a8bae791":30,"312009ee":30,"c98759fd":30,"e8b6d676":30,"5b09e53e":30,"45ee5840":30,"76f04033":30,"43480b19":30,"fd955858":30,"69798d15":30,"efea71fa":30,"fb3aa867":30,"c9cf710b":30,"fcacdeb3":30,"0ea055ed":30,"e3b1bdf8":30,"644b45fb":30,"da5bb0f7":30,"6d925c84":30,"50b23ab2":30,"edfa56d4":30,"899c16eb":30,"41c76041":30,"6bb1fa99":30,"d73ff72e":30,"61c0ca91":30,"d2fda7be":30,"ce20ca3c":30,"1d2d958b":30,"81fb6a01":30,"7f5b27c8":30,"fb3444d9":30,"f05de640":30,"86a68967":30,"56cd4dca":30,"7f469f4c":30,"f92dedfc":30,"355d1489":30,"f96fc1af":30,"06713bac":30,"61aca924":30,"d97fb857":30,"59ff5ec6":30,"ef04e64e":30,"6e2d04de":30,"2fca1798":30,"05028839":30,"5488826c":30,"84fff5c1":30,"c649992d":30,"3b3569f6":30,"b01ab62a":30,"76da16fa":30,"bffee581":30,"07150038":30,"080fa362":30,"7b6945ad":30,"a40d08e1":30,"cec79bc2":30,"d2eff358":30,"e70aebb5":30,"a488b2f1":30,"4caa87d6":30,"f7076e21":30,"69e653b6":30,"98d2991b":30,"3b411d6a":30,"83826ef3":30,"595609d5":30,"b47f1b89":30,"8e6caf71":30,"9a3433b8":30,"b89112cb":30,"66736d5e":30,"30de89a7":30,"06aaa33f":30,"320c65bf":30,"1fa1e7c2":30,"646af2b9":30,"659389ad":30,"240c8679":30,"590ce3d3":30,"1802d7ce":30,"0a49914b":30,"5d3f5cad":30,"cf347cba":30,"fc0c23f7":30,"641f9b9e":30,"c92edec5":30,"9f03c1e7":30,"06c24a8d":30,"2f35e75f":30,"3eddf7c8":30,"77970f8b":30,"efd594d5":30,"4718294d":30,"5352cf45":30,"e0ffe8ff":30,"ae14d6b5":30,"721f5f42":30,"0b50bca6":30,"bf2ca266":30,"5d8d9641":30,"0de67c6c":30,"2311399f":30,"5e3ebf5e":30,"9f6ca218":30,"6213799d":30,"44cb1fd2":30,"baf19c25":30,"24a79a6e":30,"edde30af":30,"4d949e11":30,"df12f689":30,"1da10cbf":30,"832c48e4":30,"dc90a44c":30,"1ad7c45b":30,"5566c17c":30,"86a22252":30,"0000dece":30,"ce5efdbe":30,"58ace2b5":30,"d379fd96":30,"7b819458":30,"7f8024cd":30,"ae562513":30,"7b66dacd":30,"9ab137d7":30,"7191d1cd":30,"005354dd":30,"d5ad3ed6":30,"8e5f7187":30,"55ba7579":30,"b7769ca6":30,"9c27de51":30,"38a75b48":30,"1792bfa3":30,"426f1904":30,"7c0f1ca9":30,"b2f820ac":30,"25d4f65d":30,"eddb6a2a":30,"ff8a00aa":30,"c146560b":30,"985068e7":30,"d543ba6f":30,"0718c3be":30,"8b503f7b":30,"87a8523c":30,"c416baa6":30,"ae350a07":30,"680a32a6":30,"83ba647d":30,"cb0bd6b7":30,"8e426e39":30,"51909df8":30,"e22b0973":30,"23646ff9":30,"3abb827b":30,"0c73c293":30,"88929b06":30,"08c4692e":30,"5b2479ef":30,"1d882c36":30,"eb62e8f2":30,"f1e86522":30,"fa03f48f":30,"5298dafa":30,"25f7f918":30,"c5311ebb":30,"105bb3f6":30,"58de5462":30,"f01c896d":30,"1f2670d0":30,"962c9c8f":30,"aec0bf28":30,"a017a323":30,"8801c469":30,"272e7d0d":30,"f92596ee":30,"68831ea9":30,"9713d076":30,"fd098272":30,"6ee788a7":30,"8249641d":30,"45b0968f":30,"6a9bb182":30,"1f1afd4f":30,"25fb8826":30,"0dc5da58":30,"2874a625":30,"e61ae828":30,"f7ac3883":30,"ccd01528":30,"dab8cf68":30,"00f2a9cb":30,"916fe082":30,"dfe4a061":30,"b64dba8e":30,"c3bb30ce":30,"86219c70":30,"601990d8":30,"5c662c19":30,"d2a5d2fd":30,"89d220c2":30,"3e10c9cb":30,"5500a3e8":30,"3c0e87ac":30,"a891461f":30,"9666b973":30,"653b27c7":30,"83b37fd6":30,"4d852788":30,"e43a9448":30,"3542b748":30,"379c53ab":30,"e396d80d":30,"7da61f27":30,"dc874a97":30,"85a220de":30,"40a7cdd2":30,"a246cdab":30,"117c7f0b":30,"0d21cf99":30,"14e6fe14":30,"37ec5e73":30,"bfff7913":30,"f8636899":30,"37724339":30,"d45d9727":30,"ee5ff2a3":30,"44322dfd":30,"295e4d1d":30,"8cf6570a":30,"403064a0":30,"312af46e":30,"b5a9f8c3":30,"fcbc0ae8":30,"2ff6b6a8":30,"66a71cc1":30,"bf4b58e4":30,"4dccb5ca":30,"da8b42be":30,"83268abf":30,"3b0576bf":30,"9458934f":30,"578c4c95":30,"1dcc489c":30,"c606b472":30,"945badf3":30,"1327775b":30,"bdd40125":30,"75fd47f7":30,"1c52a07e":30,"e70ccc25":30,"afd1494f":30,"ca6bffd3":30,"829c44a4":30,"e76e2617":30,"2b4fd52e":30,"57162572":30,"d1d50cfe":30,"b6281f1a":30,"808bc372":30,"48c6df81":30,"c792a7c1":30,"5e165f43":30,"5a7da061":30,"06a94514":30,"f8785b71":30,"ab4a411a":30,"73c420df":30,"d7a4b24c":30,"0700da70":30,"686d5c0b":30,"ff591765":30,"93f12198":30,"f15eb1c5":30,"62e270e5":30,"71789493":30,"66b1b6d7":30,"5ac72353":30,"d1b14d06":30,"b062adc4":30,"4aae5133":30,"f6c074a7":30,"ffd6849d":30,"63a3af32":30,"3fec4b0b":30,"962fca02":30,"faa3de3e":30,"75968179":30,"44983d13":30,"bc8bdc23":30,"80999122":30,"a71f3f70":30,"1f7aa83c":30,"72af9198":30,"732d62ee":30,"e39e9552":30,"d4b0751c":30,"81c1b70d":30,"e72f0f82":30,"5b01444b":30,"79995b62":30,"88374b72":30,"fdfaf1ed":30,"97160db8":30,"589f0d6e":30,"ea981bed":30,"51b4016a":30,"5e197575":30,"46bf9112":30,"e587c4d0":30,"092ad3d6":30,"525b2635":30,"caa38a45":30,"bf940089":30,"01f34f98":30,"a9987a58":30,"1670b0d3":30,"b6b8e5c7":30,"ec97d63e":30,"e82177d3":30,"94208a41":30,"89914b94":30,"2cbcad17":30,"04bdf5e1":30,"c2bf7d51":30,"781afef6":30,"de9229a0":30,"99a5feef":30,"f6266388":30,"e64fd39c":30,"e1b3ce36":30,"625fa164":30,"0c6ae551":30,"e8f4c1dd":30,"cede8b8c":30,"ad95ff4a":30,"893a99c5":30,"f7ffcbb8":30,"d8bf32b5":30,"5728f934":30,"0eb42efe":30,"00b26865":30,"c333337d":30,"03c4ab87":30,"815c56bc":30,"4e3d3af7":30,"5bd61a68":30,"3a4803a8":30,"f7a7de5d":30,"8582c5cf":30,"0c353665":30,"d4e56c3e":30,"0c045c2d":30,"231e8700":30,"1f9fbd85":30,"8efd4801":30,"7eb8f268":30,"43f24679":30,"20236d3e":30,"a1c0dfc4":30,"36ae8cd8":30,"78f71162":30,"3ddd5391":30,"4b27a9a4":30,"07f69c6d":30,"163f4d19":30,"2254f0f5":30,"1d043d5a":30,"b2f82e06":30,"ea282e84":30,"5b0b43e6":30,"6653c83b":30,"b5474d69":30,"c896052c":30,"287ecd1c":30,"5a938eeb":30,"ac033c7b":30,"87759976":30,"4df3f62e":30,"c881a53e":30,"80c1c8b1":30,"cf52acd8":30,"a63cb4ce":30,"d3b3492b":30,"7580cfa4":30,"22a96386":30,"5c672b50":30,"5df16440":30,"b666e56d":30,"8db378ff":30,"784d6375":30,"4541bf85":30,"a6b13f20":30,"2459c882":30,"3df97186":30,"ef0490de":30,"e0f47ced":30,"309bbf54":30,"cc537772":30,"6618390c":30,"99cc0813":30,"dc32c4e1":30,"239c636e":30,"6ee160ff":30,"c55d40ca":30,"22c177a8":30,"00ae883f":30,"f416ee62":30,"0d2b182d":30,"320754c3":30,"a8edfe84":30,"2ed19b1e":30,"959e16ea":30,"02f76c64":30,"5c6d1f33":30,"b4801cae":30,"c3c2fd05":30,"f8c97147":30,"c2526ff3":30,"cc386067":30,"a22ffd8f":30,"3cd28a4d":30,"44a12c31":30,"45a961ca":30,"5ca978fd":30,"668e601b":30,"7552d86c":30,"02ebf3b6":30,"bb17a968":30,"4abcb85d":30,"cba26072":30,"2a718dcc":30,"c6a9a8e1":30,"88854fd0":30,"8dc27d2a":30,"41d7f05d":30,"2b851827":30,"9f428a03":30,"4d504d96":30,"0533ece1":30,"bcee2ef3":30,"0afba00c":30,"04ff8100":30,"6c00d8d6":30,"ac9a02bc":30,"acfe69ed":30,"426603ff":30,"2db2f252":30,"2e84193b":30,"c55683c9":30,"51233daf":30,"02791635":30,"be081247":30,"5cc47d1b":30,"678b846f":30,"b4bd39d8":30,"b4cdbe5d":30,"fa0386f3":30,"b95d0f17":30,"cee9c347":30,"232b2f64":30,"3171b6e7":30,"3b25460f":30,"d2064756":30
1601326926001,"4fe0dedf":30,"f9376d3e":30,"951fc6d0":30,"07a94e8c":30,"bb017b49":30,"61892a4c":30,"f096219e":30,"37b52fe4":30,"61ad1519":30,"a3f0a6ec":30,"819c4185":30,"01051f84":30,"ba69b06b":30,"aa7e370d":30,"f995eeab":30,"7d2a2cb4":30,"4006e709":30,"4f62491c":30,"0dedf63e":30,"70b4c438":30,"a9d5374b":30,"71ed93db":30,"4321f02d":30,"c92efaa8":30,"c241ac7e":30,"089b3f8f":30,"62a45672":30,"7698d0dc":30,"784414ce":30,"210e507a":30,"2df3efdb":30,"ac6e268b":30,"742238e8":30,"d0f1b7bd":30,"e7799883":30,"4f9456cf":30,"6e260ee8":30,"f4f84279":30,"b0950de5":30,"6f873999":30,"1f4e0e22":30,"60d69311":30,"3b09f1de":30,"b371f44a":30,"8b6180ff":30,"8819ac24":30,"dbbf7f69":30
1601326928216,"7800e7ce":31,"77869ff0":31,"4b8f7b16":31,"89f75690":31,"cb363e2f":31,"cd802f02":31,"d3cca7eb":31,"e866a899":31,"5690e712":31,"0b92d2a9":31,"070bed95":31,"67e5d108":31,"3d37b94b":31,"842c97c2":31,"c4cef92b":31,"d5d94481":31,"ffe48500":31,"c7a45a33":31,"faffe099":31,"e99490cd":31,"3b830769":31,"583f0305":31,"1557c50a":31,"249e80ab":31,"18c73816":31,"e491161e":31,"b5087677":31,"16f60bed":31,"cb0c3481":31,"7664512c":31,"df9a53b8":31,"f6c27b2b":31,"945f6c24":31,"f1daea7e":31,"b8fb90e3":31,"56227e35":31,"0d6bf22a":31,"b87321d0":31,"43205b5d":31,"8982905a":31,"f6fe1ad7":31,"230064fa":31,"764e0abb":31,"bba6d88e":31,"ea3479ec":31,"32266fa3":31,"50b090c3":31,"8be24763":31,"eb4800b2":31,"6e0ce9dc":31,"87d9bec4":31,"e30dfa0c":31,"6da34174":31,"bfb849fa":31,"0a10b423":31,"9ef7cee7":31,"49f1a0d1":31,"5f04aa76":31,"ba297382":31,"0287db2a":31,"96abe4a9":31,"753b10b1":31,"cf14bd99":31,"782022f4":31,"322e833f":31,"ab3619e4":31,"106006ad":31,"92b72493":31,"c8237be9":31,"1416e8f5":31,"d3e58903":31,"dde2eed5":31,"4481c4be":31,"7954891b":31,"a208caa8":31,"4afd60a9":31,"16605353":31,"77b39e15":31,"d44c0ea3":31,"68f87858":31,"f1726edb":31,"533bac6b":31,"41634dba":31,"43fd1327":31,"113e7f4b":31,"8cce569a":31,"ce6401b6":31,"6f57824c":31,"28bd7aa1":31,"1d52fb0d":31,"cde0d748":31,"535ed444":31,"710f0d0e":31,"0905f1fb":31,"a20e529c":31,"1ae76fcc":31,"35b161d3":31,"f52a3d94":31,"eb74d3dd":31,"3bcbc28d":31,"3c0455e7":31,"df203c79":31,"df1e1ac0":31,"491708eb":31,"e421caaa":31,"2d2ecf27":31,"d38a4953":31,"eba5efdd":31,"a5463f93":31,"c85ac4f8":31,"bc253f4f":31,"0d9d2bf8":31,"846b7f11":31,"d3411467":31,"1df0ce7f":31,"a08171d0":31,"c8bc5677":31,"dfca0518":31,"b9a21017":31,"e47705d3":31,"3cae4115":31,"0ccf4731":31,"c7c6782d":31,"54346574":31,"b12cbf87":31,"81942d9b":31,"699b90c1":31,"d9b5a7a8":31,"1e7914d2":31,"e5d8fdb2":31,"3412ab75":31,"bcac5daf":31,"344cd1a3":31,"77ea1236":31,"96d2a118":31,"23a0e41f":31,"b32a1080":31,"a2c4b591":31,"6dfa57be":31,"1854ce44":31,"f92b22f1":31,"ece12664":31,"36f4ecde":31,"568a0d58":31,"5fd569d2":31,"10c8fd03":31,"bd4ccb49":31,"e773d697":31,"7e8c11e7":31,"077eb15a":31,"5337c279":31,"8d256cb6":31,"7021c619":31,"590ce3d3":31,"1802d7ce":31,"0a49914b":31,"5d3f5cad":31,"cf347cba":31,"fc0c23f7":31,"641f9b9e":31,"c92edec5":31,"9f03c1e7":31,"06c24a8d":31,"2f35e75f":31,"32ae00db":31,"bf2defb2":31,"bc733a28":31,"30d32d34":31,"886c16d3":31,"e8d09b62":31,"62d028cc":31,"0af2cf39":31,"27491297":31,"d041ea86":31,"1eda11b2":31,"fc442678":31,"0eecdc5b":31,"b7e495ea":31,"45ec63c0":31,"0ddfde2c":31,"a8b41774":31,"81f0da2d":31,"1fcc8ba4":31,"75a9c117":31,"12ba54ec":31,"be391c1a":31,"37d8a5b7":31,"d5ab81c4":31,"2ecde685":31,"f0bd52d3":31,"dcc20f76":31,"666a8ef0":31,"c5b609f1":31,"4dc5849a":31,"d605c755":31,"080d5d42":31,"8a8c1d67":31,"5d03f5dc":31,"cc6b3306":31,"f0a01341":31,"8c2dfd9a":31,"1ee4d9f9":31,"f11267b9":31,"0d6e45e7":31,"0da97151":31,"a483b15e":31,"f80ab49d":31,"e829038c":31,"4987cfb5":31,"95eaed39":31,"ba90687c":31,"a5ba0ebb":31,"f53362a9":31,"77f2cf92":31,"037e2be4":31,"1901ef7e":31,"960c2e6b":31,"9e7dbd20":31,"3515e999":31,"0c086273":31,"ac13c3b0":31,"d11f8f1b":31,"b4d9c57f":31,"9d9eb027":31,"5d53c964":31,"325f9a29":31,"503aafe5":31,"8ee9cc91":31,"4cc0af91":31,"55f6a2ba":31,"9559ea96":31,"9cb044bf":31,"16b25add":31,"80ee333e":31,"3b329af2":31,"1cd662bf":31,"72992b35":31,"47589344":31,"593b1533":31,"e9f6e5ce":31,"ed6bead5":31,"96f594b9":31,"94dfcfc5":31,"8301986e":31,"830ecfec":31,"a8bae791":31,"312009ee":31,"c98759fd":31,"e8b6d676":31,"45ee5840":31,"76f04033":31,"43480b19":31,"fd955858":31,"69798d15":31,"efea71fa":31,"fb3aa867":31,"c9cf710b":31,"fcacdeb3":31,"0ea055ed":31,"e3b1bdf8":31,"644b45fb":31,"5b09e53e":31,"da5bb0f7":31,"6d925c84":31,"50b23ab2":31,"edfa56d4":31,"899c16eb":31,"41c76041":31,"6bb1fa99":31,"d73ff72e":31,"61c0ca91":31,"d2fda7be":31,"ce20ca3c":31,"1d2d958b":31,"81fb6a01":31,"7f5b27c8":31,"fb3444d9":31,"f05de640":31,"3b3569f6":31,"b01ab62a":31,"76da16fa":31,"bffee581":31,"07150038":31,"080fa362":31,"7b6945ad":31,"a40d08e1":31,"cec79bc2":31,"d2eff358":31,"e70aebb5":31,"a488b2f1":31,"4caa87d6":31,"f7076e21":31,"69e653b6":31,"98d2991b":31,"3b411d6a":31,"83826ef3":31,"86a68967":31,"56cd4dca":31,"7f469f4c":31,"f92dedfc":31,"355d1489":31,"f96fc1af":31,"06713bac":31,"61aca924":31,"d97fb857":31,"59ff5ec6":31,"ef04e64e":31,"6e2d04de":31,"2fca1798":31,"05028839":31,"5488826c":31,"84fff5c1":31,"c649992d":31,"d5ad3ed6":31,"8e5f7187":31,"55ba7579":31,"b7769ca6":31,"9c27de51":31,"38a75b48":31,"1792bfa3":31,"426f1904":31,"7c0f1ca9":31,"b2f820ac":31,"25d4f65d":31,"eddb6a2a":31,"ff8a00aa":31,"c146560b":31,"985068e7":31,"d543ba6f":31,"7b66dacd":31,"9ab137d7":31,"7191d1cd":31,"005354dd":31,"3eddf7c8":31,"77970f8b":31,"efd594d5":31,"4718294d":31,"5352cf45":31,"e0ffe8ff":31,"ae14d6b5":31,"721f5f42":31,"0b50bca6":31,"bf2ca266":31,"5d8d9641":31,"0de67c6c":31,"2311399f":31,"5e3ebf5e":31,"9f6ca218":31,"6213799d":31,"44cb1fd2":31,"baf19c25":31,"24a79a6e":31,"edde30af":31,"4d949e11":31,"df12f689":31,"1da10cbf":31,"832c48e4":31,"dc90a44c":31,"1ad7c45b":31,"5566c17c":31,"86a22252":31,"0000dece":31,"ce5efdbe":31,"58ace2b5":31,"d379fd96":31,"7b819458":31,"7f8024cd":31,"ae562513":31,"595609d5":31,"b47f1b89":31,"8e6caf71":31,"9a3433b8":31,"b89112cb":31,"66736d5e":31,"30de89a7":31,"06aaa33f":31,"320c65bf":31,"1fa1e7c2":31,"646af2b9":31,"659389ad":31,"240c8679":31,"0718c3be":31,"8b503f7b":31,"87a8523c":31,"c416baa6":31,"ae350a07":31,"680a32a6":31,"83ba647d":31,"cb0bd6b7":31,"8e426e39":31,"51909df8":31,"e22b0973":31,"23646ff9":31,"3abb827b":31,"0c73c293":31,"88929b06":31,"08c4692e":31,"5b2479ef":31,"1d882c36":31,"eb62e8f2":31
1601326928483,"f1e86522":31,"fa03f48f":31,"5298dafa":31,"25f7f918":31,"c5311ebb":31,"105bb3f6":31,"58de5462":31,"f01c896d":31,"1f2670d0":31,"962c9c8f":31,"aec0bf28":31,"a017a323":31,"8801c469":31,"b6281f1a":31,"48c6df81":31,"808bc372":31,"5e165f43":31,"c792a7c1":31,"f8785b71":31,"5a7da061":31,"ab4a411a":31,"06a94514":31,"d7a4b24c":31,"686d5c0b":31,"73c420df":31,"0700da70":31,"f15eb1c5":31,"ff591765":31,"71789493":31,"93f12198":31,"5ac72353":31,"62e270e5":31,"d1b14d06":31,"66b1b6d7":31,"f6c074a7":31,"b062adc4":31,"ffd6849d":31,"962fca02":31,"4aae5133":31,"75968179":31,"63a3af32":31,"bc8bdc23":31,"3fec4b0b":31,"a71f3f70":31,"faa3de3e":31,"1f7aa83c":31,"44983d13":31,"732d62ee":31,"80999122":31,"d4b0751c":31,"72af9198":31,"e39e9552":31,"5b01444b":31,"81c1b70d":31,"79995b62":31,"97160db8":31,"e72f0f82":31,"88374b72":31,"589f0d6e":31,"51b4016a":31,"fdfaf1ed":31,"46bf9112":31,"ea981bed":31,"092ad3d6":31,"5e197575":31,"bf940089":31,"e587c4d0":31,"525b2635":31,"01f34f98":31,"caa38a45":31,"1670b0d3":31,"ec97d63e":31,"a9987a58":31,"b6b8e5c7":31,"94208a41":31,"e82177d3":31,"2cbcad17":31,"89914b94":31,"4dccb5ca":31,"04bdf5e1":31,"83268abf":31,"578c4c95":31,"da8b42be":31,"c606b472":31,"3b0576bf":31,"9458934f":31,"1dcc489c":31,"945badf3":31,"1327775b":31,"bdd40125":31,"75fd47f7":31,"1c52a07e":31,"e70ccc25":31,"afd1494f":31,"ca6bffd3":31,"829c44a4":31,"e76e2617":31,"2b4fd52e":31,"57162572":31,"d1d50cfe":31,"9666b973":31,"653b27c7":31,"83b37fd6":31,"4d852788":31,"e43a9448":31,"3542b748":31,"379c53ab":31,"e396d80d":31,"7da61f27":31,"dc874a97":31,"85a220de":31,"40a7cdd2":31,"ac033c7b":31,"87759976":31,"4df3f62e":31,"c881a53e":31,"80c1c8b1":31,"cf52acd8":31,"a63cb4ce":31,"d3b3492b":31,"7580cfa4":31,"22a96386":31,"5c672b50":31,"5df16440":31,"b666e56d":31,"8db378ff":31,"784d6375":31,"4541bf85":31,"a6b13f20":31,"2459c882":31,"3df97186":31,"ef0490de":31,"e0f47ced":31,"309bbf54":31,"cc537772":31,"6618390c":31,"99cc0813":31,"dc32c4e1":31,"239c636e":31,"6ee160ff":31,"c55d40ca":31,"22c177a8":31,"00ae883f":31,"f416ee62":31,"0d2b182d":31,"320754c3":31,"dfe4a061":31,"c2bf7d51":31,"781afef6":31,"de9229a0":31,"f7ffcbb8":31,"99a5feef":31,"5728f934":31,"f6266388":31,"00b26865":31,"e64fd39c":31,"232b2f64":31,"3171b6e7":31,"3b25460f":31,"d2064756":31,"a8edfe84":31,"2ed19b1e":31,"959e16ea":31,"02f76c64":31,"5c6d1f33":31,"c333337d":31,"e1b3ce36":31,"625fa164":31,"815c56bc":31,"0c6ae551":31,"5bd61a68":31,"8582c5cf":31,"e8f4c1dd":31,"cede8b8c":31,"0c353665":31,"231e8700":31,"ad95ff4a":31,"1f9fbd85":31,"893a99c5":31,"d8bf32b5":31,"43f24679":31,"a1c0dfc4":31,"0eb42efe":31,"03c4ab87":31,"78f71162":31,"4b27a9a4":31,"4e3d3af7":31,"163f4d19":31,"3a4803a8":31,"1d043d5a":31,"f7a7de5d":31,"b2f82e06":31,"d4e56c3e":31,"5b0b43e6":31,"0c045c2d":31,"b5474d69":31,"8efd4801":31,"5a938eeb":31,"7eb8f268":31,"4fe0dedf":31,"20236d3e":31,"36ae8cd8":31,"951fc6d0":31,"3ddd5391":31,"61892a4c":31,"07f69c6d":31,"f096219e":31,"a3f0a6ec":31,"2254f0f5":31,"ea282e84":31,"01051f84":31,"6653c83b":31,"aa7e370d":31,"f995eeab":31,"c896052c":31,"b4801cae":31,"c3c2fd05":31,"f8c97147":31,"c2526ff3":31,"cc386067":31,"a22ffd8f":31,"3cd28a4d":31,"44a12c31":31,"45a961ca":31,"5ca978fd":31,"668e601b":31,"7552d86c":31,"02ebf3b6":31,"bb17a968":31,"4abcb85d":31,"cba26072":31,"2a718dcc":31,"c6a9a8e1":31,"88854fd0":31,"8dc27d2a":31,"41d7f05d":31,"2b851827":31,"9f428a03":31,"4d504d96":31,"0533ece1":31,"272e7d0d":31,"f92596ee":31,"68831ea9":31,"9713d076":31,"fd098272":31,"6ee788a7":31,"8249641d":31,"45b0968f":31,"6a9bb182":31,"1f1afd4f":31,"25fb8826":31,"0dc5da58":31,"2874a625":31,"e61ae828":31,"f7ac3883":31,"ccd01528":31,"4006e709":31,"287ecd1c":31,"0dedf63e":31,"f9376d3e":31,"a9d5374b":31,"4321f02d":31,"07a94e8c":31,"089b3f8f":31,"bb017b49":31,"7698d0dc":31,"37b52fe4":31,"784414ce":31,"61ad1519":31,"819c4185":31,"2df3efdb":31,"d0f1b7bd":31,"ba69b06b":31,"7d2a2cb4":31,"e7799883":31,"4f62491c":31,"4f9456cf":31,"70b4c438":31,"6e260ee8":31,"f4f84279":31,"71ed93db":31,"c92efaa8":31,"b0950de5":31,"6f873999":31,"c241ac7e":31,"62a45672":31,"1f4e0e22":31,"210e507a":31,"60d69311":31,"3b09f1de":31,"ac6e268b":31,"b371f44a":31,"742238e8":31,"8b6180ff":31,"8819ac24":31,"dbbf7f69":31,"dab8cf68":31,"00f2a9cb":31,"916fe082":31,"b64dba8e":31,"c3bb30ce":31,"86219c70":31,"601990d8":31,"5c662c19":31,"d2a5d2fd":31,"89d220c2":31,"3e10c9cb":31,"5500a3e8":31,"3c0e87ac":31,"a891461f":31,"a246cdab":31,"117c7f0b":31,"0d21cf99":31,"14e6fe14":31,"37ec5e73":31,"bfff7913":31,"f8636899":31,"37724339":31,"d45d9727":31,"ee5ff2a3":31,"44322dfd":31,"295e4d1d":31,"8cf6570a":31,"bcee2ef3":31,"0afba00c":31,"04ff8100":31,"6c00d8d6":31,"ac9a02bc":31,"acfe69ed":31,"426603ff":31,"2db2f252":31,"2e84193b":31,"c55683c9":31,"51233daf":31,"02791635":31,"be081247":31,"5cc47d1b":31,"678b846f":31,"b4bd39d8":31,"b4cdbe5d":31,"fa0386f3":31,"b95d0f17":31,"cee9c347":31,"403064a0":31,"312af46e":31,"b5a9f8c3":31,"fcbc0ae8":31,"2ff6b6a8":31,"66a71cc1":31,"bf4b58e4":31
1601326931146,"d5d94481":32,"ffe48500":32,"c7a45a33":32,"faffe099":32,"e99490cd":32,"3b830769":32,"583f0305":32,"1557c50a":32,"249e80ab":32,"f52a3d94":32,"eb74d3dd":32,"3bcbc28d":32,"3c0455e7":32,"df203c79":32,"df1e1ac0":32,"491708eb":32,"e421caaa":32,"2d2ecf27":32,"d38a4953":32,"eba5efdd":32,"a5463f93":32,"c85ac4f8":32,"bc253f4f":32,"0d9d2bf8":32,"846b7f11":32,"d3411467":32,"1df0ce7f":32,"a08171d0":32,"c8bc5677":32,"dfca0518":32,"b9a21017":32,"e47705d3":32,"3cae4115":32,"0ccf4731":32,"c7c6782d":32,"54346574":32,"b12cbf87":32,"81942d9b":32,"699b90c1":32,"d9b5a7a8":32,"1e7914d2":32,"e5d8fdb2":32,"3412ab75":32,"bcac5daf":32,"62d028cc":32,"0af2cf39":32,"27491297":32,"d041ea86":32,"1eda11b2":32,"fc442678":32,"18c73816":32,"e491161e":32,"b5087677":32,"16f60bed":32,"cb0c3481":32,"7664512c":32,"df9a53b8":32,"f6c27b2b":32,"945f6c24":32,"f1daea7e":32,"b8fb90e3":32,"56227e35":32,"0d6bf22a":32,"b87321d0":32,"43205b5d":32,"3b3569f6":32,"b01ab62a":32,"76da16fa":32,"bffee581":32,"07150038":32,"080fa362":32,"7800e7ce":32,"77869ff0":32,"4b8f7b16":32,"89f75690":32,"cb363e2f":32,"cd802f02":32,"d3cca7eb":32,"e866a899":32,"5690e712":32,"0b92d2a9":32,"070bed95":32,"67e5d108":32,"3d37b94b":32,"842c97c2":32,"c4cef92b":32,"0eecdc5b":32,"b7e495ea":32,"45ec63c0":32,"0ddfde2c":32,"a8b41774":32,"81f0da2d":32,"1fcc8ba4":32,"75a9c117":32,"12ba54ec":32,"be391c1a":32,"37d8a5b7":32,"d5ab81c4":32,"2ecde685":32,"f0bd52d3":32,"dcc20f76":32,"666a8ef0":32,"c5b609f1":32,"4dc5849a":32,"d605c755":32,"8a8c1d67":32,"cc6b3306":32,"8c2dfd9a":32,"f11267b9":32,"a483b15e":32,"080d5d42":32,"f80ab49d":32,"5d03f5dc":32,"f0a01341":32,"95eaed39":32,"a5ba0ebb":32,"1ee4d9f9":32,"f53362a9":32,"0d6e45e7":32,"1901ef7e":32,"0da97151":32,"e829038c":32,"960c2e6b":32,"3515e999":32,"4987cfb5":32,"d11f8f1b":32,"ba90687c":32,"9d9eb027":32,"77f2cf92":32,"325f9a29":32,"037e2be4":32,"503aafe5":32,"9e7dbd20":32,"0c086273":32,"ac13c3b0":32,"b4d9c57f":32,"5d53c964":32,"8ee9cc91":32,"4cc0af91":32,"55f6a2ba":32,"9559ea96":32,"9cb044bf":32,"16b25add":32,"80ee333e":32,"3b329af2":32,"1cd662bf":32,"72992b35":32,"47589344":32,"593b1533":32,"7b6945ad":32,"a40d08e1":32,"cec79bc2":32,"d2eff358":32,"e70aebb5":32,"a488b2f1":32,"4caa87d6":32,"f7076e21":32,"590ce3d3":32,"1802d7ce":32,"0a49914b":32,"5d3f5cad":32,"cf347cba":32,"fc0c23f7":32,"641f9b9e":32,"69e653b6":32,"98d2991b":32,"3b411d6a":32,"83826ef3":32,"595609d5":32,"b47f1b89":32,"5b09e53e":32,"da5bb0f7":32,"6d925c84":32,"50b23ab2":32,"edfa56d4":32,"899c16eb":32,"8e6caf71":32,"9a3433b8":32,"b89112cb":32,"66736d5e":32,"30de89a7":32,"06aaa33f":32,"320c65bf":32,"1fa1e7c2":32,"646af2b9":32,"659389ad":32,"240c8679":32,"0718c3be":32,"8b503f7b":32,"87a8523c":32,"c416baa6":32,"ae350a07":32,"680a32a6":32,"83ba647d":32,"cb0bd6b7":32,"8e426e39":32,"51909df8":32,"e22b0973":32,"23646ff9":32,"3abb827b":32,"0c73c293":32,"88929b06":32,"08c4692e":32,"5b2479ef":32,"1d882c36":32,"eb62e8f2":32,"8982905a":32,"f6fe1ad7":32,"230064fa":32,"764e0abb":32,"bba6d88e":32,"ea3479ec":32,"32266fa3":32,"50b090c3":32,"8be24763":32,"eb4800b2":32,"6e0ce9dc":32,"87d9bec4":32,"e30dfa0c":32,"6da34174":32,"bfb849fa":32,"0a10b423":32,"9ef7cee7":32,"49f1a0d1":32,"5f04aa76":32,"ba297382":32,"0287db2a":32,"96abe4a9":32,"753b10b1":32,"cf14bd99":32,"782022f4":32,"322e833f":32,"ab3619e4":32,"106006ad":32,"92b72493":32,"c8237be9":32,"1416e8f5":32,"d3e58903":32,"4481c4be":32,"dde2eed5":32,"7954891b":32,"a208caa8":32,"16605353":32,"4afd60a9":32,"d44c0ea3":32,"77b39e15":32,"f1726edb":32,"68f87858":32,"f1e86522":32,"fa03f48f":32,"41c76041":32,"6bb1fa99":32,"d73ff72e":32,"61c0ca91":32,"d2fda7be":32,"ce20ca3c":32,"1d2d958b":32,"81fb6a01":32,"7f5b27c8":32,"fb3444d9":32,"f05de640":32,"86a68967":32,"56cd4dca":32,"7f469f4c":32,"f92dedfc":32,"355d1489":32,"f96fc1af":32,"06713bac":32,"61aca924":32,"d97fb857":32,"59ff5ec6":32,"ef04e64e":32,"6e2d04de":32,"2fca1798":32,"05028839":32,"5488826c":32,"84fff5c1":32,"c649992d":32,"d5ad3ed6":32,"8e5f7187":32,"55ba7579":32,"b7769ca6":32,"9c27de51":32,"38a75b48":32,"1792bfa3":32,"5298dafa":32,"25f7f918":32,"c5311ebb":32,"105bb3f6":32,"58de5462":32,"f01c896d":32,"1f2670d0":32,"962c9c8f":32,"aec0bf28":32,"a017a323":32,"8801c469":32,"e9f6e5ce":32,"ed6bead5":32,"96f594b9":32,"94dfcfc5":32,"8301986e":32,"830ecfec":32,"a8bae791":32,"312009ee":32,"c98759fd":32,"e8b6d676":32,"45ee5840":32,"76f04033":32,"43480b19":32,"fd955858":32,"69798d15":32,"efea71fa":32,"fb3aa867":32,"c9cf710b":32,"fcacdeb3":32,"0ea055ed":32,"e3b1bdf8":32,"644b45fb":32,"b6281f1a":32,"808bc372":32,"48c6df81":32,"c792a7c1":32,"5e165f43":32,"5a7da061":32,"f8785b71":32,"06a94514":32,"ab4a411a":32,"73c420df":32,"d7a4b24c":32,"0700da70":32,"ff591765":32,"686d5c0b":32,"f15eb1c5":32,"93f12198":32,"71789493":32,"62e270e5":32,"5ac72353":32,"66b1b6d7":32,"b062adc4":32,"d1b14d06":32,"4aae5133":32,"f6c074a7":32,"63a3af32":32,"ffd6849d":32,"3fec4b0b":32,"962fca02":32,"58ace2b5":32,"d379fd96":32,"7b819458":32,"7f8024cd":32,"ae562513":32,"7b66dacd":32,"9ab137d7":32,"7191d1cd":32,"005354dd":32,"faa3de3e":32,"75968179":32,"bc8bdc23":32,"44983d13":32,"a71f3f70":32,"80999122":32,"c92edec5":32,"9f03c1e7":32,"06c24a8d":32,"2f35e75f":32,"3eddf7c8":32,"77970f8b":32,"efd594d5":32,"4718294d":32,"5352cf45":32,"e0ffe8ff":32,"ae14d6b5":32,"721f5f42":32,"0b50bca6":32,"bf2ca266":32,"5d8d9641":32,"0de67c6c":32,"2311399f":32,"5e3ebf5e":32,"9f6ca218":32,"6213799d":32,"44cb1fd2":32,"baf19c25":32,"24a79a6e":32,"edde30af":32,"4d949e11":32,"df12f689":32,"1da10cbf":32,"832c48e4":32,"dc90a44c":32,"1ad7c45b":32,"5566c17c":32,"86a22252":32,"0000dece":32,"ce5efdbe":32,"1f7aa83c":32,"72af9198":32,"e39e9552":32,"732d62ee":32,"d4b0751c":32,"81c1b70d":32,"426f1904":32,"7c0f1ca9":32,"b2f820ac":32,"25d4f65d":32,"eddb6a2a":32,"ff8a00aa":32,"c146560b":32,"985068e7":32,"d543ba6f":32,"e72f0f82":32,"5b01444b":32,"533bac6b":32,"41634dba":32,"43fd1327":32,"113e7f4b":32,"8cce569a":32,"ce6401b6":32,"6f57824c":32,"28bd7aa1":32,"1d52fb0d":32,"cde0d748":32,"535ed444":32,"710f0d0e":32,"0905f1fb":32,"a20e529c":32,"1ae76fcc":32,"35b161d3":32,"344cd1a3":32,"77ea1236":32,"96d2a118":32,"23a0e41f":32,"b32a1080":32,"a2c4b591":32,"6dfa57be":32,"1854ce44":32,"f92b22f1":32,"ece12664":32,"36f4ecde":32,"568a0d58":32,"5fd569d2":32,"10c8fd03":32,"bd4ccb49":32,"e773d697":32,"7e8c11e7":32,"077eb15a":32,"79995b62":32,"88374b72":32,"fdfaf1ed":32,"97160db8":32,"589f0d6e":32,"ea981bed":32,"5e197575":32,"51b4016a":32,"e587c4d0":32,"46bf9112":32,"092ad3d6":32,"525b2635":32,"bf940089":32,"caa38a45":32,"01f34f98":32,"a9987a58":32,"1670b0d3":32,"b6b8e5c7":32,"e82177d3":32,"ec97d63e":32,"89914b94":32,"94208a41":32,"2cbcad17":32,"04bdf5e1":32,"da8b42be":32,"4dccb5ca":32,"83268abf":32,"3b0576bf":32,"578c4c95":32,"9458934f":32,"c606b472":32,"1dcc489c":32,"945badf3":32,"1327775b":32,"bdd40125":32,"75fd47f7":32,"1c52a07e":32,"e70ccc25":32,"afd1494f":32,"ca6bffd3":32,"829c44a4":32,"e76e2617":32,"2b4fd52e":32,"57162572":32,"d1d50cfe":32,"5337c279":32,"8d256cb6":32,"7021c619":32,"32ae00db":32,"bf2defb2":32,"bc733a28":32,"30d32d34":32,"886c16d3":32,"e8d09b62":32,"9666b973":32,"653b27c7":32,"83b37fd6":32,"4d852788":32,"e43a9448":32,"3542b748":32,"379c53ab":32,"e396d80d":32,"7da61f27":32,"dc874a97":32,"85a220de":32,"40a7cdd2":32,"ac033c7b":32,"87759976":32,"4df3f62e":32,"c881a53e":32,"80c1c8b1":32,"cf52acd8":32,"a63cb4ce":32,"d3b3492b":32
1601326931553,"7580cfa4":32,"22a96386":32,"5c672b50":32,"5df16440":32,"b666e56d":32,"8db378ff":32,"784d6375":32,"4541bf85":32,"a6b13f20":32,"2459c882":32,"3df97186":32,"ef0490de":32,"e0f47ced":32,"309bbf54":32,"cc537772":32,"6618390c":32,"99cc0813":32,"dc32c4e1":32,"239c636e":32,"6ee160ff":32,"c55d40ca":32,"22c177a8":32,"00ae883f":32,"f416ee62":32,"0d2b182d":32,"320754c3":32,"232b2f64":32,"3171b6e7":32,"3b25460f":32,"a8edfe84":32,"2ed19b1e":32,"959e16ea":32,"02f76c64":32,"5c6d1f33":32,"b4801cae":32,"c3c2fd05":32,"d2064756":32,"272e7d0d":32,"f92596ee":32,"68831ea9":32,"9713d076":32,"fd098272":32,"6ee788a7":32,"8249641d":32,"45b0968f":32,"6a9bb182":32,"1f1afd4f":32,"25fb8826":32,"0dc5da58":32,"2874a625":32,"e61ae828":32,"f7ac3883":32,"ccd01528":32,"dab8cf68":32,"00f2a9cb":32,"916fe082":32,"b64dba8e":32,"c3bb30ce":32,"86219c70":32,"601990d8":32,"5c662c19":32,"d2a5d2fd":32,"89d220c2":32,"3e10c9cb":32,"5500a3e8":32,"3c0e87ac":32,"a891461f":32,"a246cdab":32,"117c7f0b":32,"f7ffcbb8":32,"5728f934":32,"00b26865":32,"c333337d":32,"815c56bc":32,"dfe4a061":32,"5bd61a68":32,"c2bf7d51":32,"8582c5cf":32,"781afef6":32,"0c353665":32,"de9229a0":32,"231e8700":32,"99a5feef":32,"f6266388":32,"1f9fbd85":32,"e64fd39c":32,"43f24679":32,"a1c0dfc4":32,"e1b3ce36":32,"78f71162":32,"625fa164":32,"4b27a9a4":32,"0c6ae551":32,"163f4d19":32,"e8f4c1dd":32,"cede8b8c":32,"1d043d5a":32,"ad95ff4a":32,"b2f82e06":32,"5b0b43e6":32,"893a99c5":32,"d8bf32b5":32,"b5474d69":32,"5a938eeb":32,"0eb42efe":32,"4fe0dedf":32,"03c4ab87":32,"4e3d3af7":32,"951fc6d0":32,"61892a4c":32,"3a4803a8":32,"f096219e":32,"f7a7de5d":32,"d4e56c3e":32,"a3f0a6ec":32,"0c045c2d":32,"01051f84":32,"aa7e370d":32,"8efd4801":32,"f995eeab":32,"7eb8f268":32,"4006e709":32,"20236d3e":32,"36ae8cd8":32,"0dedf63e":32,"3ddd5391":32,"a9d5374b":32,"f8c97147":32,"c2526ff3":32,"cc386067":32,"a22ffd8f":32,"3cd28a4d":32,"44a12c31":32,"45a961ca":32,"5ca978fd":32,"668e601b":32,"7552d86c":32,"02ebf3b6":32,"bb17a968":32,"4abcb85d":32,"cba26072":32,"2a718dcc":32,"c6a9a8e1":32,"88854fd0":32,"8dc27d2a":32,"41d7f05d":32,"2b851827":32,"9f428a03":32,"4d504d96":32,"0533ece1":32,"bcee2ef3":32,"0afba00c":32,"0d21cf99":32,"14e6fe14":32,"37ec5e73":32,"bfff7913":32,"f8636899":32,"37724339":32,"d45d9727":32,"ee5ff2a3":32,"44322dfd":32,"295e4d1d":32,"8cf6570a":32,"403064a0":32,"312af46e":32,"b5a9f8c3":32,"fcbc0ae8":32,"2ff6b6a8":32,"66a71cc1":32,"bf4b58e4":32,"04ff8100":32,"6c00d8d6":32,"ac9a02bc":32,"acfe69ed":32,"426603ff":32,"2db2f252":32,"2e84193b":32,"c55683c9":32,"51233daf":32,"02791635":32,"be081247":32,"5cc47d1b":32,"678b846f":32,"b4bd39d8":32,"b4cdbe5d":32,"fa0386f3":32,"b95d0f17":32,"cee9c347":32,"4321f02d":32,"07f69c6d":32,"089b3f8f":32,"2254f0f5":32,"7698d0dc":32,"ea282e84":32,"6653c83b":32,"784414ce":32,"c896052c":32,"2df3efdb":32,"287ecd1c":32,"d0f1b7bd":32,"f9376d3e":32,"e7799883":32,"07a94e8c":32,"4f9456cf":32,"bb017b49":32,"6e260ee8":32,"37b52fe4":32,"61ad1519":32,"f4f84279":32,"819c4185":32,"b0950de5":32,"ba69b06b":32,"6f873999":32,"7d2a2cb4":32,"1f4e0e22":32,"4f62491c":32,"60d69311":32,"70b4c438":32,"3b09f1de":32,"71ed93db":32,"b371f44a":32,"8b6180ff":32,"c92efaa8":32,"8819ac24":32,"c241ac7e":32,"62a45672":32,"dbbf7f69":32,"210e507a":32,"ac6e268b":32,"742238e8":32
1601326933981,"7800e7ce":33,"77869ff0":33,"4b8f7b16":33,"89f75690":33,"cb363e2f":33,"cd802f02":33,"d3cca7eb":33,"e866a899":33,"5690e712":33,"0b92d2a9":33,"070bed95":33,"67e5d108":33,"3d37b94b":33,"842c97c2":33,"c4cef92b":33,"0eecdc5b":33,"b7e495ea":33,"45ec63c0":33,"0ddfde2c":33,"a8b41774":33,"81f0da2d":33,"1fcc8ba4":33,"75a9c117":33,"12ba54ec":33,"be391c1a":33,"37d8a5b7":33,"d5ab81c4":33,"2ecde685":33,"f0bd52d3":33,"dcc20f76":33,"666a8ef0":33,"c5b609f1":33,"4dc5849a":33,"d605c755":33,"8a8c1d67":33,"cc6b3306":33,"8c2dfd9a":33,"080d5d42":33,"f11267b9":33,"5d03f5dc":33,"a483b15e":33,"f0a01341":33,"f80ab49d":33,"95eaed39":33,"1ee4d9f9":33,"a5ba0ebb":33,"0d6e45e7":33,"f53362a9":33,"0da97151":33,"e829038c":33,"1901ef7e":33,"4987cfb5":33,"960c2e6b":33,"ba90687c":33,"3515e999":33,"77f2cf92":33,"d11f8f1b":33,"9d9eb027":33,"037e2be4":33,"325f9a29":33,"9e7dbd20":33,"0c086273":33,"503aafe5":33,"ac13c3b0":33,"b4d9c57f":33,"5d53c964":33,"8ee9cc91":33,"4cc0af91":33,"55f6a2ba":33,"9559ea96":33,"9cb044bf":33,"16b25add":33,"80ee333e":33,"3b329af2":33
1601326934252,"d5d94481":33,"ffe48500":33,"c7a45a33":33,"faffe099":33,"e99490cd":33,"3b830769":33,"583f0305":33,"1557c50a":33,"249e80ab":33,"f52a3d94":33,"eb74d3dd":33,"1cd662bf":33,"72992b35":33,"47589344":33,"593b1533":33,"e9f6e5ce":33,"ed6bead5":33,"96f594b9":33,"94dfcfc5":33,"8301986e":33,"830ecfec":33,"a8bae791":33,"312009ee":33,"c98759fd":33,"e8b6d676":33,"45ee5840":33,"76f04033":33,"43480b19":33,"fd955858":33,"69798d15":33,"efea71fa":33,"fb3aa867":33,"c9cf710b":33,"fcacdeb3":33,"0ea055ed":33,"e3b1bdf8":33,"644b45fb":33,"18c73816":33,"e491161e":33,"b5087677":33,"16f60bed":33,"cb0c3481":33,"7664512c":33,"df9a53b8":33,"f6c27b2b":33,"590ce3d3":33,"1802d7ce":33,"0a49914b":33,"5d3f5cad":33,"1eda11b2":33,"fc442678":33,"3bcbc28d":33,"3c0455e7":33,"df203c79":33,"df1e1ac0":33,"491708eb":33,"e421caaa":33,"2d2ecf27":33,"d38a4953":33,"eba5efdd":33,"a5463f93":33,"c85ac4f8":33,"bc253f4f":33,"0d9d2bf8":33,"846b7f11":33,"d3411467":33,"1df0ce7f":33,"a08171d0":33,"c8bc5677":33,"dfca0518":33,"b9a21017":33,"e47705d3":33,"3cae4115":33,"0ccf4731":33,"c7c6782d":33,"54346574":33,"b12cbf87":33,"81942d9b":33,"699b90c1":33,"d9b5a7a8":33,"1e7914d2":33,"e5d8fdb2":33,"3412ab75":33,"bcac5daf":33,"62d028cc":33,"0af2cf39":33,"27491297":33,"d041ea86":33,"cf347cba":33,"fc0c23f7":33,"641f9b9e":33,"c92edec5":33,"9f03c1e7":33,"06c24a8d":33,"2f35e75f":33,"3eddf7c8":33,"77970f8b":33,"efd594d5":33,"4718294d":33,"5352cf45":33,"e0ffe8ff":33,"ae14d6b5":33,"721f5f42":33,"0b50bca6":33,"bf2ca266":33,"5d8d9641":33,"0de67c6c":33,"2311399f":33,"5e3ebf5e":33,"9f6ca218":33,"6213799d":33,"44cb1fd2":33,"baf19c25":33,"24a79a6e":33,"edde30af":33,"4d949e11":33,"df12f689":33,"1da10cbf":33,"832c48e4":33,"dc90a44c":33,"1ad7c45b":33,"5566c17c":33,"86a22252":33,"0000dece":33,"ce5efdbe":33,"58ace2b5":33,"d379fd96":33,"7b819458":33,"7f8024cd":33,"ae562513":33,"7b66dacd":33,"9ab137d7":33,"7191d1cd":33,"005354dd":33,"945f6c24":33,"f1daea7e":33,"b8fb90e3":33,"56227e35":33,"0d6bf22a":33,"b87321d0":33,"43205b5d":33,"8982905a":33,"f6fe1ad7":33,"230064fa":33,"764e0abb":33,"bba6d88e":33,"ea3479ec":33,"32266fa3":33,"50b090c3":33,"8be24763":33,"eb4800b2":33,"6e0ce9dc":33,"87d9bec4":33,"e30dfa0c":33,"6da34174":33,"bfb849fa":33,"0a10b423":33,"9ef7cee7":33,"49f1a0d1":33,"5f04aa76":33,"ba297382":33,"0287db2a":33,"96abe4a9":33,"753b10b1":33,"cf14bd99":33,"782022f4":33,"322e833f":33,"5b09e53e":33,"da5bb0f7":33,"6d925c84":33,"50b23ab2":33,"edfa56d4":33,"3b3569f6":33,"b01ab62a":33,"76da16fa":33,"bffee581":33,"07150038":33,"080fa362":33,"7b6945ad":33,"a40d08e1":33,"cec79bc2":33,"d2eff358":33,"e70aebb5":33,"a488b2f1":33,"4caa87d6":33,"f7076e21":33,"69e653b6":33,"98d2991b":33,"899c16eb":33,"41c76041":33,"6bb1fa99":33,"d73ff72e":33,"61c0ca91":33,"d2fda7be":33,"ce20ca3c":33,"1d2d958b":33,"81fb6a01":33,"7f5b27c8":33,"fb3444d9":33,"f05de640":33,"86a68967":33,"56cd4dca":33,"7f469f4c":33,"f92dedfc":33,"355d1489":33,"f96fc1af":33,"06713bac":33,"61aca924":33,"d97fb857":33,"59ff5ec6":33,"ef04e64e":33,"6e2d04de":33,"2fca1798":33,"05028839":33,"5488826c":33,"84fff5c1":33,"c649992d":33,"d5ad3ed6":33,"8e5f7187":33,"55ba7579":33,"b7769ca6":33,"9c27de51":33,"38a75b48":33,"ab3619e4":33,"106006ad":33,"92b72493":33,"c8237be9":33,"d3e58903":33,"1416e8f5":33,"4481c4be":33,"dde2eed5":33,"a208caa8":33,"7954891b":33,"16605353":33,"4afd60a9":33,"77b39e15":33,"d44c0ea3":33,"68f87858":33,"f1726edb":33,"533bac6b":33,"41634dba":33,"43fd1327":33,"113e7f4b":33,"8cce569a":33,"ce6401b6":33,"6f57824c":33,"28bd7aa1":33,"1d52fb0d":33,"cde0d748":33,"535ed444":33,"710f0d0e":33,"0905f1fb":33,"a20e529c":33,"1ae76fcc":33,"35b161d3":33,"344cd1a3":33,"77ea1236":33,"96d2a118":33,"23a0e41f":33,"b32a1080":33,"a2c4b591":33,"6dfa57be":33,"1854ce44":33,"f92b22f1":33,"ece12664":33,"36f4ecde":33,"568a0d58":33,"5fd569d2":33,"10c8fd03":33,"bd4ccb49":33,"e773d697":33,"7e8c11e7":33,"077eb15a":33,"5337c279":33,"8d256cb6":33,"7021c619":33,"32ae00db":33,"bf2defb2":33,"bc733a28":33,"30d32d34":33,"886c16d3":33,"e8d09b62":33,"3b411d6a":33,"83826ef3":33,"595609d5":33,"b47f1b89":33,"8e6caf71":33,"9a3433b8":33,"b89112cb":33,"66736d5e":33,"30de89a7":33,"06aaa33f":33,"320c65bf":33,"1fa1e7c2":33,"646af2b9":33,"659389ad":33,"240c8679":33,"0718c3be":33,"8b503f7b":33,"87a8523c":33,"c416baa6":33,"ae350a07":33,"680a32a6":33,"83ba647d":33,"cb0bd6b7":33,"8e426e39":33,"51909df8":33,"e22b0973":33,"23646ff9":33,"3abb827b":33,"0c73c293":33,"88929b06":33,"08c4692e":33,"5b2479ef":33,"1d882c36":33,"eb62e8f2":33,"1792bfa3":33,"426f1904":33,"7c0f1ca9":33,"b2f820ac":33,"25d4f65d":33,"eddb6a2a":33,"ff8a00aa":33,"c146560b":33,"985068e7":33,"d543ba6f":33,"f1e86522":33,"fa03f48f":33,"5298dafa":33,"25f7f918":33,"c5311ebb":33,"105bb3f6":33,"58de5462":33,"f01c896d":33,"1f2670d0":33,"962c9c8f":33,"aec0bf28":33,"808bc372":33,"c792a7c1":33,"a017a323":33,"8801c469":33,"5a7da061":33,"06a94514":33,"b6281f1a":33,"48c6df81":33,"73c420df":33,"5e165f43":33,"0700da70":33,"f8785b71":33,"ff591765":33,"93f12198":33,"ab4a411a":33,"d7a4b24c":33,"62e270e5":33,"66b1b6d7":33,"686d5c0b":33,"b062adc4":33,"f15eb1c5":33,"4aae5133":33,"71789493":33,"5ac72353":33,"63a3af32":33,"3fec4b0b":33,"d1b14d06":33,"faa3de3e":33,"f6c074a7":33,"44983d13":33,"ffd6849d":33,"80999122":33,"962fca02":33,"75968179":33,"72af9198":33,"e39e9552":33,"bc8bdc23":33,"81c1b70d":33,"f7ffcbb8":33,"5728f934":33,"00b26865":33,"a8edfe84":33,"2ed19b1e":33,"959e16ea":33,"a71f3f70":33,"e72f0f82":33,"1f7aa83c":33,"88374b72":33,"732d62ee":33,"fdfaf1ed":33,"d4b0751c":33,"5b01444b":33,"ea981bed":33,"79995b62":33,"5e197575":33,"e587c4d0":33,"97160db8":33,"525b2635":33,"589f0d6e":33,"caa38a45":33,"51b4016a":33,"a9987a58":33,"46bf9112":33,"092ad3d6":33,"b6b8e5c7":33,"bf940089":33,"e82177d3":33,"89914b94":33,"01f34f98":33,"04bdf5e1":33,"1670b0d3":33,"da8b42be":33,"ec97d63e":33,"94208a41":33,"3b0576bf":33,"2cbcad17":33,"9458934f":33,"1dcc489c":33,"4dccb5ca":33,"83268abf":33,"945badf3":33,"1327775b":33,"578c4c95":33,"c606b472":33,"bdd40125":33,"75fd47f7":33,"1c52a07e":33,"e70ccc25":33,"afd1494f":33,"ca6bffd3":33,"829c44a4":33,"02f76c64":33,"5c6d1f33":33,"b4801cae":33,"c3c2fd05":33,"f8c97147":33,"c2526ff3":33,"cc386067":33,"a22ffd8f":33,"3cd28a4d":33,"44a12c31":33,"45a961ca":33,"5ca978fd":33,"668e601b":33,"7552d86c":33,"02ebf3b6":33,"bb17a968":33,"4abcb85d":33,"cba26072":33,"2a718dcc":33,"c6a9a8e1":33,"88854fd0":33,"8dc27d2a":33,"41d7f05d":33,"2b851827":33,"9f428a03":33,"e76e2617":33,"2b4fd52e":33,"57162572":33,"d1d50cfe":33,"4d504d96":33,"0533ece1":33,"c333337d":33,"815c56bc":33,"dfe4a061":33,"5bd61a68":33,"8582c5cf":33,"c2bf7d51":33,"781afef6":33,"0c353665":33,"231e8700":33,"de9229a0":33,"1f9fbd85":33,"99a5feef":33,"43f24679":33,"f6266388":33,"a1c0dfc4":33,"e64fd39c":33,"e1b3ce36":33,"78f71162":33,"4b27a9a4":33,"625fa164":33,"0c6ae551":33,"163f4d19":33,"1d043d5a":33,"e8f4c1dd":33,"cede8b8c":33,"b2f82e06":33,"5b0b43e6":33,"ad95ff4a":33,"b5474d69":33,"893a99c5":33,"5a938eeb":33,"d8bf32b5":33,"0eb42efe":33,"4fe0dedf":33,"03c4ab87":33,"951fc6d0":33,"61892a4c":33,"4e3d3af7":33,"3a4803a8":33,"f096219e":33,"a3f0a6ec":33,"f7a7de5d":33,"01051f84":33,"d4e56c3e":33,"0c045c2d":33,"aa7e370d":33,"8efd4801":33,"f995eeab":33,"4006e709":33,"7eb8f268":33,"0dedf63e":33,"20236d3e":33,"36ae8cd8":33,"a9d5374b":33,"3ddd5391":33,"4321f02d":33,"07f69c6d":33,"089b3f8f":33,"bcee2ef3":33,"0afba00c":33,"04ff8100":33,"9666b973":33,"653b27c7":33,"83b37fd6":33,"4d852788":33,"e43a9448":33,"3542b748":33,"379c53ab":33,"e396d80d":33,"7da61f27":33,"dc874a97":33,"85a220de":33,"40a7cdd2":33,"ac033c7b":33,"87759976":33,"4df3f62e":33,"c881a53e":33,"80c1c8b1":33,"cf52acd8":33,"a63cb4ce":33,"6c00d8d6":33,"ac9a02bc":33,"acfe69ed":33,"426603ff":33,"2db2f252":33,"2e84193b":33,"c55683c9":33,"51233daf":33,"02791635":33,"be081247":33,"5cc47d1b":33,"678b846f":33,"b4bd39d8":33,"b4cdbe5d":33,"fa0386f3":33,"b95d0f17":33,"cee9c347":33,"272e7d0d":33,"f92596ee":33,"68831ea9":33,"9713d076":33,"fd098272":33,"6ee788a7":33,"8249641d":33,"45b0968f":33,"6a9bb182":33,"1f1afd4f":33,"25fb8826":33,"0dc5da58":33,"2874a625":33,"e61ae828":33,"f7ac3883":33,"ccd01528":33,"dab8cf68":33,"00f2a9cb":33,"916fe082":33,"b64dba8e":33,"c3bb30ce":33,"86219c70":33,"601990d8":33,"5c662c19":33,"d2a5d2fd":33,"89d220c2":33,"3e10c9cb":33,"5500a3e8":33,"3c0e87ac":33,"7698d0dc":33,"2254f0f5":33,"ea282e84":33,"784414ce":33,"2df3efdb":33,"6653c83b":33,"d0f1b7bd":33,"c896052c":33,"287ecd1c":33,"e7799883":33,"4f9456cf":33,"f9376d3e":33,"07a94e8c":33,"6e260ee8":33,"bb017b49":33,"f4f84279":33,"37b52fe4":33,"b0950de5":33,"6f873999":33,"61ad1519":33,"1f4e0e22":33,"819c4185":33,"ba69b06b":33,"60d69311":33,"7d2a2cb4":33,"3b09f1de":33,"4f62491c":33,"b371f44a":33,"70b4c438":33,"8b6180ff":33,"71ed93db":33,"8819ac24":33,"c92efaa8":33,"dbbf7f69":33,"c241ac7e":33,"62a45672":33,"210e507a":33,"ac6e268b":33,"742238e8":33,"d3b3492b":33,"7580cfa4":33,"22a96386":33,"5c672b50":33,"5df16440":33,"b666e56d":33,"8db378ff":33,"784d6375":33,"4541bf85":33,"a6b13f20":33,"2459c882":33,"3df97186":33,"ef0490de":33,"e0f47ced":33,"309bbf54":33,"cc537772":33,"6618390c":33,"99cc0813":33,"dc32c4e1":33,"239c636e":33,"6ee160ff":33,"c55d40ca":33,"22c177a8":33,"00ae883f":33,"f416ee62":33,"0d2b182d":33,"320754c3":33,"232b2f64":33,"3171b6e7":33,"3b25460f":33,"d2064756":33
1601326934932,"a891461f":33,"a246cdab":33,"117c7f0b":33,"0d21cf99":33,"14e6fe14":33,"37ec5e73":33,"bfff7913":33,"f8636899":33,"37724339":33,"d45d9727":33,"ee5ff2a3":33,"44322dfd":33,"295e4d1d":33,"8cf6570a":33,"403064a0":33,"312af46e":33,"b5a9f8c3":33,"fcbc0ae8":33,"2ff6b6a8":33,"66a71cc1":33,"bf4b58e4":33
1601326937066,"7800e7ce":34,"77869ff0":34,"4b8f7b16":34,"89f75690":34,"cb363e2f":34,"cd802f02":34,"d3cca7eb":34,"e866a899":34,"5690e712":34,"0b92d2a9":34,"070bed95":34,"67e5d108":34,"3d37b94b":34,"842c97c2":34,"c4cef92b":34,"0eecdc5b":34,"b7e495ea":34,"45ec63c0":34,"0ddfde2c":34,"a8b41774":34,"81f0da2d":34,"1fcc8ba4":34,"75a9c117":34,"12ba54ec":34,"be391c1a":34,"37d8a5b7":34,"d5ab81c4":34,"2ecde685":34,"f0bd52d3":34,"dcc20f76":34,"666a8ef0":34,"c5b609f1":34,"4dc5849a":34,"d605c755":34,"8a8c1d67":34,"080d5d42":34,"cc6b3306":34,"5d03f5dc":34,"8c2dfd9a":34,"f0a01341":34,"f11267b9":34,"1ee4d9f9":34,"a483b15e":34,"0d6e45e7":34,"f80ab49d":34,"0da97151":34,"e829038c":34,"95eaed39":34,"d5d94481":34,"ffe48500":34,"c7a45a33":34,"faffe099":34,"4987cfb5":34,"a5ba0ebb":34,"f53362a9":34,"ba90687c":34,"77f2cf92":34,"1901ef7e":34,"037e2be4":34,"960c2e6b":34,"3515e999":34,"9e7dbd20":34,"0c086273":34,"d11f8f1b":34,"9d9eb027":34,"ac13c3b0":34,"b4d9c57f":34,"325f9a29":34,"503aafe5":34,"5d53c964":34,"8ee9cc91":34,"4cc0af91":34,"55f6a2ba":34,"9559ea96":34,"9cb044bf":34,"16b25add":34,"80ee333e":34,"3b329af2":34,"1cd662bf":34,"72992b35":34,"47589344":34,"593b1533":34,"e9f6e5ce":34,"ed6bead5":34,"96f594b9":34,"94dfcfc5":34,"8301986e":34,"830ecfec":34,"a8bae791":34,"312009ee":34,"c98759fd":34,"e8b6d676":34,"45ee5840":34,"76f04033":34,"43480b19":34,"fd955858":34,"590ce3d3":34,"1802d7ce":34,"0a49914b":34,"5d3f5cad":34,"cf347cba":34,"69798d15":34,"efea71fa":34,"fb3aa867":34,"c9cf710b":34,"fcacdeb3":34,"0ea055ed":34,"e3b1bdf8":34,"644b45fb":34,"fc0c23f7":34,"641f9b9e":34,"c92edec5":34,"9f03c1e7":34,"06c24a8d":34,"2f35e75f":34,"3eddf7c8":34,"77970f8b":34,"efd594d5":34,"4718294d":34,"5352cf45":34,"e0ffe8ff":34,"ae14d6b5":34,"721f5f42":34,"0b50bca6":34,"bf2ca266":34,"5d8d9641":34,"e99490cd":34,"3b830769":34,"583f0305":34,"1557c50a":34,"249e80ab":34,"f52a3d94":34,"eb74d3dd":34,"3bcbc28d":34,"3c0455e7":34,"df203c79":34,"df1e1ac0":34,"491708eb":34,"e421caaa":34,"2d2ecf27":34,"d38a4953":34,"eba5efdd":34,"a5463f93":34,"c85ac4f8":34,"bc253f4f":34,"0d9d2bf8":34,"846b7f11":34,"d3411467":34,"1df0ce7f":34,"a08171d0":34,"c8bc5677":34,"dfca0518":34,"b9a21017":34,"e47705d3":34,"3cae4115":34,"0ccf4731":34,"c7c6782d":34,"54346574":34,"b12cbf87":34,"81942d9b":34,"0de67c6c":34,"2311399f":34,"18c73816":34,"e491161e":34,"b5087677":34,"16f60bed":34,"cb0c3481":34,"7664512c":34,"df9a53b8":34,"f6c27b2b":34,"945f6c24":34,"f1daea7e":34,"b8fb90e3":34,"56227e35":34,"0d6bf22a":34,"b87321d0":34,"43205b5d":34,"8982905a":34,"f6fe1ad7":34,"230064fa":34,"764e0abb":34,"bba6d88e":34,"ea3479ec":34,"32266fa3":34,"50b090c3":34,"8be24763":34,"eb4800b2":34,"6e0ce9dc":34,"87d9bec4":34,"5e3ebf5e":34,"9f6ca218":34,"6213799d":34,"44cb1fd2":34,"baf19c25":34,"24a79a6e":34,"edde30af":34,"4d949e11":34,"df12f689":34,"1da10cbf":34,"832c48e4":34,"dc90a44c":34,"1ad7c45b":34,"5566c17c":34,"86a22252":34,"0000dece":34,"ce5efdbe":34,"58ace2b5":34,"d379fd96":34,"7b819458":34,"7f8024cd":34,"ae562513":34,"7b66dacd":34,"9ab137d7":34,"7191d1cd":34,"005354dd":34,"699b90c1":34,"d9b5a7a8":34,"1e7914d2":34,"e5d8fdb2":34,"3412ab75":34,"bcac5daf":34,"62d028cc":34,"0af2cf39":34,"27491297":34,"d041ea86":34,"1eda11b2":34,"fc442678":34,"5b09e53e":34,"da5bb0f7":34,"6d925c84":34,"50b23ab2":34,"edfa56d4":34
1601326937332,"e30dfa0c":34,"6da34174":34,"bfb849fa":34,"0a10b423":34,"9ef7cee7":34,"49f1a0d1":34,"5f04aa76":34,"ba297382":34,"0287db2a":34,"96abe4a9":34,"753b10b1":34,"cf14bd99":34,"782022f4":34,"322e833f":34,"ab3619e4":34,"106006ad":34,"c8237be9":34,"1416e8f5":34,"dde2eed5":34,"92b72493":34,"a208caa8":34,"d3e58903":34,"16605353":34,"4481c4be":34,"77b39e15":34,"7954891b":34,"f1726edb":34,"4afd60a9":34,"d44c0ea3":34,"68f87858":34,"533bac6b":34,"41634dba":34,"43fd1327":34,"113e7f4b":34,"8cce569a":34,"ce6401b6":34,"6f57824c":34,"28bd7aa1":34,"1d52fb0d":34,"cde0d748":34,"535ed444":34,"710f0d0e":34,"0905f1fb":34,"899c16eb":34,"41c76041":34,"6bb1fa99":34,"d73ff72e":34,"61c0ca91":34,"d2fda7be":34,"ce20ca3c":34,"1d2d958b":34,"81fb6a01":34,"7f5b27c8":34,"fb3444d9":34,"f05de640":34,"86a68967":34,"56cd4dca":34,"7f469f4c":34,"f92dedfc":34,"355d1489":34,"f96fc1af":34,"06713bac":34,"3b3569f6":34,"b01ab62a":34,"76da16fa":34,"bffee581":34,"07150038":34,"080fa362":34,"7b6945ad":34,"a40d08e1":34,"cec79bc2":34,"d2eff358":34,"e70aebb5":34,"a488b2f1":34,"4caa87d6":34,"f7076e21":34,"69e653b6":34,"98d2991b":34,"3b411d6a":34,"83826ef3":34,"595609d5":34,"b47f1b89":34,"8e6caf71":34,"9a3433b8":34,"b89112cb":34,"66736d5e":34,"30de89a7":34,"06aaa33f":34,"320c65bf":34,"1fa1e7c2":34,"646af2b9":34,"659389ad":34,"240c8679":34,"0718c3be":34,"8b503f7b":34,"87a8523c":34,"c416baa6":34,"a20e529c":34,"1ae76fcc":34,"35b161d3":34,"344cd1a3":34,"77ea1236":34,"96d2a118":34,"23a0e41f":34,"b32a1080":34,"a2c4b591":34,"6dfa57be":34,"1854ce44":34,"f92b22f1":34,"ece12664":34,"36f4ecde":34,"568a0d58":34,"5fd569d2":34,"10c8fd03":34,"bd4ccb49":34,"e773d697":34,"7e8c11e7":34,"077eb15a":34,"5337c279":34,"8d256cb6":34,"7021c619":34,"32ae00db":34,"bf2defb2":34,"bc733a28":34,"30d32d34":34,"886c16d3":34,"e8d09b62":34,"61aca924":34,"d97fb857":34,"59ff5ec6":34,"ef04e64e":34,"6e2d04de":34,"2fca1798":34,"05028839":34,"5488826c":34,"84fff5c1":34,"c649992d":34,"d5ad3ed6":34,"8e5f7187":34,"55ba7579":34,"b7769ca6":34,"9c27de51":34,"38a75b48":34,"1792bfa3":34,"426f1904":34,"7c0f1ca9":34,"b2f820ac":34,"25d4f65d":34,"eddb6a2a":34,"ff8a00aa":34,"c146560b":34,"985068e7":34,"d543ba6f":34,"a8edfe84":34,"f7ffcbb8":34,"5728f934":34,"00b26865":34,"c333337d":34,"815c56bc":34,"dfe4a061":34,"5bd61a68":34,"c2bf7d51":34,"8582c5cf":34,"781afef6":34,"0c353665":34,"231e8700":34,"de9229a0":34,"99a5feef":34,"1f9fbd85":34,"f6266388":34,"43f24679":34,"a1c0dfc4":34,"e64fd39c":34,"2ed19b1e":34,"ae350a07":34,"680a32a6":34,"83ba647d":34,"cb0bd6b7":34,"8e426e39":34,"51909df8":34,"e22b0973":34,"23646ff9":34,"3abb827b":34,"0c73c293":34,"88929b06":34,"08c4692e":34,"f1e86522":34,"5b2479ef":34,"fa03f48f":34,"5298dafa":34,"1d882c36":34,"25f7f918":34,"eb62e8f2":34,"c5311ebb":34,"105bb3f6":34,"58de5462":34,"f01c896d":34,"1f2670d0":34,"962c9c8f":34,"aec0bf28":34,"a017a323":34,"8801c469":34,"b6281f1a":34,"48c6df81":34,"5e165f43":34,"f8785b71":34,"808bc372":34,"c792a7c1":34,"ab4a411a":34,"5a7da061":34,"d7a4b24c":34,"686d5c0b":34,"06a94514":34,"f15eb1c5":34,"73c420df":34,"71789493":34,"0700da70":34,"959e16ea":34,"02f76c64":34,"5c6d1f33":34,"b4801cae":34,"c3c2fd05":34,"f8c97147":34,"c2526ff3":34,"cc386067":34,"a22ffd8f":34,"3cd28a4d":34,"44a12c31":34,"45a961ca":34,"5ca978fd":34,"668e601b":34,"7552d86c":34,"02ebf3b6":34,"bb17a968":34,"4abcb85d":34,"cba26072":34,"2a718dcc":34,"c6a9a8e1":34,"88854fd0":34,"8dc27d2a":34,"41d7f05d":34,"2b851827":34,"272e7d0d":34,"f92596ee":34,"68831ea9":34,"9713d076":34,"fd098272":34,"6ee788a7":34,"8249641d":34,"45b0968f":34,"6a9bb182":34,"1f1afd4f":34,"25fb8826":34,"0dc5da58":34,"2874a625":34,"9f428a03":34,"4d504d96":34,"0533ece1":34,"bcee2ef3":34,"0afba00c":34,"04ff8100":34,"6c00d8d6":34,"ac9a02bc":34,"acfe69ed":34,"426603ff":34,"e1b3ce36":34,"78f71162":34,"4b27a9a4":34,"625fa164":34,"0c6ae551":34,"163f4d19":34,"e8f4c1dd":34,"1d043d5a":34,"b2f82e06":34,"cede8b8c":34,"5b0b43e6":34,"ad95ff4a":34,"893a99c5":34,"b5474d69":34,"d8bf32b5":34,"5a938eeb":34,"0eb42efe":34,"4fe0dedf":34,"03c4ab87":34,"951fc6d0":34,"4e3d3af7":34,"61892a4c":34,"3a4803a8":34,"f096219e":34,"f7a7de5d":34,"d4e56c3e":34,"a3f0a6ec":34,"01051f84":34,"0c045c2d":34,"aa7e370d":34,"8efd4801":34,"7eb8f268":34,"f995eeab":34,"4006e709":34,"20236d3e":34,"36ae8cd8":34,"0dedf63e":34,"3ddd5391":34,"a9d5374b":34,"07f69c6d":34,"4321f02d":34,"2254f0f5":34,"089b3f8f":34,"ea282e84":34,"7698d0dc":34,"6653c83b":34,"784414ce":34,"c896052c":34,"2df3efdb":34,"287ecd1c":34,"d0f1b7bd":34,"e7799883":34,"f9376d3e":34,"07a94e8c":34,"4f9456cf":34,"6e260ee8":34,"bb017b49":34,"2db2f252":34,"bdd40125":34,"75fd47f7":34,"1c52a07e":34,"e70ccc25":34,"afd1494f":34,"ca6bffd3":34,"829c44a4":34,"e76e2617":34,"2b4fd52e":34,"57162572":34,"d1d50cfe":34,"2e84193b":34,"c55683c9":34,"51233daf":34,"02791635":34,"9666b973":34,"653b27c7":34,"83b37fd6":34,"4d852788":34,"e43a9448":34,"3542b748":34,"379c53ab":34,"e396d80d":34,"7da61f27":34,"dc874a97":34,"85a220de":34,"40a7cdd2":34,"ac033c7b":34,"87759976":34,"4df3f62e":34,"c881a53e":34,"80c1c8b1":34,"cf52acd8":34,"a63cb4ce":34,"d3b3492b":34,"7580cfa4":34,"22a96386":34,"5c672b50":34,"5df16440":34,"b666e56d":34,"8db378ff":34,"784d6375":34,"4541bf85":34,"a6b13f20":34,"be081247":34,"5cc47d1b":34,"678b846f":34,"b4bd39d8":34,"b4cdbe5d":34,"fa0386f3":34,"b95d0f17":34,"cee9c347":34,"5ac72353":34,"ff591765":34,"93f12198":34,"d1b14d06":34,"62e270e5":34,"f6c074a7":34,"ffd6849d":34,"66b1b6d7":34,"962fca02":34,"b062adc4":34,"75968179":34,"4aae5133":34,"bc8bdc23":34,"63a3af32":34,"3fec4b0b":34,"a71f3f70":34,"faa3de3e":34,"1f7aa83c":34,"44983d13":34,"732d62ee":34,"80999122":34,"d4b0751c":34,"72af9198":34,"5b01444b":34,"79995b62":34,"e39e9552":34,"81c1b70d":34,"97160db8":34,"589f0d6e":34,"e72f0f82":34,"88374b72":34,"51b4016a":34,"fdfaf1ed":34,"46bf9112":34,"092ad3d6":34,"ea981bed":34,"bf940089":34,"5e197575":34,"e587c4d0":34,"01f34f98":34,"1670b0d3":34,"525b2635":34,"caa38a45":34,"ec97d63e":34,"94208a41":34,"a9987a58":34,"b6b8e5c7":34,"2cbcad17":34,"e82177d3":34,"4dccb5ca":34,"83268abf":34,"89914b94":34,"04bdf5e1":34,"578c4c95":34,"da8b42be":34,"c606b472":34,"3b0576bf":34,"9458934f":34,"1dcc489c":34,"945badf3":34,"1327775b":34,"e61ae828":34,"f7ac3883":34,"ccd01528":34,"dab8cf68":34,"00f2a9cb":34,"916fe082":34,"b64dba8e":34,"c3bb30ce":34,"86219c70":34,"601990d8":34,"5c662c19":34,"d2a5d2fd":34,"89d220c2":34,"3e10c9cb":34,"5500a3e8":34,"3c0e87ac":34,"a891461f":34,"a246cdab":34,"117c7f0b":34,"0d21cf99":34,"14e6fe14":34,"37ec5e73":34,"bfff7913":34,"f8636899":34,"37724339":34,"d45d9727":34,"ee5ff2a3":34,"44322dfd":34,"295e4d1d":34,"8cf6570a":34,"403064a0":34,"f4f84279":34,"37b52fe4":34,"61ad1519":34,"b0950de5":34,"819c4185":34,"6f873999":34,"1f4e0e22":34,"ba69b06b":34,"60d69311":34,"7d2a2cb4":34,"3b09f1de":34,"4f62491c":34,"b371f44a":34,"70b4c438":34,"8b6180ff":34,"71ed93db":34,"c92efaa8":34,"8819ac24":34,"dbbf7f69":34,"c241ac7e":34,"62a45672":34,"210e507a":34,"ac6e268b":34,"742238e8":34,"2459c882":34,"3df97186":34,"ef0490de":34,"e0f47ced":34,"309bbf54":34,"cc537772":34,"6618390c":34,"99cc0813":34,"dc32c4e1":34,"239c636e":34,"6ee160ff":34,"c55d40ca":34,"22c177a8":34,"00ae883f":34,"f416ee62":34,"0d2b182d":34,"320754c3":34,"232b2f64":34,"3171b6e7":34,"3b25460f":34,"d2064756":34,"312af46e":34,"b5a9f8c3":34,"fcbc0ae8":34,"2ff6b6a8":34,"66a71cc1":34,"bf4b58e4":34
1601326939667,"d5d94481":35,"ffe48500":35,"c7a45a33":35,"faffe099":35,"e99490cd":35,"3b830769":35,"583f0305":35
1601326940251,"1557c50a":35,"249e80ab":35,"f52a3d94":35,"eb74d3dd":35,"3bcbc28d":35,"3c0455e7":35,"df203c79":35,"df1e1ac0":35,"491708eb":35,"e421caaa":35,"2d2ecf27":35,"d38a4953":35,"eba5efdd":35,"a5463f93":35,"c85ac4f8":35,"bc253f4f":35,"0d9d2bf8":35,"846b7f11":35,"d3411467":35,"1df0ce7f":35,"a08171d0":35,"c8bc5677":35,"dfca0518":35,"b9a21017":35,"e47705d3":35,"3cae4115":35,"0ccf4731":35,"c7c6782d":35,"54346574":35,"b12cbf87":35,"81942d9b":35,"699b90c1":35,"d9b5a7a8":35,"1e7914d2":35,"e5d8fdb2":35,"3412ab75":35,"bcac5daf":35,"62d028cc":35,"0af2cf39":35,"27491297":35,"d041ea86":35,"1eda11b2":35,"fc442678":35,"18c73816":35,"e491161e":35,"b5087677":35,"16f60bed":35,"cb0c3481":35,"7664512c":35,"df9a53b8":35,"f6c27b2b":35,"945f6c24":35,"f1daea7e":35,"b8fb90e3":35,"56227e35":35,"0d6bf22a":35,"b87321d0":35,"43205b5d":35,"8982905a":35,"f6fe1ad7":35,"230064fa":35,"764e0abb":35,"bba6d88e":35,"ea3479ec":35,"32266fa3":35,"50b090c3":35,"8be24763":35,"eb4800b2":35,"6e0ce9dc":35,"87d9bec4":35,"8a8c1d67":35,"cc6b3306":35,"080d5d42":35,"8c2dfd9a":35,"5d03f5dc":35,"f11267b9":35,"f0a01341":35,"a483b15e":35,"1ee4d9f9":35,"f80ab49d":35,"0d6e45e7":35,"95eaed39":35,"0da97151":35,"a5ba0ebb":35,"e829038c":35,"f53362a9":35,"4987cfb5":35,"1901ef7e":35,"ba90687c":35,"960c2e6b":35,"77f2cf92":35,"3515e999":35,"037e2be4":35,"d11f8f1b":35,"9e7dbd20":35,"0c086273":35,"9d9eb027":35,"325f9a29":35,"ac13c3b0":35,"b4d9c57f":35,"503aafe5":35,"5d53c964":35,"8ee9cc91":35,"4cc0af91":35,"55f6a2ba":35,"9559ea96":35,"9cb044bf":35,"16b25add":35,"80ee333e":35,"3b329af2":35,"1cd662bf":35,"72992b35":35,"47589344":35,"593b1533":35,"e9f6e5ce":35,"ed6bead5":35,"96f594b9":35,"94dfcfc5":35,"8301986e":35,"830ecfec":35,"a8bae791":35,"7800e7ce":35,"77869ff0":35,"4b8f7b16":35,"89f75690":35,"cb363e2f":35,"cd802f02":35,"d3cca7eb":35,"e866a899":35,"5690e712":35,"0b92d2a9":35,"070bed95":35,"67e5d108":35,"3d37b94b":35,"842c97c2":35,"c4cef92b":35,"0eecdc5b":35,"b7e495ea":35,"45ec63c0":35,"0ddfde2c":35,"a8b41774":35,"81f0da2d":35,"1fcc8ba4":35,"75a9c117":35,"12ba54ec":35,"be391c1a":35,"37d8a5b7":35,"d5ab81c4":35,"2ecde685":35,"f0bd52d3":35,"dcc20f76":35,"666a8ef0":35,"c5b609f1":35,"4dc5849a":35,"d605c755":35,"5b09e53e":35,"da5bb0f7":35,"6d925c84":35,"50b23ab2":35,"edfa56d4":35,"899c16eb":35,"41c76041":35,"6bb1fa99":35,"d73ff72e":35,"61c0ca91":35,"d2fda7be":35,"ce20ca3c":35,"1d2d958b":35,"81fb6a01":35,"7f5b27c8":35,"fb3444d9":35,"f05de640":35,"86a68967":35,"56cd4dca":35,"7f469f4c":35,"f92dedfc":35,"355d1489":35,"3b3569f6":35,"b01ab62a":35,"76da16fa":35,"bffee581":35,"07150038":35,"080fa362":35,"7b6945ad":35,"a40d08e1":35,"cec79bc2":35,"d2eff358":35,"e70aebb5":35,"a488b2f1":35,"4caa87d6":35,"f7076e21":35,"69e653b6":35,"98d2991b":35,"3b411d6a":35,"83826ef3":35,"595609d5":35,"b47f1b89":35,"8e6caf71":35,"9a3433b8":35,"b89112cb":35,"66736d5e":35,"30de89a7":35,"06aaa33f":35,"f96fc1af":35,"06713bac":35,"61aca924":35,"d97fb857":35,"59ff5ec6":35,"ef04e64e":35,"6e2d04de":35,"2fca1798":35,"05028839":35,"5488826c":35,"84fff5c1":35,"c649992d":35,"d5ad3ed6":35,"8e5f7187":35,"55ba7579":35,"b7769ca6":35,"9c27de51":35,"38a75b48":35,"1792bfa3":35,"e30dfa0c":35,"6da34174":35,"bfb849fa":35,"0a10b423":35,"9ef7cee7":35,"49f1a0d1":35,"5f04aa76":35,"ba297382":35,"0287db2a":35,"96abe4a9":35,"753b10b1":35,"cf14bd99":35,"782022f4":35,"322e833f":35,"ab3619e4":35,"106006ad":35,"c8237be9":35,"1416e8f5":35,"dde2eed5":35,"a208caa8":35,"16605353":35,"77b39e15":35,"f1726edb":35,"92b72493":35,"d3e58903":35,"4481c4be":35,"7954891b":35,"4afd60a9":35,"d44c0ea3":35,"68f87858":35,"533bac6b":35,"41634dba":35,"426f1904":35,"7c0f1ca9":35,"b2f820ac":35,"25d4f65d":35,"eddb6a2a":35,"312009ee":35,"c98759fd":35,"e8b6d676":35,"45ee5840":35,"76f04033":35,"43480b19":35,"fd955858":35,"69798d15":35,"efea71fa":35,"fb3aa867":35,"c9cf710b":35,"fcacdeb3":35,"0ea055ed":35,"e3b1bdf8":35,"644b45fb":35,"ff8a00aa":35,"c146560b":35,"985068e7":35,"d543ba6f":35,"320c65bf":35,"1fa1e7c2":35,"646af2b9":35,"659389ad":35,"240c8679":35,"0718c3be":35,"8b503f7b":35,"87a8523c":35,"c416baa6":35,"ae350a07":35,"680a32a6":35,"83ba647d":35,"cb0bd6b7":35,"8e426e39":35,"f1e86522":35,"51909df8":35,"fa03f48f":35,"e22b0973":35,"5298dafa":35,"23646ff9":35,"25f7f918":35,"3abb827b":35,"c5311ebb":35,"105bb3f6":35,"0c73c293":35,"88929b06":35,"58de5462":35,"f01c896d":35,"08c4692e":35,"1f2670d0":35,"5b2479ef":35,"962c9c8f":35,"1d882c36":35,"eb62e8f2":35,"aec0bf28":35,"a017a323":35,"8801c469":35,"b6281f1a":35,"48c6df81":35,"5e165f43":35,"f8785b71":35,"808bc372":35,"ab4a411a":35,"c792a7c1":35,"5a7da061":35,"d7a4b24c":35,"06a94514":35,"686d5c0b":35,"73c420df":35,"f15eb1c5":35,"590ce3d3":35,"1802d7ce":35,"0a49914b":35,"5d3f5cad":35,"cf347cba":35,"fc0c23f7":35,"641f9b9e":35,"c92edec5":35,"9f03c1e7":35,"06c24a8d":35,"2f35e75f":35,"3eddf7c8":35,"77970f8b":35,"efd594d5":35,"4718294d":35,"5352cf45":35,"e0ffe8ff":35,"ae14d6b5":35,"721f5f42":35,"0b50bca6":35,"bf2ca266":35,"5d8d9641":35,"0de67c6c":35,"2311399f":35,"5e3ebf5e":35,"9f6ca218":35,"6213799d":35,"44cb1fd2":35,"baf19c25":35,"24a79a6e":35,"edde30af":35,"4d949e11":35,"df12f689":35,"1da10cbf":35,"832c48e4":35,"dc90a44c":35,"1ad7c45b":35,"5566c17c":35,"86a22252":35,"0000dece":35,"ce5efdbe":35,"58ace2b5":35,"d379fd96":35,"7b819458":35,"7f8024cd":35,"ae562513":35,"7b66dacd":35,"9ab137d7":35,"7191d1cd":35,"005354dd":35,"71789493":35,"0700da70":35,"ff591765":35,"5ac72353":35,"d1b14d06":35,"93f12198":35,"f6c074a7":35,"62e270e5":35,"ffd6849d":35,"66b1b6d7":35,"962fca02":35,"b062adc4":35,"4aae5133":35,"75968179":35,"bc8bdc23":35,"63a3af32":35,"3fec4b0b":35,"a71f3f70":35,"1f7aa83c":35,"faa3de3e":35,"44983d13":35,"732d62ee":35,"80999122":35,"d4b0751c":35,"5b01444b":35,"72af9198":35,"79995b62":35,"e39e9552":35,"97160db8":35,"81c1b70d":35,"e72f0f82":35,"589f0d6e":35,"88374b72":35,"51b4016a":35,"fdfaf1ed":35,"46bf9112":35,"ea981bed":35,"092ad3d6":35,"5e197575":35,"bf940089":35,"e587c4d0":35,"01f34f98":35,"1670b0d3":35,"525b2635":35,"ec97d63e":35,"caa38a45":35,"a9987a58":35,"94208a41":35,"b6b8e5c7":35,"2cbcad17":35,"4dccb5ca":35,"e82177d3":35,"83268abf":35,"89914b94":35,"578c4c95":35,"04bdf5e1":35,"da8b42be":35,"c606b472":35,"3b0576bf":35,"9458934f":35,"1dcc489c":35,"945badf3":35,"1327775b":35,"bdd40125":35,"75fd47f7":35,"1c52a07e":35,"7021c619":35,"32ae00db":35,"bf2defb2":35,"bc733a28":35,"30d32d34":35,"886c16d3":35,"e8d09b62":35,"43fd1327":35,"113e7f4b":35,"8cce569a":35,"ce6401b6":35,"6f57824c":35,"28bd7aa1":35,"1d52fb0d":35,"cde0d748":35,"535ed444":35,"710f0d0e":35,"0905f1fb":35,"a20e529c":35,"1ae76fcc":35,"35b161d3":35,"344cd1a3":35,"77ea1236":35,"96d2a118":35,"23a0e41f":35,"b32a1080":35,"a2c4b591":35,"6dfa57be":35,"1854ce44":35,"f92b22f1":35,"ece12664":35,"36f4ecde":35,"568a0d58":35,"5fd569d2":35,"10c8fd03":35,"bd4ccb49":35,"e773d697":35,"7e8c11e7":35,"077eb15a":35,"5337c279":35,"8d256cb6":35
1601326940787,"f7ffcbb8":35,"5728f934":35,"00b26865":35,"c333337d":35,"815c56bc":35,"5bd61a68":35,"8582c5cf":35,"0c353665":35,"231e8700":35,"1f9fbd85":35,"43f24679":35,"a1c0dfc4":35,"dfe4a061":35,"a8edfe84":35,"2ed19b1e":35,"959e16ea":35,"02f76c64":35,"5c6d1f33":35,"b4801cae":35,"c3c2fd05":35,"f8c97147":35,"c2526ff3":35,"cc386067":35,"a22ffd8f":35,"3cd28a4d":35,"44a12c31":35,"45a961ca":35,"5ca978fd":35,"668e601b":35,"7552d86c":35,"02ebf3b6":35,"bb17a968":35,"4abcb85d":35,"cba26072":35,"272e7d0d":35,"f92596ee":35,"68831ea9":35,"9713d076":35,"fd098272":35,"6ee788a7":35,"8249641d":35,"45b0968f":35,"6a9bb182":35,"1f1afd4f":35,"25fb8826":35,"2a718dcc":35,"c6a9a8e1":35,"88854fd0":35,"8dc27d2a":35,"41d7f05d":35,"2b851827":35,"9f428a03":35,"4d504d96":35,"0533ece1":35,"bcee2ef3":35,"0afba00c":35,"e70ccc25":35,"afd1494f":35,"ca6bffd3":35,"829c44a4":35,"e76e2617":35,"2b4fd52e":35,"57162572":35,"d1d50cfe":35,"04ff8100":35,"6c00d8d6":35,"78f71162":35,"c2bf7d51":35,"4b27a9a4":35,"781afef6":35,"163f4d19":35,"de9229a0":35,"1d043d5a":35,"99a5feef":35,"b2f82e06":35,"f6266388":35,"5b0b43e6":35,"e64fd39c":35,"b5474d69":35,"e1b3ce36":35,"5a938eeb":35,"625fa164":35,"4fe0dedf":35,"951fc6d0":35,"0c6ae551":35,"61892a4c":35,"e8f4c1dd":35,"cede8b8c":35,"f096219e":35,"ad95ff4a":35,"a3f0a6ec":35,"893a99c5":35,"01051f84":35,"d8bf32b5":35,"aa7e370d":35,"f995eeab":35,"0eb42efe":35,"4006e709":35,"03c4ab87":35,"0dedf63e":35,"4e3d3af7":35,"3a4803a8":35,"a9d5374b":35,"4321f02d":35,"f7a7de5d":35,"089b3f8f":35,"d4e56c3e":35,"7698d0dc":35,"0c045c2d":35,"8efd4801":35,"784414ce":35,"7eb8f268":35,"2df3efdb":35,"d0f1b7bd":35,"20236d3e":35,"36ae8cd8":35,"e7799883":35,"3ddd5391":35,"4f9456cf":35,"07f69c6d":35,"6e260ee8":35,"ac9a02bc":35,"acfe69ed":35,"426603ff":35,"2db2f252":35,"2e84193b":35,"c55683c9":35,"51233daf":35,"02791635":35,"be081247":35,"5cc47d1b":35,"678b846f":35,"b4bd39d8":35,"b4cdbe5d":35,"fa0386f3":35,"b95d0f17":35,"cee9c347":35,"0dc5da58":35,"2874a625":35,"e61ae828":35,"f7ac3883":35,"ccd01528":35,"dab8cf68":35,"00f2a9cb":35,"916fe082":35,"b64dba8e":35,"c3bb30ce":35,"86219c70":35,"601990d8":35,"5c662c19":35,"d2a5d2fd":35,"89d220c2":35,"3e10c9cb":35,"5500a3e8":35,"3c0e87ac":35,"a891461f":35,"a246cdab":35,"117c7f0b":35,"0d21cf99":35,"14e6fe14":35,"37ec5e73":35,"bfff7913":35,"f8636899":35,"37724339":35,"d45d9727":35,"2254f0f5":35,"f4f84279":35,"b0950de5":35,"ea282e84":35,"6653c83b":35,"6f873999":35,"c896052c":35,"1f4e0e22":35,"287ecd1c":35,"60d69311":35,"3b09f1de":35,"f9376d3e":35,"b371f44a":35,"07a94e8c":35,"bb017b49":35,"8b6180ff":35,"37b52fe4":35,"8819ac24":35,"61ad1519":35,"dbbf7f69":35,"819c4185":35,"ba69b06b":35,"7d2a2cb4":35,"4f62491c":35,"70b4c438":35,"71ed93db":35,"c92efaa8":35,"c241ac7e":35,"62a45672":35,"210e507a":35,"ac6e268b":35,"742238e8":35,"ee5ff2a3":35,"44322dfd":35,"295e4d1d":35,"8cf6570a":35,"403064a0":35,"312af46e":35,"b5a9f8c3":35,"fcbc0ae8":35,"2ff6b6a8":35,"66a71cc1":35,"bf4b58e4":35,"232b2f64":35,"3171b6e7":35,"3b25460f":35,"d2064756":35,"9666b973":35,"653b27c7":35,"83b37fd6":35,"4d852788":35,"e43a9448":35,"3542b748":35,"379c53ab":35,"e396d80d":35,"7da61f27":35,"dc874a97":35,"85a220de":35,"40a7cdd2":35,"ac033c7b":35,"87759976":35,"4df3f62e":35,"c881a53e":35,"80c1c8b1":35,"cf52acd8":35,"a63cb4ce":35,"d3b3492b":35,"7580cfa4":35,"22a96386":35,"5c672b50":35,"5df16440":35,"b666e56d":35,"8db378ff":35,"784d6375":35,"4541bf85":35,"a6b13f20":35,"2459c882":35,"3df97186":35,"ef0490de":35,"e0f47ced":35,"309bbf54":35,"cc537772":35,"6618390c":35,"99cc0813":35,"dc32c4e1":35,"239c636e":35,"6ee160ff":35,"c55d40ca":35,"22c177a8":35,"00ae883f":35,"f416ee62":35,"0d2b182d":35,"320754c3":35
1601326942702,"7800e7ce":36,"77869ff0":36,"4b8f7b16":36,"89f75690":36,"cb363e2f":36,"cd802f02":36,"d3cca7eb":36,"e866a899":36,"5690e712":36,"0b92d2a9":36,"070bed95":36,"67e5d108":36,"3d37b94b":36,"842c97c2":36,"c4cef92b":36,"0eecdc5b":36,"b7e495ea":36,"45ec63c0":36,"0ddfde2c":36,"a8b41774":36,"81f0da2d":36,"1fcc8ba4":36,"75a9c117":36,"12ba54ec":36,"be391c1a":36,"37d8a5b7":36,"d5ab81c4":36,"2ecde685":36,"f0bd52d3":36,"dcc20f76":36,"666a8ef0":36,"c5b609f1":36,"4dc5849a":36,"d605c755":36,"8a8c1d67":36,"cc6b3306":36,"080d5d42":36,"8c2dfd9a":36,"5d03f5dc":36,"f0a01341":36,"f11267b9":36,"a483b15e":36,"1ee4d9f9":36,"f80ab49d":36,"0d6e45e7":36,"0da97151":36,"95eaed39":36,"a5ba0ebb":36,"e829038c":36,"f53362a9":36,"4987cfb5":36,"1901ef7e":36,"ba90687c":36,"77f2cf92":36,"960c2e6b":36,"037e2be4":36,"3515e999":36,"9e7dbd20":36,"d11f8f1b":36,"9d9eb027":36,"0c086273":36,"ac13c3b0":36,"325f9a29":36,"b4d9c57f":36,"503aafe5":36,"5d53c964":36,"8ee9cc91":36,"4cc0af91":36,"55f6a2ba":36,"9559ea96":36,"9cb044bf":36,"16b25add":36,"80ee333e":36,"3b329af2":36,"1cd662bf":36,"72992b35":36,"47589344":36,"593b1533":36,"e9f6e5ce":36
1601326943289,"ed6bead5":36,"96f594b9":36,"94dfcfc5":36,"8301986e":36,"830ecfec":36,"a8bae791":36,"312009ee":36,"c98759fd":36,"e8b6d676":36,"45ee5840":36,"76f04033":36,"43480b19":36,"fd955858":36,"69798d15":36,"efea71fa":36,"fb3aa867":36,"c9cf710b":36,"fcacdeb3":36,"0ea055ed":36,"e3b1bdf8":36,"644b45fb":36,"18c73816":36,"e491161e":36,"b5087677":36,"16f60bed":36,"590ce3d3":36,"1802d7ce":36,"0a49914b":36,"5d3f5cad":36,"cf347cba":36,"fc0c23f7":36,"641f9b9e":36,"c92edec5":36,"9f03c1e7":36,"06c24a8d":36,"2f35e75f":36,"3eddf7c8":36,"77970f8b":36,"efd594d5":36,"4718294d":36,"5352cf45":36,"e0ffe8ff":36,"ae14d6b5":36,"721f5f42":36,"0b50bca6":36,"bf2ca266":36,"5d8d9641":36,"0de67c6c":36,"2311399f":36,"dfca0518":36,"b9a21017":36,"e47705d3":36,"3cae4115":36,"0ccf4731":36,"c7c6782d":36,"54346574":36,"b12cbf87":36,"81942d9b":36,"699b90c1":36,"d9b5a7a8":36,"1e7914d2":36,"e5d8fdb2":36,"3412ab75":36,"bcac5daf":36,"62d028cc":36,"0af2cf39":36,"27491297":36,"d041ea86":36,"1eda11b2":36,"fc442678":36,"d5d94481":36,"ffe48500":36,"c7a45a33":36,"faffe099":36,"e99490cd":36,"3b830769":36,"583f0305":36,"1557c50a":36,"249e80ab":36,"f52a3d94":36,"eb74d3dd":36,"3bcbc28d":36,"3c0455e7":36,"df203c79":36,"df1e1ac0":36,"491708eb":36,"e421caaa":36,"2d2ecf27":36,"d38a4953":36,"eba5efdd":36,"a5463f93":36,"c85ac4f8":36,"bc253f4f":36,"0d9d2bf8":36,"846b7f11":36,"d3411467":36,"1df0ce7f":36,"a08171d0":36,"c8bc5677":36,"cb0c3481":36,"7664512c":36,"df9a53b8":36,"f6c27b2b":36,"945f6c24":36,"f1daea7e":36,"b8fb90e3":36,"56227e35":36,"0d6bf22a":36,"b87321d0":36,"43205b5d":36,"8982905a":36,"f6fe1ad7":36,"230064fa":36,"764e0abb":36,"bba6d88e":36,"ea3479ec":36,"32266fa3":36,"50b090c3":36,"8be24763":36,"eb4800b2":36,"6e0ce9dc":36,"87d9bec4":36,"e30dfa0c":36,"6da34174":36,"bfb849fa":36,"0a10b423":36,"9ef7cee7":36,"49f1a0d1":36,"5f04aa76":36,"ba297382":36,"0287db2a":36,"96abe4a9":36,"753b10b1":36,"cf14bd99":36,"5e3ebf5e":36,"9f6ca218":36,"6213799d":36,"44cb1fd2":36,"baf19c25":36,"24a79a6e":36,"edde30af":36,"4d949e11":36,"df12f689":36,"1da10cbf":36,"832c48e4":36,"dc90a44c":36,"1ad7c45b":36,"5566c17c":36,"86a22252":36,"0000dece":36,"ce5efdbe":36,"58ace2b5":36,"d379fd96":36,"7b819458":36,"7f8024cd":36,"ae562513":36,"7b66dacd":36,"9ab137d7":36,"7191d1cd":36,"005354dd":36,"782022f4":36,"322e833f":36,"ab3619e4":36,"106006ad":36,"c8237be9":36,"1416e8f5":36,"dde2eed5":36,"a208caa8":36,"16605353":36,"77b39e15":36,"f1726edb":36,"92b72493":36,"d3e58903":36,"4481c4be":36,"7954891b":36,"4afd60a9":36,"d44c0ea3":36,"68f87858":36,"533bac6b":36,"41634dba":36,"43fd1327":36,"113e7f4b":36,"8cce569a":36,"ce6401b6":36,"6f57824c":36,"28bd7aa1":36,"1d52fb0d":36,"cde0d748":36,"535ed444":36,"5b09e53e":36,"da5bb0f7":36,"6d925c84":36,"50b23ab2":36,"edfa56d4":36,"899c16eb":36,"41c76041":36,"6bb1fa99":36,"d73ff72e":36,"61c0ca91":36,"d2fda7be":36,"ce20ca3c":36,"1d2d958b":36,"81fb6a01":36,"7f5b27c8":36,"fb3444d9":36,"f05de640":36,"86a68967":36,"56cd4dca":36,"7f469f4c":36,"f92dedfc":36,"355d1489":36,"f96fc1af":36,"06713bac":36,"61aca924":36,"3b3569f6":36,"b01ab62a":36,"76da16fa":36,"bffee581":36,"07150038":36,"080fa362":36,"7b6945ad":36,"a40d08e1":36,"cec79bc2":36,"d2eff358":36,"e70aebb5":36,"a488b2f1":36,"4caa87d6":36,"f7076e21":36,"69e653b6":36,"98d2991b":36,"3b411d6a":36,"83826ef3":36,"595609d5":36,"b47f1b89":36,"8e6caf71":36,"9a3433b8":36,"b89112cb":36,"66736d5e":36,"30de89a7":36,"06aaa33f":36,"320c65bf":36,"1fa1e7c2":36,"646af2b9":36,"659389ad":36,"240c8679":36,"0718c3be":36,"8b503f7b":36,"87a8523c":36,"c416baa6":36,"710f0d0e":36,"0905f1fb":36,"a20e529c":36,"1ae76fcc":36,"35b161d3":36,"344cd1a3":36,"77ea1236":36,"96d2a118":36,"23a0e41f":36,"b32a1080":36,"a2c4b591":36,"6dfa57be":36,"1854ce44":36,"f92b22f1":36,"ece12664":36,"36f4ecde":36,"568a0d58":36,"5fd569d2":36,"10c8fd03":36,"bd4ccb49":36,"e773d697":36,"7e8c11e7":36,"077eb15a":36,"5337c279":36,"8d256cb6":36,"7021c619":36,"32ae00db":36,"bf2defb2":36,"bc733a28":36,"30d32d34":36,"886c16d3":36,"e8d09b62":36,"d97fb857":36,"59ff5ec6":36,"ef04e64e":36,"6e2d04de":36,"2fca1798":36,"05028839":36,"5488826c":36,"84fff5c1":36,"c649992d":36,"d5ad3ed6":36,"8e5f7187":36,"55ba7579":36,"b7769ca6":36,"9c27de51":36,"38a75b48":36,"1792bfa3":36,"426f1904":36,"7c0f1ca9":36,"b2f820ac":36,"25d4f65d":36,"eddb6a2a":36,"ff8a00aa":36,"c146560b":36,"985068e7":36,"d543ba6f":36,"ae350a07":36,"680a32a6":36,"83ba647d":36,"cb0bd6b7":36,"8e426e39":36,"f1e86522":36,"51909df8":36,"e22b0973":36,"fa03f48f":36,"23646ff9":36,"5298dafa":36,"25f7f918":36,"3abb827b":36,"c5311ebb":36,"0c73c293":36,"88929b06":36,"105bb3f6":36,"08c4692e":36,"58de5462":36,"f01c896d":36,"5b2479ef":36,"1f2670d0":36,"1d882c36":36,"eb62e8f2":36,"962c9c8f":36,"aec0bf28":36,"a017a323":36,"8801c469":36,"b6281f1a":36,"808bc372":36,"c792a7c1":36,"48c6df81":36,"5e165f43":36,"5a7da061":36,"f8785b71":36,"06a94514":36,"73c420df":36,"ab4a411a":36,"d7a4b24c":36,"0700da70":36,"ff591765":36,"686d5c0b":36,"f15eb1c5":36,"93f12198":36,"62e270e5":36,"71789493":36,"5ac72353":36,"66b1b6d7":36,"b062adc4":36,"d1b14d06":36,"f6c074a7":36,"4aae5133":36,"ffd6849d":36,"63a3af32":36,"3fec4b0b":36,"962fca02":36,"75968179":36,"faa3de3e":36,"bc8bdc23":36,"44983d13":36,"f7ffcbb8":36,"5728f934":36,"00b26865":36,"c333337d":36,"815c56bc":36,"5bd61a68":36,"8582c5cf":36,"0c353665":36,"231e8700":36,"1f9fbd85":36,"43f24679":36,"a1c0dfc4":36,"78f71162":36,"4b27a9a4":36,"163f4d19":36,"1d043d5a":36,"b2f82e06":36,"5b0b43e6":36,"a8edfe84":36,"2ed19b1e":36,"959e16ea":36,"02f76c64":36,"5c6d1f33":36,"b4801cae":36,"c3c2fd05":36,"f8c97147":36,"c2526ff3":36,"cc386067":36,"a22ffd8f":36,"3cd28a4d":36,"44a12c31":36,"45a961ca":36,"5ca978fd":36,"668e601b":36,"7552d86c":36,"02ebf3b6":36,"bb17a968":36,"4abcb85d":36,"cba26072":36,"2a718dcc":36,"c6a9a8e1":36,"88854fd0":36,"8dc27d2a":36,"41d7f05d":36,"2b851827":36,"9f428a03":36,"4d504d96":36,"0533ece1":36,"bcee2ef3":36,"0afba00c":36,"272e7d0d":36,"f92596ee":36,"68831ea9":36,"9713d076":36,"fd098272":36,"6ee788a7":36,"8249641d":36,"45b0968f":36,"6a9bb182":36,"1f1afd4f":36,"25fb8826":36,"0dc5da58":36,"2874a625":36,"e61ae828":36,"f7ac3883":36,"ccd01528":36,"dab8cf68":36,"00f2a9cb":36,"04ff8100":36,"6c00d8d6":36,"ac9a02bc":36,"acfe69ed":36,"426603ff":36,"2db2f252":36,"2e84193b":36,"829c44a4":36,"e76e2617":36,"2b4fd52e":36,"57162572":36,"d1d50cfe":36,"c55683c9":36,"51233daf":36,"dfe4a061":36,"b5474d69":36,"c2bf7d51":36,"5a938eeb":36,"4fe0dedf":36,"781afef6":36,"951fc6d0":36,"de9229a0":36,"61892a4c":36,"99a5feef":36,"f096219e":36,"f6266388":36,"e64fd39c":36,"a3f0a6ec":36,"01051f84":36,"e1b3ce36":36,"aa7e370d":36,"625fa164":36,"0c6ae551":36,"f995eeab":36,"4006e709":36,"e8f4c1dd":36,"cede8b8c":36,"0dedf63e":36,"ad95ff4a":36,"a9d5374b":36,"893a99c5":36,"4321f02d":36,"d8bf32b5":36,"089b3f8f":36,"0eb42efe":36,"7698d0dc":36,"784414ce":36,"03c4ab87":36,"4e3d3af7":36,"2df3efdb":36,"3a4803a8":36,"d0f1b7bd":36,"e7799883":36,"f7a7de5d":36,"4f9456cf":36,"d4e56c3e":36,"0c045c2d":36,"6e260ee8":36,"8efd4801":36,"f4f84279":36,"7eb8f268":36,"b0950de5":36,"6f873999":36,"20236d3e":36,"36ae8cd8":36,"1f4e0e22":36,"3ddd5391":36,"60d69311":36,"3b09f1de":36,"07f69c6d":36,"2254f0f5":36,"b371f44a":36,"ea282e84":36,"8b6180ff":36,"6653c83b":36,"8819ac24":36,"9666b973":36,"653b27c7":36,"83b37fd6":36,"4d852788":36,"e43a9448":36,"3542b748":36,"379c53ab":36,"e396d80d":36,"7da61f27":36,"dc874a97":36,"85a220de":36,"40a7cdd2":36,"ac033c7b":36,"87759976":36,"4df3f62e":36,"c881a53e":36,"80c1c8b1":36,"cf52acd8":36,"a63cb4ce":36,"d3b3492b":36,"7580cfa4":36,"22a96386":36,"5c672b50":36,"5df16440":36,"b666e56d":36,"8db378ff":36,"784d6375":36,"4541bf85":36,"a6b13f20":36,"2459c882":36,"3df97186":36,"ef0490de":36,"e0f47ced":36,"02791635":36
1601326943617,"916fe082":36,"b64dba8e":36,"c3bb30ce":36,"86219c70":36,"601990d8":36,"5c662c19":36,"d2a5d2fd":36,"89d220c2":36,"3e10c9cb":36,"5500a3e8":36,"3c0e87ac":36,"a891461f":36,"a246cdab":36,"117c7f0b":36,"0d21cf99":36,"14e6fe14":36,"37ec5e73":36,"bfff7913":36,"f8636899":36,"37724339":36,"d45d9727":36,"ee5ff2a3":36,"44322dfd":36,"295e4d1d":36,"8cf6570a":36,"403064a0":36,"312af46e":36,"b5a9f8c3":36,"fcbc0ae8":36,"2ff6b6a8":36,"66a71cc1":36,"bf4b58e4":36,"80999122":36,"a71f3f70":36,"72af9198":36,"1f7aa83c":36,"732d62ee":36,"e39e9552":36,"81c1b70d":36,"d4b0751c":36,"5b01444b":36,"e72f0f82":36,"79995b62":36,"88374b72":36,"97160db8":36,"fdfaf1ed":36,"589f0d6e":36,"ea981bed":36,"5e197575":36,"51b4016a":36,"46bf9112":36,"e587c4d0":36,"092ad3d6":36,"525b2635":36,"bf940089":36,"caa38a45":36,"01f34f98":36,"a9987a58":36,"b6b8e5c7":36,"1670b0d3":36,"ec97d63e":36,"e82177d3":36,"89914b94":36,"94208a41":36,"2cbcad17":36,"04bdf5e1":36,"4dccb5ca":36,"da8b42be":36,"3b0576bf":36,"83268abf":36,"578c4c95":36,"9458934f":36,"c606b472":36,"1dcc489c":36,"945badf3":36,"1327775b":36,"bdd40125":36,"75fd47f7":36,"1c52a07e":36,"e70ccc25":36,"afd1494f":36,"ca6bffd3":36,"309bbf54":36,"cc537772":36,"6618390c":36,"99cc0813":36,"dc32c4e1":36,"239c636e":36,"6ee160ff":36,"c55d40ca":36,"22c177a8":36,"00ae883f":36,"f416ee62":36,"0d2b182d":36,"320754c3":36,"232b2f64":36,"3171b6e7":36,"3b25460f":36,"d2064756":36,"7d2a2cb4":36,"4f62491c":36,"70b4c438":36,"71ed93db":36,"c92efaa8":36,"c241ac7e":36,"62a45672":36,"210e507a":36,"ac6e268b":36,"742238e8":36,"c896052c":36,"dbbf7f69":36,"287ecd1c":36,"f9376d3e":36,"07a94e8c":36,"bb017b49":36,"37b52fe4":36,"61ad1519":36,"819c4185":36,"ba69b06b":36,"be081247":36,"5cc47d1b":36,"678b846f":36,"b4bd39d8":36,"b4cdbe5d":36,"fa0386f3":36,"b95d0f17":36,"cee9c347":36
1601326945843,"7800e7ce":37,"77869ff0":37,"4b8f7b16":37,"89f75690":37,"cb363e2f":37,"cd802f02":37,"d3cca7eb":37,"e866a899":37,"18c73816":37,"e491161e":37,"b5087677":37,"16f60bed":37,"cb0c3481":37,"d5d94481":37,"ffe48500":37,"c7a45a33":37,"faffe099":37,"e99490cd":37,"3b830769":37,"583f0305":37,"1557c50a":37,"249e80ab":37,"f52a3d94":37,"eb74d3dd":37,"3bcbc28d":37,"3c0455e7":37,"df203c79":37,"df1e1ac0":37,"491708eb":37,"e421caaa":37,"2d2ecf27":37,"d38a4953":37,"eba5efdd":37,"a5463f93":37,"c85ac4f8":37,"bc253f4f":37,"0d9d2bf8":37,"846b7f11":37,"d3411467":37,"1df0ce7f":37,"7664512c":37,"df9a53b8":37,"f6c27b2b":37,"945f6c24":37,"f1daea7e":37,"b8fb90e3":37,"56227e35":37,"0d6bf22a":37,"b87321d0":37,"43205b5d":37,"8982905a":37,"f6fe1ad7":37,"230064fa":37,"764e0abb":37,"bba6d88e":37,"ea3479ec":37,"32266fa3":37,"50b090c3":37,"8be24763":37,"eb4800b2":37,"6e0ce9dc":37,"87d9bec4":37,"e30dfa0c":37,"6da34174":37,"bfb849fa":37,"0a10b423":37,"9ef7cee7":37,"49f1a0d1":37,"5f04aa76":37,"ba297382":37,"0287db2a":37,"96abe4a9":37,"753b10b1":37,"cf14bd99":37,"782022f4":37,"322e833f":37,"ab3619e4":37,"106006ad":37,"c8237be9":37,"1416e8f5":37,"dde2eed5":37,"a208caa8":37,"16605353":37,"77b39e15":37,"f1726edb":37,"92b72493":37,"d3e58903":37,"4481c4be":37,"7954891b":37,"4afd60a9":37,"d44c0ea3":37,"68f87858":37,"533bac6b":37,"41634dba":37,"43fd1327":37,"113e7f4b":37,"8cce569a":37,"ce6401b6":37,"6f57824c":37,"28bd7aa1":37,"1d52fb0d":37,"cde0d748":37,"535ed444":37,"710f0d0e":37,"0905f1fb":37,"a20e529c":37,"1ae76fcc":37,"35b161d3":37,"a08171d0":37,"c8bc5677":37,"dfca0518":37,"b9a21017":37,"e47705d3":37,"3cae4115":37,"0ccf4731":37,"c7c6782d":37,"54346574":37,"b12cbf87":37,"81942d9b":37,"699b90c1":37,"d9b5a7a8":37,"1e7914d2":37,"e5d8fdb2":37,"3412ab75":37,"bcac5daf":37,"62d028cc":37,"0af2cf39":37,"27491297":37,"d041ea86":37,"1eda11b2":37,"fc442678":37,"344cd1a3":37,"77ea1236":37,"5690e712":37,"0b92d2a9":37,"070bed95":37,"67e5d108":37,"3d37b94b":37,"842c97c2":37,"c4cef92b":37,"0eecdc5b":37,"b7e495ea":37,"45ec63c0":37,"0ddfde2c":37,"a8b41774":37,"81f0da2d":37,"1fcc8ba4":37,"75a9c117":37,"12ba54ec":37,"be391c1a":37,"37d8a5b7":37,"d5ab81c4":37,"2ecde685":37,"f0bd52d3":37,"dcc20f76":37,"666a8ef0":37,"c5b609f1":37,"4dc5849a":37,"d605c755":37,"8a8c1d67":37,"cc6b3306":37,"080d5d42":37,"8c2dfd9a":37,"f11267b9":37,"5d03f5dc":37,"a483b15e":37,"f0a01341":37,"1ee4d9f9":37,"f80ab49d":37,"95eaed39":37,"0d6e45e7":37,"a5ba0ebb":37,"0da97151":37,"f53362a9":37,"e829038c":37,"4987cfb5":37,"1901ef7e":37,"96d2a118":37,"23a0e41f":37,"b32a1080":37,"a2c4b591":37,"6dfa57be":37,"1854ce44":37,"f92b22f1":37,"ece12664":37,"36f4ecde":37,"568a0d58":37,"5fd569d2":37,"10c8fd03":37,"bd4ccb49":37,"e773d697":37,"7e8c11e7":37,"077eb15a":37,"5337c279":37,"8d256cb6":37,"7021c619":37,"32ae00db":37,"bf2defb2":37,"bc733a28":37,"30d32d34":37,"886c16d3":37,"e8d09b62":37,"590ce3d3":37,"1802d7ce":37,"0a49914b":37,"5d3f5cad":37,"cf347cba":37,"fc0c23f7":37,"641f9b9e":37,"c92edec5":37,"9f03c1e7":37,"06c24a8d":37,"2f35e75f":37,"3eddf7c8":37,"77970f8b":37,"efd594d5":37,"4718294d":37,"5352cf45":37,"e0ffe8ff":37,"ae14d6b5":37,"721f5f42":37,"fb3aa867":37,"c9cf710b":37,"fcacdeb3":37,"0ea055ed":37,"e3b1bdf8":37,"644b45fb":37
1601326946660,"960c2e6b":37,"ba90687c":37,"77f2cf92":37,"3515e999":37,"d11f8f1b":37,"037e2be4":37,"9e7dbd20":37,"9d9eb027":37,"325f9a29":37,"0c086273":37,"ac13c3b0":37,"503aafe5":37,"b4d9c57f":37,"5d53c964":37,"8ee9cc91":37,"4cc0af91":37,"55f6a2ba":37,"9559ea96":37,"9cb044bf":37,"16b25add":37,"80ee333e":37,"3b329af2":37,"1cd662bf":37,"72992b35":37,"47589344":37,"593b1533":37,"e9f6e5ce":37,"ed6bead5":37,"96f594b9":37,"94dfcfc5":37,"8301986e":37,"830ecfec":37,"a8bae791":37,"312009ee":37,"c98759fd":37,"e8b6d676":37,"45ee5840":37,"76f04033":37,"43480b19":37,"fd955858":37,"69798d15":37,"efea71fa":37,"0b50bca6":37,"bf2ca266":37,"5d8d9641":37,"0de67c6c":37,"2311399f":37,"5e3ebf5e":37,"9f6ca218":37,"6213799d":37,"44cb1fd2":37,"baf19c25":37,"24a79a6e":37,"edde30af":37,"4d949e11":37,"df12f689":37,"1da10cbf":37,"832c48e4":37,"dc90a44c":37,"1ad7c45b":37,"5566c17c":37,"86a22252":37,"0000dece":37,"ce5efdbe":37,"58ace2b5":37,"d379fd96":37,"7b819458":37,"7f8024cd":37,"ae562513":37,"7b66dacd":37,"9ab137d7":37,"7191d1cd":37,"005354dd":37,"3b3569f6":37,"b01ab62a":37,"76da16fa":37,"bffee581":37,"07150038":37,"080fa362":37,"7b6945ad":37,"a40d08e1":37,"cec79bc2":37,"d2eff358":37,"e70aebb5":37,"a488b2f1":37,"4caa87d6":37,"f7076e21":37,"69e653b6":37,"98d2991b":37,"3b411d6a":37,"83826ef3":37,"595609d5":37,"5b09e53e":37,"da5bb0f7":37,"6d925c84":37,"50b23ab2":37,"edfa56d4":37,"899c16eb":37,"41c76041":37,"6bb1fa99":37,"d73ff72e":37,"61c0ca91":37,"d2fda7be":37,"ce20ca3c":37,"1d2d958b":37,"81fb6a01":37,"7f5b27c8":37,"fb3444d9":37,"f05de640":37,"86a68967":37,"56cd4dca":37,"7f469f4c":37,"f92dedfc":37,"355d1489":37,"f96fc1af":37,"06713bac":37,"61aca924":37,"d97fb857":37,"59ff5ec6":37,"ef04e64e":37,"6e2d04de":37,"2fca1798":37,"05028839":37,"5488826c":37,"84fff5c1":37,"c649992d":37,"d5ad3ed6":37,"8e5f7187":37,"55ba7579":37,"b7769ca6":37,"9c27de51":37,"38a75b48":37,"1792bfa3":37,"426f1904":37,"7c0f1ca9":37,"b2f820ac":37,"25d4f65d":37,"eddb6a2a":37,"ff8a00aa":37,"c146560b":37,"985068e7":37,"d543ba6f":37,"b47f1b89":37,"8e6caf71":37,"9a3433b8":37,"b89112cb":37,"66736d5e":37,"30de89a7":37,"06aaa33f":37,"320c65bf":37,"1fa1e7c2":37,"646af2b9":37,"659389ad":37,"240c8679":37,"0718c3be":37,"8b503f7b":37,"87a8523c":37,"c416baa6":37,"ae350a07":37,"680a32a6":37,"f1e86522":37,"83ba647d":37,"fa03f48f":37,"cb0bd6b7":37,"8e426e39":37,"5298dafa":37,"51909df8":37,"25f7f918":37,"c5311ebb":37,"e22b0973":37,"23646ff9":37,"105bb3f6":37,"58de5462":37,"3abb827b":37,"f01c896d":37,"0c73c293":37,"f7ffcbb8":37,"5728f934":37,"00b26865":37,"c333337d":37,"815c56bc":37,"5bd61a68":37,"8582c5cf":37,"dfe4a061":37,"c2bf7d51":37,"0c353665":37,"781afef6":37,"231e8700":37,"1f9fbd85":37,"de9229a0":37,"99a5feef":37,"43f24679":37,"f6266388":37,"a1c0dfc4":37,"e64fd39c":37,"78f71162":37,"4b27a9a4":37,"e1b3ce36":37,"163f4d19":37,"625fa164":37,"0c6ae551":37,"1d043d5a":37,"e8f4c1dd":37,"b2f82e06":37,"cede8b8c":37,"5b0b43e6":37,"ad95ff4a":37,"b5474d69":37,"893a99c5":37,"5a938eeb":37,"4fe0dedf":37,"d8bf32b5":37,"0eb42efe":37,"951fc6d0":37,"03c4ab87":37,"61892a4c":37,"4e3d3af7":37,"f096219e":37,"3a4803a8":37,"a3f0a6ec":37,"f7a7de5d":37,"01051f84":37,"d4e56c3e":37,"aa7e370d":37,"f995eeab":37,"0c045c2d":37,"8efd4801":37,"4006e709":37,"0dedf63e":37,"7eb8f268":37,"a9d5374b":37,"20236d3e":37,"589f0d6e":37,"525b2635":37,"caa38a45":37,"51b4016a":37,"46bf9112":37,"a9987a58":37,"b6b8e5c7":37,"092ad3d6":37,"e82177d3":37,"bf940089":37,"89914b94":37,"01f34f98":37,"1670b0d3":37,"04bdf5e1":37,"da8b42be":37,"ec97d63e":37,"3b0576bf":37,"94208a41":37,"2cbcad17":37,"9458934f":37,"1dcc489c":37,"4dccb5ca":37,"83268abf":37,"945badf3":37,"1327775b":37,"578c4c95":37,"bdd40125":37,"c606b472":37,"75fd47f7":37,"1c52a07e":37,"e70ccc25":37,"afd1494f":37,"ca6bffd3":37,"829c44a4":37,"e76e2617":37,"2b4fd52e":37,"57162572":37,"d1d50cfe":37,"36ae8cd8":37,"4321f02d":37,"089b3f8f":37,"3ddd5391":37,"7698d0dc":37,"1f2670d0":37,"88929b06":37,"08c4692e":37,"962c9c8f":37,"5b2479ef":37,"aec0bf28":37,"808bc372":37,"a017a323":37,"c792a7c1":37,"1d882c36":37,"8801c469":37,"5a7da061":37,"eb62e8f2":37,"b6281f1a":37,"06a94514":37,"73c420df":37,"48c6df81":37,"0700da70":37,"5e165f43":37,"ff591765":37,"f8785b71":37,"ab4a411a":37,"93f12198":37,"62e270e5":37,"d7a4b24c":37,"686d5c0b":37,"66b1b6d7":37,"f15eb1c5":37,"b062adc4":37,"71789493":37,"4aae5133":37,"5ac72353":37,"63a3af32":37,"3fec4b0b":37,"d1b14d06":37,"faa3de3e":37,"f6c074a7":37,"44983d13":37,"ffd6849d":37,"80999122":37,"962fca02":37,"72af9198":37,"75968179":37,"bc8bdc23":37,"e39e9552":37,"a71f3f70":37,"81c1b70d":37,"1f7aa83c":37,"e72f0f82":37,"88374b72":37,"732d62ee":37,"d4b0751c":37,"fdfaf1ed":37,"5b01444b":37,"ea981bed":37,"79995b62":37,"5e197575":37,"97160db8":37,"e587c4d0":37,"07f69c6d":37,"784414ce":37,"a8edfe84":37,"2ed19b1e":37,"959e16ea":37,"02f76c64":37,"5c6d1f33":37,"b4801cae":37,"c3c2fd05":37,"f8c97147":37,"c2526ff3":37,"cc386067":37,"a22ffd8f":37,"3cd28a4d":37,"44a12c31":37,"45a961ca":37,"5ca978fd":37,"668e601b":37,"7552d86c":37,"02ebf3b6":37,"bb17a968":37,"4abcb85d":37,"cba26072":37,"2a718dcc":37,"c6a9a8e1":37,"88854fd0":37,"8dc27d2a":37,"41d7f05d":37,"2df3efdb":37,"2254f0f5":37,"d0f1b7bd":37,"ea282e84":37,"6653c83b":37,"e7799883":37,"c896052c":37,"4f9456cf":37,"287ecd1c":37,"6e260ee8":37,"f4f84279":37,"f9376d3e":37,"b0950de5":37,"07a94e8c":37,"bb017b49":37,"6f873999":37,"37b52fe4":37,"1f4e0e22":37,"9666b973":37,"653b27c7":37,"83b37fd6":37,"4d852788":37,"e43a9448":37,"3542b748":37,"379c53ab":37,"e396d80d":37,"7da61f27":37,"dc874a97":37,"85a220de":37,"40a7cdd2":37,"ac033c7b":37,"87759976":37,"4df3f62e":37,"c881a53e":37,"80c1c8b1":37,"cf52acd8":37,"a63cb4ce":37,"d3b3492b":37,"7580cfa4":37,"22a96386":37,"5c672b50":37,"5df16440":37,"b666e56d":37,"8db378ff":37,"784d6375":37,"272e7d0d":37,"f92596ee":37,"68831ea9":37,"9713d076":37,"fd098272":37,"6ee788a7":37,"8249641d":37,"45b0968f":37,"6a9bb182":37,"1f1afd4f":37,"25fb8826":37,"0dc5da58":37,"2874a625":37,"e61ae828":37,"f7ac3883":37,"ccd01528":37,"dab8cf68":37,"00f2a9cb":37,"916fe082":37,"b64dba8e":37,"c3bb30ce":37,"86219c70":37,"601990d8":37,"5c662c19":37,"d2a5d2fd":37,"89d220c2":37,"3e10c9cb":37,"5500a3e8":37,"3c0e87ac":37,"a891461f":37,"a246cdab":37,"60d69311":37,"61ad1519":37,"819c4185":37,"3b09f1de":37,"b371f44a":37,"ba69b06b":37,"8b6180ff":37,"7d2a2cb4":37,"8819ac24":37,"4f62491c":37,"dbbf7f69":37,"70b4c438":37,"71ed93db":37,"c92efaa8":37,"c241ac7e":37,"62a45672":37,"210e507a":37,"ac6e268b":37,"742238e8":37,"2b851827":37,"9f428a03":37,"4d504d96":37,"0533ece1":37,"bcee2ef3":37,"0afba00c":37,"04ff8100":37,"6c00d8d6":37,"ac9a02bc":37,"acfe69ed":37,"426603ff":37,"2db2f252":37,"2e84193b":37,"c55683c9":37,"51233daf":37,"02791635":37,"be081247":37,"5cc47d1b":37,"678b846f":37,"b4bd39d8":37,"b4cdbe5d":37,"fa0386f3":37,"b95d0f17":37,"cee9c347":37,"4541bf85":37,"a6b13f20":37,"2459c882":37,"3df97186":37,"ef0490de":37,"e0f47ced":37,"309bbf54":37,"cc537772":37,"6618390c":37,"99cc0813":37,"dc32c4e1":37,"239c636e":37,"6ee160ff":37,"c55d40ca":37,"22c177a8":37,"00ae883f":37,"f416ee62":37,"0d2b182d":37,"320754c3":37,"232b2f64":37,"3171b6e7":37,"3b25460f":37,"d2064756":37,"117c7f0b":37,"0d21cf99":37,"14e6fe14":37,"37ec5e73":37,"bfff7913":37,"f8636899":37,"37724339":37,"d45d9727":37,"ee5ff2a3":37,"44322dfd":37,"295e4d1d":37,"8cf6570a":37,"403064a0":37,"312af46e":37,"b5a9f8c3":37,"fcbc0ae8":37,"2ff6b6a8":37,"66a71cc1":37,"bf4b58e4":37
1601326949006,"7800e7ce":38,"77869ff0":38,"4b8f7b16":38,"89f75690":38,"cb363e2f":38,"cd802f02":38,"d3cca7eb":38,"e866a899":38,"5690e712":38,"0b92d2a9":38,"070bed95":38,"67e5d108":38,"3d37b94b":38,"842c97c2":38,"c4cef92b":38,"0eecdc5b":38,"b7e495ea":38,"45ec63c0":38,"0ddfde2c":38,"a8b41774":38,"81f0da2d":38,"1fcc8ba4":38,"75a9c117":38,"12ba54ec":38,"be391c1a":38,"37d8a5b7":38,"d5ab81c4":38,"2ecde685":38,"f0bd52d3":38,"dcc20f76":38,"666a8ef0":38,"c5b609f1":38,"4dc5849a":38,"d605c755":38,"8a8c1d67":38,"cc6b3306":38,"8c2dfd9a":38,"080d5d42":38,"f11267b9":38,"5d03f5dc":38,"a483b15e":38,"f0a01341":38,"f80ab49d":38,"1ee4d9f9":38,"0d6e45e7":38,"95eaed39":38,"0da97151":38,"a5ba0ebb":38,"e829038c":38,"f53362a9":38,"4987cfb5":38,"1901ef7e":38,"ba90687c":38,"960c2e6b":38,"3515e999":38,"77f2cf92":38,"d5d94481":38,"ffe48500":38,"c7a45a33":38,"faffe099":38,"e99490cd":38,"3b830769":38,"583f0305":38,"1557c50a":38,"d11f8f1b":38,"037e2be4":38,"9e7dbd20":38,"9d9eb027":38,"325f9a29":38,"0c086273":38,"ac13c3b0":38,"503aafe5":38,"b4d9c57f":38,"5d53c964":38,"8ee9cc91":38,"4cc0af91":38,"55f6a2ba":38,"9559ea96":38,"9cb044bf":38,"16b25add":38,"80ee333e":38,"3b329af2":38,"1cd662bf":38,"72992b35":38,"47589344":38,"593b1533":38,"e9f6e5ce":38,"ed6bead5":38,"96f594b9":38,"94dfcfc5":38,"8301986e":38,"830ecfec":38,"a8bae791":38,"312009ee":38,"c98759fd":38,"e8b6d676":38,"45ee5840":38,"76f04033":38,"43480b19":38,"fd955858":38,"69798d15":38,"efea71fa":38,"fb3aa867":38,"c9cf710b":38,"fcacdeb3":38,"0ea055ed":38,"e3b1bdf8":38,"644b45fb":38,"590ce3d3":38,"1802d7ce":38,"0a49914b":38,"5d3f5cad":38,"cf347cba":38,"fc0c23f7":38,"641f9b9e":38,"c92edec5":38,"9f03c1e7":38,"18c73816":38,"e491161e":38,"b5087677":38,"16f60bed":38,"cb0c3481":38,"7664512c":38,"df9a53b8":38,"f6c27b2b":38,"945f6c24":38,"f1daea7e":38,"b8fb90e3":38,"56227e35":38,"0d6bf22a":38,"b87321d0":38,"43205b5d":38,"8982905a":38,"06c24a8d":38,"2f35e75f":38,"3eddf7c8":38,"249e80ab":38,"f52a3d94":38,"eb74d3dd":38,"3bcbc28d":38,"3c0455e7":38,"df203c79":38,"df1e1ac0":38,"491708eb":38,"e421caaa":38,"2d2ecf27":38,"d38a4953":38,"eba5efdd":38,"a5463f93":38,"c85ac4f8":38,"bc253f4f":38,"0d9d2bf8":38,"846b7f11":38,"d3411467":38,"1df0ce7f":38,"a08171d0":38,"c8bc5677":38,"dfca0518":38,"b9a21017":38,"e47705d3":38,"3cae4115":38,"0ccf4731":38,"c7c6782d":38,"54346574":38,"b12cbf87":38,"81942d9b":38,"699b90c1":38,"d9b5a7a8":38,"1e7914d2":38,"e5d8fdb2":38,"3412ab75":38,"bcac5daf":38,"77970f8b":38,"efd594d5":38,"4718294d":38,"5352cf45":38,"e0ffe8ff":38,"ae14d6b5":38,"721f5f42":38,"0b50bca6":38,"bf2ca266":38,"5d8d9641":38,"0de67c6c":38,"2311399f":38,"5e3ebf5e":38,"9f6ca218":38,"6213799d":38,"44cb1fd2":38,"baf19c25":38,"24a79a6e":38,"edde30af":38,"4d949e11":38,"df12f689":38,"1da10cbf":38,"832c48e4":38,"dc90a44c":38,"1ad7c45b":38,"5566c17c":38,"86a22252":38,"0000dece":38,"ce5efdbe":38,"58ace2b5":38,"62d028cc":38,"0af2cf39":38,"27491297":38,"d041ea86":38,"1eda11b2":38,"fc442678":38,"d379fd96":38,"7b819458":38,"7f8024cd":38,"ae562513":38,"7b66dacd":38,"9ab137d7":38,"7191d1cd":38,"005354dd":38,"f6fe1ad7":38,"230064fa":38,"764e0abb":38,"bba6d88e":38,"ea3479ec":38,"32266fa3":38,"50b090c3":38,"8be24763":38,"eb4800b2":38,"6e0ce9dc":38,"87d9bec4":38,"e30dfa0c":38,"6da34174":38,"bfb849fa":38,"0a10b423":38,"9ef7cee7":38,"49f1a0d1":38,"5f04aa76":38,"ba297382":38,"0287db2a":38,"96abe4a9":38,"753b10b1":38,"cf14bd99":38,"782022f4":38,"322e833f":38,"ab3619e4":38,"106006ad":38,"c8237be9":38,"1416e8f5":38,"dde2eed5":38,"a208caa8":38,"16605353":38,"77b39e15":38,"f1726edb":38,"3b3569f6":38,"b01ab62a":38,"76da16fa":38,"bffee581":38,"07150038":38,"080fa362":38,"7b6945ad":38,"a40d08e1":38,"cec79bc2":38,"d2eff358":38,"e70aebb5":38,"a488b2f1":38,"4caa87d6":38,"f7076e21":38,"69e653b6":38,"98d2991b":38,"3b411d6a":38,"83826ef3":38,"5b09e53e":38,"da5bb0f7":38,"6d925c84":38,"50b23ab2":38,"edfa56d4":38,"899c16eb":38,"41c76041":38,"6bb1fa99":38,"d73ff72e":38,"61c0ca91":38,"d2fda7be":38,"ce20ca3c":38,"1d2d958b":38,"81fb6a01":38,"7f5b27c8":38,"fb3444d9":38,"f05de640":38,"86a68967":38,"56cd4dca":38,"7f469f4c":38,"f92dedfc":38,"355d1489":38,"f96fc1af":38,"06713bac":38,"61aca924":38,"d97fb857":38,"59ff5ec6":38
1601326949499,"ef04e64e":38,"6e2d04de":38,"2fca1798":38,"05028839":38,"92b72493":38,"5488826c":38,"84fff5c1":38,"c649992d":38,"d5ad3ed6":38,"8e5f7187":38,"55ba7579":38,"b7769ca6":38,"9c27de51":38,"38a75b48":38,"1792bfa3":38,"426f1904":38,"7c0f1ca9":38,"b2f820ac":38,"25d4f65d":38,"eddb6a2a":38,"595609d5":38,"b47f1b89":38,"8e6caf71":38,"9a3433b8":38,"b89112cb":38,"66736d5e":38,"30de89a7":38,"06aaa33f":38,"320c65bf":38,"1fa1e7c2":38,"646af2b9":38,"659389ad":38,"240c8679":38,"0718c3be":38,"8b503f7b":38,"87a8523c":38,"c416baa6":38,"ae350a07":38,"680a32a6":38,"83ba647d":38,"cb0bd6b7":38,"8e426e39":38,"51909df8":38,"e22b0973":38,"23646ff9":38,"3abb827b":38,"f1e86522":38,"0c73c293":38,"fa03f48f":38,"88929b06":38,"5298dafa":38,"08c4692e":38,"25f7f918":38,"5b2479ef":38,"c5311ebb":38,"1d882c36":38,"105bb3f6":38,"eb62e8f2":38,"58de5462":38,"f01c896d":38,"ff8a00aa":38,"c146560b":38,"985068e7":38,"d543ba6f":38,"10c8fd03":38,"bd4ccb49":38,"e773d697":38,"7e8c11e7":38,"077eb15a":38,"5337c279":38,"8d256cb6":38,"7021c619":38,"32ae00db":38,"bf2defb2":38,"bc733a28":38,"30d32d34":38,"886c16d3":38,"e8d09b62":38,"1f2670d0":38,"962c9c8f":38,"aec0bf28":38,"a017a323":38,"8801c469":38,"b6281f1a":38,"48c6df81":38,"5e165f43":38,"808bc372":38,"f8785b71":38,"c792a7c1":38,"ab4a411a":38,"5a7da061":38,"d7a4b24c":38,"06a94514":38,"686d5c0b":38,"73c420df":38,"f15eb1c5":38,"0700da70":38,"71789493":38,"ff591765":38,"5ac72353":38,"93f12198":38,"d1b14d06":38,"62e270e5":38,"f6c074a7":38,"66b1b6d7":38,"ffd6849d":38,"b062adc4":38,"962fca02":38,"75968179":38,"4aae5133":38,"bc8bdc23":38,"63a3af32":38,"a71f3f70":38,"3fec4b0b":38,"1f7aa83c":38,"faa3de3e":38,"732d62ee":38,"44983d13":38,"d4b0751c":38,"80999122":38,"5b01444b":38,"72af9198":38,"79995b62":38,"e39e9552":38,"81c1b70d":38,"97160db8":38,"589f0d6e":38,"e72f0f82":38,"88374b72":38,"51b4016a":38,"fdfaf1ed":38,"46bf9112":38,"ea981bed":38,"092ad3d6":38,"5e197575":38,"bf940089":38,"01f34f98":38,"e587c4d0":38,"1670b0d3":38,"525b2635":38,"d3e58903":38,"4481c4be":38,"7954891b":38,"4afd60a9":38,"d44c0ea3":38,"68f87858":38,"533bac6b":38,"41634dba":38,"43fd1327":38,"113e7f4b":38,"8cce569a":38,"ce6401b6":38,"6f57824c":38,"28bd7aa1":38,"1d52fb0d":38,"cde0d748":38,"535ed444":38,"710f0d0e":38,"0905f1fb":38,"a20e529c":38,"1ae76fcc":38,"35b161d3":38,"344cd1a3":38,"77ea1236":38,"96d2a118":38,"23a0e41f":38,"b32a1080":38,"a2c4b591":38,"6dfa57be":38,"1854ce44":38,"f92b22f1":38,"ece12664":38,"36f4ecde":38,"568a0d58":38,"5fd569d2":38,"caa38a45":38,"ec97d63e":38,"94208a41":38,"a9987a58":38,"b6b8e5c7":38,"2cbcad17":38,"e82177d3":38,"4dccb5ca":38,"83268abf":38,"89914b94":38,"578c4c95":38,"04bdf5e1":38,"c606b472":38,"da8b42be":38,"3b0576bf":38,"9458934f":38,"1dcc489c":38,"945badf3":38,"1327775b":38,"bdd40125":38,"75fd47f7":38,"1c52a07e":38,"e70ccc25":38,"afd1494f":38,"ca6bffd3":38,"829c44a4":38,"e76e2617":38,"2b4fd52e":38,"57162572":38,"d1d50cfe":38,"9666b973":38,"653b27c7":38,"83b37fd6":38,"4d852788":38,"e43a9448":38,"3542b748":38,"379c53ab":38,"e396d80d":38,"7da61f27":38,"dc874a97":38,"85a220de":38,"40a7cdd2":38,"ac033c7b":38,"87759976":38,"4df3f62e":38,"c881a53e":38,"80c1c8b1":38,"cf52acd8":38,"a63cb4ce":38,"d3b3492b":38,"7580cfa4":38,"22a96386":38,"5c672b50":38,"5df16440":38,"b666e56d":38,"8db378ff":38,"784d6375":38,"4541bf85":38,"a6b13f20":38,"2459c882":38,"3df97186":38,"ef0490de":38,"e0f47ced":38,"309bbf54":38,"cc537772":38,"6618390c":38,"99cc0813":38,"dc32c4e1":38,"239c636e":38,"6ee160ff":38,"c55d40ca":38,"22c177a8":38,"00ae883f":38,"f416ee62":38,"0d2b182d":38,"320754c3":38,"232b2f64":38,"3171b6e7":38,"3b25460f":38,"d2064756":38,"272e7d0d":38,"f92596ee":38,"68831ea9":38,"9713d076":38,"fd098272":38,"6ee788a7":38,"8249641d":38,"45b0968f":38,"6a9bb182":38,"1f1afd4f":38,"25fb8826":38,"0dc5da58":38,"2874a625":38,"e61ae828":38,"f7ac3883":38,"ccd01528":38,"dab8cf68":38,"00f2a9cb":38,"916fe082":38,"b64dba8e":38,"c3bb30ce":38,"86219c70":38,"601990d8":38,"5c662c19":38,"d2a5d2fd":38,"89d220c2":38,"3e10c9cb":38,"5500a3e8":38,"3c0e87ac":38,"a891461f":38,"a246cdab":38,"117c7f0b":38,"0d21cf99":38,"a8edfe84":38,"2ed19b1e":38,"959e16ea":38,"02f76c64":38,"5c6d1f33":38,"b4801cae":38,"c3c2fd05":38,"f8c97147":38,"c2526ff3":38,"cc386067":38,"a22ffd8f":38,"3cd28a4d":38,"44a12c31":38,"f7ffcbb8":38,"14e6fe14":38,"37ec5e73":38,"bfff7913":38,"f8636899":38,"37724339":38,"d45d9727":38,"ee5ff2a3":38,"44322dfd":38,"295e4d1d":38,"8cf6570a":38,"403064a0":38,"312af46e":38,"b5a9f8c3":38,"fcbc0ae8":38,"2ff6b6a8":38,"66a71cc1":38,"bf4b58e4":38,"45a961ca":38,"5ca978fd":38,"668e601b":38,"7552d86c":38,"02ebf3b6":38,"bb17a968":38,"4abcb85d":38,"cba26072":38,"2a718dcc":38,"c6a9a8e1":38,"88854fd0":38,"8dc27d2a":38,"41d7f05d":38,"2b851827":38,"9f428a03":38,"4d504d96":38,"0533ece1":38,"bcee2ef3":38,"0afba00c":38,"04ff8100":38,"6c00d8d6":38,"ac9a02bc":38,"acfe69ed":38,"426603ff":38,"2db2f252":38,"2e84193b":38,"c55683c9":38,"51233daf":38,"02791635":38,"5728f934":38,"00b26865":38,"c333337d":38,"815c56bc":38,"5bd61a68":38,"8582c5cf":38,"0c353665":38,"231e8700":38,"1f9fbd85":38,"43f24679":38,"a1c0dfc4":38,"78f71162":38,"dfe4a061":38,"4b27a9a4":38,"c2bf7d51":38,"163f4d19":38,"781afef6":38,"de9229a0":38,"1d043d5a":38,"99a5feef":38,"b2f82e06":38,"5b0b43e6":38,"f6266388":38,"b5474d69":38,"e64fd39c":38,"e1b3ce36":38,"5a938eeb":38,"625fa164":38,"4fe0dedf":38,"0c6ae551":38,"951fc6d0":38,"e8f4c1dd":38,"61892a4c":38,"f096219e":38,"cede8b8c":38,"ad95ff4a":38,"a3f0a6ec":38,"893a99c5":38,"01051f84":38,"aa7e370d":38,"d8bf32b5":38,"0eb42efe":38,"f995eeab":38,"4006e709":38,"03c4ab87":38,"4e3d3af7":38,"0dedf63e":38,"3a4803a8":38,"a9d5374b":38,"4321f02d":38,"f7a7de5d":38,"089b3f8f":38,"d4e56c3e":38,"7698d0dc":38,"0c045c2d":38,"8efd4801":38,"784414ce":38,"7eb8f268":38,"2df3efdb":38,"20236d3e":38,"d0f1b7bd":38,"e7799883":38,"36ae8cd8":38,"4f9456cf":38,"3ddd5391":38,"07f69c6d":38,"6e260ee8":38,"2254f0f5":38,"f4f84279":38,"b0950de5":38,"ea282e84":38,"6f873999":38,"6653c83b":38,"1f4e0e22":38,"c896052c":38,"287ecd1c":38,"60d69311":38,"3b09f1de":38,"f9376d3e":38,"07a94e8c":38,"b371f44a":38,"8b6180ff":38,"bb017b49":38,"37b52fe4":38,"8819ac24":38,"61ad1519":38,"dbbf7f69":38,"819c4185":38,"ba69b06b":38,"7d2a2cb4":38,"4f62491c":38,"be081247":38,"5cc47d1b":38,"678b846f":38,"b4bd39d8":38,"b4cdbe5d":38,"fa0386f3":38,"b95d0f17":38,"cee9c347":38,"70b4c438":38,"71ed93db":38,"c92efaa8":38,"c241ac7e":38,"62a45672":38,"210e507a":38,"ac6e268b":38,"742238e8":38
1601326951540,"d5d94481":39,"ffe48500":39,"c7a45a33":39,"faffe099":39,"e99490cd":39,"3b830769":39,"583f0305":39,"1557c50a":39,"249e80ab":39,"f52a3d94":39,"eb74d3dd":39,"3bcbc28d":39,"3c0455e7":39,"df203c79":39,"df1e1ac0":39,"491708eb":39,"7800e7ce":39,"77869ff0":39,"4b8f7b16":39,"89f75690":39,"cb363e2f":39,"cd802f02":39,"d3cca7eb":39,"e866a899":39,"5690e712":39,"0b92d2a9":39,"070bed95":39,"67e5d108":39,"3d37b94b":39,"842c97c2":39,"c4cef92b":39,"0eecdc5b":39,"b7e495ea":39,"45ec63c0":39,"0ddfde2c":39,"a8b41774":39,"81f0da2d":39,"1fcc8ba4":39,"75a9c117":39,"e421caaa":39,"2d2ecf27":39,"d38a4953":39,"eba5efdd":39,"a5463f93":39,"c85ac4f8":39,"bc253f4f":39,"0d9d2bf8":39,"846b7f11":39,"d3411467":39,"1df0ce7f":39,"a08171d0":39,"c8bc5677":39,"dfca0518":39,"b9a21017":39,"e47705d3":39,"3cae4115":39,"0ccf4731":39,"c7c6782d":39,"54346574":39,"b12cbf87":39,"81942d9b":39,"699b90c1":39,"d9b5a7a8":39,"1e7914d2":39,"e5d8fdb2":39,"3412ab75":39,"bcac5daf":39,"62d028cc":39,"0af2cf39":39,"27491297":39,"d041ea86":39,"1eda11b2":39,"fc442678":39,"18c73816":39,"e491161e":39,"b5087677":39,"16f60bed":39,"cb0c3481":39,"7664512c":39,"df9a53b8":39,"f6c27b2b":39,"945f6c24":39,"f1daea7e":39,"b8fb90e3":39,"12ba54ec":39,"be391c1a":39,"37d8a5b7":39,"d5ab81c4":39,"2ecde685":39,"f0bd52d3":39,"dcc20f76":39,"666a8ef0":39,"c5b609f1":39,"4dc5849a":39,"080d5d42":39,"5d03f5dc":39,"d605c755":39,"8a8c1d67":39,"f0a01341":39,"cc6b3306":39,"1ee4d9f9":39,"0d6e45e7":39,"8c2dfd9a":39,"0da97151":39,"f11267b9":39,"a483b15e":39,"e829038c":39,"f80ab49d":39,"4987cfb5":39,"ba90687c":39,"95eaed39":39,"77f2cf92":39,"a5ba0ebb":39,"f53362a9":39,"037e2be4":39,"9e7dbd20":39,"1901ef7e":39,"960c2e6b":39,"0c086273":39,"ac13c3b0":39,"3515e999":39,"b4d9c57f":39,"d11f8f1b":39,"5d53c964":39,"9d9eb027":39,"325f9a29":39,"8ee9cc91":39,"503aafe5":39,"4cc0af91":39,"55f6a2ba":39,"9559ea96":39,"9cb044bf":39,"16b25add":39,"80ee333e":39,"3b329af2":39,"1cd662bf":39,"72992b35":39,"3b3569f6":39,"b01ab62a":39,"76da16fa":39,"bffee581":39,"07150038":39,"080fa362":39,"7b6945ad":39,"a40d08e1":39,"cec79bc2":39,"d2eff358":39,"e70aebb5":39,"a488b2f1":39,"4caa87d6":39,"f7076e21":39,"69e653b6":39,"5b09e53e":39,"da5bb0f7":39,"98d2991b":39,"3b411d6a":39,"83826ef3":39,"595609d5":39,"b47f1b89":39,"8e6caf71":39,"9a3433b8":39,"b89112cb":39,"66736d5e":39,"30de89a7":39,"06aaa33f":39,"320c65bf":39,"1fa1e7c2":39,"646af2b9":39
1601326952519,"47589344":39,"593b1533":39,"e9f6e5ce":39,"ed6bead5":39,"96f594b9":39,"94dfcfc5":39,"8301986e":39,"830ecfec":39,"a8bae791":39,"312009ee":39,"c98759fd":39,"e8b6d676":39,"45ee5840":39,"76f04033":39,"43480b19":39,"fd955858":39,"69798d15":39,"efea71fa":39,"fb3aa867":39,"c9cf710b":39,"fcacdeb3":39,"0ea055ed":39,"e3b1bdf8":39,"644b45fb":39,"590ce3d3":39,"1802d7ce":39,"0a49914b":39,"5d3f5cad":39,"cf347cba":39,"fc0c23f7":39,"641f9b9e":39,"c92edec5":39,"9f03c1e7":39,"06c24a8d":39,"2f35e75f":39,"3eddf7c8":39,"77970f8b":39,"efd594d5":39,"4718294d":39,"56227e35":39,"0d6bf22a":39,"b87321d0":39,"43205b5d":39,"8982905a":39,"f6fe1ad7":39,"230064fa":39,"764e0abb":39,"bba6d88e":39,"ea3479ec":39,"32266fa3":39,"50b090c3":39,"8be24763":39,"eb4800b2":39,"6e0ce9dc":39,"5352cf45":39,"e0ffe8ff":39,"ae14d6b5":39,"721f5f42":39,"0b50bca6":39,"bf2ca266":39,"5d8d9641":39,"0de67c6c":39,"2311399f":39,"5e3ebf5e":39,"9f6ca218":39,"6213799d":39,"44cb1fd2":39,"baf19c25":39,"24a79a6e":39,"edde30af":39,"4d949e11":39,"df12f689":39,"1da10cbf":39,"832c48e4":39,"dc90a44c":39,"1ad7c45b":39,"5566c17c":39,"86a22252":39,"0000dece":39,"ce5efdbe":39,"58ace2b5":39,"d379fd96":39,"7b819458":39,"7f8024cd":39,"ae562513":39,"7b66dacd":39,"9ab137d7":39,"7191d1cd":39,"005354dd":39,"87d9bec4":39,"e30dfa0c":39,"6da34174":39,"bfb849fa":39,"0a10b423":39,"9ef7cee7":39,"49f1a0d1":39,"5f04aa76":39,"ba297382":39,"0287db2a":39,"96abe4a9":39,"753b10b1":39,"cf14bd99":39,"782022f4":39,"322e833f":39,"ab3619e4":39,"106006ad":39,"c8237be9":39,"1416e8f5":39,"dde2eed5":39,"a208caa8":39,"16605353":39,"77b39e15":39,"f1726edb":39,"92b72493":39,"d3e58903":39,"4481c4be":39,"7954891b":39,"4afd60a9":39,"d44c0ea3":39,"68f87858":39,"533bac6b":39,"41634dba":39,"43fd1327":39,"113e7f4b":39,"8cce569a":39,"ce6401b6":39,"6f57824c":39,"28bd7aa1":39,"1d52fb0d":39,"cde0d748":39,"535ed444":39,"710f0d0e":39,"0905f1fb":39,"a20e529c":39,"1ae76fcc":39,"35b161d3":39,"344cd1a3":39,"77ea1236":39,"96d2a118":39,"23a0e41f":39,"b32a1080":39,"a2c4b591":39,"6dfa57be":39,"1854ce44":39,"f92b22f1":39,"ece12664":39,"36f4ecde":39,"568a0d58":39,"5fd569d2":39,"10c8fd03":39,"bd4ccb49":39,"6d925c84":39,"50b23ab2":39,"edfa56d4":39,"899c16eb":39,"41c76041":39,"6bb1fa99":39,"d73ff72e":39,"61c0ca91":39,"d2fda7be":39,"ce20ca3c":39,"1d2d958b":39,"81fb6a01":39,"7f5b27c8":39,"fb3444d9":39,"f05de640":39,"86a68967":39,"56cd4dca":39,"7f469f4c":39,"f92dedfc":39,"355d1489":39,"f96fc1af":39,"06713bac":39,"61aca924":39,"d97fb857":39,"59ff5ec6":39,"ef04e64e":39,"6e2d04de":39,"2fca1798":39,"05028839":39,"5488826c":39,"84fff5c1":39,"c649992d":39,"e773d697":39,"7e8c11e7":39,"077eb15a":39,"5337c279":39,"8d256cb6":39,"7021c619":39,"32ae00db":39,"bf2defb2":39,"bc733a28":39,"30d32d34":39,"886c16d3":39,"e8d09b62":39,"d5ad3ed6":39,"8e5f7187":39,"55ba7579":39,"b7769ca6":39,"9c27de51":39,"38a75b48":39,"1792bfa3":39,"426f1904":39,"7c0f1ca9":39,"b2f820ac":39,"25d4f65d":39,"eddb6a2a":39,"ff8a00aa":39,"c146560b":39,"985068e7":39,"d543ba6f":39,"a8edfe84":39,"2ed19b1e":39,"959e16ea":39,"02f76c64":39,"5c6d1f33":39,"b4801cae":39,"c3c2fd05":39,"f8c97147":39,"c2526ff3":39,"cc386067":39,"a22ffd8f":39,"3cd28a4d":39,"44a12c31":39,"272e7d0d":39,"f92596ee":39,"68831ea9":39,"9713d076":39,"fd098272":39,"6ee788a7":39,"8249641d":39,"45a961ca":39,"5ca978fd":39,"668e601b":39,"7552d86c":39,"f7ffcbb8":39,"5728f934":39,"00b26865":39,"c333337d":39,"815c56bc":39,"5bd61a68":39,"8582c5cf":39,"0c353665":39,"231e8700":39,"1f9fbd85":39,"43f24679":39,"a1c0dfc4":39,"78f71162":39,"4b27a9a4":39,"163f4d19":39,"1d043d5a":39,"dfe4a061":39,"b2f82e06":39,"c2bf7d51":39,"5b0b43e6":39,"b5474d69":39,"781afef6":39,"5a938eeb":39,"de9229a0":39,"4fe0dedf":39,"99a5feef":39,"f6266388":39,"951fc6d0":39,"e64fd39c":39,"61892a4c":39,"f096219e":39,"e1b3ce36":39,"a3f0a6ec":39,"625fa164":39,"01051f84":39,"0c6ae551":39,"aa7e370d":39,"e8f4c1dd":39,"02ebf3b6":39,"9666b973":39,"653b27c7":39,"83b37fd6":39,"4d852788":39,"e43a9448":39,"3542b748":39,"379c53ab":39,"e396d80d":39,"7da61f27":39,"dc874a97":39,"85a220de":39,"40a7cdd2":39,"ac033c7b":39,"bb17a968":39,"4abcb85d":39,"cba26072":39,"2a718dcc":39,"c6a9a8e1":39,"88854fd0":39,"8dc27d2a":39,"41d7f05d":39,"2b851827":39,"9f428a03":39,"4d504d96":39,"0533ece1":39,"bcee2ef3":39,"0afba00c":39,"04ff8100":39,"6c00d8d6":39,"ac9a02bc":39,"acfe69ed":39,"426603ff":39,"2db2f252":39,"2e84193b":39,"c55683c9":39,"51233daf":39,"02791635":39,"be081247":39,"5cc47d1b":39,"678b846f":39,"b4bd39d8":39,"b4cdbe5d":39,"fa0386f3":39,"b95d0f17":39,"cee9c347":39,"659389ad":39,"240c8679":39,"0718c3be":39,"8b503f7b":39,"87a8523c":39,"c416baa6":39,"ae350a07":39,"680a32a6":39,"83ba647d":39,"cb0bd6b7":39,"8e426e39":39,"51909df8":39,"e22b0973":39,"f1e86522":39,"23646ff9":39,"fa03f48f":39,"3abb827b":39,"0c73c293":39,"5298dafa":39,"88929b06":39,"25f7f918":39,"08c4692e":39,"c5311ebb":39,"5b2479ef":39,"105bb3f6":39,"1d882c36":39,"58de5462":39,"f01c896d":39,"eb62e8f2":39,"1f2670d0":39,"962c9c8f":39,"aec0bf28":39,"a017a323":39,"8801c469":39,"b6281f1a":39,"45b0968f":39,"6a9bb182":39,"1f1afd4f":39,"25fb8826":39,"0dc5da58":39,"2874a625":39,"e61ae828":39,"f7ac3883":39,"ccd01528":39,"dab8cf68":39,"00f2a9cb":39,"916fe082":39,"b64dba8e":39,"c3bb30ce":39,"86219c70":39,"601990d8":39,"5c662c19":39,"d2a5d2fd":39,"89d220c2":39,"3e10c9cb":39,"5500a3e8":39,"3c0e87ac":39,"a891461f":39,"a246cdab":39,"117c7f0b":39,"0d21cf99":39,"14e6fe14":39,"37ec5e73":39,"bfff7913":39,"f8636899":39,"37724339":39,"d45d9727":39,"ee5ff2a3":39,"cede8b8c":39,"f995eeab":39,"4006e709":39,"ad95ff4a":39,"0dedf63e":39,"893a99c5":39,"a9d5374b":39,"4321f02d":39,"d8bf32b5":39,"089b3f8f":39,"0eb42efe":39,"7698d0dc":39,"03c4ab87":39,"4e3d3af7":39,"784414ce":39,"2df3efdb":39,"3a4803a8":39,"f7a7de5d":39,"d0f1b7bd":39,"d4e56c3e":39,"e7799883":39,"0c045c2d":39,"4f9456cf":39,"6e260ee8":39,"8efd4801":39,"7eb8f268":39,"f4f84279":39,"20236d3e":39,"b0950de5":39,"6f873999":39,"36ae8cd8":39,"1f4e0e22":39,"3ddd5391":39,"07f69c6d":39,"60d69311":39,"2254f0f5":39,"3b09f1de":39,"ea282e84":39,"b371f44a":39,"8b6180ff":39,"6653c83b":39,"c896052c":39,"8819ac24":39,"287ecd1c":39,"dbbf7f69":39,"f9376d3e":39,"07a94e8c":39,"bb017b49":39,"37b52fe4":39,"61ad1519":39,"819c4185":39,"ba69b06b":39,"7d2a2cb4":39,"4f62491c":39,"87759976":39,"4df3f62e":39,"c881a53e":39,"80c1c8b1":39,"cf52acd8":39,"a63cb4ce":39,"d3b3492b":39,"7580cfa4":39,"22a96386":39,"5c672b50":39,"5df16440":39,"b666e56d":39,"8db378ff":39,"784d6375":39,"4541bf85":39,"a6b13f20":39,"2459c882":39,"3df97186":39,"ef0490de":39,"e0f47ced":39,"309bbf54":39,"cc537772":39,"6618390c":39,"99cc0813":39,"dc32c4e1":39,"239c636e":39,"6ee160ff":39,"c55d40ca":39,"22c177a8":39,"00ae883f":39,"f416ee62":39,"0d2b182d":39,"320754c3":39,"70b4c438":39,"71ed93db":39,"c92efaa8":39,"c241ac7e":39,"62a45672":39,"210e507a":39,"ac6e268b":39,"742238e8":39,"44322dfd":39,"295e4d1d":39,"8cf6570a":39,"403064a0":39,"312af46e":39,"b5a9f8c3":39,"fcbc0ae8":39,"2ff6b6a8":39,"66a71cc1":39,"bf4b58e4":39,"232b2f64":39,"3171b6e7":39,"3b25460f":39,"d2064756":39,"94208a41":39,"caa38a45":39,"a9987a58":39,"2cbcad17":39,"b6b8e5c7":39,"4dccb5ca":39,"83268abf":39,"e82177d3":39,"578c4c95":39,"89914b94":39,"04bdf5e1":39,"c606b472":39,"da8b42be":39,"3b0576bf":39,"9458934f":39,"1dcc489c":39,"945badf3":39,"1327775b":39,"bdd40125":39,"75fd47f7":39,"1c52a07e":39,"e70ccc25":39,"afd1494f":39,"ca6bffd3":39,"829c44a4":39,"e76e2617":39,"2b4fd52e":39,"57162572":39,"d1d50cfe":39,"48c6df81":39,"5e165f43":39,"f8785b71":39,"ab4a411a":39,"808bc372":39,"c792a7c1":39,"d7a4b24c":39,"686d5c0b":39,"5a7da061":39,"06a94514":39,"f15eb1c5":39,"71789493":39,"73c420df":39,"5ac72353":39,"0700da70":39,"d1b14d06":39,"ff591765":39,"f6c074a7":39,"93f12198":39,"ffd6849d":39,"62e270e5":39,"66b1b6d7":39,"962fca02":39,"75968179":39,"b062adc4":39,"4aae5133":39,"bc8bdc23":39,"63a3af32":39,"a71f3f70":39,"3fec4b0b":39,"1f7aa83c":39,"732d62ee":39,"faa3de3e":39,"d4b0751c":39,"44983d13":39,"5b01444b":39,"80999122":39,"72af9198":39,"79995b62":39,"e39e9552":39,"97160db8":39,"589f0d6e":39,"81c1b70d":39,"51b4016a":39,"e72f0f82":39,"88374b72":39,"46bf9112":39,"092ad3d6":39,"fdfaf1ed":39,"ea981bed":39,"bf940089":39,"01f34f98":39,"5e197575":39,"e587c4d0":39,"1670b0d3":39,"ec97d63e":39,"525b2635":39
1601326954602,"d5d94481":40,"ffe48500":40,"c7a45a33":40,"faffe099":40,"e99490cd":40,"3b830769":40,"583f0305":40,"1557c50a":40,"249e80ab":40,"f52a3d94":40,"eb74d3dd":40,"3bcbc28d":40,"3c0455e7":40,"df203c79":40,"df1e1ac0":40,"491708eb":40,"e421caaa":40,"2d2ecf27":40,"d38a4953":40,"eba5efdd":40,"a5463f93":40,"c85ac4f8":40,"bc253f4f":40,"0d9d2bf8":40,"846b7f11":40,"d3411467":40,"1df0ce7f":40,"a08171d0":40,"c8bc5677":40,"dfca0518":40,"b9a21017":40,"e47705d3":40,"3cae4115":40,"0ccf4731":40,"c7c6782d":40,"54346574":40,"b12cbf87":40,"81942d9b":40,"699b90c1":40,"d9b5a7a8":40,"1e7914d2":40,"e5d8fdb2":40,"3412ab75":40,"bcac5daf":40,"62d028cc":40,"0af2cf39":40,"27491297":40,"d041ea86":40,"1eda11b2":40,"7800e7ce":40,"77869ff0":40,"4b8f7b16":40,"89f75690":40,"cb363e2f":40,"cd802f02":40,"d3cca7eb":40,"e866a899":40,"5690e712":40,"0b92d2a9":40,"070bed95":40,"67e5d108":40,"3d37b94b":40,"842c97c2":40,"c4cef92b":40,"0eecdc5b":40,"b7e495ea":40,"45ec63c0":40,"0ddfde2c":40,"a8b41774":40,"81f0da2d":40,"1fcc8ba4":40,"75a9c117":40,"12ba54ec":40,"be391c1a":40,"37d8a5b7":40,"d5ab81c4":40,"2ecde685":40,"fc442678":40
1601326955122,"f0bd52d3":40,"dcc20f76":40,"666a8ef0":40,"c5b609f1":40,"4dc5849a":40,"d605c755":40,"8a8c1d67":40,"cc6b3306":40,"080d5d42":40,"8c2dfd9a":40,"5d03f5dc":40,"f0a01341":40,"f11267b9":40,"a483b15e":40,"1ee4d9f9":40,"0d6e45e7":40,"f80ab49d":40,"95eaed39":40,"0da97151":40,"a5ba0ebb":40,"e829038c":40,"4987cfb5":40,"f53362a9":40,"1901ef7e":40,"ba90687c":40,"77f2cf92":40,"960c2e6b":40,"3515e999":40,"037e2be4":40,"9e7dbd20":40,"d11f8f1b":40,"9d9eb027":40,"0c086273":40,"ac13c3b0":40,"325f9a29":40,"b4d9c57f":40,"503aafe5":40,"5d53c964":40,"8ee9cc91":40,"4cc0af91":40,"55f6a2ba":40,"9559ea96":40,"9cb044bf":40,"16b25add":40,"80ee333e":40,"3b329af2":40,"1cd662bf":40,"72992b35":40,"47589344":40,"593b1533":40,"e9f6e5ce":40,"ed6bead5":40,"96f594b9":40,"94dfcfc5":40,"8301986e":40,"830ecfec":40,"a8bae791":40,"312009ee":40,"c98759fd":40,"e8b6d676":40,"45ee5840":40,"76f04033":40,"43480b19":40,"fd955858":40,"69798d15":40,"efea71fa":40,"fb3aa867":40,"c9cf710b":40,"fcacdeb3":40,"0ea055ed":40,"e3b1bdf8":40,"644b45fb":40,"18c73816":40,"e491161e":40,"b5087677":40,"16f60bed":40,"cb0c3481":40,"7664512c":40,"df9a53b8":40,"f6c27b2b":40,"945f6c24":40,"f1daea7e":40,"b8fb90e3":40,"56227e35":40,"0d6bf22a":40,"590ce3d3":40,"1802d7ce":40,"0a49914b":40,"5d3f5cad":40,"cf347cba":40,"fc0c23f7":40,"641f9b9e":40,"c92edec5":40,"9f03c1e7":40,"06c24a8d":40,"2f35e75f":40,"3eddf7c8":40,"77970f8b":40,"efd594d5":40,"4718294d":40,"5352cf45":40,"e0ffe8ff":40,"ae14d6b5":40,"721f5f42":40,"0b50bca6":40,"bf2ca266":40,"5d8d9641":40,"0de67c6c":40,"2311399f":40,"5e3ebf5e":40,"9f6ca218":40,"6213799d":40,"44cb1fd2":40,"baf19c25":40,"24a79a6e":40,"edde30af":40,"4d949e11":40,"df12f689":40,"1da10cbf":40,"832c48e4":40,"dc90a44c":40,"1ad7c45b":40,"5566c17c":40,"86a22252":40,"0000dece":40,"ce5efdbe":40,"58ace2b5":40,"d379fd96":40,"7b819458":40,"7f8024cd":40,"ae562513":40,"7b66dacd":40,"9ab137d7":40,"7191d1cd":40,"005354dd":40,"b87321d0":40,"43205b5d":40,"8982905a":40,"f6fe1ad7":40,"230064fa":40,"764e0abb":40,"bba6d88e":40,"ea3479ec":40,"32266fa3":40,"50b090c3":40,"8be24763":40,"eb4800b2":40,"6e0ce9dc":40,"87d9bec4":40,"e30dfa0c":40,"6da34174":40,"bfb849fa":40,"0a10b423":40,"9ef7cee7":40,"49f1a0d1":40,"5f04aa76":40,"ba297382":40,"0287db2a":40,"96abe4a9":40,"753b10b1":40,"cf14bd99":40,"782022f4":40,"322e833f":40,"ab3619e4":40,"106006ad":40,"c8237be9":40,"1416e8f5":40,"dde2eed5":40,"a208caa8":40,"16605353":40,"77b39e15":40,"f1726edb":40,"3b3569f6":40,"b01ab62a":40,"5b09e53e":40,"da5bb0f7":40,"6d925c84":40,"50b23ab2":40,"edfa56d4":40,"899c16eb":40,"41c76041":40,"6bb1fa99":40,"d73ff72e":40,"61c0ca91":40,"d2fda7be":40,"ce20ca3c":40,"1d2d958b":40,"81fb6a01":40,"7f5b27c8":40,"fb3444d9":40,"f05de640":40,"86a68967":40,"92b72493":40,"d3e58903":40,"4481c4be":40,"7954891b":40,"4afd60a9":40,"d44c0ea3":40,"68f87858":40,"533bac6b":40,"41634dba":40,"43fd1327":40,"113e7f4b":40,"8cce569a":40,"ce6401b6":40,"6f57824c":40,"28bd7aa1":40,"1d52fb0d":40,"cde0d748":40,"535ed444":40,"710f0d0e":40,"0905f1fb":40,"a20e529c":40,"1ae76fcc":40,"35b161d3":40,"344cd1a3":40,"77ea1236":40,"96d2a118":40,"23a0e41f":40,"b32a1080":40,"a2c4b591":40,"6dfa57be":40,"1854ce44":40,"f92b22f1":40,"ece12664":40,"36f4ecde":40,"568a0d58":40,"5fd569d2":40,"10c8fd03":40,"bd4ccb49":40,"e773d697":40,"7e8c11e7":40,"077eb15a":40,"5337c279":40,"8d256cb6":40,"7021c619":40,"32ae00db":40,"bf2defb2":40,"bc733a28":40,"30d32d34":40,"886c16d3":40,"e8d09b62":40,"56cd4dca":40,"7f469f4c":40,"f92dedfc":40,"355d1489":40,"f96fc1af":40,"06713bac":40,"61aca924":40,"d97fb857":40,"59ff5ec6":40,"ef04e64e":40,"6e2d04de":40,"2fca1798":40,"05028839":40,"5488826c":40,"84fff5c1":40,"c649992d":40,"d5ad3ed6":40,"8e5f7187":40,"55ba7579":40,"b7769ca6":40,"9c27de51":40,"38a75b48":40,"1792bfa3":40,"426f1904":40,"7c0f1ca9":40,"b2f820ac":40,"25d4f65d":40,"eddb6a2a":40,"ff8a00aa":40,"c146560b":40,"985068e7":40,"d543ba6f":40,"76da16fa":40,"bffee581":40,"07150038":40,"080fa362":40,"7b6945ad":40,"a40d08e1":40,"cec79bc2":40,"d2eff358":40,"e70aebb5":40,"a488b2f1":40,"4caa87d6":40,"f7076e21":40,"69e653b6":40,"98d2991b":40,"3b411d6a":40,"83826ef3":40,"595609d5":40,"b47f1b89":40,"8e6caf71":40,"9a3433b8":40,"b89112cb":40,"66736d5e":40,"30de89a7":40,"06aaa33f":40,"320c65bf":40,"1fa1e7c2":40,"646af2b9":40,"659389ad":40,"240c8679":40,"0718c3be":40,"8b503f7b":40,"87a8523c":40,"c416baa6":40,"f7ffcbb8":40,"5728f934":40,"00b26865":40,"c333337d":40,"815c56bc":40,"5bd61a68":40,"8582c5cf":40,"0c353665":40,"231e8700":40,"1f9fbd85":40,"43f24679":40,"ae350a07":40,"680a32a6":40,"83ba647d":40,"cb0bd6b7":40,"f1e86522":40,"fa03f48f":40,"8e426e39":40,"5298dafa":40,"51909df8":40,"e22b0973":40,"25f7f918":40,"23646ff9":40,"c5311ebb":40,"3abb827b":40,"105bb3f6":40,"0c73c293":40,"58de5462":40,"f01c896d":40,"88929b06":40,"1f2670d0":40,"08c4692e":40,"5b2479ef":40,"962c9c8f":40,"1d882c36":40,"aec0bf28":40,"eb62e8f2":40,"a017a323":40,"8801c469":40,"b6281f1a":40,"48c6df81":40,"5e165f43":40,"f8785b71":40,"ab4a411a":40,"d7a4b24c":40,"808bc372":40,"c792a7c1":40,"686d5c0b":40,"f15eb1c5":40,"5a7da061":40,"06a94514":40,"71789493":40,"5ac72353":40,"73c420df":40,"0700da70":40,"d1b14d06":40,"ff591765":40,"f6c074a7":40,"93f12198":40,"ffd6849d":40,"962fca02":40,"62e270e5":40,"75968179":40,"66b1b6d7":40,"bc8bdc23":40,"b062adc4":40,"4aae5133":40,"a71f3f70":40,"a8edfe84":40,"2ed19b1e":40,"959e16ea":40,"02f76c64":40,"5c6d1f33":40,"b4801cae":40,"c3c2fd05":40,"f8c97147":40,"c2526ff3":40,"cc386067":40,"a22ffd8f":40,"3cd28a4d":40,"44a12c31":40,"45a961ca":40,"5ca978fd":40,"e76e2617":40,"2b4fd52e":40,"57162572":40,"d1d50cfe":40,"668e601b":40,"7552d86c":40,"02ebf3b6":40,"bb17a968":40,"4abcb85d":40,"cba26072":40,"2a718dcc":40,"63a3af32":40,"1f7aa83c":40,"732d62ee":40,"3fec4b0b":40,"d4b0751c":40,"faa3de3e":40,"44983d13":40,"5b01444b":40,"80999122":40,"79995b62":40,"72af9198":40,"97160db8":40,"e39e9552":40,"589f0d6e":40,"81c1b70d":40,"51b4016a":40,"e72f0f82":40,"46bf9112":40,"88374b72":40,"092ad3d6":40,"fdfaf1ed":40,"bf940089":40,"ea981bed":40,"01f34f98":40,"5e197575":40,"e587c4d0":40,"1670b0d3":40,"525b2635":40,"ec97d63e":40,"94208a41":40,"caa38a45":40,"2cbcad17":40,"a9987a58":40,"4dccb5ca":40,"b6b8e5c7":40,"e82177d3":40,"83268abf":40,"578c4c95":40,"89914b94":40,"04bdf5e1":40,"c606b472":40,"da8b42be":40,"3b0576bf":40,"9458934f":40,"1dcc489c":40,"945badf3":40,"1327775b":40,"bdd40125":40,"75fd47f7":40,"1c52a07e":40,"e70ccc25":40,"afd1494f":40,"ca6bffd3":40,"829c44a4":40,"c6a9a8e1":40,"88854fd0":40,"8dc27d2a":40,"a1c0dfc4":40,"78f71162":40,"4b27a9a4":40,"163f4d19":40,"1d043d5a":40,"b2f82e06":40,"5b0b43e6":40,"b5474d69":40,"5a938eeb":40,"4fe0dedf":40,"951fc6d0":40,"61892a4c":40,"f096219e":40,"a3f0a6ec":40,"01051f84":40,"dfe4a061":40,"aa7e370d":40,"c2bf7d51":40,"f995eeab":40,"4006e709":40,"781afef6":40,"0dedf63e":40,"de9229a0":40,"99a5feef":40,"a9d5374b":40,"4321f02d":40,"f6266388":40,"e64fd39c":40,"089b3f8f":40,"e1b3ce36":40,"7698d0dc":40,"784414ce":40,"625fa164":40,"0c6ae551":40,"2df3efdb":40,"d0f1b7bd":40,"e8f4c1dd":40,"cede8b8c":40,"e7799883":40,"ad95ff4a":40,"4f9456cf":40,"893a99c5":40,"6e260ee8":40,"d8bf32b5":40,"f4f84279":40,"b0950de5":40,"0eb42efe":40,"03c4ab87":40,"6f873999":40,"41d7f05d":40,"272e7d0d":40,"f92596ee":40,"68831ea9":40,"9713d076":40,"fd098272":40,"6ee788a7":40,"8249641d":40,"45b0968f":40,"6a9bb182":40,"1f1afd4f":40,"25fb8826":40,"0dc5da58":40,"2874a625":40,"e61ae828":40,"f7ac3883":40,"ccd01528":40,"dab8cf68":40,"00f2a9cb":40,"916fe082":40,"b64dba8e":40,"c3bb30ce":40,"86219c70":40,"601990d8":40,"5c662c19":40,"d2a5d2fd":40,"2b851827":40,"9f428a03":40,"4d504d96":40,"9666b973":40,"653b27c7":40,"83b37fd6":40,"4d852788":40,"e43a9448":40,"3542b748":40,"379c53ab":40,"e396d80d":40,"7da61f27":40,"dc874a97":40,"85a220de":40,"40a7cdd2":40,"ac033c7b":40,"87759976":40,"4df3f62e":40,"c881a53e":40,"80c1c8b1":40,"cf52acd8":40,"a63cb4ce":40,"d3b3492b":40,"7580cfa4":40,"22a96386":40,"5c672b50":40,"5df16440":40,"b666e56d":40,"8db378ff":40,"784d6375":40,"4541bf85":40,"a6b13f20":40,"2459c882":40,"3df97186":40,"0533ece1":40,"bcee2ef3":40,"0afba00c":40,"04ff8100":40,"6c00d8d6":40,"ac9a02bc":40,"acfe69ed":40,"426603ff":40,"2db2f252":40,"2e84193b":40
1601326955313,"1f4e0e22":40,"4e3d3af7":40,"60d69311":40,"3a4803a8":40,"3b09f1de":40,"f7a7de5d":40,"d4e56c3e":40,"b371f44a":40,"8b6180ff":40,"0c045c2d":40,"8efd4801":40,"8819ac24":40,"dbbf7f69":40,"7eb8f268":40,"20236d3e":40,"36ae8cd8":40,"3ddd5391":40,"07f69c6d":40,"2254f0f5":40,"ea282e84":40,"6653c83b":40,"c896052c":40,"287ecd1c":40,"f9376d3e":40,"07a94e8c":40,"bb017b49":40,"37b52fe4":40,"61ad1519":40,"819c4185":40,"ba69b06b":40,"7d2a2cb4":40,"4f62491c":40,"70b4c438":40,"c55683c9":40,"51233daf":40,"02791635":40,"71ed93db":40,"c92efaa8":40,"c241ac7e":40,"62a45672":40,"210e507a":40,"ac6e268b":40,"742238e8":40,"89d220c2":40,"3e10c9cb":40,"5500a3e8":40,"3c0e87ac":40,"a891461f":40,"a246cdab":40,"117c7f0b":40,"0d21cf99":40,"14e6fe14":40,"37ec5e73":40,"bfff7913":40,"f8636899":40,"37724339":40,"d45d9727":40,"ee5ff2a3":40,"44322dfd":40,"295e4d1d":40,"8cf6570a":40,"403064a0":40,"312af46e":40,"b5a9f8c3":40,"fcbc0ae8":40,"2ff6b6a8":40,"66a71cc1":40,"bf4b58e4":40,"ef0490de":40,"e0f47ced":40,"309bbf54":40,"cc537772":40,"6618390c":40,"99cc0813":40,"dc32c4e1":40,"239c636e":40,"6ee160ff":40,"c55d40ca":40,"22c177a8":40,"00ae883f":40,"f416ee62":40,"0d2b182d":40,"320754c3":40,"232b2f64":40,"3171b6e7":40,"3b25460f":40,"d2064756":40,"be081247":40,"5cc47d1b":40,"678b846f":40,"b4bd39d8":40,"b4cdbe5d":40,"fa0386f3":40,"b95d0f17":40,"cee9c347":40
1601326957314,"7800e7ce":41,"77869ff0":41,"4b8f7b16":41,"89f75690":41,"cb363e2f":41,"cd802f02":41,"d3cca7eb":41,"e866a899":41,"5690e712":41,"0b92d2a9":41,"070bed95":41,"67e5d108":41,"3d37b94b":41,"842c97c2":41,"c4cef92b":41,"0eecdc5b":41,"b7e495ea":41,"45ec63c0":41,"0ddfde2c":41,"a8b41774":41,"81f0da2d":41,"1fcc8ba4":41,"75a9c117":41,"12ba54ec":41,"be391c1a":41,"37d8a5b7":41,"d5ab81c4":41,"2ecde685":41,"f0bd52d3":41,"dcc20f76":41,"666a8ef0":41,"c5b609f1":41,"4dc5849a":41,"d605c755":41,"8a8c1d67":41,"cc6b3306":41,"080d5d42":41,"5d03f5dc":41,"8c2dfd9a":41,"f11267b9":41,"f0a01341":41,"1ee4d9f9":41,"a483b15e":41,"f80ab49d":41,"0d6e45e7":41,"0da97151":41,"95eaed39":41,"e829038c":41,"a5ba0ebb":41,"4987cfb5":41,"f53362a9":41,"1901ef7e":41,"ba90687c":41,"960c2e6b":41,"77f2cf92":41,"3515e999":41,"037e2be4":41,"d11f8f1b":41,"9e7dbd20":41,"0c086273":41,"9d9eb027":41,"ac13c3b0":41,"325f9a29":41,"503aafe5":41,"b4d9c57f":41,"5d53c964":41,"8ee9cc91":41,"4cc0af91":41,"55f6a2ba":41,"9559ea96":41,"9cb044bf":41,"16b25add":41,"80ee333e":41,"3b329af2":41,"1cd662bf":41,"72992b35":41,"47589344":41,"593b1533":41,"e9f6e5ce":41,"ed6bead5":41,"96f594b9":41,"94dfcfc5":41,"8301986e":41,"830ecfec":41,"a8bae791":41,"312009ee":41,"c98759fd":41,"e8b6d676":41,"45ee5840":41,"76f04033":41,"43480b19":41,"fd955858":41,"69798d15":41,"efea71fa":41,"fb3aa867":41,"c9cf710b":41,"fcacdeb3":41,"0ea055ed":41,"e3b1bdf8":41,"644b45fb":41
1601326957824,"d5d94481":41,"ffe48500":41,"c7a45a33":41,"faffe099":41,"e99490cd":41,"3b830769":41,"583f0305":41,"1557c50a":41,"249e80ab":41,"f52a3d94":41,"eb74d3dd":41,"3bcbc28d":41,"3c0455e7":41,"df203c79":41,"df1e1ac0":41,"491708eb":41,"e421caaa":41,"2d2ecf27":41,"d38a4953":41,"eba5efdd":41,"a5463f93":41,"c85ac4f8":41,"bc253f4f":41,"0d9d2bf8":41,"846b7f11":41,"d3411467":41,"1df0ce7f":41,"a08171d0":41,"c8bc5677":41,"dfca0518":41,"b9a21017":41,"e47705d3":41,"3cae4115":41,"0ccf4731":41,"c7c6782d":41,"54346574":41,"b12cbf87":41,"81942d9b":41,"699b90c1":41,"d9b5a7a8":41,"1e7914d2":41,"e5d8fdb2":41,"3412ab75":41,"bcac5daf":41,"62d028cc":41,"0af2cf39":41,"27491297":41,"d041ea86":41,"1eda11b2":41,"fc442678":41,"18c73816":41,"e491161e":41,"b5087677":41,"590ce3d3":41,"1802d7ce":41,"0a49914b":41,"5d3f5cad":41,"cf347cba":41,"fc0c23f7":41,"641f9b9e":41,"c92edec5":41,"9f03c1e7":41,"06c24a8d":41,"2f35e75f":41,"3eddf7c8":41,"77970f8b":41,"5b09e53e":41,"da5bb0f7":41,"6d925c84":41,"50b23ab2":41,"edfa56d4":41,"899c16eb":41,"41c76041":41,"6bb1fa99":41,"d73ff72e":41,"61c0ca91":41,"d2fda7be":41,"ce20ca3c":41,"1d2d958b":41,"81fb6a01":41,"7f5b27c8":41,"fb3444d9":41,"16f60bed":41,"cb0c3481":41,"7664512c":41,"df9a53b8":41,"f6c27b2b":41,"945f6c24":41,"f1daea7e":41,"b8fb90e3":41,"56227e35":41,"0d6bf22a":41,"b87321d0":41,"43205b5d":41,"8982905a":41,"f6fe1ad7":41,"230064fa":41,"764e0abb":41,"bba6d88e":41,"ea3479ec":41,"32266fa3":41,"50b090c3":41,"8be24763":41,"eb4800b2":41,"6e0ce9dc":41,"87d9bec4":41,"e30dfa0c":41,"6da34174":41,"bfb849fa":41,"0a10b423":41,"9ef7cee7":41,"49f1a0d1":41,"5f04aa76":41,"ba297382":41,"0287db2a":41,"96abe4a9":41,"753b10b1":41,"cf14bd99":41,"782022f4":41,"322e833f":41,"ab3619e4":41,"f05de640":41,"86a68967":41,"56cd4dca":41,"7f469f4c":41,"f92dedfc":41,"355d1489":41,"f96fc1af":41,"06713bac":41,"61aca924":41,"d97fb857":41,"59ff5ec6":41,"ef04e64e":41,"6e2d04de":41,"2fca1798":41,"05028839":41,"3b3569f6":41,"b01ab62a":41,"76da16fa":41,"bffee581":41,"07150038":41,"080fa362":41,"7b6945ad":41,"a40d08e1":41,"cec79bc2":41,"d2eff358":41,"e70aebb5":41,"a488b2f1":41,"4caa87d6":41,"f7076e21":41,"69e653b6":41,"98d2991b":41,"3b411d6a":41,"83826ef3":41,"595609d5":41,"b47f1b89":41,"8e6caf71":41,"9a3433b8":41,"b89112cb":41,"66736d5e":41,"30de89a7":41,"06aaa33f":41,"320c65bf":41,"1fa1e7c2":41,"646af2b9":41,"659389ad":41,"240c8679":41,"0718c3be":41,"8b503f7b":41,"87a8523c":41,"5488826c":41,"84fff5c1":41,"c649992d":41,"d5ad3ed6":41,"8e5f7187":41,"55ba7579":41,"b7769ca6":41,"9c27de51":41,"38a75b48":41,"1792bfa3":41,"426f1904":41,"7c0f1ca9":41,"b2f820ac":41,"25d4f65d":41,"eddb6a2a":41,"ff8a00aa":41,"c146560b":41,"985068e7":41,"d543ba6f":41,"efd594d5":41,"4718294d":41,"5352cf45":41,"e0ffe8ff":41,"ae14d6b5":41,"721f5f42":41,"0b50bca6":41,"bf2ca266":41,"5d8d9641":41,"0de67c6c":41,"2311399f":41,"5e3ebf5e":41,"9f6ca218":41,"6213799d":41,"44cb1fd2":41,"baf19c25":41,"24a79a6e":41,"edde30af":41,"4d949e11":41,"df12f689":41,"1da10cbf":41,"832c48e4":41,"dc90a44c":41,"1ad7c45b":41,"5566c17c":41,"86a22252":41,"0000dece":41,"ce5efdbe":41,"58ace2b5":41,"d379fd96":41,"7b819458":41,"7f8024cd":41,"ae562513":41,"7b66dacd":41,"96d2a118":41,"23a0e41f":41,"b32a1080":41,"a2c4b591":41,"6dfa57be":41,"1854ce44":41,"f92b22f1":41,"ece12664":41,"36f4ecde":41,"568a0d58":41,"5fd569d2":41,"10c8fd03":41,"bd4ccb49":41,"e773d697":41,"7e8c11e7":41,"077eb15a":41,"5337c279":41,"8d256cb6":41,"7021c619":41,"32ae00db":41,"bf2defb2":41,"bc733a28":41,"30d32d34":41,"886c16d3":41,"e8d09b62":41,"106006ad":41,"c8237be9":41,"1416e8f5":41,"dde2eed5":41,"a208caa8":41,"16605353":41,"77b39e15":41,"f1726edb":41,"92b72493":41,"d3e58903":41,"4481c4be":41,"7954891b":41,"4afd60a9":41,"d44c0ea3":41,"68f87858":41,"533bac6b":41,"41634dba":41,"43fd1327":41,"113e7f4b":41,"8cce569a":41,"ce6401b6":41,"6f57824c":41,"28bd7aa1":41,"1d52fb0d":41,"cde0d748":41,"535ed444":41,"710f0d0e":41,"0905f1fb":41,"a20e529c":41,"1ae76fcc":41,"35b161d3":41,"344cd1a3":41,"77ea1236":41,"c416baa6":41,"ae350a07":41,"680a32a6":41,"83ba647d":41,"cb0bd6b7":41,"8e426e39":41,"51909df8":41,"f1e86522":41,"e22b0973":41,"fa03f48f":41,"23646ff9":41,"5298dafa":41,"3abb827b":41,"25f7f918":41,"0c73c293":41,"c5311ebb":41,"105bb3f6":41,"88929b06":41,"58de5462":41,"08c4692e":41,"5b2479ef":41,"f01c896d":41,"1f2670d0":41,"1d882c36":41,"eb62e8f2":41,"962c9c8f":41,"aec0bf28":41,"a017a323":41,"8801c469":41,"b6281f1a":41,"48c6df81":41,"5e165f43":41,"f8785b71":41,"ab4a411a":41,"808bc372":41,"c792a7c1":41,"5a7da061":41,"d7a4b24c":41,"06a94514":41,"686d5c0b":41,"73c420df":41,"0700da70":41,"f15eb1c5":41,"71789493":41,"ff591765":41,"5ac72353":41,"93f12198":41,"d1b14d06":41,"62e270e5":41,"9ab137d7":41,"7191d1cd":41,"005354dd":41,"66b1b6d7":41,"f6c074a7":41,"ffd6849d":41,"b062adc4":41,"962fca02":41,"4aae5133":41,"63a3af32":41,"75968179":41,"3fec4b0b":41,"bc8bdc23":41,"faa3de3e":41,"a71f3f70":41,"44983d13":41,"1f7aa83c":41,"80999122":41,"732d62ee":41,"d4b0751c":41,"72af9198":41,"e39e9552":41,"5b01444b":41,"79995b62":41,"81c1b70d":41,"97160db8":41,"e72f0f82":41,"589f0d6e":41,"88374b72":41,"51b4016a":41,"fdfaf1ed":41,"ea981bed":41,"46bf9112":41,"092ad3d6":41,"5e197575":41,"bf940089":41,"e587c4d0":41,"01f34f98":41,"525b2635":41,"1670b0d3":41,"ec97d63e":41,"caa38a45":41,"a9987a58":41,"94208a41":41,"b6b8e5c7":41,"2cbcad17":41,"4dccb5ca":41,"e82177d3":41,"83268abf":41,"89914b94":41,"578c4c95":41,"04bdf5e1":41,"c606b472":41,"da8b42be":41,"3b0576bf":41,"9458934f":41,"1dcc489c":41,"9666b973":41,"653b27c7":41,"83b37fd6":41,"945badf3":41,"1327775b":41,"bdd40125":41,"75fd47f7":41,"1c52a07e":41,"e70ccc25":41,"afd1494f":41,"ca6bffd3":41,"829c44a4":41,"e76e2617":41,"2b4fd52e":41,"57162572":41,"d1d50cfe":41,"4d852788":41,"e43a9448":41,"3542b748":41,"379c53ab":41,"e396d80d":41,"7da61f27":41,"dc874a97":41,"85a220de":41,"40a7cdd2":41,"ac033c7b":41,"87759976":41,"4df3f62e":41,"c881a53e":41,"80c1c8b1":41,"cf52acd8":41,"a63cb4ce":41,"d3b3492b":41,"7580cfa4":41,"22a96386":41,"5c672b50":41,"5df16440":41,"b666e56d":41,"8db378ff":41,"784d6375":41,"4541bf85":41,"a6b13f20":41,"2459c882":41,"3df97186":41,"ef0490de":41,"e0f47ced":41,"309bbf54":41,"cc537772":41,"6618390c":41,"99cc0813":41,"dc32c4e1":41,"239c636e":41,"6ee160ff":41,"c55d40ca":41,"22c177a8":41,"00ae883f":41,"f416ee62":41,"0d2b182d":41,"320754c3":41,"232b2f64":41,"3171b6e7":41,"3b25460f":41,"d2064756":41,"272e7d0d":41,"f92596ee":41,"68831ea9":41,"9713d076":41,"fd098272":41,"6ee788a7":41,"8249641d":41,"45b0968f":41,"6a9bb182":41,"1f1afd4f":41,"25fb8826":41,"0dc5da58":41,"2874a625":41,"e61ae828":41,"f7ac3883":41,"ccd01528":41,"f7ffcbb8":41,"5728f934":41,"00b26865":41,"c333337d":41,"815c56bc":41,"5bd61a68":41,"8582c5cf":41,"0c353665":41,"231e8700":41,"1f9fbd85":41,"43f24679":41,"a1c0dfc4":41,"78f71162":41,"4b27a9a4":41,"163f4d19":41,"1d043d5a":41,"b2f82e06":41,"5b0b43e6":41,"b5474d69":41,"5a938eeb":41,"4fe0dedf":41,"951fc6d0":41,"61892a4c":41,"f096219e":41,"a3f0a6ec":41,"dab8cf68":41,"00f2a9cb":41,"916fe082":41,"b64dba8e":41,"c3bb30ce":41,"86219c70":41,"601990d8":41,"5c662c19":41,"d2a5d2fd":41,"89d220c2":41,"3e10c9cb":41,"5500a3e8":41,"3c0e87ac":41,"a891461f":41,"a246cdab":41,"117c7f0b":41,"0d21cf99":41,"14e6fe14":41,"37ec5e73":41,"bfff7913":41,"f8636899":41,"37724339":41,"d45d9727":41,"ee5ff2a3":41,"44322dfd":41,"295e4d1d":41,"8cf6570a":41,"403064a0":41,"312af46e":41,"b5a9f8c3":41,"fcbc0ae8":41,"2ff6b6a8":41,"66a71cc1":41,"bf4b58e4":41,"a8edfe84":41,"2ed19b1e":41,"959e16ea":41,"02f76c64":41,"5c6d1f33":41,"b4801cae":41,"c3c2fd05":41,"f8c97147":41,"c2526ff3":41,"cc386067":41,"a22ffd8f":41,"3cd28a4d":41,"44a12c31":41,"45a961ca":41,"5ca978fd":41,"668e601b":41,"7552d86c":41,"02ebf3b6":41,"bb17a968":41,"4abcb85d":41,"cba26072":41,"2a718dcc":41,"c6a9a8e1":41,"88854fd0":41
1601326958364,"01051f84":41,"aa7e370d":41,"f995eeab":41,"4006e709":41,"dfe4a061":41,"0dedf63e":41,"c2bf7d51":41,"781afef6":41,"a9d5374b":41,"de9229a0":41,"4321f02d":41,"089b3f8f":41,"99a5feef":41,"7698d0dc":41,"f6266388":41,"784414ce":41,"e64fd39c":41,"2df3efdb":41,"e1b3ce36":41,"d0f1b7bd":41,"625fa164":41,"8dc27d2a":41,"41d7f05d":41,"2b851827":41,"9f428a03":41,"4d504d96":41,"0533ece1":41,"bcee2ef3":41,"0afba00c":41,"04ff8100":41,"6c00d8d6":41,"ac9a02bc":41,"acfe69ed":41,"426603ff":41,"2db2f252":41,"2e84193b":41,"c55683c9":41,"51233daf":41,"02791635":41,"be081247":41,"5cc47d1b":41,"678b846f":41,"b4bd39d8":41,"b4cdbe5d":41,"fa0386f3":41,"b95d0f17":41,"cee9c347":41,"e7799883":41,"0c6ae551":41,"4f9456cf":41,"e8f4c1dd":41,"cede8b8c":41,"6e260ee8":41,"ad95ff4a":41,"f4f84279":41,"b0950de5":41,"893a99c5":41,"d8bf32b5":41,"6f873999":41,"0eb42efe":41,"1f4e0e22":41,"03c4ab87":41,"60d69311":41,"4e3d3af7":41,"3b09f1de":41,"3a4803a8":41,"b371f44a":41,"f7a7de5d":41,"8b6180ff":41,"8819ac24":41,"d4e56c3e":41,"0c045c2d":41,"dbbf7f69":41,"8efd4801":41,"7eb8f268":41,"20236d3e":41,"36ae8cd8":41,"3ddd5391":41,"07f69c6d":41,"2254f0f5":41,"ea282e84":41,"6653c83b":41,"c896052c":41,"287ecd1c":41,"f9376d3e":41,"07a94e8c":41,"bb017b49":41,"37b52fe4":41,"61ad1519":41,"819c4185":41,"ba69b06b":41,"7d2a2cb4":41,"4f62491c":41,"70b4c438":41,"71ed93db":41,"c92efaa8":41,"c241ac7e":41,"62a45672":41,"210e507a":41,"ac6e268b":41,"742238e8":41
1601326960564,"7800e7ce":42,"77869ff0":42,"4b8f7b16":42,"89f75690":42,"cb363e2f":42,"cd802f02":42,"d3cca7eb":42,"e866a899":42,"5690e712":42,"0b92d2a9":42,"070bed95":42,"67e5d108":42,"3d37b94b":42,"842c97c2":42,"c4cef92b":42,"0eecdc5b":42,"b7e495ea":42,"45ec63c0":42,"0ddfde2c":42,"a8b41774":42,"81f0da2d":42,"1fcc8ba4":42,"75a9c117":42,"12ba54ec":42,"be391c1a":42,"37d8a5b7":42,"d5ab81c4":42,"2ecde685":42,"f0bd52d3":42,"dcc20f76":42,"666a8ef0":42,"c5b609f1":42,"4dc5849a":42,"d605c755":42,"8a8c1d67":42,"cc6b3306":42,"080d5d42":42,"5d03f5dc":42,"8c2dfd9a":42,"f0a01341":42,"f11267b9":42,"a483b15e":42,"1ee4d9f9":42,"0d6e45e7":42,"f80ab49d":42,"95eaed39":42,"0da97151":42,"a5ba0ebb":42,"e829038c":42,"4987cfb5":42,"f53362a9":42,"1901ef7e":42,"ba90687c":42,"960c2e6b":42,"77f2cf92":42,"037e2be4":42,"3515e999":42,"d11f8f1b":42,"9e7dbd20":42,"0c086273":42,"9d9eb027":42,"ac13c3b0":42,"325f9a29":42,"b4d9c57f":42,"503aafe5":42,"5d53c964":42,"8ee9cc91":42,"4cc0af91":42,"55f6a2ba":42,"9559ea96":42,"d5d94481":42,"9cb044bf":42,"16b25add":42,"80ee333e":42,"3b329af2":42,"1cd662bf":42,"72992b35":42,"47589344":42,"593b1533":42,"e9f6e5ce":42,"ed6bead5":42,"96f594b9":42,"94dfcfc5":42,"8301986e":42,"830ecfec":42,"a8bae791":42,"312009ee":42,"c98759fd":42,"e8b6d676":42,"45ee5840":42,"76f04033":42,"43480b19":42,"fd955858":42,"69798d15":42,"efea71fa":42,"fb3aa867":42,"c9cf710b":42,"fcacdeb3":42,"0ea055ed":42,"e3b1bdf8":42,"644b45fb":42,"590ce3d3":42,"1802d7ce":42,"0a49914b":42,"18c73816":42,"e491161e":42,"b5087677":42,"16f60bed":42,"cb0c3481":42,"7664512c":42,"df9a53b8":42,"f6c27b2b":42,"945f6c24":42,"f1daea7e":42,"b8fb90e3":42,"56227e35":42,"0d6bf22a":42,"b87321d0":42,"43205b5d":42,"8982905a":42,"ffe48500":42,"c7a45a33":42,"faffe099":42,"e99490cd":42,"3b830769":42,"583f0305":42,"1557c50a":42,"249e80ab":42,"f52a3d94":42,"eb74d3dd":42,"3bcbc28d":42,"3c0455e7":42,"df203c79":42,"df1e1ac0":42,"491708eb":42,"e421caaa":42,"2d2ecf27":42,"d38a4953":42,"eba5efdd":42,"a5463f93":42,"c85ac4f8":42,"bc253f4f":42,"0d9d2bf8":42,"846b7f11":42,"d3411467":42,"1df0ce7f":42,"a08171d0":42,"c8bc5677":42,"dfca0518":42,"b9a21017":42,"e47705d3":42,"3cae4115":42,"0ccf4731":42,"c7c6782d":42,"5d3f5cad":42,"cf347cba":42,"fc0c23f7":42,"641f9b9e":42,"c92edec5":42,"9f03c1e7":42,"06c24a8d":42,"2f35e75f":42,"3eddf7c8":42,"77970f8b":42,"efd594d5":42,"4718294d":42,"5352cf45":42,"e0ffe8ff":42,"ae14d6b5":42,"721f5f42":42,"0b50bca6":42,"bf2ca266":42,"5d8d9641":42,"0de67c6c":42,"2311399f":42,"5e3ebf5e":42,"9f6ca218":42,"6213799d":42,"44cb1fd2":42,"baf19c25":42,"24a79a6e":42,"edde30af":42,"4d949e11":42,"df12f689":42,"1da10cbf":42,"832c48e4":42,"dc90a44c":42,"1ad7c45b":42,"5566c17c":42,"54346574":42,"b12cbf87":42,"81942d9b":42,"699b90c1":42,"d9b5a7a8":42,"1e7914d2":42,"e5d8fdb2":42,"3412ab75":42,"bcac5daf":42,"62d028cc":42,"0af2cf39":42,"27491297":42,"d041ea86":42,"1eda11b2":42,"fc442678":42,"86a22252":42,"0000dece":42,"ce5efdbe":42,"58ace2b5":42,"d379fd96":42,"7b819458":42,"7f8024cd":42,"ae562513":42,"7b66dacd":42,"9ab137d7":42,"7191d1cd":42,"005354dd":42,"3b3569f6":42,"b01ab62a":42,"76da16fa":42,"f6fe1ad7":42,"230064fa":42,"764e0abb":42,"bba6d88e":42,"ea3479ec":42,"32266fa3":42,"50b090c3":42,"8be24763":42,"eb4800b2":42,"6e0ce9dc":42,"87d9bec4":42,"e30dfa0c":42,"6da34174":42,"bfb849fa":42,"0a10b423":42,"9ef7cee7":42,"49f1a0d1":42,"5f04aa76":42,"ba297382":42,"0287db2a":42,"96abe4a9":42,"753b10b1":42,"cf14bd99":42,"782022f4":42,"322e833f":42,"ab3619e4":42,"106006ad":42,"c8237be9":42,"1416e8f5":42,"dde2eed5":42,"a208caa8":42,"16605353":42,"77b39e15":42,"92b72493":42,"f1726edb":42,"d3e58903":42,"4481c4be":42,"7954891b":42,"4afd60a9":42
1601326960950,"5b09e53e":42,"da5bb0f7":42,"6d925c84":42,"50b23ab2":42,"edfa56d4":42,"899c16eb":42,"41c76041":42,"6bb1fa99":42,"d73ff72e":42,"61c0ca91":42,"d2fda7be":42,"ce20ca3c":42,"077eb15a":42,"5337c279":42,"8d256cb6":42,"7021c619":42,"32ae00db":42,"bf2defb2":42,"bc733a28":42,"30d32d34":42,"886c16d3":42,"e8d09b62":42,"1d2d958b":42,"81fb6a01":42,"7f5b27c8":42,"fb3444d9":42,"f05de640":42,"86a68967":42,"56cd4dca":42,"7f469f4c":42,"f92dedfc":42,"355d1489":42,"f96fc1af":42,"06713bac":42,"61aca924":42,"d97fb857":42,"59ff5ec6":42,"ef04e64e":42,"6e2d04de":42,"2fca1798":42,"05028839":42,"5488826c":42,"84fff5c1":42,"c649992d":42,"d5ad3ed6":42,"8e5f7187":42,"55ba7579":42,"b7769ca6":42,"9c27de51":42,"38a75b48":42,"1792bfa3":42,"426f1904":42,"7c0f1ca9":42,"b2f820ac":42,"25d4f65d":42,"eddb6a2a":42,"d44c0ea3":42,"68f87858":42,"533bac6b":42,"41634dba":42,"43fd1327":42,"113e7f4b":42,"8cce569a":42,"ce6401b6":42,"6f57824c":42,"28bd7aa1":42,"1d52fb0d":42,"cde0d748":42,"535ed444":42,"710f0d0e":42,"0905f1fb":42,"a20e529c":42,"1ae76fcc":42,"35b161d3":42,"344cd1a3":42,"77ea1236":42,"96d2a118":42,"23a0e41f":42,"b32a1080":42,"a2c4b591":42,"6dfa57be":42,"1854ce44":42,"f92b22f1":42,"ece12664":42,"36f4ecde":42,"568a0d58":42,"5fd569d2":42,"10c8fd03":42,"bd4ccb49":42,"e773d697":42,"7e8c11e7":42,"bffee581":42,"07150038":42,"080fa362":42,"7b6945ad":42,"a40d08e1":42,"cec79bc2":42,"d2eff358":42,"e70aebb5":42,"a488b2f1":42,"4caa87d6":42,"f7076e21":42,"69e653b6":42,"98d2991b":42,"3b411d6a":42,"83826ef3":42,"595609d5":42,"b47f1b89":42,"8e6caf71":42,"9a3433b8":42,"b89112cb":42,"66736d5e":42,"ff8a00aa":42,"c146560b":42,"985068e7":42,"d543ba6f":42,"f7ffcbb8":42,"5728f934":42,"00b26865":42,"c333337d":42,"815c56bc":42,"5bd61a68":42,"8582c5cf":42,"0c353665":42,"231e8700":42,"1f9fbd85":42,"43f24679":42,"a1c0dfc4":42,"78f71162":42,"4b27a9a4":42,"163f4d19":42,"1d043d5a":42,"b2f82e06":42,"5b0b43e6":42,"b5474d69":42,"5a938eeb":42,"4fe0dedf":42,"951fc6d0":42,"61892a4c":42,"f096219e":42,"a3f0a6ec":42,"01051f84":42,"aa7e370d":42,"f995eeab":42,"4006e709":42,"dfe4a061":42,"0dedf63e":42,"a9d5374b":42,"c2bf7d51":42,"4321f02d":42,"781afef6":42,"089b3f8f":42,"de9229a0":42,"7698d0dc":42,"99a5feef":42,"784414ce":42,"f6266388":42,"2df3efdb":42,"e64fd39c":42,"d0f1b7bd":42,"e1b3ce36":42,"e7799883":42,"625fa164":42,"0c6ae551":42,"4f9456cf":42,"30de89a7":42,"f1e86522":42,"06aaa33f":42,"fa03f48f":42,"320c65bf":42,"5298dafa":42,"1fa1e7c2":42,"25f7f918":42,"c5311ebb":42,"646af2b9":42,"105bb3f6":42,"659389ad":42,"240c8679":42,"58de5462":42,"f01c896d":42,"0718c3be":42,"1f2670d0":42,"8b503f7b":42,"962c9c8f":42,"87a8523c":42,"c416baa6":42,"aec0bf28":42,"ae350a07":42,"a017a323":42,"680a32a6":42,"8801c469":42,"83ba647d":42,"b6281f1a":42,"48c6df81":42,"cb0bd6b7":42,"8e426e39":42,"5e165f43":42,"808bc372":42,"f8785b71":42,"51909df8":42,"e22b0973":42,"c792a7c1":42,"ab4a411a":42,"23646ff9":42,"d7a4b24c":42,"5a7da061":42,"3abb827b":42,"686d5c0b":42,"06a94514":42,"f15eb1c5":42,"73c420df":42,"0c73c293":42,"71789493":42,"0700da70":42,"88929b06":42,"ff591765":42,"5ac72353":42,"08c4692e":42,"93f12198":42,"5b2479ef":42,"d1b14d06":42,"f6c074a7":42,"62e270e5":42,"1d882c36":42,"ffd6849d":42,"eb62e8f2":42,"66b1b6d7":42,"962fca02":42,"b062adc4":42,"75968179":42,"4aae5133":42,"bc8bdc23":42,"63a3af32":42,"a71f3f70":42,"1f7aa83c":42,"3fec4b0b":42,"faa3de3e":42,"732d62ee":42,"6e260ee8":42,"e8f4c1dd":42,"cede8b8c":42,"f4f84279":42,"b0950de5":42,"ad95ff4a":42,"6f873999":42,"893a99c5":42,"d8bf32b5":42,"1f4e0e22":42,"60d69311":42,"0eb42efe":42,"3b09f1de":42,"03c4ab87":42,"b371f44a":42,"4e3d3af7":42,"3a4803a8":42,"8b6180ff":42,"8819ac24":42,"f7a7de5d":42,"dbbf7f69":42,"d4e56c3e":42,"a8edfe84":42,"2ed19b1e":42,"959e16ea":42,"02f76c64":42,"5c6d1f33":42,"b4801cae":42,"c3c2fd05":42,"f8c97147":42,"c2526ff3":42,"cc386067":42,"a22ffd8f":42,"3cd28a4d":42,"44a12c31":42,"45a961ca":42,"5ca978fd":42,"668e601b":42,"0c045c2d":42,"8efd4801":42,"7eb8f268":42,"20236d3e":42,"36ae8cd8":42,"3ddd5391":42,"9666b973":42,"653b27c7":42,"83b37fd6":42,"4d852788":42,"e43a9448":42,"3542b748":42,"379c53ab":42,"e396d80d":42,"7da61f27":42,"dc874a97":42,"85a220de":42,"40a7cdd2":42,"ac033c7b":42,"87759976":42,"4df3f62e":42,"c881a53e":42,"80c1c8b1":42,"cf52acd8":42,"a63cb4ce":42,"d3b3492b":42,"7580cfa4":42,"22a96386":42,"5c672b50":42,"5df16440":42,"b666e56d":42,"8db378ff":42,"784d6375":42,"4541bf85":42,"a6b13f20":42,"07f69c6d":42,"272e7d0d":42,"f92596ee":42,"68831ea9":42,"9713d076":42,"fd098272":42,"6ee788a7":42,"8249641d":42,"45b0968f":42,"6a9bb182":42,"1f1afd4f":42,"25fb8826":42,"0dc5da58":42,"2874a625":42,"e61ae828":42,"f7ac3883":42,"ccd01528":42,"dab8cf68":42,"00f2a9cb":42,"916fe082":42,"b64dba8e":42,"c3bb30ce":42,"86219c70":42,"601990d8":42,"5c662c19":42,"d2a5d2fd":42,"89d220c2":42,"2254f0f5":42,"ea282e84":42,"6653c83b":42,"c896052c":42,"287ecd1c":42,"f9376d3e":42,"07a94e8c":42,"d4b0751c":42,"44983d13":42,"5b01444b":42,"80999122":42,"72af9198":42,"79995b62":42,"97160db8":42,"e39e9552":42,"589f0d6e":42,"81c1b70d":42,"e72f0f82":42,"51b4016a":42,"88374b72":42,"46bf9112":42,"fdfaf1ed":42,"092ad3d6":42,"ea981bed":42,"bf940089":42,"01f34f98":42,"5e197575":42,"1670b0d3":42,"e587c4d0":42,"525b2635":42,"ec97d63e":42,"caa38a45":42,"94208a41":42,"a9987a58":42,"2cbcad17":42,"b6b8e5c7":42,"4dccb5ca":42,"83268abf":42,"e82177d3":42,"578c4c95":42,"89914b94":42,"c606b472":42,"04bdf5e1":42,"da8b42be":42,"3b0576bf":42,"9458934f":42,"1dcc489c":42,"945badf3":42,"1327775b":42,"bdd40125":42,"75fd47f7":42,"1c52a07e":42,"e70ccc25":42,"afd1494f":42,"ca6bffd3":42,"829c44a4":42,"e76e2617":42,"2b4fd52e":42,"57162572":42,"d1d50cfe":42,"bb017b49":42,"37b52fe4":42,"61ad1519":42,"819c4185":42,"ba69b06b":42,"7d2a2cb4":42,"4f62491c":42,"70b4c438":42,"71ed93db":42,"c92efaa8":42,"c241ac7e":42,"62a45672":42,"210e507a":42,"ac6e268b":42,"742238e8":42,"7552d86c":42,"02ebf3b6":42,"bb17a968":42,"4abcb85d":42,"cba26072":42,"2a718dcc":42,"c6a9a8e1":42,"88854fd0":42,"8dc27d2a":42,"41d7f05d":42,"2b851827":42,"9f428a03":42,"4d504d96":42,"0533ece1":42,"bcee2ef3":42,"0afba00c":42,"04ff8100":42,"6c00d8d6":42,"ac9a02bc":42,"acfe69ed":42,"426603ff":42,"2db2f252":42,"2e84193b":42,"c55683c9":42,"51233daf":42,"02791635":42,"be081247":42,"5cc47d1b":42,"678b846f":42,"2459c882":42,"3df97186":42,"ef0490de":42,"e0f47ced":42,"309bbf54":42,"cc537772":42,"6618390c":42,"99cc0813":42,"dc32c4e1":42,"239c636e":42,"6ee160ff":42,"c55d40ca":42,"22c177a8":42,"00ae883f":42,"f416ee62":42,"0d2b182d":42,"320754c3":42,"232b2f64":42,"3171b6e7":42,"3b25460f":42,"d2064756":42,"3e10c9cb":42,"5500a3e8":42,"3c0e87ac":42,"a891461f":42,"a246cdab":42,"117c7f0b":42,"0d21cf99":42,"14e6fe14":42,"37ec5e73":42,"bfff7913":42,"f8636899":42,"37724339":42,"d45d9727":42,"ee5ff2a3":42,"44322dfd":42,"295e4d1d":42,"8cf6570a":42,"403064a0":42,"312af46e":42,"b5a9f8c3":42,"fcbc0ae8":42,"2ff6b6a8":42,"66a71cc1":42,"bf4b58e4":42,"b4bd39d8":42,"b4cdbe5d":42,"fa0386f3":42,"b95d0f17":42,"cee9c347":42
1601326962829,"7800e7ce":43,"77869ff0":43,"4b8f7b16":43,"89f75690":43,"cb363e2f":43,"cd802f02":43,"d3cca7eb":43,"e866a899":43,"5690e712":43,"0b92d2a9":43,"070bed95":43,"67e5d108":43,"3d37b94b":43,"842c97c2":43,"c4cef92b":43,"0eecdc5b":43,"b7e495ea":43,"45ec63c0":43,"0ddfde2c":43,"a8b41774":43,"81f0da2d":43,"1fcc8ba4":43,"75a9c117":43,"12ba54ec":43,"be391c1a":43,"37d8a5b7":43,"d5ab81c4":43,"2ecde685":43,"f0bd52d3":43,"dcc20f76":43,"666a8ef0":43,"c5b609f1":43,"4dc5849a":43,"d605c755":43,"8a8c1d67":43,"080d5d42":43,"5d03f5dc":43,"cc6b3306":43,"8c2dfd9a":43,"f0a01341":43,"1ee4d9f9":43,"f11267b9":43,"0d6e45e7":43,"a483b15e":43,"f80ab49d":43,"0da97151":43,"e829038c":43,"95eaed39":43,"a5ba0ebb":43,"4987cfb5":43,"ba90687c":43,"f53362a9":43,"77f2cf92":43,"1901ef7e":43,"037e2be4":43,"960c2e6b":43,"9e7dbd20":43,"3515e999":43,"0c086273":43,"d11f8f1b":43,"ac13c3b0":43,"9d9eb027":43,"b4d9c57f":43,"325f9a29":43,"5d53c964":43,"503aafe5":43,"8ee9cc91":43,"4cc0af91":43,"55f6a2ba":43,"9559ea96":43,"9cb044bf":43,"16b25add":43,"80ee333e":43,"3b329af2":43,"1cd662bf":43,"72992b35":43,"47589344":43,"593b1533":43,"e9f6e5ce":43,"ed6bead5":43,"96f594b9":43,"94dfcfc5":43,"8301986e":43,"d5d94481":43,"ffe48500":43,"c7a45a33":43,"faffe099":43,"e99490cd":43,"3b830769":43,"583f0305":43,"1557c50a":43,"249e80ab":43,"f52a3d94":43,"eb74d3dd":43,"3bcbc28d":43,"3c0455e7":43,"df203c79":43,"df1e1ac0":43,"491708eb":43,"e421caaa":43,"2d2ecf27":43,"d38a4953":43,"830ecfec":43,"a8bae791":43,"312009ee":43,"c98759fd":43,"e8b6d676":43,"45ee5840":43,"76f04033":43,"43480b19":43,"fd955858":43,"69798d15":43,"efea71fa":43,"fb3aa867":43,"c9cf710b":43,"fcacdeb3":43,"0ea055ed":43,"e3b1bdf8":43,"644b45fb":43,"590ce3d3":43,"1802d7ce":43,"0a49914b":43,"5d3f5cad":43,"cf347cba":43,"fc0c23f7":43,"641f9b9e":43,"c92edec5":43,"9f03c1e7":43,"06c24a8d":43,"2f35e75f":43,"3eddf7c8":43,"77970f8b":43,"efd594d5":43,"4718294d":43,"5352cf45":43,"e0ffe8ff":43,"ae14d6b5":43,"721f5f42":43,"0b50bca6":43,"bf2ca266":43,"5d8d9641":43,"0de67c6c":43,"2311399f":43,"5e3ebf5e":43,"9f6ca218":43,"6213799d":43,"44cb1fd2":43,"baf19c25":43,"24a79a6e":43,"edde30af":43,"4d949e11":43,"df12f689":43,"1da10cbf":43
1601326963637,"832c48e4":43,"dc90a44c":43,"1ad7c45b":43,"eba5efdd":43,"a5463f93":43,"c85ac4f8":43,"bc253f4f":43,"0d9d2bf8":43,"846b7f11":43,"d3411467":43,"1df0ce7f":43,"a08171d0":43,"c8bc5677":43,"dfca0518":43,"b9a21017":43,"e47705d3":43,"3cae4115":43,"0ccf4731":43,"c7c6782d":43,"54346574":43,"b12cbf87":43,"81942d9b":43,"699b90c1":43,"d9b5a7a8":43,"1e7914d2":43,"e5d8fdb2":43,"3412ab75":43,"bcac5daf":43,"62d028cc":43,"0af2cf39":43,"27491297":43,"d041ea86":43,"1eda11b2":43,"fc442678":43,"5566c17c":43,"86a22252":43,"0000dece":43,"ce5efdbe":43,"58ace2b5":43,"d379fd96":43,"7b819458":43,"7f8024cd":43,"ae562513":43,"7b66dacd":43,"9ab137d7":43,"7191d1cd":43,"005354dd":43,"3b3569f6":43,"b01ab62a":43,"76da16fa":43,"bffee581":43,"07150038":43,"080fa362":43,"7b6945ad":43,"a40d08e1":43,"cec79bc2":43,"d2eff358":43,"e70aebb5":43,"ba297382":43,"0287db2a":43,"96abe4a9":43,"753b10b1":43,"cf14bd99":43,"782022f4":43,"322e833f":43,"ab3619e4":43,"106006ad":43,"c8237be9":43,"1416e8f5":43,"dde2eed5":43,"a208caa8":43,"16605353":43,"77b39e15":43,"92b72493":43,"f1726edb":43,"d3e58903":43,"4481c4be":43,"7954891b":43,"4afd60a9":43,"d44c0ea3":43,"68f87858":43,"533bac6b":43,"41634dba":43,"43fd1327":43,"113e7f4b":43,"8cce569a":43,"ce6401b6":43,"6f57824c":43,"28bd7aa1":43,"1d52fb0d":43,"cde0d748":43,"535ed444":43,"710f0d0e":43,"0905f1fb":43,"a20e529c":43,"1ae76fcc":43,"18c73816":43,"e491161e":43,"b5087677":43,"16f60bed":43,"cb0c3481":43,"7664512c":43,"df9a53b8":43,"f6c27b2b":43,"945f6c24":43,"f1daea7e":43,"b8fb90e3":43,"56227e35":43,"0d6bf22a":43,"b87321d0":43,"43205b5d":43,"8982905a":43,"f6fe1ad7":43,"230064fa":43,"764e0abb":43,"bba6d88e":43,"ea3479ec":43,"32266fa3":43,"50b090c3":43,"8be24763":43,"eb4800b2":43,"6e0ce9dc":43,"87d9bec4":43,"e30dfa0c":43,"6da34174":43,"bfb849fa":43,"0a10b423":43,"9ef7cee7":43,"49f1a0d1":43,"5f04aa76":43,"5b09e53e":43,"da5bb0f7":43,"6d925c84":43,"50b23ab2":43,"edfa56d4":43,"899c16eb":43,"41c76041":43,"6bb1fa99":43,"d73ff72e":43,"61c0ca91":43,"d2fda7be":43,"ce20ca3c":43,"1d2d958b":43,"81fb6a01":43,"7f5b27c8":43,"fb3444d9":43,"f05de640":43,"86a68967":43,"56cd4dca":43,"7f469f4c":43,"f92dedfc":43,"355d1489":43,"f96fc1af":43,"06713bac":43,"61aca924":43,"d97fb857":43,"59ff5ec6":43,"ef04e64e":43,"6e2d04de":43,"2fca1798":43,"05028839":43,"35b161d3":43,"344cd1a3":43,"77ea1236":43,"96d2a118":43,"23a0e41f":43,"b32a1080":43,"a2c4b591":43,"6dfa57be":43,"1854ce44":43,"f92b22f1":43,"ece12664":43,"36f4ecde":43,"568a0d58":43,"5fd569d2":43,"10c8fd03":43,"bd4ccb49":43,"e773d697":43,"7e8c11e7":43,"077eb15a":43,"5337c279":43,"8d256cb6":43,"7021c619":43,"32ae00db":43,"bf2defb2":43,"bc733a28":43,"30d32d34":43,"886c16d3":43,"e8d09b62":43,"5488826c":43,"84fff5c1":43,"c649992d":43,"d5ad3ed6":43,"8e5f7187":43,"55ba7579":43,"b7769ca6":43,"9c27de51":43,"38a75b48":43,"1792bfa3":43,"426f1904":43,"7c0f1ca9":43,"b2f820ac":43,"25d4f65d":43,"eddb6a2a":43,"ff8a00aa":43,"c146560b":43,"985068e7":43,"d543ba6f":43,"a488b2f1":43,"4caa87d6":43,"f7076e21":43,"69e653b6":43,"98d2991b":43,"3b411d6a":43,"83826ef3":43,"595609d5":43,"b47f1b89":43,"8e6caf71":43,"9a3433b8":43,"b89112cb":43,"66736d5e":43,"30de89a7":43,"06aaa33f":43,"320c65bf":43,"1fa1e7c2":43,"646af2b9":43,"659389ad":43,"240c8679":43,"0718c3be":43,"8b503f7b":43,"f1e86522":43,"87a8523c":43,"fa03f48f":43,"c416baa6":43,"5298dafa":43,"ae350a07":43,"25f7f918":43,"680a32a6":43,"c5311ebb":43,"83ba647d":43,"105bb3f6":43,"cb0bd6b7":43,"58de5462":43,"8e426e39":43,"f01c896d":43,"1f2670d0":43,"51909df8":43,"962c9c8f":43,"e22b0973":43,"aec0bf28":43,"23646ff9":43,"f7ffcbb8":43,"5728f934":43,"00b26865":43,"c333337d":43,"815c56bc":43,"5bd61a68":43,"8582c5cf":43,"0c353665":43,"231e8700":43,"1f9fbd85":43,"43f24679":43,"a1c0dfc4":43,"78f71162":43,"4b27a9a4":43,"163f4d19":43,"1d043d5a":43,"b2f82e06":43,"5b0b43e6":43,"b5474d69":43,"5a938eeb":43,"4fe0dedf":43,"951fc6d0":43,"61892a4c":43,"f096219e":43,"a3f0a6ec":43,"01051f84":43,"aa7e370d":43,"f995eeab":43,"4006e709":43,"0dedf63e":43,"a9d5374b":43,"4321f02d":43,"089b3f8f":43,"7698d0dc":43,"dfe4a061":43,"784414ce":43,"c2bf7d51":43,"2df3efdb":43,"d0f1b7bd":43,"781afef6":43,"e7799883":43,"de9229a0":43,"4f9456cf":43,"99a5feef":43,"9666b973":43,"653b27c7":43,"83b37fd6":43,"4d852788":43,"e43a9448":43,"3542b748":43,"379c53ab":43,"e396d80d":43,"7da61f27":43,"dc874a97":43,"85a220de":43,"40a7cdd2":43,"ac033c7b":43,"87759976":43,"4df3f62e":43,"6e260ee8":43,"f6266388":43,"272e7d0d":43,"f92596ee":43,"68831ea9":43,"9713d076":43,"fd098272":43,"6ee788a7":43,"8249641d":43,"45b0968f":43,"6a9bb182":43,"e64fd39c":43,"e1b3ce36":43,"f4f84279":43,"625fa164":43,"b0950de5":43,"0c6ae551":43,"6f873999":43,"1f4e0e22":43,"e8f4c1dd":43,"e82177d3":43,"94208a41":43,"89914b94":43,"2cbcad17":43,"04bdf5e1":43,"4dccb5ca":43,"da8b42be":43,"83268abf":43,"3b0576bf":43,"9458934f":43,"578c4c95":43,"c606b472":43,"1dcc489c":43,"945badf3":43,"1327775b":43,"bdd40125":43,"75fd47f7":43,"1c52a07e":43,"e70ccc25":43,"afd1494f":43,"ca6bffd3":43,"829c44a4":43,"e76e2617":43,"2b4fd52e":43,"57162572":43,"d1d50cfe":43,"cede8b8c":43,"60d69311":43,"ad95ff4a":43,"3b09f1de":43,"893a99c5":43,"d8bf32b5":43,"b371f44a":43,"0eb42efe":43,"8b6180ff":43,"3abb827b":43,"a017a323":43,"8801c469":43,"0c73c293":43,"b6281f1a":43,"88929b06":43,"808bc372":43,"08c4692e":43,"c792a7c1":43,"48c6df81":43,"5b2479ef":43,"5a7da061":43,"5e165f43":43,"1d882c36":43,"f8785b71":43,"06a94514":43,"ab4a411a":43,"eb62e8f2":43,"73c420df":43,"0700da70":43,"d7a4b24c":43,"ff591765":43,"686d5c0b":43,"93f12198":43,"f15eb1c5":43,"62e270e5":43,"71789493":43,"5ac72353":43,"66b1b6d7":43,"b062adc4":43,"d1b14d06":43,"f6c074a7":43,"4aae5133":43,"63a3af32":43,"ffd6849d":43,"3fec4b0b":43,"962fca02":43,"75968179":43,"faa3de3e":43,"bc8bdc23":43,"44983d13":43,"80999122":43,"a71f3f70":43,"1f7aa83c":43,"72af9198":43,"732d62ee":43,"e39e9552":43,"81c1b70d":43,"d4b0751c":43,"e72f0f82":43,"5b01444b":43,"79995b62":43,"88374b72":43,"fdfaf1ed":43,"97160db8":43,"ea981bed":43,"589f0d6e":43,"5e197575":43,"51b4016a":43,"46bf9112":43,"e587c4d0":43,"525b2635":43,"092ad3d6":43,"caa38a45":43,"bf940089":43,"01f34f98":43,"a9987a58":43,"1670b0d3":43,"b6b8e5c7":43,"ec97d63e":43,"03c4ab87":43,"8819ac24":43,"4e3d3af7":43,"dbbf7f69":43,"3a4803a8":43,"f7a7de5d":43,"d4e56c3e":43,"0c045c2d":43,"8efd4801":43,"7eb8f268":43,"20236d3e":43,"36ae8cd8":43,"3ddd5391":43,"07f69c6d":43,"a8edfe84":43,"2ed19b1e":43,"959e16ea":43,"02f76c64":43,"5c6d1f33":43,"b4801cae":43,"c3c2fd05":43,"f8c97147":43,"c2526ff3":43,"cc386067":43,"a22ffd8f":43,"3cd28a4d":43,"44a12c31":43,"45a961ca":43,"5ca978fd":43,"668e601b":43,"7552d86c":43,"02ebf3b6":43,"bb17a968":43,"4abcb85d":43,"2254f0f5":43,"ea282e84":43,"6653c83b":43,"c896052c":43,"287ecd1c":43,"f9376d3e":43,"c881a53e":43,"80c1c8b1":43,"cf52acd8":43,"a63cb4ce":43,"d3b3492b":43,"7580cfa4":43,"22a96386":43,"5c672b50":43,"5df16440":43,"b666e56d":43,"8db378ff":43,"784d6375":43,"4541bf85":43,"a6b13f20":43,"2459c882":43,"3df97186":43,"ef0490de":43,"e0f47ced":43,"309bbf54":43,"cc537772":43,"6618390c":43,"99cc0813":43,"dc32c4e1":43,"239c636e":43,"6ee160ff":43,"c55d40ca":43,"22c177a8":43,"00ae883f":43,"f416ee62":43,"0d2b182d":43,"320754c3":43,"232b2f64":43,"3171b6e7":43,"07a94e8c":43,"bb017b49":43,"1f1afd4f":43,"25fb8826":43,"0dc5da58":43,"2874a625":43,"e61ae828":43,"f7ac3883":43,"ccd01528":43,"dab8cf68":43,"00f2a9cb":43,"916fe082":43,"b64dba8e":43,"c3bb30ce":43,"86219c70":43,"601990d8":43,"5c662c19":43,"d2a5d2fd":43,"89d220c2":43,"3e10c9cb":43,"5500a3e8":43,"3c0e87ac":43,"a891461f":43,"a246cdab":43,"117c7f0b":43,"0d21cf99":43,"14e6fe14":43,"37ec5e73":43,"bfff7913":43,"f8636899":43,"37724339":43,"d45d9727":43,"ee5ff2a3":43,"44322dfd":43,"37b52fe4":43,"61ad1519":43,"819c4185":43,"ba69b06b":43,"7d2a2cb4":43,"4f62491c":43,"70b4c438":43,"71ed93db":43,"c92efaa8":43,"c241ac7e":43,"62a45672":43,"210e507a":43,"ac6e268b":43,"742238e8":43,"3b25460f":43,"d2064756":43,"cba26072":43,"2a718dcc":43,"c6a9a8e1":43,"88854fd0":43,"8dc27d2a":43,"41d7f05d":43,"2b851827":43,"9f428a03":43,"4d504d96":43,"0533ece1":43,"bcee2ef3":43,"0afba00c":43,"04ff8100":43,"6c00d8d6":43,"ac9a02bc":43,"acfe69ed":43,"426603ff":43,"2db2f252":43,"2e84193b":43,"c55683c9":43,"51233daf":43,"02791635":43,"be081247":43,"5cc47d1b":43,"678b846f":43,"b4bd39d8":43,"b4cdbe5d":43,"fa0386f3":43,"b95d0f17":43,"295e4d1d":43,"8cf6570a":43,"403064a0":43,"312af46e":43,"b5a9f8c3":43,"fcbc0ae8":43,"2ff6b6a8":43,"66a71cc1":43,"bf4b58e4":43,"cee9c347":43
1601326966161,"d5d94481":44,"ffe48500":44,"c7a45a33":44,"faffe099":44,"e99490cd":44,"7800e7ce":44,"77869ff0":44,"4b8f7b16":44,"89f75690":44,"cb363e2f":44,"cd802f02":44,"d3cca7eb":44,"e866a899":44,"5690e712":44,"0b92d2a9":44,"070bed95":44,"67e5d108":44,"3d37b94b":44,"842c97c2":44,"c4cef92b":44,"0eecdc5b":44,"b7e495ea":44,"45ec63c0":44,"0ddfde2c":44,"a8b41774":44,"81f0da2d":44,"1fcc8ba4":44,"75a9c117":44,"12ba54ec":44,"be391c1a":44,"3b830769":44,"583f0305":44,"1557c50a":44,"249e80ab":44,"f52a3d94":44,"eb74d3dd":44,"3bcbc28d":44,"3c0455e7":44,"df203c79":44,"df1e1ac0":44,"491708eb":44,"e421caaa":44,"2d2ecf27":44,"d38a4953":44,"eba5efdd":44,"a5463f93":44,"c85ac4f8":44,"bc253f4f":44,"0d9d2bf8":44,"846b7f11":44,"d3411467":44,"1df0ce7f":44,"a08171d0":44,"c8bc5677":44,"dfca0518":44,"b9a21017":44,"e47705d3":44,"3cae4115":44,"0ccf4731":44,"c7c6782d":44,"54346574":44,"b12cbf87":44,"81942d9b":44,"699b90c1":44,"d9b5a7a8":44,"1e7914d2":44,"e5d8fdb2":44,"3412ab75":44,"bcac5daf":44,"62d028cc":44,"0af2cf39":44,"27491297":44,"d041ea86":44,"1eda11b2":44,"fc442678":44,"37d8a5b7":44,"d5ab81c4":44,"2ecde685":44,"f0bd52d3":44,"dcc20f76":44,"666a8ef0":44,"c5b609f1":44,"4dc5849a":44,"d605c755":44,"8a8c1d67":44,"cc6b3306":44,"080d5d42":44,"5d03f5dc":44,"8c2dfd9a":44,"f0a01341":44,"f11267b9":44,"1ee4d9f9":44,"a483b15e":44,"f80ab49d":44,"0d6e45e7":44,"95eaed39":44,"0da97151":44,"e829038c":44,"a5ba0ebb":44,"f53362a9":44,"4987cfb5":44,"ba90687c":44,"1901ef7e":44,"77f2cf92":44,"960c2e6b":44,"3515e999":44,"037e2be4":44,"d11f8f1b":44,"9e7dbd20":44,"9d9eb027":44,"0c086273":44,"325f9a29":44,"ac13c3b0":44,"503aafe5":44,"b4d9c57f":44,"5d53c964":44,"8ee9cc91":44,"4cc0af91":44,"55f6a2ba":44,"9559ea96":44,"9cb044bf":44,"16b25add":44,"80ee333e":44,"3b329af2":44,"1cd662bf":44,"72992b35":44,"18c73816":44,"e491161e":44,"b5087677":44,"16f60bed":44,"cb0c3481":44,"7664512c":44,"df9a53b8":44,"f6c27b2b":44,"945f6c24":44,"f1daea7e":44,"b8fb90e3":44,"56227e35":44,"0d6bf22a":44,"b87321d0":44,"43205b5d":44,"8982905a":44,"f6fe1ad7":44,"230064fa":44,"764e0abb":44,"bba6d88e":44,"ea3479ec":44,"32266fa3":44,"50b090c3":44,"8be24763":44,"590ce3d3":44,"1802d7ce":44,"0a49914b":44,"5d3f5cad":44,"cf347cba":44,"fc0c23f7":44,"641f9b9e":44,"c92edec5":44,"9f03c1e7":44,"06c24a8d":44,"2f35e75f":44,"3eddf7c8":44,"77970f8b":44,"efd594d5":44,"4718294d":44,"5352cf45":44,"e0ffe8ff":44,"ae14d6b5":44,"721f5f42":44,"0b50bca6":44,"bf2ca266":44,"5d8d9641":44,"0de67c6c":44,"2311399f":44,"5e3ebf5e":44,"9f6ca218":44,"6213799d":44,"44cb1fd2":44,"baf19c25":44,"24a79a6e":44,"edde30af":44,"4d949e11":44,"3b3569f6":44,"b01ab62a":44,"76da16fa":44,"bffee581":44,"07150038":44,"080fa362":44,"7b6945ad":44,"a40d08e1":44,"cec79bc2":44,"d2eff358":44,"e70aebb5":44,"47589344":44,"593b1533":44,"e9f6e5ce":44,"ed6bead5":44,"96f594b9":44,"94dfcfc5":44,"8301986e":44,"830ecfec":44,"a8bae791":44,"312009ee":44,"c98759fd":44,"e8b6d676":44,"45ee5840":44,"76f04033":44,"43480b19":44,"fd955858":44,"69798d15":44,"efea71fa":44,"fb3aa867":44,"c9cf710b":44,"fcacdeb3":44,"0ea055ed":44,"e3b1bdf8":44,"644b45fb":44,"a488b2f1":44,"4caa87d6":44,"f7076e21":44,"69e653b6":44,"5b09e53e":44,"da5bb0f7":44,"6d925c84":44,"50b23ab2":44,"edfa56d4":44,"899c16eb":44,"41c76041":44,"6bb1fa99":44,"d73ff72e":44,"98d2991b":44,"3b411d6a":44,"83826ef3":44,"595609d5":44,"b47f1b89":44,"f1e86522":44,"8e6caf71":44,"9a3433b8":44,"fa03f48f":44,"b89112cb":44,"5298dafa":44,"eb4800b2":44,"6e0ce9dc":44,"87d9bec4":44,"e30dfa0c":44,"6da34174":44,"bfb849fa":44,"0a10b423":44,"9ef7cee7":44,"49f1a0d1":44,"5f04aa76":44,"ba297382":44,"0287db2a":44,"96abe4a9":44,"753b10b1":44,"cf14bd99":44,"782022f4":44,"322e833f":44,"ab3619e4":44,"106006ad":44,"c8237be9":44,"1416e8f5":44,"dde2eed5":44,"a208caa8":44,"16605353":44,"77b39e15":44,"f1726edb":44,"92b72493":44,"d3e58903":44,"4481c4be":44,"7954891b":44,"4afd60a9":44,"d44c0ea3":44,"25f7f918":44,"66736d5e":44,"c5311ebb":44,"30de89a7":44,"06aaa33f":44,"105bb3f6":44,"58de5462":44,"320c65bf":44,"1fa1e7c2":44,"f01c896d":44,"646af2b9":44,"1f2670d0":44,"962c9c8f":44,"659389ad":44,"aec0bf28":44,"240c8679":44,"a017a323":44,"0718c3be":44,"8b503f7b":44,"8801c469":44,"87a8523c":44,"808bc372":44,"b6281f1a":44,"c416baa6":44,"c792a7c1":44,"48c6df81":44,"5a7da061":44,"5e165f43":44,"ae350a07":44,"06a94514":44,"f8785b71":44,"680a32a6":44,"ab4a411a":44,"73c420df":44,"83ba647d":44,"0700da70":44,"cb0bd6b7":44,"d7a4b24c":44,"ff591765":44,"686d5c0b":44,"8e426e39":44,"51909df8":44,"93f12198":44,"f15eb1c5":44,"71789493":44,"62e270e5":44,"e22b0973":44,"5ac72353":44,"23646ff9":44,"66b1b6d7":44,"b062adc4":44,"3abb827b":44,"d1b14d06":44,"0c73c293":44,"f6c074a7":44,"4aae5133":44,"63a3af32":44,"88929b06":44,"ffd6849d":44,"08c4692e":44,"3fec4b0b":44,"962fca02":44,"5b2479ef":44,"faa3de3e":44,"75968179":44,"1d882c36":44,"bc8bdc23":44,"44983d13":44,"a71f3f70":44,"80999122":44,"eb62e8f2":44,"1f7aa83c":44,"72af9198":44,"e39e9552":44,"732d62ee":44,"61c0ca91":44,"d2fda7be":44,"ce20ca3c":44,"1d2d958b":44,"81fb6a01":44,"7f5b27c8":44,"fb3444d9":44,"f05de640":44,"86a68967":44,"56cd4dca":44,"7f469f4c":44,"f92dedfc":44,"355d1489":44,"f96fc1af":44,"06713bac":44,"61aca924":44,"d97fb857":44,"59ff5ec6":44,"ef04e64e":44,"6e2d04de":44,"2fca1798":44,"05028839":44,"5488826c":44,"84fff5c1":44,"c649992d":44,"d5ad3ed6":44,"8e5f7187":44,"55ba7579":44,"b7769ca6":44,"9c27de51":44,"38a75b48":44,"1792bfa3":44,"426f1904":44,"7c0f1ca9":44,"b2f820ac":44,"d4b0751c":44,"81c1b70d":44,"68f87858":44,"533bac6b":44,"41634dba":44,"43fd1327":44,"113e7f4b":44,"8cce569a":44,"ce6401b6":44,"6f57824c":44,"28bd7aa1":44,"1d52fb0d":44,"cde0d748":44,"535ed444":44,"710f0d0e":44,"0905f1fb":44,"a20e529c":44,"1ae76fcc":44,"35b161d3":44,"344cd1a3":44,"77ea1236":44,"96d2a118":44,"23a0e41f":44,"b32a1080":44,"a2c4b591":44,"6dfa57be":44,"1854ce44":44,"f92b22f1":44,"ece12664":44,"36f4ecde":44,"568a0d58":44,"5fd569d2":44,"10c8fd03":44,"bd4ccb49":44,"e773d697":44,"5b01444b":44,"e72f0f82":44,"88374b72":44,"79995b62":44,"97160db8":44,"fdfaf1ed":44,"ea981bed":44,"df12f689":44,"1da10cbf":44,"832c48e4":44,"dc90a44c":44,"1ad7c45b":44,"5566c17c":44,"86a22252":44,"0000dece":44,"ce5efdbe":44,"58ace2b5":44,"d379fd96":44,"7b819458":44,"7f8024cd":44,"ae562513":44,"7b66dacd":44,"9ab137d7":44,"7191d1cd":44,"005354dd":44,"589f0d6e":44,"5e197575":44,"51b4016a":44,"46bf9112":44,"e587c4d0":44,"525b2635":44,"092ad3d6":44,"bf940089":44,"caa38a45":44,"a9987a58":44,"01f34f98":44,"b6b8e5c7":44,"1670b0d3":44,"e82177d3":44,"ec97d63e":44,"89914b94":44,"94208a41":44,"04bdf5e1":44,"2cbcad17":44,"4dccb5ca":44,"da8b42be":44,"3b0576bf":44,"83268abf":44,"578c4c95":44,"9458934f":44,"7e8c11e7":44,"077eb15a":44,"5337c279":44,"8d256cb6":44,"7021c619":44,"32ae00db":44,"bf2defb2":44,"bc733a28":44,"30d32d34":44,"886c16d3":44,"e8d09b62":44,"1dcc489c":44,"c606b472":44
1601326966851,"25d4f65d":44,"eddb6a2a":44,"ff8a00aa":44,"c146560b":44,"985068e7":44,"d543ba6f":44,"f7ffcbb8":44,"5728f934":44,"00b26865":44,"c333337d":44,"815c56bc":44,"5bd61a68":44,"8582c5cf":44,"0c353665":44,"231e8700":44,"1f9fbd85":44,"43f24679":44,"a1c0dfc4":44,"78f71162":44,"4b27a9a4":44,"163f4d19":44,"1d043d5a":44,"b2f82e06":44,"5b0b43e6":44,"b5474d69":44,"5a938eeb":44,"4fe0dedf":44,"951fc6d0":44,"9666b973":44,"653b27c7":44,"83b37fd6":44,"4d852788":44,"e43a9448":44,"3542b748":44,"379c53ab":44,"e396d80d":44,"272e7d0d":44,"f92596ee":44,"68831ea9":44,"9713d076":44,"a8edfe84":44,"2ed19b1e":44,"959e16ea":44,"02f76c64":44,"5c6d1f33":44,"b4801cae":44,"c3c2fd05":44,"f8c97147":44,"c2526ff3":44,"cc386067":44,"a22ffd8f":44,"3cd28a4d":44,"44a12c31":44,"45a961ca":44,"5ca978fd":44,"668e601b":44,"7552d86c":44,"02ebf3b6":44,"bb17a968":44,"4abcb85d":44,"cba26072":44,"61892a4c":44,"f096219e":44,"a3f0a6ec":44,"01051f84":44,"aa7e370d":44,"f995eeab":44,"4006e709":44,"0dedf63e":44,"a9d5374b":44,"4321f02d":44,"089b3f8f":44,"7698d0dc":44,"784414ce":44,"dfe4a061":44,"2df3efdb":44,"c2bf7d51":44,"d0f1b7bd":44,"781afef6":44,"e7799883":44,"de9229a0":44,"4f9456cf":44,"99a5feef":44,"6e260ee8":44,"f6266388":44,"f4f84279":44,"e64fd39c":44,"b0950de5":44,"e1b3ce36":44,"6f873999":44,"625fa164":44,"1f4e0e22":44,"0c6ae551":44,"60d69311":44,"e8f4c1dd":44,"3b09f1de":44,"cede8b8c":44,"b371f44a":44,"ad95ff4a":44,"893a99c5":44,"8b6180ff":44,"8819ac24":44,"d8bf32b5":44,"dbbf7f69":44,"0eb42efe":44,"2a718dcc":44,"c6a9a8e1":44,"88854fd0":44,"8dc27d2a":44,"41d7f05d":44,"7da61f27":44,"dc874a97":44,"85a220de":44,"40a7cdd2":44,"ac033c7b":44,"87759976":44,"4df3f62e":44,"c881a53e":44,"80c1c8b1":44,"cf52acd8":44,"a63cb4ce":44,"d3b3492b":44,"7580cfa4":44,"22a96386":44,"5c672b50":44,"5df16440":44,"b666e56d":44,"8db378ff":44,"784d6375":44,"4541bf85":44,"a6b13f20":44,"2459c882":44,"3df97186":44,"ef0490de":44,"2b851827":44,"9f428a03":44,"4d504d96":44,"0533ece1":44,"bcee2ef3":44,"fd098272":44,"6ee788a7":44,"8249641d":44,"45b0968f":44,"6a9bb182":44,"1f1afd4f":44,"25fb8826":44,"0dc5da58":44,"2874a625":44,"e61ae828":44,"f7ac3883":44,"ccd01528":44,"dab8cf68":44,"00f2a9cb":44,"916fe082":44,"b64dba8e":44,"c3bb30ce":44,"86219c70":44,"601990d8":44,"5c662c19":44,"d2a5d2fd":44,"89d220c2":44,"3e10c9cb":44,"5500a3e8":44,"3c0e87ac":44,"a891461f":44,"a246cdab":44,"117c7f0b":44,"0afba00c":44,"04ff8100":44,"6c00d8d6":44,"ac9a02bc":44,"acfe69ed":44,"426603ff":44,"2db2f252":44,"2e84193b":44,"c55683c9":44,"51233daf":44,"02791635":44,"be081247":44,"5cc47d1b":44,"678b846f":44,"b4bd39d8":44,"b4cdbe5d":44,"fa0386f3":44,"b95d0f17":44,"cee9c347":44,"03c4ab87":44,"4e3d3af7":44,"3a4803a8":44,"f7a7de5d":44,"d4e56c3e":44,"0c045c2d":44,"8efd4801":44,"7eb8f268":44,"20236d3e":44,"36ae8cd8":44,"3ddd5391":44,"07f69c6d":44,"2254f0f5":44,"ea282e84":44,"6653c83b":44,"c896052c":44,"287ecd1c":44,"f9376d3e":44,"07a94e8c":44,"bb017b49":44,"37b52fe4":44,"61ad1519":44,"819c4185":44,"ba69b06b":44,"7d2a2cb4":44,"4f62491c":44,"70b4c438":44,"71ed93db":44,"c92efaa8":44,"c241ac7e":44,"62a45672":44,"210e507a":44,"ac6e268b":44,"742238e8":44,"e0f47ced":44,"309bbf54":44,"cc537772":44,"6618390c":44,"99cc0813":44,"dc32c4e1":44,"239c636e":44,"6ee160ff":44,"c55d40ca":44,"22c177a8":44,"00ae883f":44,"f416ee62":44,"0d2b182d":44,"320754c3":44,"232b2f64":44,"3171b6e7":44,"3b25460f":44,"d2064756":44,"0d21cf99":44,"14e6fe14":44,"37ec5e73":44,"bfff7913":44,"f8636899":44,"37724339":44,"d45d9727":44,"ee5ff2a3":44,"44322dfd":44,"295e4d1d":44,"8cf6570a":44,"403064a0":44,"312af46e":44,"b5a9f8c3":44,"fcbc0ae8":44,"2ff6b6a8":44,"66a71cc1":44,"bf4b58e4":44,"945badf3":44,"1327775b":44,"bdd40125":44,"75fd47f7":44,"1c52a07e":44,"e70ccc25":44,"afd1494f":44,"ca6bffd3":44,"829c44a4":44,"e76e2617":44,"2b4fd52e":44,"57162572":44,"d1d50cfe":44
1601326968923,"7800e7ce":45,"77869ff0":45,"4b8f7b16":45,"89f75690":45,"d5d94481":45,"ffe48500":45,"c7a45a33":45,"faffe099":45,"e99490cd":45,"3b830769":45,"583f0305":45,"1557c50a":45,"249e80ab":45,"f52a3d94":45,"eb74d3dd":45,"3bcbc28d":45,"3c0455e7":45,"18c73816":45,"e491161e":45,"b5087677":45,"16f60bed":45,"cb0c3481":45,"7664512c":45,"df9a53b8":45,"f6c27b2b":45,"945f6c24":45,"f1daea7e":45,"b8fb90e3":45,"56227e35":45,"0d6bf22a":45,"b87321d0":45,"43205b5d":45,"8982905a":45,"f6fe1ad7":45,"230064fa":45,"764e0abb":45,"bba6d88e":45,"ea3479ec":45,"32266fa3":45,"50b090c3":45,"8be24763":45,"eb4800b2":45,"6e0ce9dc":45,"87d9bec4":45,"e30dfa0c":45,"6da34174":45,"bfb849fa":45,"0a10b423":45,"9ef7cee7":45,"49f1a0d1":45,"5f04aa76":45,"ba297382":45,"0287db2a":45,"96abe4a9":45,"753b10b1":45,"cf14bd99":45,"782022f4":45,"322e833f":45,"ab3619e4":45,"106006ad":45,"c8237be9":45,"1416e8f5":45,"dde2eed5":45,"a208caa8":45,"16605353":45,"77b39e15":45,"f1726edb":45,"92b72493":45,"d3e58903":45,"4481c4be":45,"cb363e2f":45,"cd802f02":45,"d3cca7eb":45,"e866a899":45,"5690e712":45,"0b92d2a9":45,"070bed95":45,"67e5d108":45,"3d37b94b":45,"842c97c2":45,"c4cef92b":45,"0eecdc5b":45,"b7e495ea":45,"45ec63c0":45,"0ddfde2c":45,"a8b41774":45,"81f0da2d":45,"1fcc8ba4":45,"75a9c117":45,"12ba54ec":45,"be391c1a":45,"37d8a5b7":45,"d5ab81c4":45,"2ecde685":45,"f0bd52d3":45,"dcc20f76":45,"666a8ef0":45,"c5b609f1":45,"4dc5849a":45,"d605c755":45,"8a8c1d67":45,"cc6b3306":45,"8c2dfd9a":45,"f11267b9":45,"a483b15e":45,"f80ab49d":45,"7954891b":45,"4afd60a9":45,"d44c0ea3":45,"68f87858":45,"533bac6b":45,"41634dba":45,"43fd1327":45,"113e7f4b":45
1601326969658,"df203c79":45,"df1e1ac0":45,"491708eb":45,"e421caaa":45,"2d2ecf27":45,"d38a4953":45,"eba5efdd":45,"a5463f93":45,"c85ac4f8":45,"bc253f4f":45,"0d9d2bf8":45,"846b7f11":45,"d3411467":45,"1df0ce7f":45,"a08171d0":45,"c8bc5677":45,"dfca0518":45,"b9a21017":45,"e47705d3":45,"3cae4115":45,"0ccf4731":45,"c7c6782d":45,"54346574":45,"b12cbf87":45,"81942d9b":45,"699b90c1":45,"d9b5a7a8":45,"1e7914d2":45,"e5d8fdb2":45,"3412ab75":45,"bcac5daf":45,"62d028cc":45,"0af2cf39":45,"27491297":45,"d041ea86":45,"1eda11b2":45,"fc442678":45,"95eaed39":45,"a5ba0ebb":45,"f53362a9":45,"1901ef7e":45,"960c2e6b":45,"080d5d42":45,"3515e999":45,"5d03f5dc":45,"d11f8f1b":45,"f0a01341":45,"9d9eb027":45,"1ee4d9f9":45,"325f9a29":45,"0d6e45e7":45,"0da97151":45,"503aafe5":45,"e829038c":45,"4987cfb5":45,"ba90687c":45,"77f2cf92":45,"037e2be4":45,"9e7dbd20":45,"0c086273":45,"ac13c3b0":45,"b4d9c57f":45,"5d53c964":45,"8ee9cc91":45,"4cc0af91":45,"55f6a2ba":45,"9559ea96":45,"9cb044bf":45,"16b25add":45,"80ee333e":45,"3b329af2":45,"1cd662bf":45,"72992b35":45,"47589344":45,"593b1533":45,"e9f6e5ce":45,"ed6bead5":45,"96f594b9":45,"94dfcfc5":45,"8301986e":45,"830ecfec":45,"a8bae791":45,"312009ee":45,"c98759fd":45,"e8b6d676":45,"45ee5840":45,"76f04033":45,"43480b19":45,"fd955858":45,"69798d15":45,"efea71fa":45,"fb3aa867":45,"c9cf710b":45,"fcacdeb3":45,"0ea055ed":45,"e3b1bdf8":45,"644b45fb":45,"3b3569f6":45,"b01ab62a":45,"76da16fa":45,"bffee581":45,"07150038":45,"080fa362":45,"7b6945ad":45,"a40d08e1":45,"cec79bc2":45,"d2eff358":45,"e70aebb5":45,"a488b2f1":45,"4caa87d6":45,"f7076e21":45,"69e653b6":45,"98d2991b":45,"3b411d6a":45,"5b09e53e":45,"da5bb0f7":45,"6d925c84":45,"50b23ab2":45,"edfa56d4":45,"899c16eb":45,"41c76041":45,"6bb1fa99":45,"d73ff72e":45,"83826ef3":45,"595609d5":45,"b47f1b89":45,"f1e86522":45,"8e6caf71":45,"fa03f48f":45,"9a3433b8":45,"5298dafa":45,"b89112cb":45,"25f7f918":45,"66736d5e":45,"c5311ebb":45,"105bb3f6":45,"30de89a7":45,"06aaa33f":45,"58de5462":45,"8cce569a":45,"f01c896d":45,"320c65bf":45,"1f2670d0":45,"1fa1e7c2":45,"962c9c8f":45,"646af2b9":45,"aec0bf28":45,"659389ad":45,"240c8679":45,"a017a323":45,"8801c469":45,"0718c3be":45,"b6281f1a":45,"8b503f7b":45,"808bc372":45,"87a8523c":45,"48c6df81":45,"c792a7c1":45,"c416baa6":45,"5e165f43":45,"5a7da061":45,"06a94514":45,"f8785b71":45,"ae350a07":45,"680a32a6":45,"73c420df":45,"ab4a411a":45,"d7a4b24c":45,"0700da70":45,"83ba647d":45,"ff591765":45,"cb0bd6b7":45,"686d5c0b":45,"93f12198":45,"8e426e39":45,"f15eb1c5":45,"62e270e5":45,"51909df8":45,"71789493":45,"5ac72353":45,"e22b0973":45,"66b1b6d7":45,"b062adc4":45,"23646ff9":45,"d1b14d06":45,"3abb827b":45,"f6c074a7":45,"4aae5133":45,"0c73c293":45,"ffd6849d":45,"63a3af32":45,"962fca02":45,"3fec4b0b":45,"88929b06":45,"faa3de3e":45,"75968179":45,"08c4692e":45,"bc8bdc23":45,"44983d13":45,"5b2479ef":45,"1d882c36":45,"a71f3f70":45,"80999122":45,"72af9198":45,"eb62e8f2":45,"1f7aa83c":45,"e39e9552":45,"732d62ee":45,"d4b0751c":45,"81c1b70d":45,"e72f0f82":45,"5b01444b":45,"88374b72":45,"79995b62":45,"61c0ca91":45,"d2fda7be":45,"ce20ca3c":45,"1d2d958b":45,"81fb6a01":45,"7f5b27c8":45,"fb3444d9":45,"f05de640":45,"86a68967":45,"56cd4dca":45,"7f469f4c":45,"f92dedfc":45,"355d1489":45,"f96fc1af":45,"06713bac":45,"61aca924":45,"d97fb857":45,"59ff5ec6":45,"ef04e64e":45,"6e2d04de":45,"2fca1798":45,"05028839":45,"5488826c":45,"84fff5c1":45,"c649992d":45,"d5ad3ed6":45,"8e5f7187":45,"55ba7579":45,"b7769ca6":45,"9c27de51":45,"38a75b48":45,"1792bfa3":45,"426f1904":45,"97160db8":45,"fdfaf1ed":45,"589f0d6e":45,"ea981bed":45,"5e197575":45,"51b4016a":45,"e587c4d0":45,"46bf9112":45,"1ad7c45b":45,"5566c17c":45,"86a22252":45,"0000dece":45,"ce5efdbe":45,"58ace2b5":45,"d379fd96":45,"7b819458":45,"7f8024cd":45,"ae562513":45,"7b66dacd":45,"9ab137d7":45,"7191d1cd":45,"005354dd":45,"525b2635":45,"092ad3d6":45,"bf940089":45,"caa38a45":45,"01f34f98":45,"a9987a58":45,"b6b8e5c7":45,"1670b0d3":45,"590ce3d3":45,"1802d7ce":45,"0a49914b":45,"5d3f5cad":45,"cf347cba":45,"fc0c23f7":45,"641f9b9e":45,"c92edec5":45,"9f03c1e7":45,"06c24a8d":45,"2f35e75f":45,"3eddf7c8":45,"77970f8b":45,"efd594d5":45,"4718294d":45,"5352cf45":45,"e0ffe8ff":45,"ae14d6b5":45,"721f5f42":45,"0b50bca6":45,"bf2ca266":45,"5d8d9641":45,"0de67c6c":45,"2311399f":45,"5e3ebf5e":45,"9f6ca218":45,"6213799d":45,"44cb1fd2":45,"baf19c25":45,"24a79a6e":45,"edde30af":45,"4d949e11":45,"df12f689":45,"1da10cbf":45,"832c48e4":45,"dc90a44c":45,"e82177d3":45,"ec97d63e":45,"94208a41":45,"89914b94":45,"04bdf5e1":45,"2cbcad17":45,"da8b42be":45,"4dccb5ca":45,"3b0576bf":45,"83268abf":45,"578c4c95":45,"9458934f":45,"1dcc489c":45,"c606b472":45,"945badf3":45,"1327775b":45,"bdd40125":45,"75fd47f7":45,"1c52a07e":45,"e70ccc25":45,"afd1494f":45,"ca6bffd3":45,"829c44a4":45,"e76e2617":45,"2b4fd52e":45,"57162572":45,"d1d50cfe":45,"7c0f1ca9":45,"b2f820ac":45,"25d4f65d":45,"eddb6a2a":45,"ff8a00aa":45,"c146560b":45,"985068e7":45,"d543ba6f":45,"bc733a28":45,"30d32d34":45,"886c16d3":45,"e8d09b62":45,"9666b973":45,"653b27c7":45,"83b37fd6":45,"4d852788":45,"e43a9448":45,"3542b748":45,"379c53ab":45,"e396d80d":45,"7da61f27":45,"ce6401b6":45,"6f57824c":45,"28bd7aa1":45,"1d52fb0d":45,"cde0d748":45,"535ed444":45,"710f0d0e":45,"0905f1fb":45,"a20e529c":45,"1ae76fcc":45,"35b161d3":45,"344cd1a3":45,"77ea1236":45,"96d2a118":45,"23a0e41f":45,"b32a1080":45,"a2c4b591":45,"6dfa57be":45,"1854ce44":45,"f92b22f1":45,"ece12664":45,"36f4ecde":45,"568a0d58":45,"5fd569d2":45,"10c8fd03":45,"bd4ccb49":45,"e773d697":45,"7e8c11e7":45,"077eb15a":45,"5337c279":45,"8d256cb6":45,"7021c619":45,"32ae00db":45,"bf2defb2":45,"272e7d0d":45,"dc874a97":45,"85a220de":45,"40a7cdd2":45,"ac033c7b":45,"87759976":45,"4df3f62e":45,"c881a53e":45,"80c1c8b1":45,"cf52acd8":45,"a63cb4ce":45,"d3b3492b":45,"7580cfa4":45,"22a96386":45,"5c672b50":45,"5df16440":45,"b666e56d":45,"8db378ff":45,"784d6375":45,"4541bf85":45,"a6b13f20":45,"2459c882":45,"3df97186":45,"ef0490de":45,"e0f47ced":45,"309bbf54":45,"cc537772":45,"6618390c":45,"99cc0813":45,"dc32c4e1":45,"239c636e":45,"6ee160ff":45,"c55d40ca":45,"22c177a8":45,"00ae883f":45,"f7ffcbb8":45,"5728f934":45,"00b26865":45,"c333337d":45,"815c56bc":45,"f416ee62":45,"0d2b182d":45,"320754c3":45,"232b2f64":45,"3171b6e7":45,"3b25460f":45,"d2064756":45,"f92596ee":45,"68831ea9":45,"9713d076":45,"fd098272":45,"6ee788a7":45,"8249641d":45,"45b0968f":45,"6a9bb182":45,"1f1afd4f":45,"25fb8826":45,"0dc5da58":45,"2874a625":45,"e61ae828":45,"f7ac3883":45,"ccd01528":45,"dab8cf68":45,"00f2a9cb":45,"916fe082":45,"b64dba8e":45,"c3bb30ce":45,"86219c70":45,"601990d8":45,"5c662c19":45,"d2a5d2fd":45,"89d220c2":45,"3e10c9cb":45,"5500a3e8":45,"3c0e87ac":45,"a891461f":45,"a246cdab":45,"117c7f0b":45,"0d21cf99":45,"14e6fe14":45,"5bd61a68":45,"8582c5cf":45,"0c353665":45,"231e8700":45,"1f9fbd85":45,"43f24679":45,"a1c0dfc4":45,"78f71162":45,"4b27a9a4":45,"163f4d19":45,"1d043d5a":45,"b2f82e06":45,"5b0b43e6":45,"b5474d69":45,"5a938eeb":45,"4fe0dedf":45,"951fc6d0":45,"61892a4c":45,"f096219e":45,"a3f0a6ec":45,"01051f84":45,"aa7e370d":45,"f995eeab":45,"4006e709":45,"0dedf63e":45,"a9d5374b":45,"4321f02d":45,"089b3f8f":45,"7698d0dc":45,"784414ce":45,"2df3efdb":45,"dfe4a061":45,"d0f1b7bd":45,"c2bf7d51":45,"a8edfe84":45,"2ed19b1e":45,"959e16ea":45,"02f76c64":45,"5c6d1f33":45,"b4801cae":45,"c3c2fd05":45,"f8c97147":45,"c2526ff3":45,"cc386067":45,"a22ffd8f":45,"3cd28a4d":45,"44a12c31":45,"45a961ca":45,"37ec5e73":45,"bfff7913":45,"f8636899":45,"37724339":45,"d45d9727":45,"ee5ff2a3":45,"44322dfd":45,"295e4d1d":45,"8cf6570a":45,"403064a0":45,"312af46e":45,"b5a9f8c3":45,"fcbc0ae8":45,"2ff6b6a8":45,"66a71cc1":45,"bf4b58e4":45,"e7799883":45,"781afef6":45,"4f9456cf":45,"de9229a0":45,"6e260ee8":45,"99a5feef":45,"f4f84279":45,"f6266388":45,"b0950de5":45,"6f873999":45,"e64fd39c":45,"1f4e0e22":45,"e1b3ce36":45,"60d69311":45,"3b09f1de":45,"625fa164":45,"0c6ae551":45,"b371f44a":45,"8b6180ff":45,"e8f4c1dd":45,"cede8b8c":45,"8819ac24":45,"ad95ff4a":45,"dbbf7f69":45,"893a99c5":45,"d8bf32b5":45,"0eb42efe":45,"03c4ab87":45,"4e3d3af7":45,"3a4803a8":45,"f7a7de5d":45,"d4e56c3e":45,"0c045c2d":45,"8efd4801":45,"7eb8f268":45,"20236d3e":45,"36ae8cd8":45,"5ca978fd":45,"668e601b":45,"7552d86c":45,"02ebf3b6":45,"bb17a968":45,"4abcb85d":45,"cba26072":45,"2a718dcc":45,"c6a9a8e1":45,"88854fd0":45,"8dc27d2a":45,"41d7f05d":45,"2b851827":45,"9f428a03":45,"4d504d96":45,"0533ece1":45,"bcee2ef3":45,"0afba00c":45,"04ff8100":45,"6c00d8d6":45,"ac9a02bc":45,"acfe69ed":45,"426603ff":45,"2db2f252":45,"2e84193b":45,"c55683c9":45,"51233daf":45,"3ddd5391":45,"07f69c6d":45,"2254f0f5":45,"ea282e84":45,"6653c83b":45,"c896052c":45,"287ecd1c":45,"f9376d3e":45,"07a94e8c":45,"bb017b49":45,"37b52fe4":45,"61ad1519":45,"819c4185":45,"ba69b06b":45,"7d2a2cb4":45,"4f62491c":45,"70b4c438":45,"71ed93db":45,"c92efaa8":45,"c241ac7e":45,"62a45672":45,"210e507a":45,"ac6e268b":45,"742238e8":45,"02791635":45,"be081247":45,"5cc47d1b":45,"678b846f":45,"b4bd39d8":45,"b4cdbe5d":45,"fa0386f3":45,"b95d0f17":45,"cee9c347":45
1601326971570,"d5d94481":46,"ffe48500":46,"c7a45a33":46,"faffe099":46,"e99490cd":46,"3b830769":46,"583f0305":46,"1557c50a":46,"249e80ab":46,"f52a3d94":46,"eb74d3dd":46,"3bcbc28d":46,"3c0455e7":46,"df203c79":46,"df1e1ac0":46,"491708eb":46,"e421caaa":46,"2d2ecf27":46,"d38a4953":46,"eba5efdd":46,"a5463f93":46,"c85ac4f8":46,"bc253f4f":46,"0d9d2bf8":46,"846b7f11":46,"d3411467":46,"1df0ce7f":46,"a08171d0":46,"c8bc5677":46,"dfca0518":46,"b9a21017":46,"e47705d3":46,"3cae4115":46,"0ccf4731":46,"c7c6782d":46,"54346574":46,"b12cbf87":46,"81942d9b":46,"699b90c1":46,"d9b5a7a8":46,"1e7914d2":46,"e5d8fdb2":46,"3412ab75":46,"bcac5daf":46,"62d028cc":46,"0af2cf39":46,"27491297":46,"7800e7ce":46,"77869ff0":46,"4b8f7b16":46,"89f75690":46,"cb363e2f":46,"cd802f02":46,"d3cca7eb":46,"e866a899":46,"5690e712":46,"0b92d2a9":46,"070bed95":46,"67e5d108":46,"3d37b94b":46,"842c97c2":46,"c4cef92b":46,"0eecdc5b":46,"b7e495ea":46,"45ec63c0":46,"0ddfde2c":46,"a8b41774":46,"81f0da2d":46,"1fcc8ba4":46,"75a9c117":46,"12ba54ec":46,"be391c1a":46,"37d8a5b7":46,"d5ab81c4":46,"2ecde685":46,"f0bd52d3":46,"dcc20f76":46,"666a8ef0":46,"c5b609f1":46,"4dc5849a":46,"d605c755":46,"8a8c1d67":46,"d041ea86":46,"1eda11b2":46,"fc442678":46
1601326972041,"18c73816":46,"e491161e":46,"b5087677":46,"16f60bed":46,"cb0c3481":46,"7664512c":46,"df9a53b8":46,"f6c27b2b":46,"945f6c24":46,"f1daea7e":46,"b8fb90e3":46,"56227e35":46,"0d6bf22a":46,"b87321d0":46,"43205b5d":46,"8982905a":46,"f6fe1ad7":46,"230064fa":46,"764e0abb":46,"bba6d88e":46,"ea3479ec":46,"32266fa3":46,"50b090c3":46,"8be24763":46,"eb4800b2":46,"6e0ce9dc":46,"87d9bec4":46,"e30dfa0c":46,"6da34174":46,"bfb849fa":46,"0a10b423":46,"9ef7cee7":46,"49f1a0d1":46,"5f04aa76":46,"ba297382":46,"0287db2a":46,"96abe4a9":46,"753b10b1":46,"cf14bd99":46,"782022f4":46,"322e833f":46,"ab3619e4":46,"106006ad":46,"c8237be9":46,"1416e8f5":46,"dde2eed5":46,"a208caa8":46,"cc6b3306":46,"8c2dfd9a":46,"f11267b9":46,"a483b15e":46,"f80ab49d":46,"95eaed39":46,"a5ba0ebb":46,"f53362a9":46,"1901ef7e":46,"960c2e6b":46,"3515e999":46,"d11f8f1b":46,"9d9eb027":46,"080d5d42":46,"325f9a29":46,"5d03f5dc":46,"f0a01341":46,"503aafe5":46,"1ee4d9f9":46,"0d6e45e7":46,"16605353":46,"77b39e15":46,"f1726edb":46,"92b72493":46,"d3e58903":46,"4481c4be":46,"7954891b":46,"4afd60a9":46,"d44c0ea3":46,"68f87858":46,"533bac6b":46,"41634dba":46,"43fd1327":46,"113e7f4b":46,"8cce569a":46,"ce6401b6":46,"6f57824c":46,"28bd7aa1":46,"1d52fb0d":46,"cde0d748":46,"535ed444":46,"710f0d0e":46,"0905f1fb":46,"a20e529c":46,"1ae76fcc":46,"35b161d3":46,"344cd1a3":46,"77ea1236":46,"590ce3d3":46,"1802d7ce":46,"0a49914b":46,"5d3f5cad":46,"cf347cba":46,"fc0c23f7":46,"641f9b9e":46,"c92edec5":46,"9f03c1e7":46,"06c24a8d":46,"96d2a118":46,"23a0e41f":46,"b32a1080":46,"a2c4b591":46,"6dfa57be":46,"1854ce44":46,"f92b22f1":46,"ece12664":46,"36f4ecde":46,"568a0d58":46,"5fd569d2":46,"10c8fd03":46,"bd4ccb49":46,"e773d697":46,"7e8c11e7":46,"077eb15a":46,"5337c279":46,"8d256cb6":46,"7021c619":46,"32ae00db":46,"bf2defb2":46,"bc733a28":46,"30d32d34":46,"886c16d3":46,"e8d09b62":46,"69798d15":46,"efea71fa":46,"fb3aa867":46,"c9cf710b":46,"fcacdeb3":46,"0ea055ed":46,"e3b1bdf8":46,"644b45fb":46,"0da97151":46,"e829038c":46,"4987cfb5":46,"ba90687c":46,"77f2cf92":46,"037e2be4":46,"9e7dbd20":46,"0c086273":46,"ac13c3b0":46,"b4d9c57f":46,"5d53c964":46,"8ee9cc91":46,"4cc0af91":46,"55f6a2ba":46,"9559ea96":46,"9cb044bf":46,"16b25add":46,"80ee333e":46,"3b329af2":46,"1cd662bf":46,"72992b35":46,"47589344":46,"593b1533":46,"e9f6e5ce":46,"ed6bead5":46,"96f594b9":46,"94dfcfc5":46,"8301986e":46,"830ecfec":46,"a8bae791":46,"312009ee":46,"c98759fd":46,"e8b6d676":46,"45ee5840":46,"76f04033":46,"43480b19":46,"fd955858":46,"ae562513":46,"7b66dacd":46,"9ab137d7":46,"7191d1cd":46,"005354dd":46,"2f35e75f":46,"3eddf7c8":46,"77970f8b":46,"efd594d5":46,"4718294d":46,"5352cf45":46,"e0ffe8ff":46,"ae14d6b5":46,"721f5f42":46,"0b50bca6":46,"bf2ca266":46,"5d8d9641":46,"0de67c6c":46,"2311399f":46,"5e3ebf5e":46,"9f6ca218":46,"6213799d":46,"44cb1fd2":46,"baf19c25":46,"24a79a6e":46,"edde30af":46,"4d949e11":46,"df12f689":46,"1da10cbf":46,"832c48e4":46,"dc90a44c":46,"1ad7c45b":46,"5566c17c":46,"86a22252":46,"0000dece":46,"ce5efdbe":46,"58ace2b5":46,"d379fd96":46,"7b819458":46,"7f8024cd":46,"5b09e53e":46,"da5bb0f7":46,"6d925c84":46,"50b23ab2":46,"edfa56d4":46,"899c16eb":46,"41c76041":46,"6bb1fa99":46,"d73ff72e":46,"61c0ca91":46,"d2fda7be":46,"ce20ca3c":46,"1d2d958b":46,"81fb6a01":46,"7f5b27c8":46,"fb3444d9":46,"f05de640":46,"86a68967":46,"56cd4dca":46,"7f469f4c":46,"f92dedfc":46,"355d1489":46,"f96fc1af":46,"06713bac":46,"3b3569f6":46,"b01ab62a":46,"76da16fa":46,"bffee581":46,"07150038":46,"080fa362":46,"7b6945ad":46,"a40d08e1":46,"cec79bc2":46,"d2eff358":46,"e70aebb5":46,"a488b2f1":46,"4caa87d6":46,"f7076e21":46,"69e653b6":46,"98d2991b":46,"3b411d6a":46,"83826ef3":46,"595609d5":46,"b47f1b89":46,"f1e86522":46,"fa03f48f":46,"8e6caf71":46,"9a3433b8":46,"5298dafa":46,"25f7f918":46,"b89112cb":46,"c5311ebb":46,"66736d5e":46,"30de89a7":46,"105bb3f6":46,"58de5462":46,"06aaa33f":46,"f01c896d":46,"320c65bf":46,"1fa1e7c2":46,"1f2670d0":46,"808bc372":46,"646af2b9":46,"962c9c8f":46,"c792a7c1":46,"5a7da061":46,"aec0bf28":46,"659389ad":46,"06a94514":46,"240c8679":46,"a017a323":46,"73c420df":46,"0718c3be":46,"8801c469":46,"b6281f1a":46,"0700da70":46,"8b503f7b":46,"48c6df81":46,"87a8523c":46,"ff591765":46,"5e165f43":46,"c416baa6":46,"93f12198":46,"ae350a07":46,"f8785b71":46,"62e270e5":46,"ab4a411a":46,"680a32a6":46,"66b1b6d7":46,"d7a4b24c":46,"83ba647d":46,"b062adc4":46,"686d5c0b":46,"cb0bd6b7":46,"4aae5133":46,"63a3af32":46,"8e426e39":46,"f15eb1c5":46,"51909df8":46,"3fec4b0b":46,"71789493":46,"5ac72353":46,"faa3de3e":46,"e22b0973":46,"d1b14d06":46,"44983d13":46,"23646ff9":46,"3abb827b":46,"f6c074a7":46,"80999122":46,"0c73c293":46,"72af9198":46,"ffd6849d":46,"e39e9552":46,"88929b06":46,"962fca02":46,"08c4692e":46,"81c1b70d":46,"75968179":46,"5b2479ef":46,"bc8bdc23":46,"e72f0f82":46,"a71f3f70":46,"88374b72":46,"1d882c36":46,"fdfaf1ed":46,"1f7aa83c":46,"eb62e8f2":46,"732d62ee":46,"ea981bed":46,"5e197575":46,"d4b0751c":46,"5b01444b":46,"e587c4d0":46,"525b2635":46,"79995b62":46,"272e7d0d":46,"f92596ee":46,"68831ea9":46,"9713d076":46,"fd098272":46,"6ee788a7":46,"61aca924":46,"d97fb857":46,"59ff5ec6":46,"ef04e64e":46,"6e2d04de":46,"2fca1798":46,"05028839":46,"5488826c":46,"84fff5c1":46,"c649992d":46,"d5ad3ed6":46,"8e5f7187":46,"55ba7579":46,"b7769ca6":46,"9c27de51":46,"38a75b48":46,"1792bfa3":46,"426f1904":46,"7c0f1ca9":46,"b2f820ac":46,"25d4f65d":46,"eddb6a2a":46,"ff8a00aa":46,"c146560b":46,"985068e7":46,"d543ba6f":46,"8249641d":46,"45b0968f":46,"6a9bb182":46,"1f1afd4f":46,"25fb8826":46,"0dc5da58":46,"2874a625":46,"e61ae828":46,"f7ac3883":46,"ccd01528":46,"dab8cf68":46,"00f2a9cb":46,"916fe082":46,"b64dba8e":46,"c3bb30ce":46,"86219c70":46,"601990d8":46,"5c662c19":46,"d2a5d2fd":46,"89d220c2":46,"3e10c9cb":46,"5500a3e8":46,"3c0e87ac":46,"a891461f":46,"a246cdab":46,"117c7f0b":46,"0d21cf99":46,"14e6fe14":46,"37ec5e73":46,"bfff7913":46,"f8636899":46,"37724339":46,"d45d9727":46,"9666b973":46,"653b27c7":46,"83b37fd6":46,"4d852788":46,"e43a9448":46,"3542b748":46,"379c53ab":46,"e396d80d":46,"7da61f27":46,"dc874a97":46,"85a220de":46,"40a7cdd2":46,"ac033c7b":46,"87759976":46,"4df3f62e":46,"c881a53e":46,"80c1c8b1":46,"cf52acd8":46,"a63cb4ce":46,"d3b3492b":46,"7580cfa4":46,"ee5ff2a3":46,"44322dfd":46,"f7ffcbb8":46,"5728f934":46,"00b26865":46,"c333337d":46,"815c56bc":46,"5bd61a68":46,"8582c5cf":46,"0c353665":46,"231e8700":46,"1f9fbd85":46,"43f24679":46,"a1c0dfc4":46,"295e4d1d":46,"8cf6570a":46,"403064a0":46,"312af46e":46,"b5a9f8c3":46,"fcbc0ae8":46,"caa38a45":46,"97160db8":46,"589f0d6e":46,"a9987a58":46,"b6b8e5c7":46,"51b4016a":46,"46bf9112":46,"e82177d3":46,"89914b94":46,"092ad3d6":46,"04bdf5e1":46,"bf940089":46,"da8b42be":46,"01f34f98":46,"1670b0d3":46,"3b0576bf":46,"9458934f":46,"ec97d63e":46,"94208a41":46,"1dcc489c":46,"2cbcad17":46,"945badf3":46,"4dccb5ca":46,"1327775b":46,"bdd40125":46,"83268abf":46,"578c4c95":46,"75fd47f7":46,"1c52a07e":46,"c606b472":46,"e70ccc25":46,"afd1494f":46,"ca6bffd3":46,"829c44a4":46,"e76e2617":46,"2b4fd52e":46,"57162572":46,"d1d50cfe":46,"2ff6b6a8":46,"66a71cc1":46,"bf4b58e4":46,"22a96386":46,"5c672b50":46,"5df16440":46,"b666e56d":46,"8db378ff":46,"784d6375":46,"4541bf85":46,"a6b13f20":46,"2459c882":46,"3df97186":46,"ef0490de":46,"e0f47ced":46,"309bbf54":46,"cc537772":46,"6618390c":46,"99cc0813":46,"dc32c4e1":46,"239c636e":46,"6ee160ff":46,"c55d40ca":46,"22c177a8":46,"00ae883f":46,"f416ee62":46,"0d2b182d":46,"320754c3":46,"232b2f64":46,"3171b6e7":46,"3b25460f":46,"d2064756":46,"a8edfe84":46,"2ed19b1e":46,"959e16ea":46,"02f76c64":46,"5c6d1f33":46,"b4801cae":46,"78f71162":46,"4b27a9a4":46,"163f4d19":46,"1d043d5a":46,"b2f82e06":46,"5b0b43e6":46,"b5474d69":46,"5a938eeb":46,"4fe0dedf":46,"951fc6d0":46,"61892a4c":46,"f096219e":46,"a3f0a6ec":46,"01051f84":46,"aa7e370d":46,"f995eeab":46,"4006e709":46,"0dedf63e":46,"a9d5374b":46,"4321f02d":46,"089b3f8f":46,"7698d0dc":46,"dfe4a061":46,"784414ce":46,"c2bf7d51":46,"781afef6":46,"2df3efdb":46,"de9229a0":46,"d0f1b7bd":46,"99a5feef":46,"e7799883":46,"f6266388":46,"4f9456cf":46,"e64fd39c":46,"6e260ee8":46,"e1b3ce36":46,"f4f84279":46,"b0950de5":46,"625fa164":46,"0c6ae551":46,"6f873999":46,"e8f4c1dd":46,"1f4e0e22":46,"60d69311":46,"cede8b8c":46,"ad95ff4a":46,"3b09f1de":46
1601326972317,"b371f44a":46,"893a99c5":46,"d8bf32b5":46,"8b6180ff":46,"0eb42efe":46,"8819ac24":46,"dbbf7f69":46,"03c4ab87":46,"4e3d3af7":46,"3a4803a8":46,"f7a7de5d":46,"d4e56c3e":46,"0c045c2d":46,"8efd4801":46,"7eb8f268":46,"20236d3e":46,"36ae8cd8":46,"3ddd5391":46,"07f69c6d":46,"2254f0f5":46,"ea282e84":46,"6653c83b":46,"c896052c":46,"287ecd1c":46,"f9376d3e":46,"07a94e8c":46,"c3c2fd05":46,"f8c97147":46,"c2526ff3":46,"cc386067":46,"a22ffd8f":46,"3cd28a4d":46,"44a12c31":46,"45a961ca":46,"5ca978fd":46,"668e601b":46,"7552d86c":46,"02ebf3b6":46,"bb17a968":46,"4abcb85d":46,"cba26072":46,"2a718dcc":46,"c6a9a8e1":46,"bb017b49":46,"37b52fe4":46,"61ad1519":46,"819c4185":46,"ba69b06b":46,"7d2a2cb4":46,"4f62491c":46,"70b4c438":46,"71ed93db":46,"c92efaa8":46,"c241ac7e":46,"62a45672":46,"210e507a":46,"ac6e268b":46,"742238e8":46,"88854fd0":46,"8dc27d2a":46,"41d7f05d":46,"2b851827":46,"9f428a03":46,"4d504d96":46,"0533ece1":46,"bcee2ef3":46,"0afba00c":46,"04ff8100":46,"6c00d8d6":46,"ac9a02bc":46,"acfe69ed":46,"426603ff":46,"2db2f252":46,"2e84193b":46,"c55683c9":46,"51233daf":46,"02791635":46,"be081247":46,"5cc47d1b":46,"678b846f":46,"b4bd39d8":46,"b4cdbe5d":46,"fa0386f3":46,"b95d0f17":46,"cee9c347":46
1601326974231,"d5d94481":47,"ffe48500":47,"c7a45a33":47,"7800e7ce":47,"77869ff0":47,"4b8f7b16":47,"89f75690":47,"cb363e2f":47,"cd802f02":47,"d3cca7eb":47,"e866a899":47,"5690e712":47,"0b92d2a9":47,"070bed95":47,"67e5d108":47,"3d37b94b":47,"842c97c2":47,"c4cef92b":47,"0eecdc5b":47,"b7e495ea":47,"45ec63c0":47,"0ddfde2c":47,"a8b41774":47,"81f0da2d":47,"1fcc8ba4":47,"faffe099":47,"e99490cd":47,"3b830769":47,"583f0305":47,"1557c50a":47,"249e80ab":47,"f52a3d94":47,"eb74d3dd":47,"3bcbc28d":47,"3c0455e7":47,"df203c79":47,"df1e1ac0":47,"491708eb":47,"e421caaa":47,"2d2ecf27":47,"d38a4953":47,"eba5efdd":47,"a5463f93":47,"c85ac4f8":47,"bc253f4f":47,"0d9d2bf8":47,"846b7f11":47,"d3411467":47,"1df0ce7f":47,"a08171d0":47,"c8bc5677":47,"dfca0518":47,"b9a21017":47,"e47705d3":47,"3cae4115":47,"0ccf4731":47,"c7c6782d":47,"54346574":47,"b12cbf87":47,"81942d9b":47,"699b90c1":47
1601326974763,"75a9c117":47,"12ba54ec":47,"be391c1a":47,"37d8a5b7":47,"d5ab81c4":47,"2ecde685":47,"f0bd52d3":47,"dcc20f76":47,"666a8ef0":47,"c5b609f1":47,"4dc5849a":47,"d605c755":47,"8a8c1d67":47,"cc6b3306":47,"8c2dfd9a":47,"f11267b9":47,"a483b15e":47,"f80ab49d":47,"95eaed39":47,"a5ba0ebb":47,"f53362a9":47,"1901ef7e":47,"960c2e6b":47,"3515e999":47,"d11f8f1b":47,"9d9eb027":47,"325f9a29":47,"503aafe5":47,"080d5d42":47,"5d03f5dc":47,"f0a01341":47,"1ee4d9f9":47,"0d6e45e7":47,"0da97151":47,"e829038c":47,"4987cfb5":47,"ba90687c":47,"77f2cf92":47,"037e2be4":47,"9e7dbd20":47,"0c086273":47,"ac13c3b0":47,"b4d9c57f":47,"5d53c964":47,"8ee9cc91":47,"4cc0af91":47,"55f6a2ba":47,"9559ea96":47,"9cb044bf":47,"16b25add":47,"80ee333e":47,"3b329af2":47,"1cd662bf":47,"72992b35":47,"47589344":47,"593b1533":47,"e9f6e5ce":47,"ed6bead5":47,"96f594b9":47,"94dfcfc5":47,"8301986e":47,"830ecfec":47,"a8bae791":47,"312009ee":47,"c98759fd":47,"e8b6d676":47,"45ee5840":47,"76f04033":47,"43480b19":47,"fd955858":47,"69798d15":47,"efea71fa":47,"fb3aa867":47,"c9cf710b":47,"fcacdeb3":47,"0ea055ed":47,"e3b1bdf8":47,"644b45fb":47,"590ce3d3":47,"1802d7ce":47,"0a49914b":47,"5d3f5cad":47,"cf347cba":47,"fc0c23f7":47,"641f9b9e":47,"18c73816":47,"e491161e":47,"b5087677":47,"16f60bed":47,"cb0c3481":47,"7664512c":47,"df9a53b8":47,"f6c27b2b":47,"945f6c24":47,"f1daea7e":47,"b8fb90e3":47,"56227e35":47,"0d6bf22a":47,"b87321d0":47,"43205b5d":47,"8982905a":47,"f6fe1ad7":47,"230064fa":47,"764e0abb":47,"bba6d88e":47,"c92edec5":47,"9f03c1e7":47,"06c24a8d":47,"2f35e75f":47,"3eddf7c8":47,"77970f8b":47,"efd594d5":47,"4718294d":47,"5352cf45":47,"e0ffe8ff":47,"ae14d6b5":47,"721f5f42":47,"0b50bca6":47,"bf2ca266":47,"5d8d9641":47,"0de67c6c":47,"2311399f":47,"5e3ebf5e":47,"9f6ca218":47,"6213799d":47,"44cb1fd2":47,"baf19c25":47,"24a79a6e":47,"edde30af":47,"4d949e11":47,"df12f689":47,"1da10cbf":47,"832c48e4":47,"dc90a44c":47,"1ad7c45b":47,"5566c17c":47,"86a22252":47,"0000dece":47,"ce5efdbe":47,"58ace2b5":47,"d9b5a7a8":47,"1e7914d2":47,"e5d8fdb2":47,"3412ab75":47,"bcac5daf":47,"62d028cc":47,"0af2cf39":47,"27491297":47,"d041ea86":47,"1eda11b2":47,"fc442678":47,"d379fd96":47,"7b819458":47,"7f8024cd":47,"ae562513":47,"7b66dacd":47,"9ab137d7":47,"7191d1cd":47,"005354dd":47,"ea3479ec":47,"32266fa3":47,"50b090c3":47,"8be24763":47,"eb4800b2":47,"6e0ce9dc":47,"87d9bec4":47,"e30dfa0c":47,"6da34174":47,"bfb849fa":47,"0a10b423":47,"9ef7cee7":47,"49f1a0d1":47,"5f04aa76":47,"ba297382":47,"0287db2a":47,"96abe4a9":47,"753b10b1":47,"cf14bd99":47,"782022f4":47,"322e833f":47,"ab3619e4":47,"106006ad":47,"c8237be9":47,"1416e8f5":47,"dde2eed5":47,"a208caa8":47,"16605353":47,"77b39e15":47,"f1726edb":47,"92b72493":47,"d3e58903":47,"4481c4be":47,"7954891b":47,"4afd60a9":47,"d44c0ea3":47,"68f87858":47,"3b3569f6":47,"b01ab62a":47,"76da16fa":47,"bffee581":47,"07150038":47,"080fa362":47,"7b6945ad":47,"a40d08e1":47,"cec79bc2":47,"d2eff358":47,"e70aebb5":47,"a488b2f1":47,"4caa87d6":47,"f7076e21":47,"69e653b6":47,"98d2991b":47,"533bac6b":47,"41634dba":47,"43fd1327":47,"113e7f4b":47,"8cce569a":47,"ce6401b6":47,"6f57824c":47,"28bd7aa1":47,"1d52fb0d":47,"cde0d748":47,"535ed444":47,"710f0d0e":47,"0905f1fb":47,"a20e529c":47,"1ae76fcc":47,"35b161d3":47,"344cd1a3":47,"77ea1236":47,"96d2a118":47,"23a0e41f":47,"b32a1080":47,"a2c4b591":47,"6dfa57be":47,"1854ce44":47,"f92b22f1":47,"ece12664":47,"36f4ecde":47,"568a0d58":47,"5fd569d2":47,"10c8fd03":47,"bd4ccb49":47,"e773d697":47,"7e8c11e7":47,"077eb15a":47,"5337c279":47,"8d256cb6":47,"7021c619":47,"5b09e53e":47,"da5bb0f7":47,"6d925c84":47,"50b23ab2":47,"edfa56d4":47,"899c16eb":47,"41c76041":47,"6bb1fa99":47,"d73ff72e":47,"61c0ca91":47,"d2fda7be":47,"ce20ca3c":47,"1d2d958b":47,"81fb6a01":47,"7f5b27c8":47,"32ae00db":47,"bf2defb2":47,"bc733a28":47,"30d32d34":47,"886c16d3":47,"e8d09b62":47,"3b411d6a":47,"83826ef3":47,"595609d5":47,"f1e86522":47,"b47f1b89":47,"fa03f48f":47,"5298dafa":47,"8e6caf71":47,"25f7f918":47,"9a3433b8":47,"c5311ebb":47,"b89112cb":47,"105bb3f6":47,"66736d5e":47,"58de5462":47,"30de89a7":47,"f01c896d":47,"06aaa33f":47,"1f2670d0":47,"320c65bf":47,"1fa1e7c2":47,"962c9c8f":47,"646af2b9":47,"aec0bf28":47,"808bc372":47,"a017a323":47,"659389ad":47,"8801c469":47,"240c8679":47,"c792a7c1":47,"b6281f1a":47,"5a7da061":47,"0718c3be":47,"8b503f7b":47,"06a94514":47,"48c6df81":47,"87a8523c":47,"5e165f43":47,"73c420df":47,"c416baa6":47,"0700da70":47,"f8785b71":47,"ff591765":47,"ae350a07":47,"ab4a411a":47,"93f12198":47,"d7a4b24c":47,"680a32a6":47,"83ba647d":47,"686d5c0b":47,"62e270e5":47,"cb0bd6b7":47,"66b1b6d7":47,"f15eb1c5":47,"b062adc4":47,"8e426e39":47,"71789493":47,"4aae5133":47,"fb3444d9":47,"f05de640":47,"86a68967":47,"56cd4dca":47,"7f469f4c":47,"f92dedfc":47,"355d1489":47,"f96fc1af":47,"06713bac":47,"61aca924":47,"d97fb857":47,"59ff5ec6":47,"ef04e64e":47,"6e2d04de":47,"2fca1798":47,"05028839":47,"5488826c":47,"84fff5c1":47,"c649992d":47,"d5ad3ed6":47,"8e5f7187":47,"55ba7579":47,"b7769ca6":47,"9c27de51":47,"38a75b48":47,"1792bfa3":47,"426f1904":47,"7c0f1ca9":47,"b2f820ac":47,"25d4f65d":47,"eddb6a2a":47,"ff8a00aa":47,"c146560b":47,"985068e7":47,"d543ba6f":47,"5ac72353":47,"51909df8":47,"63a3af32":47,"e22b0973":47,"d1b14d06":47,"3fec4b0b":47,"23646ff9":47,"f6c074a7":47,"3abb827b":47,"faa3de3e":47,"0c73c293":47,"ffd6849d":47,"44983d13":47,"88929b06":47,"962fca02":47,"80999122":47,"08c4692e":47,"75968179":47,"72af9198":47,"5b2479ef":47,"bc8bdc23":47,"1d882c36":47,"a71f3f70":47,"e39e9552":47,"81c1b70d":47,"1f7aa83c":47,"eb62e8f2":47,"e72f0f82":47,"732d62ee":47,"88374b72":47,"d4b0751c":47,"5b01444b":47,"fdfaf1ed":47,"ea981bed":47,"79995b62":47,"97160db8":47,"5e197575":47,"e587c4d0":47,"589f0d6e":47,"51b4016a":47,"525b2635":47,"caa38a45":47,"46bf9112":47,"a9987a58":47,"092ad3d6":47,"b6b8e5c7":47,"bf940089":47,"e82177d3":47,"01f34f98":47,"1670b0d3":47,"89914b94":47,"ec97d63e":47,"04bdf5e1":47,"da8b42be":47,"94208a41":47,"3b0576bf":47,"2cbcad17":47,"4dccb5ca":47,"9458934f":47,"83268abf":47,"1dcc489c":47,"578c4c95":47,"945badf3":47,"1327775b":47,"c606b472":47,"bdd40125":47,"75fd47f7":47,"1c52a07e":47,"e70ccc25":47,"afd1494f":47,"ca6bffd3":47,"829c44a4":47,"e76e2617":47,"2b4fd52e":47,"57162572":47,"d1d50cfe":47,"9666b973":47,"653b27c7":47,"83b37fd6":47,"4d852788":47,"e43a9448":47,"3542b748":47,"379c53ab":47,"e396d80d":47,"7da61f27":47,"dc874a97":47,"85a220de":47,"40a7cdd2":47,"ac033c7b":47,"87759976":47,"4df3f62e":47,"c881a53e":47,"80c1c8b1":47,"cf52acd8":47,"a63cb4ce":47,"d3b3492b":47,"7580cfa4":47
1601326975239,"272e7d0d":47,"f92596ee":47,"68831ea9":47,"9713d076":47,"fd098272":47,"6ee788a7":47,"8249641d":47,"45b0968f":47,"6a9bb182":47,"1f1afd4f":47,"25fb8826":47,"0dc5da58":47,"2874a625":47,"e61ae828":47,"f7ac3883":47,"ccd01528":47,"dab8cf68":47,"00f2a9cb":47,"916fe082":47,"b64dba8e":47,"c3bb30ce":47,"86219c70":47,"601990d8":47,"5c662c19":47,"d2a5d2fd":47,"89d220c2":47,"3e10c9cb":47,"5500a3e8":47,"3c0e87ac":47,"a891461f":47,"a246cdab":47,"117c7f0b":47,"0d21cf99":47,"14e6fe14":47,"37ec5e73":47,"bfff7913":47,"f8636899":47,"37724339":47,"d45d9727":47,"ee5ff2a3":47,"44322dfd":47,"295e4d1d":47,"8cf6570a":47,"403064a0":47,"312af46e":47,"b5a9f8c3":47,"fcbc0ae8":47,"2ff6b6a8":47,"66a71cc1":47,"bf4b58e4":47,"a8edfe84":47,"22a96386":47,"5c672b50":47,"5df16440":47,"b666e56d":47,"8db378ff":47,"784d6375":47,"4541bf85":47,"a6b13f20":47,"2459c882":47,"3df97186":47,"ef0490de":47,"e0f47ced":47,"309bbf54":47,"cc537772":47,"6618390c":47,"99cc0813":47,"dc32c4e1":47,"239c636e":47,"6ee160ff":47,"c55d40ca":47,"22c177a8":47,"00ae883f":47,"f416ee62":47,"0d2b182d":47,"320754c3":47,"232b2f64":47,"3171b6e7":47,"3b25460f":47,"d2064756":47,"f7ffcbb8":47,"5728f934":47,"00b26865":47,"c333337d":47,"815c56bc":47,"5bd61a68":47,"8582c5cf":47,"0c353665":47,"231e8700":47,"1f9fbd85":47,"43f24679":47,"a1c0dfc4":47,"78f71162":47,"4b27a9a4":47,"163f4d19":47,"1d043d5a":47,"b2f82e06":47,"5b0b43e6":47,"b5474d69":47,"5a938eeb":47,"dfe4a061":47,"4fe0dedf":47,"c2bf7d51":47,"951fc6d0":47,"781afef6":47,"61892a4c":47,"de9229a0":47,"f096219e":47,"99a5feef":47,"07a94e8c":47,"bb017b49":47,"37b52fe4":47,"61ad1519":47,"819c4185":47,"ba69b06b":47,"7d2a2cb4":47,"4f62491c":47,"70b4c438":47,"71ed93db":47,"c92efaa8":47,"c241ac7e":47,"62a45672":47,"210e507a":47,"ac6e268b":47,"742238e8":47,"f6266388":47,"a3f0a6ec":47,"01051f84":47,"e64fd39c":47,"e1b3ce36":47,"aa7e370d":47,"f995eeab":47,"625fa164":47,"0c6ae551":47,"4006e709":47,"0dedf63e":47,"e8f4c1dd":47,"cede8b8c":47,"a9d5374b":47,"ad95ff4a":47,"4321f02d":47,"893a99c5":47,"089b3f8f":47,"d8bf32b5":47,"7698d0dc":47,"0eb42efe":47,"784414ce":47,"2df3efdb":47,"03c4ab87":47,"4e3d3af7":47,"d0f1b7bd":47,"3a4803a8":47,"e7799883":47,"f7a7de5d":47,"4f9456cf":47,"6e260ee8":47,"d4e56c3e":47,"f4f84279":47,"0c045c2d":47,"8efd4801":47,"b0950de5":47,"7eb8f268":47,"6f873999":47,"20236d3e":47,"1f4e0e22":47,"36ae8cd8":47,"60d69311":47,"3ddd5391":47,"3b09f1de":47,"b371f44a":47,"07f69c6d":47,"2254f0f5":47,"8b6180ff":47,"ea282e84":47,"8819ac24":47,"dbbf7f69":47,"6653c83b":47,"c896052c":47,"287ecd1c":47,"f9376d3e":47,"ac9a02bc":47,"acfe69ed":47,"426603ff":47,"2db2f252":47,"2e84193b":47,"c55683c9":47,"51233daf":47,"02791635":47,"be081247":47,"5cc47d1b":47,"678b846f":47,"b4bd39d8":47,"b4cdbe5d":47,"fa0386f3":47,"b95d0f17":47,"cee9c347":47,"2ed19b1e":47,"959e16ea":47,"02f76c64":47,"5c6d1f33":47,"b4801cae":47,"c3c2fd05":47,"f8c97147":47,"c2526ff3":47,"cc386067":47,"a22ffd8f":47,"3cd28a4d":47,"44a12c31":47,"45a961ca":47,"5ca978fd":47,"668e601b":47,"7552d86c":47,"02ebf3b6":47,"bb17a968":47,"4abcb85d":47,"cba26072":47,"2a718dcc":47,"c6a9a8e1":47,"88854fd0":47,"8dc27d2a":47,"41d7f05d":47,"2b851827":47,"9f428a03":47,"4d504d96":47,"0533ece1":47,"bcee2ef3":47,"0afba00c":47,"04ff8100":47,"6c00d8d6":47
1601326976967,"7800e7ce":48,"77869ff0":48,"4b8f7b16":48,"89f75690":48,"cb363e2f":48,"cd802f02":48,"d3cca7eb":48,"e866a899":48,"5690e712":48,"0b92d2a9":48,"070bed95":48,"67e5d108":48,"3d37b94b":48,"842c97c2":48,"c4cef92b":48,"0eecdc5b":48,"b7e495ea":48,"45ec63c0":48,"0ddfde2c":48,"a8b41774":48,"81f0da2d":48,"1fcc8ba4":48,"75a9c117":48,"12ba54ec":48,"be391c1a":48,"37d8a5b7":48,"d5ab81c4":48,"2ecde685":48,"f0bd52d3":48,"dcc20f76":48,"666a8ef0":48,"c5b609f1":48,"4dc5849a":48,"d605c755":48,"8a8c1d67":48,"cc6b3306":48,"8c2dfd9a":48,"f11267b9":48,"a483b15e":48,"f80ab49d":48,"95eaed39":48,"a5ba0ebb":48,"f53362a9":48,"1901ef7e":48,"960c2e6b":48,"3515e999":48,"d11f8f1b":48,"9d9eb027":48,"325f9a29":48,"080d5d42":48,"5d03f5dc":48,"503aafe5":48,"f0a01341":48,"1ee4d9f9":48,"0d6e45e7":48,"0da97151":48,"e829038c":48,"4987cfb5":48,"ba90687c":48,"77f2cf92":48,"037e2be4":48,"9e7dbd20":48,"0c086273":48,"d5d94481":48,"ffe48500":48,"c7a45a33":48,"faffe099":48,"e99490cd":48,"3b830769":48,"583f0305":48,"1557c50a":48,"249e80ab":48,"ac13c3b0":48,"b4d9c57f":48,"5d53c964":48,"8ee9cc91":48,"4cc0af91":48,"55f6a2ba":48,"9559ea96":48,"9cb044bf":48,"16b25add":48,"80ee333e":48,"3b329af2":48,"1cd662bf":48,"72992b35":48,"47589344":48,"593b1533":48,"e9f6e5ce":48,"ed6bead5":48,"96f594b9":48,"94dfcfc5":48,"8301986e":48,"830ecfec":48,"a8bae791":48,"312009ee":48,"c98759fd":48,"e8b6d676":48,"45ee5840":48,"76f04033":48,"43480b19":48,"fd955858":48,"69798d15":48,"efea71fa":48,"fb3aa867":48,"c9cf710b":48,"fcacdeb3":48,"590ce3d3":48,"1802d7ce":48,"0a49914b":48,"5d3f5cad":48,"cf347cba":48,"fc0c23f7":48,"641f9b9e":48,"c92edec5":48,"9f03c1e7":48,"06c24a8d":48,"0ea055ed":48,"e3b1bdf8":48,"644b45fb":48,"2f35e75f":48,"3eddf7c8":48,"77970f8b":48,"efd594d5":48,"4718294d":48,"5352cf45":48,"18c73816":48,"e491161e":48,"b5087677":48,"16f60bed":48,"cb0c3481":48,"7664512c":48,"df9a53b8":48,"f6c27b2b":48,"945f6c24":48,"f1daea7e":48,"b8fb90e3":48,"56227e35":48,"0d6bf22a":48,"e0ffe8ff":48,"ae14d6b5":48,"721f5f42":48,"0b50bca6":48,"bf2ca266":48,"5d8d9641":48,"0de67c6c":48,"2311399f":48,"5e3ebf5e":48,"9f6ca218":48,"6213799d":48,"44cb1fd2":48,"baf19c25":48,"f52a3d94":48,"eb74d3dd":48,"3bcbc28d":48,"3c0455e7":48,"df203c79":48,"df1e1ac0":48,"491708eb":48,"e421caaa":48,"2d2ecf27":48,"d38a4953":48,"eba5efdd":48,"a5463f93":48,"c85ac4f8":48,"bc253f4f":48,"0d9d2bf8":48,"846b7f11":48,"d3411467":48,"1df0ce7f":48,"a08171d0":48,"c8bc5677":48,"dfca0518":48,"b9a21017":48,"e47705d3":48,"3cae4115":48,"0ccf4731":48,"c7c6782d":48,"54346574":48,"b12cbf87":48,"81942d9b":48,"699b90c1":48,"d9b5a7a8":48,"1e7914d2":48,"e5d8fdb2":48,"3412ab75":48,"bcac5daf":48,"62d028cc":48,"24a79a6e":48,"edde30af":48,"4d949e11":48,"df12f689":48,"1da10cbf":48,"832c48e4":48,"dc90a44c":48
1601326977256,"0af2cf39":48,"27491297":48,"d041ea86":48,"1eda11b2":48,"fc442678":48,"3b3569f6":48,"b01ab62a":48,"76da16fa":48,"bffee581":48,"07150038":48,"5b09e53e":48,"da5bb0f7":48,"6d925c84":48,"080fa362":48,"7b6945ad":48,"a40d08e1":48,"cec79bc2":48,"d2eff358":48,"e70aebb5":48,"b87321d0":48,"43205b5d":48,"8982905a":48,"f6fe1ad7":48,"230064fa":48,"764e0abb":48,"bba6d88e":48,"ea3479ec":48,"32266fa3":48,"50b090c3":48,"8be24763":48,"eb4800b2":48,"6e0ce9dc":48,"87d9bec4":48,"e30dfa0c":48,"6da34174":48,"bfb849fa":48,"0a10b423":48,"9ef7cee7":48,"49f1a0d1":48,"5f04aa76":48,"ba297382":48,"0287db2a":48,"96abe4a9":48,"753b10b1":48,"cf14bd99":48,"782022f4":48,"322e833f":48,"ab3619e4":48,"106006ad":48,"c8237be9":48,"1416e8f5":48,"dde2eed5":48,"a208caa8":48,"a488b2f1":48,"4caa87d6":48,"f7076e21":48,"69e653b6":48,"98d2991b":48,"3b411d6a":48,"83826ef3":48,"595609d5":48,"b47f1b89":48,"8e6caf71":48,"9a3433b8":48,"b89112cb":48,"66736d5e":48,"30de89a7":48,"06aaa33f":48,"320c65bf":48,"1fa1e7c2":48,"646af2b9":48,"659389ad":48,"240c8679":48,"0718c3be":48,"8b503f7b":48,"f1e86522":48,"87a8523c":48,"c416baa6":48,"fa03f48f":48,"ae350a07":48,"5298dafa":48,"25f7f918":48,"680a32a6":48,"83ba647d":48,"c5311ebb":48,"cb0bd6b7":48,"105bb3f6":48,"58de5462":48,"8e426e39":48,"51909df8":48,"f01c896d":48,"e22b0973":48,"1f2670d0":48,"50b23ab2":48,"edfa56d4":48,"899c16eb":48,"41c76041":48,"6bb1fa99":48,"d73ff72e":48,"61c0ca91":48,"d2fda7be":48,"ce20ca3c":48,"1d2d958b":48,"81fb6a01":48,"7f5b27c8":48,"fb3444d9":48,"f05de640":48,"86a68967":48,"56cd4dca":48,"7f469f4c":48,"f92dedfc":48,"355d1489":48,"f96fc1af":48,"06713bac":48,"61aca924":48,"d97fb857":48,"59ff5ec6":48,"ef04e64e":48,"6e2d04de":48,"2fca1798":48,"05028839":48,"5488826c":48,"84fff5c1":48,"c649992d":48,"d5ad3ed6":48,"8e5f7187":48,"55ba7579":48,"962c9c8f":48,"23646ff9":48,"808bc372":48,"aec0bf28":48,"3abb827b":48,"c792a7c1":48,"a017a323":48,"0c73c293":48,"88929b06":48,"8801c469":48,"5a7da061":48,"08c4692e":48,"06a94514":48,"b6281f1a":48,"48c6df81":48,"73c420df":48,"5b2479ef":48,"5e165f43":48,"1d882c36":48,"0700da70":48,"f8785b71":48,"ff591765":48,"eb62e8f2":48,"ab4a411a":48,"d7a4b24c":48,"93f12198":48,"686d5c0b":48,"62e270e5":48,"f15eb1c5":48,"66b1b6d7":48,"b062adc4":48,"71789493":48,"5ac72353":48,"4aae5133":48,"63a3af32":48,"d1b14d06":48,"f6c074a7":48,"3fec4b0b":48,"ffd6849d":48,"faa3de3e":48,"44983d13":48,"962fca02":48,"75968179":48,"80999122":48,"bc8bdc23":48,"72af9198":48,"a71f3f70":48,"e39e9552":48,"81c1b70d":48,"1f7aa83c":48,"e72f0f82":48,"732d62ee":48,"d4b0751c":48,"88374b72":48,"5b01444b":48,"fdfaf1ed":48,"ea981bed":48,"79995b62":48,"97160db8":48,"5e197575":48,"b7769ca6":48,"9c27de51":48,"38a75b48":48,"1792bfa3":48,"426f1904":48,"7c0f1ca9":48,"b2f820ac":48,"25d4f65d":48,"eddb6a2a":48,"ff8a00aa":48,"c146560b":48,"985068e7":48,"d543ba6f":48,"589f0d6e":48,"e587c4d0":48,"36f4ecde":48,"568a0d58":48,"5fd569d2":48,"10c8fd03":48,"bd4ccb49":48,"e773d697":48,"7e8c11e7":48,"077eb15a":48,"5337c279":48,"8d256cb6":48,"7021c619":48,"32ae00db":48,"bf2defb2":48,"bc733a28":48,"30d32d34":48,"886c16d3":48,"e8d09b62":48,"525b2635":48,"51b4016a":48,"caa38a45":48,"46bf9112":48,"092ad3d6":48,"a9987a58":48,"16605353":48,"77b39e15":48,"f1726edb":48,"92b72493":48,"d3e58903":48,"4481c4be":48,"7954891b":48,"4afd60a9":48,"d44c0ea3":48,"68f87858":48,"533bac6b":48,"41634dba":48,"43fd1327":48,"113e7f4b":48,"8cce569a":48,"ce6401b6":48,"6f57824c":48,"28bd7aa1":48,"1d52fb0d":48,"cde0d748":48,"535ed444":48,"710f0d0e":48,"0905f1fb":48,"a20e529c":48,"1ae76fcc":48,"35b161d3":48,"344cd1a3":48,"77ea1236":48,"96d2a118":48,"23a0e41f":48,"b32a1080":48,"a2c4b591":48,"6dfa57be":48,"1854ce44":48,"f92b22f1":48,"ece12664":48,"b6b8e5c7":48,"bf940089":48,"e82177d3":48,"01f34f98":48,"1670b0d3":48,"89914b94":48,"ec97d63e":48,"04bdf5e1":48,"da8b42be":48,"94208a41":48,"2cbcad17":48,"3b0576bf":48,"4dccb5ca":48,"9458934f":48,"83268abf":48,"1dcc489c":48,"945badf3":48,"578c4c95":48,"1327775b":48,"c606b472":48,"bdd40125":48,"75fd47f7":48,"1c52a07e":48,"e70ccc25":48,"afd1494f":48,"ca6bffd3":48,"829c44a4":48,"e76e2617":48,"2b4fd52e":48,"57162572":48,"d1d50cfe":48,"9666b973":48,"653b27c7":48,"83b37fd6":48,"4d852788":48,"e43a9448":48,"3542b748":48,"379c53ab":48,"e396d80d":48,"7da61f27":48,"dc874a97":48,"85a220de":48,"40a7cdd2":48,"ac033c7b":48,"87759976":48,"4df3f62e":48,"c881a53e":48,"80c1c8b1":48,"cf52acd8":48,"a63cb4ce":48,"d3b3492b":48,"7580cfa4":48,"22a96386":48,"5c672b50":48,"5df16440":48,"b666e56d":48,"8db378ff":48,"784d6375":48,"4541bf85":48,"a6b13f20":48,"2459c882":48,"3df97186":48,"ef0490de":48,"e0f47ced":48,"309bbf54":48,"cc537772":48,"6618390c":48,"99cc0813":48,"dc32c4e1":48,"239c636e":48,"6ee160ff":48,"c55d40ca":48,"22c177a8":48,"00ae883f":48,"f416ee62":48,"0d2b182d":48,"320754c3":48,"232b2f64":48,"3171b6e7":48,"3b25460f":48,"d2064756":48,"272e7d0d":48,"f92596ee":48,"68831ea9":48,"9713d076":48,"fd098272":48,"6ee788a7":48,"8249641d":48,"45b0968f":48,"6a9bb182":48,"1ad7c45b":48,"5566c17c":48,"86a22252":48,"0000dece":48,"ce5efdbe":48,"58ace2b5":48,"d379fd96":48,"7b819458":48,"7f8024cd":48,"ae562513":48,"7b66dacd":48,"9ab137d7":48,"7191d1cd":48,"005354dd":48,"f7ffcbb8":48,"5728f934":48,"00b26865":48,"c333337d":48,"815c56bc":48,"5bd61a68":48,"8582c5cf":48,"0c353665":48,"231e8700":48,"1f9fbd85":48,"43f24679":48,"a1c0dfc4":48,"78f71162":48,"4b27a9a4":48,"163f4d19":48,"1d043d5a":48,"b2f82e06":48,"5b0b43e6":48,"b5474d69":48,"1f1afd4f":48,"25fb8826":48,"0dc5da58":48,"2874a625":48,"e61ae828":48,"f7ac3883":48,"ccd01528":48,"dab8cf68":48,"00f2a9cb":48,"916fe082":48,"b64dba8e":48,"c3bb30ce":48,"86219c70":48,"601990d8":48,"5c662c19":48,"d2a5d2fd":48,"89d220c2":48,"3e10c9cb":48,"5500a3e8":48,"3c0e87ac":48,"a891461f":48,"a246cdab":48,"117c7f0b":48,"0d21cf99":48,"14e6fe14":48,"37ec5e73":48,"bfff7913":48,"f8636899":48,"5a938eeb":48,"4fe0dedf":48,"dfe4a061":48,"951fc6d0":48,"c2bf7d51":48,"61892a4c":48,"781afef6":48,"de9229a0":48,"f096219e":48,"a3f0a6ec":48,"99a5feef":48,"01051f84":48,"f6266388":48,"aa7e370d":48,"e64fd39c":48,"e1b3ce36":48,"f995eeab":48,"625fa164":48,"4006e709":48,"0c6ae551":48,"0dedf63e":48,"a9d5374b":48,"e8f4c1dd":48,"4321f02d":48,"cede8b8c":48,"ad95ff4a":48,"089b3f8f":48,"893a99c5":48,"7698d0dc":48,"d8bf32b5":48,"784414ce":48,"2df3efdb":48,"0eb42efe":48,"d0f1b7bd":48,"03c4ab87":48,"4e3d3af7":48,"e7799883":48,"3a4803a8":48,"4f9456cf":48,"6e260ee8":48,"f7a7de5d":48,"f4f84279":48,"d4e56c3e":48,"0c045c2d":48,"b0950de5":48,"8efd4801":48,"6f873999":48,"7eb8f268":48,"1f4e0e22":48,"20236d3e":48,"60d69311":48,"36ae8cd8":48,"3b09f1de":48,"b371f44a":48,"3ddd5391":48,"8b6180ff":48,"07f69c6d":48,"a8edfe84":48,"2ed19b1e":48,"959e16ea":48,"02f76c64":48,"5c6d1f33":48,"b4801cae":48,"c3c2fd05":48,"f8c97147":48,"c2526ff3":48,"cc386067":48,"a22ffd8f":48,"3cd28a4d":48,"44a12c31":48,"45a961ca":48,"5ca978fd":48,"668e601b":48,"7552d86c":48,"02ebf3b6":48,"bb17a968":48,"4abcb85d":48,"cba26072":48,"2a718dcc":48,"c6a9a8e1":48,"88854fd0":48,"8dc27d2a":48,"41d7f05d":48,"2b851827":48,"37724339":48,"d45d9727":48,"ee5ff2a3":48,"44322dfd":48,"295e4d1d":48,"8cf6570a":48,"403064a0":48,"312af46e":48,"b5a9f8c3":48,"fcbc0ae8":48,"2ff6b6a8":48,"66a71cc1":48,"bf4b58e4":48,"8819ac24":48,"2254f0f5":48,"dbbf7f69":48,"ea282e84":48,"6653c83b":48,"c896052c":48,"287ecd1c":48,"f9376d3e":48,"07a94e8c":48,"bb017b49":48,"37b52fe4":48,"61ad1519":48,"819c4185":48,"ba69b06b":48,"7d2a2cb4":48,"4f62491c":48,"70b4c438":48,"71ed93db":48,"c92efaa8":48,"c241ac7e":48,"62a45672":48,"210e507a":48,"ac6e268b":48,"742238e8":48,"9f428a03":48,"4d504d96":48,"0533ece1":48,"bcee2ef3":48,"0afba00c":48,"04ff8100":48,"6c00d8d6":48,"ac9a02bc":48,"acfe69ed":48,"426603ff":48,"2db2f252":48,"2e84193b":48,"c55683c9":48,"51233daf":48,"02791635":48,"be081247":48,"5cc47d1b":48,"678b846f":48,"b4bd39d8":48,"b4cdbe5d":48,"fa0386f3":48,"b95d0f17":48,"cee9c347":48
1601326979872,"7800e7ce":49,"77869ff0":49,"4b8f7b16":49,"89f75690":49,"cb363e2f":49,"cd802f02":49,"d3cca7eb":49,"e866a899":49,"5690e712":49,"0b92d2a9":49,"070bed95":49,"67e5d108":49,"3d37b94b":49,"842c97c2":49,"c4cef92b":49,"0eecdc5b":49,"b7e495ea":49,"45ec63c0":49,"0ddfde2c":49,"a8b41774":49,"81f0da2d":49,"1fcc8ba4":49,"75a9c117":49,"12ba54ec":49,"be391c1a":49,"37d8a5b7":49,"d5ab81c4":49,"2ecde685":49,"f0bd52d3":49,"dcc20f76":49,"666a8ef0":49,"c5b609f1":49,"4dc5849a":49,"d605c755":49,"8a8c1d67":49,"cc6b3306":49,"8c2dfd9a":49,"f11267b9":49,"a483b15e":49,"f80ab49d":49,"95eaed39":49,"a5ba0ebb":49,"f53362a9":49,"1901ef7e":49,"960c2e6b":49,"3515e999":49,"d11f8f1b":49,"9d9eb027":49,"325f9a29":49,"503aafe5":49,"080d5d42":49,"5d03f5dc":49,"f0a01341":49,"1ee4d9f9":49,"0d6e45e7":49,"0da97151":49,"e829038c":49,"4987cfb5":49,"ba90687c":49,"77f2cf92":49,"037e2be4":49,"9e7dbd20":49,"0c086273":49,"ac13c3b0":49,"b4d9c57f":49,"5d53c964":49,"d5d94481":49,"ffe48500":49,"c7a45a33":49,"faffe099":49,"e99490cd":49,"3b830769":49,"583f0305":49,"1557c50a":49,"249e80ab":49,"f52a3d94":49,"eb74d3dd":49,"8ee9cc91":49,"4cc0af91":49,"55f6a2ba":49,"9559ea96":49,"9cb044bf":49,"16b25add":49,"80ee333e":49,"3b329af2":49,"1cd662bf":49,"72992b35":49,"47589344":49,"593b1533":49,"e9f6e5ce":49,"ed6bead5":49,"96f594b9":49,"94dfcfc5":49,"8301986e":49,"830ecfec":49,"a8bae791":49,"312009ee":49,"c98759fd":49,"e8b6d676":49,"45ee5840":49,"76f04033":49,"43480b19":49,"fd955858":49,"69798d15":49,"efea71fa":49,"fb3aa867":49,"c9cf710b":49,"fcacdeb3":49,"0ea055ed":49,"e3b1bdf8":49,"644b45fb":49,"590ce3d3":49,"1802d7ce":49,"0a49914b":49,"5d3f5cad":49,"cf347cba":49,"fc0c23f7":49,"641f9b9e":49,"c92edec5":49,"9f03c1e7":49,"06c24a8d":49
1601326980145,"18c73816":49,"e491161e":49,"b5087677":49,"16f60bed":49,"cb0c3481":49,"7664512c":49,"df9a53b8":49,"f6c27b2b":49,"945f6c24":49,"f1daea7e":49,"b8fb90e3":49,"56227e35":49,"0d6bf22a":49,"b87321d0":49,"43205b5d":49,"8982905a":49,"f6fe1ad7":49,"230064fa":49,"764e0abb":49,"bba6d88e":49,"ea3479ec":49,"32266fa3":49,"50b090c3":49,"8be24763":49,"eb4800b2":49,"6e0ce9dc":49,"87d9bec4":49,"e30dfa0c":49,"6da34174":49,"bfb849fa":49,"0a10b423":49,"9ef7cee7":49,"49f1a0d1":49,"5f04aa76":49,"ba297382":49,"0287db2a":49,"96abe4a9":49,"753b10b1":49,"cf14bd99":49,"782022f4":49,"322e833f":49,"ab3619e4":49,"106006ad":49,"c8237be9":49,"1416e8f5":49,"dde2eed5":49,"a208caa8":49,"16605353":49,"77b39e15":49,"f1726edb":49,"92b72493":49,"d3e58903":49,"4481c4be":49,"7954891b":49,"4afd60a9":49,"d44c0ea3":49,"68f87858":49,"533bac6b":49,"41634dba":49,"43fd1327":49,"113e7f4b":49,"8cce569a":49,"fc442678":49,"ce6401b6":49,"6f57824c":49,"28bd7aa1":49,"1d52fb0d":49,"cde0d748":49,"3bcbc28d":49,"3c0455e7":49,"df203c79":49,"df1e1ac0":49,"491708eb":49,"e421caaa":49,"2d2ecf27":49,"d38a4953":49,"eba5efdd":49,"a5463f93":49,"c85ac4f8":49,"bc253f4f":49,"0d9d2bf8":49,"846b7f11":49,"d3411467":49,"1df0ce7f":49,"a08171d0":49,"c8bc5677":49,"dfca0518":49,"b9a21017":49,"e47705d3":49,"3cae4115":49,"0ccf4731":49,"c7c6782d":49,"54346574":49,"b12cbf87":49,"81942d9b":49,"699b90c1":49,"d9b5a7a8":49,"1e7914d2":49,"e5d8fdb2":49,"3412ab75":49,"bcac5daf":49,"62d028cc":49,"0af2cf39":49,"27491297":49,"d041ea86":49,"1eda11b2":49,"535ed444":49,"710f0d0e":49,"0905f1fb":49,"a20e529c":49,"1ae76fcc":49,"35b161d3":49,"344cd1a3":49,"77ea1236":49,"96d2a118":49,"23a0e41f":49,"b32a1080":49,"a2c4b591":49,"6dfa57be":49,"1854ce44":49,"f92b22f1":49,"ece12664":49,"36f4ecde":49,"568a0d58":49,"5fd569d2":49,"10c8fd03":49,"bd4ccb49":49,"e773d697":49,"7e8c11e7":49,"077eb15a":49,"5337c279":49,"8d256cb6":49,"7021c619":49,"32ae00db":49,"bf2defb2":49,"bc733a28":49,"30d32d34":49,"886c16d3":49,"e8d09b62":49,"3b3569f6":49,"b01ab62a":49,"76da16fa":49,"bffee581":49,"07150038":49,"080fa362":49,"7b6945ad":49,"a40d08e1":49,"cec79bc2":49,"5b09e53e":49,"da5bb0f7":49,"6d925c84":49,"50b23ab2":49,"edfa56d4":49,"899c16eb":49,"41c76041":49,"6bb1fa99":49,"d73ff72e":49,"61c0ca91":49,"d2fda7be":49,"ce20ca3c":49,"1d2d958b":49,"81fb6a01":49,"7f5b27c8":49,"fb3444d9":49,"f05de640":49,"86a68967":49,"56cd4dca":49,"7f469f4c":49,"d2eff358":49,"e70aebb5":49,"a488b2f1":49,"4caa87d6":49,"f7076e21":49,"69e653b6":49,"98d2991b":49,"3b411d6a":49,"83826ef3":49,"595609d5":49,"b47f1b89":49,"8e6caf71":49,"9a3433b8":49,"b89112cb":49,"66736d5e":49,"30de89a7":49,"06aaa33f":49,"320c65bf":49,"1fa1e7c2":49,"646af2b9":49,"659389ad":49,"240c8679":49,"0718c3be":49,"8b503f7b":49,"87a8523c":49,"f1e86522":49,"c416baa6":49,"fa03f48f":49,"ae350a07":49,"5298dafa":49,"680a32a6":49,"25f7f918":49,"83ba647d":49,"cb0bd6b7":49,"c5311ebb":49,"105bb3f6":49,"8e426e39":49,"58de5462":49,"51909df8":49,"e22b0973":49,"f01c896d":49,"1f2670d0":49,"23646ff9":49,"3abb827b":49,"962c9c8f":49,"aec0bf28":49,"0c73c293":49,"f92dedfc":49,"355d1489":49,"f96fc1af":49,"06713bac":49,"61aca924":49,"d97fb857":49,"59ff5ec6":49,"ef04e64e":49,"6e2d04de":49,"2fca1798":49,"05028839":49,"5488826c":49,"84fff5c1":49,"c649992d":49,"d5ad3ed6":49,"8e5f7187":49,"55ba7579":49,"b7769ca6":49,"9c27de51":49,"38a75b48":49,"1792bfa3":49,"426f1904":49,"7c0f1ca9":49,"b2f820ac":49,"25d4f65d":49,"eddb6a2a":49,"ff8a00aa":49,"c146560b":49,"985068e7":49,"d543ba6f":49,"2f35e75f":49,"3eddf7c8":49,"77970f8b":49,"efd594d5":49,"4718294d":49,"5352cf45":49,"e0ffe8ff":49,"ae14d6b5":49,"721f5f42":49,"0b50bca6":49,"bf2ca266":49,"5d8d9641":49,"0de67c6c":49,"2311399f":49,"5e3ebf5e":49,"9f6ca218":49,"6213799d":49,"44cb1fd2":49,"baf19c25":49,"24a79a6e":49,"edde30af":49,"4d949e11":49,"df12f689":49,"1da10cbf":49,"832c48e4":49,"dc90a44c":49,"1ad7c45b":49,"5566c17c":49,"86a22252":49,"0000dece":49,"ce5efdbe":49,"58ace2b5":49,"d379fd96":49,"7b819458":49,"7f8024cd":49,"ae562513":49,"7b66dacd":49,"9ab137d7":49,"7191d1cd":49,"005354dd":49,"272e7d0d":49,"f92596ee":49,"68831ea9":49,"9713d076":49,"fd098272":49,"6ee788a7":49,"8249641d":49,"45b0968f":49,"6a9bb182":49,"1f1afd4f":49,"25fb8826":49,"0dc5da58":49,"2874a625":49,"e61ae828":49,"f7ac3883":49,"ccd01528":49,"dab8cf68":49,"00f2a9cb":49,"4dccb5ca":49,"04bdf5e1":49,"83268abf":49,"da8b42be":49,"3b0576bf":49,"578c4c95":49,"9458934f":49,"c606b472":49,"1dcc489c":49,"945badf3":49,"1327775b":49,"bdd40125":49,"75fd47f7":49,"1c52a07e":49,"e70ccc25":49,"afd1494f":49,"ca6bffd3":49,"829c44a4":49,"e76e2617":49,"2b4fd52e":49,"57162572":49,"d1d50cfe":49,"916fe082":49,"b64dba8e":49,"c3bb30ce":49,"86219c70":49,"601990d8":49,"5c662c19":49,"88929b06":49,"a017a323":49,"08c4692e":49,"8801c469":49,"b6281f1a":49,"5b2479ef":49,"48c6df81":49,"808bc372":49,"1d882c36":49,"c792a7c1":49,"5e165f43":49,"eb62e8f2":49,"5a7da061":49,"f8785b71":49,"06a94514":49,"ab4a411a":49,"d7a4b24c":49,"73c420df":49,"0700da70":49,"686d5c0b":49,"f15eb1c5":49,"ff591765":49,"71789493":49,"93f12198":49,"62e270e5":49,"5ac72353":49,"d1b14d06":49,"66b1b6d7":49,"b062adc4":49,"f6c074a7":49,"4aae5133":49,"ffd6849d":49,"962fca02":49,"63a3af32":49,"75968179":49,"3fec4b0b":49,"bc8bdc23":49,"faa3de3e":49,"a71f3f70":49,"44983d13":49,"1f7aa83c":49,"80999122":49,"72af9198":49,"732d62ee":49,"e39e9552":49,"d4b0751c":49,"81c1b70d":49,"5b01444b":49,"79995b62":49,"e72f0f82":49,"88374b72":49,"97160db8":49,"589f0d6e":49,"fdfaf1ed":49,"51b4016a":49,"ea981bed":49,"46bf9112":49,"5e197575":49,"092ad3d6":49,"e587c4d0":49,"525b2635":49,"bf940089":49,"caa38a45":49,"01f34f98":49,"1670b0d3":49,"a9987a58":49,"b6b8e5c7":49,"ec97d63e":49,"e82177d3":49,"94208a41":49,"2cbcad17":49,"89914b94":49,"d2a5d2fd":49,"89d220c2":49,"3e10c9cb":49,"9666b973":49,"653b27c7":49,"83b37fd6":49,"4d852788":49,"e43a9448":49,"3542b748":49,"379c53ab":49,"e396d80d":49,"7da61f27":49,"dc874a97":49,"85a220de":49,"40a7cdd2":49,"ac033c7b":49,"87759976":49,"4df3f62e":49,"c881a53e":49,"80c1c8b1":49,"5500a3e8":49,"3c0e87ac":49,"a891461f":49,"a246cdab":49,"117c7f0b":49,"0d21cf99":49,"14e6fe14":49,"37ec5e73":49,"bfff7913":49,"f8636899":49,"37724339":49,"d45d9727":49,"ee5ff2a3":49,"44322dfd":49,"295e4d1d":49,"8cf6570a":49,"403064a0":49,"312af46e":49,"b5a9f8c3":49,"fcbc0ae8":49,"2ff6b6a8":49,"66a71cc1":49,"bf4b58e4":49,"f7ffcbb8":49,"5728f934":49,"00b26865":49,"c333337d":49,"815c56bc":49,"5bd61a68":49,"8582c5cf":49,"0c353665":49,"231e8700":49,"1f9fbd85":49,"43f24679":49,"a1c0dfc4":49,"78f71162":49,"4b27a9a4":49,"cf52acd8":49,"a63cb4ce":49,"d3b3492b":49,"7580cfa4":49,"22a96386":49,"5c672b50":49,"5df16440":49,"b666e56d":49,"8db378ff":49,"784d6375":49,"4541bf85":49,"a6b13f20":49,"2459c882":49,"3df97186":49,"ef0490de":49,"e0f47ced":49,"309bbf54":49,"cc537772":49,"6618390c":49,"99cc0813":49,"dc32c4e1":49,"239c636e":49,"6ee160ff":49,"c55d40ca":49,"22c177a8":49,"00ae883f":49,"f416ee62":49,"0d2b182d":49,"320754c3":49,"232b2f64":49,"163f4d19":49,"dfe4a061":49,"1d043d5a":49,"c2bf7d51":49,"b2f82e06":49,"781afef6":49,"de9229a0":49,"5b0b43e6":49,"99a5feef":49,"b5474d69":49,"5a938eeb":49,"f6266388":49,"4fe0dedf":49,"e64fd39c":49,"951fc6d0":49,"e1b3ce36":49,"61892a4c":49,"625fa164":49,"0c6ae551":49,"f096219e":49,"a3f0a6ec":49,"e8f4c1dd":49,"01051f84":49,"cede8b8c":49,"ad95ff4a":49,"aa7e370d":49,"f995eeab":49,"893a99c5":49,"d8bf32b5":49,"4006e709":49,"0dedf63e":49,"0eb42efe":49,"a9d5374b":49,"03c4ab87":49,"4e3d3af7":49,"4321f02d":49,"089b3f8f":49,"3a4803a8":49,"f7a7de5d":49,"7698d0dc":49,"784414ce":49,"d4e56c3e":49,"0c045c2d":49,"2df3efdb":49,"d0f1b7bd":49,"8efd4801":49,"e7799883":49,"7eb8f268":49,"4f9456cf":49,"6e260ee8":49,"20236d3e":49,"3171b6e7":49,"3b25460f":49,"d2064756":49,"a8edfe84":49,"2ed19b1e":49,"959e16ea":49,"02f76c64":49,"5c6d1f33":49,"b4801cae":49,"c3c2fd05":49,"f8c97147":49,"c2526ff3":49,"cc386067":49,"a22ffd8f":49,"3cd28a4d":49,"44a12c31":49,"45a961ca":49,"5ca978fd":49,"668e601b":49,"7552d86c":49,"02ebf3b6":49,"bb17a968":49,"4abcb85d":49,"cba26072":49,"2a718dcc":49,"c6a9a8e1":49,"88854fd0":49,"8dc27d2a":49,"f4f84279":49,"36ae8cd8":49,"b0950de5":49,"3ddd5391":49,"6f873999":49,"07f69c6d":49,"1f4e0e22":49,"2254f0f5":49,"ea282e84":49,"60d69311":49,"3b09f1de":49,"6653c83b":49,"c896052c":49,"b371f44a":49,"8b6180ff":49,"287ecd1c":49,"f9376d3e":49,"8819ac24":49,"dbbf7f69":49,"07a94e8c":49,"bb017b49":49,"37b52fe4":49,"61ad1519":49,"819c4185":49,"ba69b06b":49,"7d2a2cb4":49,"4f62491c":49,"70b4c438":49,"71ed93db":49,"c92efaa8":49,"c241ac7e":49,"62a45672":49,"210e507a":49,"ac6e268b":49,"742238e8":49,"41d7f05d":49,"2b851827":49,"9f428a03":49,"4d504d96":49,"0533ece1":49,"bcee2ef3":49,"0afba00c":49,"04ff8100":49,"6c00d8d6":49,"ac9a02bc":49,"acfe69ed":49,"426603ff":49,"2db2f252":49,"2e84193b":49,"c55683c9":49,"51233daf":49,"02791635":49,"be081247":49,"5cc47d1b":49,"678b846f":49,"b4bd39d8":49,"b4cdbe5d":49,"fa0386f3":49,"b95d0f17":49,"cee9c347":49
1601326982244,"7800e7ce":50,"77869ff0":50,"4b8f7b16":50,"89f75690":50,"cb363e2f":50,"cd802f02":50,"d3cca7eb":50,"e866a899":50,"5690e712":50,"0b92d2a9":50,"070bed95":50,"67e5d108":50,"3d37b94b":50,"842c97c2":50,"c4cef92b":50,"0eecdc5b":50,"b7e495ea":50,"45ec63c0":50,"0ddfde2c":50,"a8b41774":50,"81f0da2d":50,"1fcc8ba4":50,"75a9c117":50,"12ba54ec":50,"be391c1a":50,"37d8a5b7":50,"d5ab81c4":50,"2ecde685":50,"f0bd52d3":50,"dcc20f76":50,"666a8ef0":50,"c5b609f1":50,"4dc5849a":50,"d605c755":50,"8a8c1d67":50,"cc6b3306":50,"8c2dfd9a":50,"f11267b9":50,"a483b15e":50,"f80ab49d":50,"95eaed39":50,"a5ba0ebb":50,"f53362a9":50,"1901ef7e":50,"960c2e6b":50,"3515e999":50,"d11f8f1b":50,"9d9eb027":50,"325f9a29":50
1601326982594,"18c73816":50,"e491161e":50,"b5087677":50,"16f60bed":50,"cb0c3481":50,"7664512c":50,"df9a53b8":50,"f6c27b2b":50,"945f6c24":50,"f1daea7e":50,"b8fb90e3":50,"56227e35":50,"0d6bf22a":50,"b87321d0":50,"43205b5d":50,"8982905a":50,"f6fe1ad7":50,"230064fa":50,"764e0abb":50,"bba6d88e":50,"ea3479ec":50,"32266fa3":50,"50b090c3":50,"8be24763":50,"eb4800b2":50,"6e0ce9dc":50,"87d9bec4":50,"e30dfa0c":50,"6da34174":50,"bfb849fa":50,"0a10b423":50,"9ef7cee7":50,"49f1a0d1":50,"5f04aa76":50,"ba297382":50,"0287db2a":50,"96abe4a9":50,"753b10b1":50,"cf14bd99":50,"782022f4":50,"322e833f":50,"503aafe5":50,"080d5d42":50,"5d03f5dc":50,"f0a01341":50,"1ee4d9f9":50,"0d6e45e7":50,"0da97151":50,"e829038c":50,"4987cfb5":50,"ba90687c":50,"77f2cf92":50,"037e2be4":50,"9e7dbd20":50,"0c086273":50,"ac13c3b0":50,"b4d9c57f":50,"5d53c964":50,"8ee9cc91":50,"ab3619e4":50,"106006ad":50,"c8237be9":50,"1416e8f5":50,"dde2eed5":50,"a208caa8":50,"16605353":50,"77b39e15":50,"f1726edb":50,"92b72493":50,"d3e58903":50,"4481c4be":50,"7954891b":50,"4afd60a9":50,"d44c0ea3":50,"68f87858":50,"533bac6b":50,"41634dba":50,"43fd1327":50,"113e7f4b":50,"8cce569a":50,"ce6401b6":50,"6f57824c":50,"28bd7aa1":50,"1d52fb0d":50,"cde0d748":50,"535ed444":50,"710f0d0e":50,"0905f1fb":50,"a20e529c":50,"1ae76fcc":50,"35b161d3":50,"344cd1a3":50,"77ea1236":50,"96d2a118":50,"23a0e41f":50,"b32a1080":50,"a2c4b591":50,"0ccf4731":50,"c7c6782d":50,"54346574":50,"b12cbf87":50,"81942d9b":50,"699b90c1":50,"d9b5a7a8":50,"1e7914d2":50,"e5d8fdb2":50,"3412ab75":50,"bcac5daf":50,"62d028cc":50,"0af2cf39":50,"27491297":50,"d041ea86":50,"1eda11b2":50,"fc442678":50,"6dfa57be":50,"d5d94481":50,"ffe48500":50,"c7a45a33":50,"faffe099":50,"e99490cd":50,"3b830769":50,"583f0305":50,"1557c50a":50,"249e80ab":50,"f52a3d94":50,"eb74d3dd":50,"3bcbc28d":50,"3c0455e7":50,"df203c79":50,"df1e1ac0":50,"491708eb":50,"e421caaa":50,"2d2ecf27":50,"d38a4953":50,"eba5efdd":50,"a5463f93":50,"c85ac4f8":50,"bc253f4f":50,"0d9d2bf8":50,"846b7f11":50,"d3411467":50,"1df0ce7f":50,"a08171d0":50,"c8bc5677":50,"dfca0518":50,"b9a21017":50,"e47705d3":50,"3cae4115":50,"1854ce44":50,"f92b22f1":50,"ece12664":50,"36f4ecde":50,"568a0d58":50,"5fd569d2":50,"10c8fd03":50,"bd4ccb49":50,"e773d697":50,"7e8c11e7":50,"077eb15a":50,"5337c279":50,"8d256cb6":50,"7021c619":50,"32ae00db":50,"bf2defb2":50,"bc733a28":50,"30d32d34":50,"886c16d3":50,"e8d09b62":50,"590ce3d3":50,"1802d7ce":50,"0a49914b":50,"5d3f5cad":50,"cf347cba":50,"fc0c23f7":50,"641f9b9e":50,"c92edec5":50,"9f03c1e7":50,"06c24a8d":50,"2f35e75f":50,"3eddf7c8":50,"77970f8b":50,"efd594d5":50,"4718294d":50,"5352cf45":50,"e0ffe8ff":50,"ae14d6b5":50,"721f5f42":50,"0b50bca6":50,"bf2ca266":50,"5d8d9641":50,"0de67c6c":50,"2311399f":50,"5e3ebf5e":50,"9f6ca218":50,"6213799d":50,"44cb1fd2":50,"baf19c25":50,"24a79a6e":50,"edde30af":50,"4d949e11":50,"4cc0af91":50,"55f6a2ba":50,"9559ea96":50,"9cb044bf":50,"16b25add":50,"80ee333e":50,"3b329af2":50,"1cd662bf":50,"72992b35":50,"47589344":50,"593b1533":50,"e9f6e5ce":50,"ed6bead5":50,"96f594b9":50,"94dfcfc5":50,"8301986e":50,"830ecfec":50,"a8bae791":50,"312009ee":50,"c98759fd":50,"e8b6d676":50,"45ee5840":50,"76f04033":50,"43480b19":50,"fd955858":50,"69798d15":50,"efea71fa":50,"fb3aa867":50,"c9cf710b":50,"fcacdeb3":50,"0ea055ed":50,"e3b1bdf8":50,"644b45fb":50,"df12f689":50,"1da10cbf":50,"832c48e4":50,"dc90a44c":50,"1ad7c45b":50,"5566c17c":50,"86a22252":50,"0000dece":50,"ce5efdbe":50,"58ace2b5":50,"d379fd96":50,"7b819458":50,"7f8024cd":50,"ae562513":50,"7b66dacd":50,"9ab137d7":50,"7191d1cd":50,"005354dd":50,"5b09e53e":50,"da5bb0f7":50,"6d925c84":50,"50b23ab2":50,"3b3569f6":50,"b01ab62a":50,"76da16fa":50,"bffee581":50,"07150038":50,"080fa362":50,"7b6945ad":50,"a40d08e1":50,"cec79bc2":50,"d2eff358":50,"e70aebb5":50,"a488b2f1":50,"4caa87d6":50,"f7076e21":50,"69e653b6":50,"98d2991b":50,"3b411d6a":50,"83826ef3":50,"595609d5":50,"b47f1b89":50,"edfa56d4":50,"899c16eb":50,"41c76041":50,"6bb1fa99":50,"d73ff72e":50,"61c0ca91":50,"d2fda7be":50,"ce20ca3c":50,"1d2d958b":50,"81fb6a01":50,"7f5b27c8":50,"fb3444d9":50,"f05de640":50,"86a68967":50,"56cd4dca":50,"7f469f4c":50,"f92dedfc":50,"355d1489":50,"f96fc1af":50,"06713bac":50,"61aca924":50,"d97fb857":50,"59ff5ec6":50,"ef04e64e":50,"6e2d04de":50,"2fca1798":50,"05028839":50,"5488826c":50,"84fff5c1":50,"c649992d":50,"d5ad3ed6":50,"8e5f7187":50,"55ba7579":50
1601326983029,"b7769ca6":50,"9c27de51":50,"38a75b48":50,"1792bfa3":50,"426f1904":50,"7c0f1ca9":50,"b2f820ac":50,"25d4f65d":50,"eddb6a2a":50,"ff8a00aa":50,"c146560b":50,"985068e7":50,"d543ba6f":50,"272e7d0d":50,"f92596ee":50,"68831ea9":50,"9713d076":50,"fd098272":50,"6ee788a7":50,"8249641d":50,"45b0968f":50,"6a9bb182":50,"1f1afd4f":50,"8e6caf71":50,"9a3433b8":50,"b89112cb":50,"66736d5e":50,"30de89a7":50,"06aaa33f":50,"320c65bf":50,"1fa1e7c2":50,"646af2b9":50,"659389ad":50,"f1e86522":50,"240c8679":50,"0718c3be":50,"fa03f48f":50,"5298dafa":50,"8b503f7b":50,"25f7f918":50,"87a8523c":50,"c416baa6":50,"c5311ebb":50,"ae350a07":50,"105bb3f6":50,"680a32a6":50,"58de5462":50,"f01c896d":50,"83ba647d":50,"1f2670d0":50,"cb0bd6b7":50,"8e426e39":50,"962c9c8f":50,"aec0bf28":50,"51909df8":50,"e22b0973":50,"a017a323":50,"808bc372":50,"23646ff9":50,"8801c469":50,"c792a7c1":50,"3abb827b":50,"5a7da061":50,"b6281f1a":50,"0c73c293":50,"48c6df81":50,"06a94514":50,"88929b06":50,"73c420df":50,"5e165f43":50,"08c4692e":50,"f8785b71":50,"0700da70":50,"5b2479ef":50,"1d882c36":50,"ab4a411a":50,"ff591765":50,"eb62e8f2":50,"d7a4b24c":50,"93f12198":50,"686d5c0b":50,"62e270e5":50,"f15eb1c5":50,"66b1b6d7":50,"b062adc4":50,"71789493":50,"25fb8826":50,"9666b973":50,"653b27c7":50,"83b37fd6":50,"4d852788":50,"e43a9448":50,"0dc5da58":50,"2874a625":50,"e61ae828":50,"f7ac3883":50,"ccd01528":50,"dab8cf68":50,"00f2a9cb":50,"916fe082":50,"b64dba8e":50,"c3bb30ce":50,"86219c70":50,"601990d8":50,"5c662c19":50,"d2a5d2fd":50,"89d220c2":50,"3e10c9cb":50,"5500a3e8":50,"3c0e87ac":50,"a891461f":50,"a246cdab":50,"117c7f0b":50,"0d21cf99":50,"14e6fe14":50,"37ec5e73":50,"bfff7913":50,"f8636899":50,"37724339":50,"d45d9727":50,"ee5ff2a3":50,"44322dfd":50,"295e4d1d":50,"8cf6570a":50,"403064a0":50,"312af46e":50,"b5a9f8c3":50,"fcbc0ae8":50,"2ff6b6a8":50,"66a71cc1":50,"bf4b58e4":50,"3542b748":50,"379c53ab":50,"e396d80d":50,"7da61f27":50,"dc874a97":50,"85a220de":50,"40a7cdd2":50,"ac033c7b":50,"87759976":50,"4df3f62e":50,"c881a53e":50,"80c1c8b1":50,"cf52acd8":50,"a63cb4ce":50,"d3b3492b":50,"7580cfa4":50,"22a96386":50,"5c672b50":50,"5df16440":50,"b666e56d":50,"8db378ff":50,"784d6375":50,"4541bf85":50,"a6b13f20":50,"2459c882":50,"3df97186":50,"ef0490de":50,"e0f47ced":50,"309bbf54":50,"cc537772":50,"6618390c":50,"99cc0813":50,"2b4fd52e":50,"57162572":50,"d1d50cfe":50,"4aae5133":50,"5ac72353":50,"63a3af32":50,"d1b14d06":50,"3fec4b0b":50,"f6c074a7":50,"ffd6849d":50,"faa3de3e":50,"44983d13":50,"962fca02":50,"80999122":50,"75968179":50,"bc8bdc23":50,"72af9198":50,"e39e9552":50,"a71f3f70":50,"1f7aa83c":50,"81c1b70d":50,"e72f0f82":50,"732d62ee":50,"d4b0751c":50,"88374b72":50,"fdfaf1ed":50,"5b01444b":50,"79995b62":50,"ea981bed":50,"5e197575":50,"97160db8":50,"589f0d6e":50,"e587c4d0":50,"525b2635":50,"51b4016a":50,"caa38a45":50,"46bf9112":50,"092ad3d6":50,"a9987a58":50,"bf940089":50,"b6b8e5c7":50,"e82177d3":50,"01f34f98":50,"1670b0d3":50,"89914b94":50,"04bdf5e1":50,"ec97d63e":50,"94208a41":50,"da8b42be":50,"3b0576bf":50,"2cbcad17":50,"9458934f":50,"4dccb5ca":50,"83268abf":50,"1dcc489c":50,"945badf3":50,"578c4c95":50,"c606b472":50,"1327775b":50,"bdd40125":50,"75fd47f7":50,"1c52a07e":50,"e70ccc25":50,"afd1494f":50,"ca6bffd3":50,"829c44a4":50,"e76e2617":50,"a8edfe84":50,"2ed19b1e":50,"f7ffcbb8":50,"5728f934":50,"00b26865":50,"c333337d":50,"815c56bc":50,"5bd61a68":50,"8582c5cf":50,"0c353665":50,"231e8700":50,"1f9fbd85":50,"43f24679":50,"a1c0dfc4":50,"78f71162":50,"4b27a9a4":50,"163f4d19":50,"1d043d5a":50,"b2f82e06":50,"5b0b43e6":50,"b5474d69":50,"5a938eeb":50,"dfe4a061":50,"4fe0dedf":50,"c2bf7d51":50,"951fc6d0":50,"781afef6":50,"61892a4c":50,"de9229a0":50,"f096219e":50,"99a5feef":50,"a3f0a6ec":50,"f6266388":50,"dc32c4e1":50,"239c636e":50,"6ee160ff":50,"c55d40ca":50,"22c177a8":50,"00ae883f":50,"f416ee62":50,"0d2b182d":50,"320754c3":50,"232b2f64":50,"3171b6e7":50,"3b25460f":50,"d2064756":50,"959e16ea":50,"02f76c64":50,"5c6d1f33":50,"b4801cae":50,"c3c2fd05":50,"f8c97147":50,"c2526ff3":50,"cc386067":50,"a22ffd8f":50,"3cd28a4d":50,"44a12c31":50,"45a961ca":50,"5ca978fd":50,"668e601b":50,"7552d86c":50,"02ebf3b6":50,"bb17a968":50,"4abcb85d":50,"cba26072":50,"2a718dcc":50,"c6a9a8e1":50,"88854fd0":50,"8dc27d2a":50,"41d7f05d":50,"2b851827":50,"9f428a03":50,"4d504d96":50,"0533ece1":50,"bcee2ef3":50,"0afba00c":50,"04ff8100":50,"01051f84":50,"e64fd39c":50,"aa7e370d":50,"e1b3ce36":50,"f995eeab":50,"625fa164":50,"0c6ae551":50,"4006e709":50,"0dedf63e":50,"e8f4c1dd":50,"a9d5374b":50,"cede8b8c":50,"4321f02d":50,"ad95ff4a":50,"089b3f8f":50,"893a99c5":50,"7698d0dc":50,"d8bf32b5":50,"0eb42efe":50,"784414ce":50,"03c4ab87":50,"2df3efdb":50,"4e3d3af7":50,"d0f1b7bd":50,"3a4803a8":50,"e7799883":50,"f7a7de5d":50,"4f9456cf":50,"6e260ee8":50,"d4e56c3e":50,"f4f84279":50,"0c045c2d":50,"b0950de5":50,"8efd4801":50,"7eb8f268":50,"6f873999":50,"1f4e0e22":50,"20236d3e":50,"36ae8cd8":50,"60d69311":50,"3ddd5391":50,"3b09f1de":50,"b371f44a":50,"07f69c6d":50,"8b6180ff":50,"2254f0f5":50,"ea282e84":50,"8819ac24":50,"dbbf7f69":50,"6653c83b":50,"c896052c":50,"287ecd1c":50,"f9376d3e":50,"07a94e8c":50,"bb017b49":50,"37b52fe4":50,"61ad1519":50,"819c4185":50,"ba69b06b":50,"7d2a2cb4":50,"4f62491c":50,"70b4c438":50,"71ed93db":50,"c92efaa8":50,"c241ac7e":50,"62a45672":50,"210e507a":50,"ac6e268b":50,"742238e8":50,"6c00d8d6":50,"ac9a02bc":50,"acfe69ed":50,"426603ff":50,"2db2f252":50,"2e84193b":50,"c55683c9":50,"51233daf":50,"02791635":50,"be081247":50,"5cc47d1b":50,"678b846f":50,"b4bd39d8":50,"b4cdbe5d":50,"fa0386f3":50,"b95d0f17":50,"cee9c347":50
1601326985399,"7800e7ce":51,"77869ff0":51,"4b8f7b16":51,"89f75690":51,"cb363e2f":51,"cd802f02":51,"d3cca7eb":51,"e866a899":51,"5690e712":51,"0b92d2a9":51,"070bed95":51,"67e5d108":51,"3d37b94b":51,"842c97c2":51,"c4cef92b":51,"0eecdc5b":51,"b7e495ea":51,"45ec63c0":51,"0ddfde2c":51,"d5d94481":51,"ffe48500":51,"c7a45a33":51,"faffe099":51,"e99490cd":51,"3b830769":51,"583f0305":51,"1557c50a":51,"249e80ab":51,"f52a3d94":51,"eb74d3dd":51,"3bcbc28d":51,"3c0455e7":51,"df203c79":51,"df1e1ac0":51,"491708eb":51,"e421caaa":51,"2d2ecf27":51,"d38a4953":51,"eba5efdd":51,"a5463f93":51,"c85ac4f8":51,"bc253f4f":51,"0d9d2bf8":51,"846b7f11":51,"d3411467":51,"1df0ce7f":51,"a08171d0":51,"c8bc5677":51,"dfca0518":51,"b9a21017":51,"e47705d3":51,"3cae4115":51,"0ccf4731":51,"c7c6782d":51,"54346574":51,"b12cbf87":51,"81942d9b":51,"699b90c1":51,"d9b5a7a8":51,"1e7914d2":51,"e5d8fdb2":51,"3412ab75":51,"bcac5daf":51,"62d028cc":51,"0af2cf39":51,"27491297":51,"d041ea86":51,"1eda11b2":51,"fc442678":51,"a8b41774":51,"81f0da2d":51,"1fcc8ba4":51,"75a9c117":51,"12ba54ec":51,"be391c1a":51,"37d8a5b7":51,"d5ab81c4":51,"2ecde685":51,"f0bd52d3":51,"dcc20f76":51,"666a8ef0":51,"c5b609f1":51,"4dc5849a":51,"d605c755":51,"8a8c1d67":51,"cc6b3306":51,"8c2dfd9a":51,"f11267b9":51,"a483b15e":51,"f80ab49d":51,"95eaed39":51,"a5ba0ebb":51,"f53362a9":51,"1901ef7e":51,"960c2e6b":51,"3515e999":51,"d11f8f1b":51,"9d9eb027":51,"325f9a29":51,"503aafe5":51,"080d5d42":51,"5d03f5dc":51,"f0a01341":51,"1ee4d9f9":51,"0d6e45e7":51,"0da97151":51,"18c73816":51,"e491161e":51,"b5087677":51,"16f60bed":51,"cb0c3481":51,"7664512c":51,"df9a53b8":51,"f6c27b2b":51,"945f6c24":51,"f1daea7e":51,"b8fb90e3":51,"56227e35":51,"0d6bf22a":51,"b87321d0":51,"43205b5d":51,"8982905a":51,"f6fe1ad7":51,"230064fa":51,"764e0abb":51,"bba6d88e":51,"ea3479ec":51,"32266fa3":51,"50b090c3":51,"8be24763":51,"eb4800b2":51,"6e0ce9dc":51,"87d9bec4":51,"e30dfa0c":51,"6da34174":51,"bfb849fa":51,"0a10b423":51,"9ef7cee7":51,"49f1a0d1":51,"5f04aa76":51,"ba297382":51,"0287db2a":51,"96abe4a9":51,"753b10b1":51,"cf14bd99":51,"782022f4":51,"322e833f":51,"ab3619e4":51,"106006ad":51,"c8237be9":51,"1416e8f5":51,"dde2eed5":51,"a208caa8":51,"16605353":51,"77b39e15":51,"f1726edb":51,"69798d15":51,"efea71fa":51,"fb3aa867":51,"c9cf710b":51,"fcacdeb3":51,"0ea055ed":51,"e3b1bdf8":51,"644b45fb":51,"e829038c":51,"4987cfb5":51,"ba90687c":51,"77f2cf92":51,"037e2be4":51,"9e7dbd20":51,"0c086273":51,"ac13c3b0":51,"b4d9c57f":51,"5d53c964":51,"8ee9cc91":51,"4cc0af91":51,"55f6a2ba":51,"9559ea96":51,"9cb044bf":51,"16b25add":51,"80ee333e":51,"3b329af2":51,"1cd662bf":51,"72992b35":51,"47589344":51,"593b1533":51,"e9f6e5ce":51,"ed6bead5":51,"96f594b9":51,"94dfcfc5":51,"8301986e":51,"830ecfec":51,"a8bae791":51,"312009ee":51,"c98759fd":51,"e8b6d676":51,"45ee5840":51,"76f04033":51,"43480b19":51,"fd955858":51
1601326985928,"92b72493":51,"d3e58903":51,"4481c4be":51,"7954891b":51,"4afd60a9":51,"d44c0ea3":51,"68f87858":51,"533bac6b":51,"41634dba":51,"43fd1327":51,"113e7f4b":51,"8cce569a":51,"ce6401b6":51,"6f57824c":51,"28bd7aa1":51,"1d52fb0d":51,"cde0d748":51,"535ed444":51,"710f0d0e":51,"0905f1fb":51,"a20e529c":51,"1ae76fcc":51,"35b161d3":51,"344cd1a3":51,"77ea1236":51,"96d2a118":51,"23a0e41f":51,"b32a1080":51,"a2c4b591":51,"6dfa57be":51,"1854ce44":51,"f92b22f1":51,"ece12664":51,"36f4ecde":51,"568a0d58":51,"5fd569d2":51,"10c8fd03":51,"bd4ccb49":51,"e773d697":51,"7e8c11e7":51,"077eb15a":51,"5337c279":51,"8d256cb6":51,"7021c619":51,"32ae00db":51,"bf2defb2":51,"bc733a28":51,"30d32d34":51,"886c16d3":51,"e8d09b62":51,"590ce3d3":51,"1802d7ce":51,"0a49914b":51,"5d3f5cad":51,"cf347cba":51,"fc0c23f7":51,"641f9b9e":51,"c92edec5":51,"9f03c1e7":51,"06c24a8d":51,"2f35e75f":51,"3eddf7c8":51,"77970f8b":51,"efd594d5":51,"4718294d":51,"5352cf45":51,"e0ffe8ff":51,"ae14d6b5":51,"721f5f42":51,"0b50bca6":51,"bf2ca266":51,"5d8d9641":51,"0de67c6c":51,"2311399f":51,"5e3ebf5e":51,"9f6ca218":51,"6213799d":51,"44cb1fd2":51,"baf19c25":51,"24a79a6e":51,"edde30af":51,"4d949e11":51,"df12f689":51,"1da10cbf":51,"832c48e4":51,"dc90a44c":51,"1ad7c45b":51,"5566c17c":51,"86a22252":51,"0000dece":51,"ce5efdbe":51,"58ace2b5":51,"d379fd96":51,"7b819458":51,"7f8024cd":51,"ae562513":51,"7b66dacd":51,"9ab137d7":51,"7191d1cd":51,"005354dd":51,"5b09e53e":51,"da5bb0f7":51,"6d925c84":51,"50b23ab2":51,"edfa56d4":51,"899c16eb":51,"41c76041":51,"6bb1fa99":51,"d73ff72e":51,"61c0ca91":51,"d2fda7be":51,"ce20ca3c":51,"1d2d958b":51,"81fb6a01":51,"7f5b27c8":51,"fb3444d9":51,"f05de640":51,"86a68967":51,"56cd4dca":51,"7f469f4c":51,"f92dedfc":51,"355d1489":51,"f96fc1af":51,"06713bac":51,"61aca924":51,"d97fb857":51,"59ff5ec6":51,"ef04e64e":51,"6e2d04de":51,"2fca1798":51,"05028839":51,"5488826c":51,"84fff5c1":51,"c649992d":51,"d5ad3ed6":51,"8e5f7187":51,"55ba7579":51,"b7769ca6":51,"9c27de51":51,"38a75b48":51,"1792bfa3":51,"426f1904":51,"7c0f1ca9":51,"b2f820ac":51,"25d4f65d":51,"eddb6a2a":51,"ff8a00aa":51,"c146560b":51,"985068e7":51,"d543ba6f":51,"272e7d0d":51,"f92596ee":51,"68831ea9":51,"9713d076":51,"fd098272":51,"6ee788a7":51,"8249641d":51,"45b0968f":51,"6a9bb182":51,"1f1afd4f":51,"25fb8826":51,"0dc5da58":51,"2874a625":51,"e61ae828":51,"f7ac3883":51,"ccd01528":51,"dab8cf68":51,"00f2a9cb":51,"916fe082":51,"b64dba8e":51,"c3bb30ce":51,"86219c70":51,"601990d8":51,"5c662c19":51,"d2a5d2fd":51,"89d220c2":51,"3e10c9cb":51,"5500a3e8":51,"3c0e87ac":51,"a891461f":51,"a246cdab":51,"117c7f0b":51,"0d21cf99":51,"14e6fe14":51,"37ec5e73":51,"9666b973":51,"653b27c7":51,"83b37fd6":51,"4d852788":51,"e43a9448":51,"3542b748":51,"379c53ab":51,"e396d80d":51,"7da61f27":51,"dc874a97":51,"85a220de":51,"40a7cdd2":51,"ac033c7b":51,"87759976":51,"4df3f62e":51,"c881a53e":51,"80c1c8b1":51,"cf52acd8":51,"a63cb4ce":51,"d3b3492b":51,"7580cfa4":51,"22a96386":51,"5c672b50":51,"bfff7913":51,"f8636899":51,"37724339":51,"d45d9727":51,"ee5ff2a3":51,"44322dfd":51,"295e4d1d":51,"8cf6570a":51,"403064a0":51,"312af46e":51,"b5a9f8c3":51,"fcbc0ae8":51,"2ff6b6a8":51,"66a71cc1":51,"bf4b58e4":51,"3b3569f6":51,"b01ab62a":51,"76da16fa":51,"bffee581":51,"07150038":51,"080fa362":51,"7b6945ad":51,"a40d08e1":51,"cec79bc2":51,"d2eff358":51,"e70aebb5":51,"a488b2f1":51,"4caa87d6":51,"f7076e21":51,"69e653b6":51,"98d2991b":51,"3b411d6a":51,"83826ef3":51,"595609d5":51,"b47f1b89":51,"8e6caf71":51,"9a3433b8":51,"b89112cb":51,"66736d5e":51,"30de89a7":51,"06aaa33f":51,"320c65bf":51,"1fa1e7c2":51,"646af2b9":51,"659389ad":51,"240c8679":51,"0718c3be":51,"8b503f7b":51,"87a8523c":51,"c416baa6":51,"ae350a07":51,"f1e86522":51,"fa03f48f":51,"680a32a6":51,"5298dafa":51,"83ba647d":51,"25f7f918":51,"c5311ebb":51,"cb0bd6b7":51,"f7ffcbb8":51,"5728f934":51,"00b26865":51,"c333337d":51,"815c56bc":51,"5bd61a68":51,"8582c5cf":51,"0c353665":51,"231e8700":51,"1f9fbd85":51,"43f24679":51,"a1c0dfc4":51,"78f71162":51,"4b27a9a4":51,"163f4d19":51,"1d043d5a":51,"b2f82e06":51,"5df16440":51,"b666e56d":51,"8db378ff":51,"784d6375":51,"4541bf85":51,"a6b13f20":51,"2459c882":51,"3df97186":51,"ef0490de":51,"e0f47ced":51,"309bbf54":51,"cc537772":51,"6618390c":51,"99cc0813":51,"dc32c4e1":51,"239c636e":51,"6ee160ff":51,"c55d40ca":51,"22c177a8":51,"00ae883f":51,"f416ee62":51,"0d2b182d":51,"320754c3":51,"232b2f64":51,"3171b6e7":51,"3b25460f":51,"d2064756":51,"a8edfe84":51,"2ed19b1e":51,"959e16ea":51,"02f76c64":51,"5c6d1f33":51,"b4801cae":51,"c3c2fd05":51,"f8c97147":51,"c2526ff3":51,"cc386067":51,"a22ffd8f":51,"3cd28a4d":51,"97160db8":51,"a9987a58":51,"b6b8e5c7":51,"589f0d6e":51,"51b4016a":51,"e82177d3":51,"89914b94":51,"46bf9112":51,"04bdf5e1":51,"092ad3d6":51,"bf940089":51,"da8b42be":51,"3b0576bf":51,"01f34f98":51,"9458934f":51,"1670b0d3":51,"1dcc489c":51,"ec97d63e":51,"945badf3":51,"94208a41":51,"1327775b":51,"2cbcad17":51,"4dccb5ca":51,"bdd40125":51,"83268abf":51,"75fd47f7":51,"578c4c95":51,"1c52a07e":51,"c606b472":51,"e70ccc25":51,"afd1494f":51,"ca6bffd3":51,"829c44a4":51,"e76e2617":51,"2b4fd52e":51,"57162572":51,"d1d50cfe":51,"105bb3f6":51,"8e426e39":51,"51909df8":51,"58de5462":51,"e22b0973":51,"808bc372":51,"f01c896d":51,"c792a7c1":51,"23646ff9":51,"1f2670d0":51,"962c9c8f":51,"3abb827b":51,"5a7da061":51,"06a94514":51,"aec0bf28":51,"0c73c293":51,"a017a323":51,"73c420df":51,"88929b06":51,"08c4692e":51,"8801c469":51,"0700da70":51,"b6281f1a":51,"ff591765":51,"5b2479ef":51,"1d882c36":51,"93f12198":51,"48c6df81":51,"62e270e5":51,"5e165f43":51,"eb62e8f2":51,"66b1b6d7":51,"f8785b71":51,"ab4a411a":51,"b062adc4":51,"4aae5133":51,"d7a4b24c":51,"686d5c0b":51,"63a3af32":51,"f15eb1c5":51,"3fec4b0b":51,"71789493":51,"faa3de3e":51,"5ac72353":51,"44983d13":51,"d1b14d06":51,"80999122":51,"72af9198":51,"f6c074a7":51,"e39e9552":51,"ffd6849d":51,"962fca02":51,"81c1b70d":51,"75968179":51,"e72f0f82":51,"88374b72":51,"bc8bdc23":51,"a71f3f70":51,"fdfaf1ed":51,"ea981bed":51,"1f7aa83c":51,"732d62ee":51,"5e197575":51,"e587c4d0":51,"d4b0751c":51,"5b01444b":51,"525b2635":51,"79995b62":51,"caa38a45":51,"8efd4801":51,"7eb8f268":51,"20236d3e":51,"36ae8cd8":51,"3ddd5391":51,"07f69c6d":51,"2254f0f5":51,"ea282e84":51,"6653c83b":51,"c896052c":51,"287ecd1c":51,"f9376d3e":51,"07a94e8c":51,"bb017b49":51,"37b52fe4":51,"61ad1519":51,"819c4185":51,"ba69b06b":51,"7d2a2cb4":51,"4f62491c":51,"70b4c438":51,"71ed93db":51,"c92efaa8":51,"c241ac7e":51,"62a45672":51,"210e507a":51,"ac6e268b":51,"742238e8":51,"44a12c31":51,"45a961ca":51,"5ca978fd":51,"668e601b":51,"7552d86c":51,"02ebf3b6":51,"bb17a968":51,"4abcb85d":51,"cba26072":51,"2a718dcc":51,"c6a9a8e1":51,"88854fd0":51,"8dc27d2a":51,"41d7f05d":51,"2b851827":51,"9f428a03":51,"4d504d96":51,"0533ece1":51,"bcee2ef3":51,"0afba00c":51,"04ff8100":51,"6c00d8d6":51,"ac9a02bc":51,"acfe69ed":51,"426603ff":51,"2db2f252":51,"2e84193b":51,"c55683c9":51,"51233daf":51,"02791635":51,"5b0b43e6":51,"b5474d69":51,"5a938eeb":51,"4fe0dedf":51,"951fc6d0":51,"61892a4c":51,"f096219e":51,"a3f0a6ec":51,"01051f84":51,"aa7e370d":51,"f995eeab":51,"4006e709":51,"0dedf63e":51,"dfe4a061":51,"a9d5374b":51,"4321f02d":51,"c2bf7d51":51,"089b3f8f":51,"781afef6":51,"7698d0dc":51,"de9229a0":51,"99a5feef":51,"784414ce":51,"2df3efdb":51,"f6266388":51,"d0f1b7bd":51,"e64fd39c":51,"e1b3ce36":51,"e7799883":51,"625fa164":51,"4f9456cf":51,"6e260ee8":51,"0c6ae551":51,"f4f84279":51,"e8f4c1dd":51,"cede8b8c":51,"b0950de5":51,"6f873999":51,"ad95ff4a":51,"893a99c5":51,"1f4e0e22":51,"d8bf32b5":51,"60d69311":51,"3b09f1de":51,"0eb42efe":51,"b371f44a":51,"03c4ab87":51,"8b6180ff":51,"4e3d3af7":51,"8819ac24":51,"3a4803a8":51,"f7a7de5d":51,"dbbf7f69":51,"d4e56c3e":51,"0c045c2d":51,"be081247":51,"5cc47d1b":51,"678b846f":51,"b4bd39d8":51,"b4cdbe5d":51,"fa0386f3":51,"b95d0f17":51,"cee9c347":51
1601326988143,"7800e7ce":52,"77869ff0":52,"4b8f7b16":52,"89f75690":52,"cb363e2f":52,"cd802f02":52,"d3cca7eb":52,"e866a899":52,"5690e712":52,"0b92d2a9":52,"070bed95":52,"67e5d108":52,"3d37b94b":52,"842c97c2":52,"c4cef92b":52,"0eecdc5b":52,"b7e495ea":52,"45ec63c0":52,"0ddfde2c":52,"a8b41774":52,"81f0da2d":52,"1fcc8ba4":52,"75a9c117":52,"12ba54ec":52,"be391c1a":52,"37d8a5b7":52,"d5ab81c4":52,"2ecde685":52,"f0bd52d3":52,"dcc20f76":52,"666a8ef0":52,"c5b609f1":52,"4dc5849a":52,"d605c755":52,"8a8c1d67":52,"cc6b3306":52,"8c2dfd9a":52,"f11267b9":52,"a483b15e":52,"f80ab49d":52,"95eaed39":52,"a5ba0ebb":52,"f53362a9":52,"1901ef7e":52,"960c2e6b":52,"3515e999":52,"d11f8f1b":52,"9d9eb027":52,"325f9a29":52,"503aafe5":52,"080d5d42":52,"5d03f5dc":52,"f0a01341":52,"1ee4d9f9":52,"0d6e45e7":52,"0da97151":52,"e829038c":52,"4987cfb5":52,"ba90687c":52,"77f2cf92":52,"037e2be4":52,"9e7dbd20":52,"d5d94481":52,"ffe48500":52,"c7a45a33":52,"faffe099":52,"e99490cd":52,"3b830769":52,"583f0305":52,"1557c50a":52,"249e80ab":52,"f52a3d94":52,"eb74d3dd":52,"3bcbc28d":52,"3c0455e7":52,"df203c79":52,"df1e1ac0":52,"491708eb":52,"e421caaa":52,"0c086273":52,"ac13c3b0":52,"b4d9c57f":52,"5d53c964":52,"8ee9cc91":52,"4cc0af91":52,"55f6a2ba":52,"9559ea96":52,"9cb044bf":52,"16b25add":52,"80ee333e":52,"3b329af2":52,"1cd662bf":52,"72992b35":52,"47589344":52,"593b1533":52,"e9f6e5ce":52,"ed6bead5":52,"96f594b9":52,"94dfcfc5":52,"8301986e":52,"830ecfec":52,"a8bae791":52,"312009ee":52,"c98759fd":52,"e8b6d676":52,"45ee5840":52,"76f04033":52,"43480b19":52,"fd955858":52,"69798d15":52,"efea71fa":52,"fb3aa867":52,"c9cf710b":52,"fcacdeb3":52,"0ea055ed":52,"e3b1bdf8":52,"644b45fb":52,"590ce3d3":52,"1802d7ce":52,"0a49914b":52,"18c73816":52,"e491161e":52,"b5087677":52,"5d3f5cad":52,"cf347cba":52,"fc0c23f7":52,"641f9b9e":52,"c92edec5":52,"9f03c1e7":52,"06c24a8d":52,"2f35e75f":52,"3eddf7c8":52,"77970f8b":52,"efd594d5":52,"4718294d":52,"5352cf45":52,"e0ffe8ff":52,"ae14d6b5":52,"721f5f42":52,"0b50bca6":52,"bf2ca266":52,"5d8d9641":52,"0de67c6c":52,"2311399f":52,"5e3ebf5e":52,"9f6ca218":52,"2d2ecf27":52,"d38a4953":52,"eba5efdd":52,"a5463f93":52,"c85ac4f8":52,"bc253f4f":52,"0d9d2bf8":52,"846b7f11":52,"d3411467":52,"1df0ce7f":52,"a08171d0":52,"c8bc5677":52,"dfca0518":52,"b9a21017":52,"e47705d3":52,"3cae4115":52,"0ccf4731":52,"c7c6782d":52,"54346574":52,"b12cbf87":52,"81942d9b":52,"699b90c1":52,"d9b5a7a8":52,"1e7914d2":52,"e5d8fdb2":52,"3412ab75":52,"bcac5daf":52,"62d028cc":52,"0af2cf39":52,"27491297":52,"d041ea86":52,"1eda11b2":52,"fc442678":52,"6213799d":52,"44cb1fd2":52,"baf19c25":52,"24a79a6e":52,"edde30af":52,"4d949e11":52,"df12f689":52,"1da10cbf":52,"832c48e4":52,"dc90a44c":52,"1ad7c45b":52,"5566c17c":52,"86a22252":52,"0000dece":52,"ce5efdbe":52,"58ace2b5":52,"d379fd96":52,"7b819458":52,"7f8024cd":52,"ae562513":52,"7b66dacd":52,"9ab137d7":52,"7191d1cd":52,"005354dd":52
1601326988615,"16f60bed":52,"cb0c3481":52,"7664512c":52,"df9a53b8":52,"f6c27b2b":52,"945f6c24":52,"f1daea7e":52,"b8fb90e3":52,"56227e35":52,"0d6bf22a":52,"b87321d0":52,"43205b5d":52,"8982905a":52,"f6fe1ad7":52,"230064fa":52,"764e0abb":52,"bba6d88e":52,"ea3479ec":52,"32266fa3":52,"50b090c3":52,"8be24763":52,"eb4800b2":52,"6e0ce9dc":52,"87d9bec4":52,"e30dfa0c":52,"6da34174":52,"bfb849fa":52,"0a10b423":52,"9ef7cee7":52,"49f1a0d1":52,"5f04aa76":52,"ba297382":52,"0287db2a":52,"96abe4a9":52,"753b10b1":52,"cf14bd99":52,"782022f4":52,"322e833f":52,"ab3619e4":52,"106006ad":52,"c8237be9":52,"1416e8f5":52,"dde2eed5":52,"a208caa8":52,"16605353":52,"77b39e15":52,"f1726edb":52,"92b72493":52,"d3e58903":52,"4481c4be":52,"7954891b":52,"4afd60a9":52,"d44c0ea3":52,"68f87858":52,"533bac6b":52,"41634dba":52,"43fd1327":52,"113e7f4b":52,"8cce569a":52,"ce6401b6":52,"6f57824c":52,"28bd7aa1":52,"1d52fb0d":52,"cde0d748":52,"535ed444":52,"710f0d0e":52,"0905f1fb":52,"a20e529c":52,"1ae76fcc":52,"35b161d3":52,"344cd1a3":52,"77ea1236":52,"96d2a118":52,"3b3569f6":52,"b01ab62a":52,"76da16fa":52,"bffee581":52,"07150038":52,"080fa362":52,"7b6945ad":52,"a40d08e1":52,"5b09e53e":52,"da5bb0f7":52,"6d925c84":52,"50b23ab2":52,"edfa56d4":52,"899c16eb":52,"41c76041":52,"6bb1fa99":52,"d73ff72e":52,"61c0ca91":52,"d2fda7be":52,"ce20ca3c":52,"1d2d958b":52,"81fb6a01":52,"7f5b27c8":52,"fb3444d9":52,"f05de640":52,"86a68967":52,"56cd4dca":52,"7f469f4c":52,"f92dedfc":52,"355d1489":52,"f96fc1af":52,"06713bac":52,"61aca924":52,"d97fb857":52,"59ff5ec6":52,"23a0e41f":52,"b32a1080":52,"a2c4b591":52,"6dfa57be":52,"1854ce44":52,"f92b22f1":52,"ece12664":52,"36f4ecde":52,"568a0d58":52,"5fd569d2":52,"10c8fd03":52,"bd4ccb49":52,"e773d697":52,"7e8c11e7":52,"077eb15a":52,"5337c279":52,"8d256cb6":52,"7021c619":52,"32ae00db":52,"bf2defb2":52,"bc733a28":52,"30d32d34":52,"886c16d3":52,"e8d09b62":52,"ef04e64e":52,"6e2d04de":52,"2fca1798":52,"05028839":52,"5488826c":52,"84fff5c1":52,"c649992d":52,"d5ad3ed6":52,"8e5f7187":52,"55ba7579":52,"b7769ca6":52,"9c27de51":52,"38a75b48":52,"1792bfa3":52,"426f1904":52,"7c0f1ca9":52,"b2f820ac":52,"25d4f65d":52,"eddb6a2a":52,"ff8a00aa":52,"c146560b":52,"985068e7":52,"d543ba6f":52,"cec79bc2":52,"d2eff358":52,"e70aebb5":52,"a488b2f1":52,"4caa87d6":52,"f7076e21":52,"69e653b6":52,"98d2991b":52,"3b411d6a":52,"83826ef3":52,"595609d5":52,"b47f1b89":52,"8e6caf71":52,"9a3433b8":52,"b89112cb":52,"66736d5e":52,"30de89a7":52,"06aaa33f":52,"320c65bf":52,"1fa1e7c2":52,"646af2b9":52,"659389ad":52,"240c8679":52,"0718c3be":52,"8b503f7b":52,"87a8523c":52,"c416baa6":52,"f1e86522":52,"ae350a07":52,"fa03f48f":52,"680a32a6":52,"83ba647d":52,"5298dafa":52,"f7ffcbb8":52,"5728f934":52,"00b26865":52,"c333337d":52,"815c56bc":52,"5bd61a68":52,"8582c5cf":52,"0c353665":52,"231e8700":52,"1f9fbd85":52,"43f24679":52,"a1c0dfc4":52,"78f71162":52,"4b27a9a4":52,"163f4d19":52,"1d043d5a":52,"b2f82e06":52,"5b0b43e6":52,"b5474d69":52,"5a938eeb":52,"4fe0dedf":52,"951fc6d0":52,"61892a4c":52,"f096219e":52,"a3f0a6ec":52,"01051f84":52,"aa7e370d":52,"9666b973":52,"653b27c7":52,"83b37fd6":52,"4d852788":52,"e43a9448":52,"3542b748":52,"379c53ab":52,"e396d80d":52,"7da61f27":52,"dc874a97":52,"85a220de":52,"40a7cdd2":52,"ac033c7b":52,"87759976":52,"4df3f62e":52,"c881a53e":52,"80c1c8b1":52,"cf52acd8":52,"a63cb4ce":52,"d3b3492b":52,"7580cfa4":52,"22a96386":52,"5c672b50":52,"5df16440":52,"b666e56d":52,"f995eeab":52,"4006e709":52,"0dedf63e":52,"a9d5374b":52,"dfe4a061":52,"4321f02d":52,"c2bf7d51":52,"089b3f8f":52,"781afef6":52,"7698d0dc":52,"784414ce":52,"de9229a0":52,"99a5feef":52,"2df3efdb":52,"f6266388":52,"d0f1b7bd":52,"e64fd39c":52,"e7799883":52,"272e7d0d":52,"f92596ee":52,"68831ea9":52,"9713d076":52,"fd098272":52,"6ee788a7":52,"8249641d":52,"45b0968f":52,"6a9bb182":52,"1f1afd4f":52,"25fb8826":52,"0dc5da58":52,"2874a625":52,"e61ae828":52,"e1b3ce36":52,"4f9456cf":52,"6e260ee8":52,"625fa164":52,"0c6ae551":52,"f4f84279":52,"e8f4c1dd":52,"b0950de5":52,"cede8b8c":52,"6f873999":52,"ad95ff4a":52,"1f4e0e22":52,"893a99c5":52,"60d69311":52,"3b09f1de":52,"d8bf32b5":52,"0eb42efe":52,"b371f44a":52,"03c4ab87":52,"8b6180ff":52,"8819ac24":52,"4e3d3af7":52,"25f7f918":52,"cb0bd6b7":52,"8e426e39":52,"c5311ebb":52,"105bb3f6":52,"51909df8":52,"e22b0973":52,"58de5462":52,"f01c896d":52,"23646ff9":52,"808bc372":52,"3abb827b":52,"1f2670d0":52,"c792a7c1":52,"962c9c8f":52,"5a7da061":52,"0c73c293":52,"aec0bf28":52,"06a94514":52,"88929b06":52,"a017a323":52,"08c4692e":52,"73c420df":52,"5b2479ef":52,"0700da70":52,"8801c469":52,"ff591765":52,"1d882c36":52,"b6281f1a":52,"48c6df81":52,"eb62e8f2":52,"93f12198":52,"5e165f43":52,"62e270e5":52,"f8785b71":52,"66b1b6d7":52,"ab4a411a":52,"b062adc4":52,"d7a4b24c":52,"4aae5133":52,"63a3af32":52,"686d5c0b":52,"3fec4b0b":52,"f15eb1c5":52,"71789493":52,"faa3de3e":52,"44983d13":52,"5ac72353":52,"d1b14d06":52,"80999122":52,"f6c074a7":52,"72af9198":52,"e39e9552":52,"ffd6849d":52,"81c1b70d":52,"962fca02":52,"75968179":52,"e72f0f82":52,"88374b72":52,"bc8bdc23":52,"a71f3f70":52,"fdfaf1ed":52,"ea981bed":52,"1f7aa83c":52,"732d62ee":52,"5e197575":52,"d4b0751c":52,"e587c4d0":52,"525b2635":52,"5b01444b":52,"3a4803a8":52,"dbbf7f69":52,"f7a7de5d":52,"d4e56c3e":52,"0c045c2d":52,"8efd4801":52,"7eb8f268":52,"20236d3e":52,"36ae8cd8":52,"3ddd5391":52,"caa38a45":52,"79995b62":52,"a9987a58":52,"97160db8":52,"589f0d6e":52,"b6b8e5c7":52,"e82177d3":52,"51b4016a":52,"46bf9112":52,"89914b94":52,"04bdf5e1":52,"092ad3d6":52,"da8b42be":52,"bf940089":52,"01f34f98":52,"3b0576bf":52,"9458934f":52,"1670b0d3":52,"ec97d63e":52,"1dcc489c":52,"945badf3":52,"94208a41":52,"2cbcad17":52,"1327775b":52,"4dccb5ca":52,"bdd40125":52,"75fd47f7":52,"83268abf":52,"578c4c95":52,"1c52a07e":52,"e70ccc25":52,"c606b472":52,"afd1494f":52,"ca6bffd3":52,"829c44a4":52,"e76e2617":52,"2b4fd52e":52,"57162572":52,"d1d50cfe":52,"07f69c6d":52,"8db378ff":52,"784d6375":52,"4541bf85":52,"a6b13f20":52,"2459c882":52,"3df97186":52,"ef0490de":52,"e0f47ced":52,"309bbf54":52,"cc537772":52,"6618390c":52,"99cc0813":52,"dc32c4e1":52,"239c636e":52,"6ee160ff":52,"c55d40ca":52,"22c177a8":52,"00ae883f":52,"f416ee62":52,"0d2b182d":52,"320754c3":52,"232b2f64":52,"3171b6e7":52,"3b25460f":52,"d2064756":52,"2254f0f5":52,"ea282e84":52,"6653c83b":52,"a8edfe84":52,"2ed19b1e":52,"959e16ea":52,"02f76c64":52,"5c6d1f33":52,"b4801cae":52,"c3c2fd05":52,"f8c97147":52,"c2526ff3":52,"cc386067":52,"a22ffd8f":52,"3cd28a4d":52,"44a12c31":52,"45a961ca":52,"5ca978fd":52,"668e601b":52,"7552d86c":52,"02ebf3b6":52,"bb17a968":52,"4abcb85d":52,"cba26072":52,"2a718dcc":52,"c6a9a8e1":52,"88854fd0":52,"8dc27d2a":52,"c896052c":52,"287ecd1c":52,"f9376d3e":52,"07a94e8c":52,"bb017b49":52,"37b52fe4":52,"61ad1519":52,"819c4185":52,"ba69b06b":52,"7d2a2cb4":52,"4f62491c":52,"70b4c438":52,"71ed93db":52,"f7ac3883":52,"ccd01528":52,"dab8cf68":52,"00f2a9cb":52,"916fe082":52,"b64dba8e":52,"c3bb30ce":52,"86219c70":52,"601990d8":52,"5c662c19":52,"d2a5d2fd":52,"89d220c2":52,"3e10c9cb":52,"5500a3e8":52,"3c0e87ac":52,"a891461f":52,"a246cdab":52,"117c7f0b":52,"0d21cf99":52,"14e6fe14":52,"37ec5e73":52,"bfff7913":52,"f8636899":52,"37724339":52,"d45d9727":52,"ee5ff2a3":52,"44322dfd":52,"295e4d1d":52,"8cf6570a":52,"403064a0":52,"312af46e":52,"b5a9f8c3":52,"fcbc0ae8":52,"2ff6b6a8":52,"c92efaa8":52,"c241ac7e":52,"62a45672":52,"210e507a":52,"ac6e268b":52,"742238e8":52,"41d7f05d":52,"2b851827":52,"9f428a03":52,"4d504d96":52,"0533ece1":52,"bcee2ef3":52,"0afba00c":52,"04ff8100":52,"6c00d8d6":52,"ac9a02bc":52,"acfe69ed":52,"426603ff":52,"2db2f252":52,"2e84193b":52,"c55683c9":52,"51233daf":52,"02791635":52,"be081247":52,"5cc47d1b":52,"678b846f":52,"b4bd39d8":52,"b4cdbe5d":52,"fa0386f3":52,"b95d0f17":52,"cee9c347":52,"66a71cc1":52,"bf4b58e4":52
1601326990628,"7800e7ce":53,"77869ff0":53,"4b8f7b16":53,"89f75690":53,"cb363e2f":53,"cd802f02":53,"d3cca7eb":53,"e866a899":53,"5690e712":53,"0b92d2a9":53,"070bed95":53,"67e5d108":53,"3d37b94b":53,"842c97c2":53,"c4cef92b":53,"0eecdc5b":53,"b7e495ea":53,"45ec63c0":53,"0ddfde2c":53,"a8b41774":53,"81f0da2d":53,"1fcc8ba4":53,"75a9c117":53,"12ba54ec":53,"be391c1a":53,"37d8a5b7":53,"d5ab81c4":53,"2ecde685":53,"f0bd52d3":53,"dcc20f76":53,"666a8ef0":53,"c5b609f1":53,"4dc5849a":53,"d605c755":53,"8a8c1d67":53,"cc6b3306":53,"8c2dfd9a":53,"f11267b9":53,"a483b15e":53,"f80ab49d":53,"95eaed39":53,"a5ba0ebb":53,"f53362a9":53,"1901ef7e":53,"960c2e6b":53,"3515e999":53,"d11f8f1b":53,"9d9eb027":53,"325f9a29":53,"503aafe5":53,"080d5d42":53,"5d03f5dc":53,"f0a01341":53,"1ee4d9f9":53,"0d6e45e7":53,"0da97151":53,"e829038c":53,"4987cfb5":53,"ba90687c":53,"77f2cf92":53,"037e2be4":53,"9e7dbd20":53,"0c086273":53,"ac13c3b0":53,"b4d9c57f":53,"5d53c964":53,"8ee9cc91":53,"4cc0af91":53,"55f6a2ba":53,"9559ea96":53,"9cb044bf":53,"16b25add":53,"80ee333e":53,"3b329af2":53,"1cd662bf":53,"72992b35":53,"47589344":53,"593b1533":53,"e9f6e5ce":53,"ed6bead5":53,"96f594b9":53,"94dfcfc5":53,"8301986e":53,"830ecfec":53,"a8bae791":53,"312009ee":53,"c98759fd":53,"e8b6d676":53,"45ee5840":53,"76f04033":53,"43480b19":53,"fd955858":53,"69798d15":53,"efea71fa":53,"fb3aa867":53,"c9cf710b":53,"fcacdeb3":53,"0ea055ed":53,"e3b1bdf8":53,"644b45fb":53,"d5d94481":53,"ffe48500":53,"c7a45a33":53,"faffe099":53,"e99490cd":53,"3b830769":53,"583f0305":53,"1557c50a":53,"249e80ab":53,"f52a3d94":53,"eb74d3dd":53,"3bcbc28d":53,"3c0455e7":53,"df203c79":53,"df1e1ac0":53,"491708eb":53,"e421caaa":53,"2d2ecf27":53,"d38a4953":53,"eba5efdd":53,"a5463f93":53,"c85ac4f8":53,"bc253f4f":53,"0d9d2bf8":53,"18c73816":53,"e491161e":53,"b5087677":53,"16f60bed":53,"cb0c3481":53,"7664512c":53,"df9a53b8":53,"f6c27b2b":53,"945f6c24":53,"f1daea7e":53,"b8fb90e3":53,"56227e35":53,"0d6bf22a":53,"b87321d0":53,"43205b5d":53,"8982905a":53,"590ce3d3":53,"1802d7ce":53,"0a49914b":53,"5d3f5cad":53,"cf347cba":53,"fc0c23f7":53,"641f9b9e":53,"c92edec5":53,"9f03c1e7":53,"06c24a8d":53,"2f35e75f":53,"3eddf7c8":53,"77970f8b":53,"efd594d5":53,"846b7f11":53,"d3411467":53,"1df0ce7f":53,"a08171d0":53,"c8bc5677":53,"dfca0518":53,"b9a21017":53,"e47705d3":53,"3cae4115":53,"0ccf4731":53,"c7c6782d":53,"54346574":53,"b12cbf87":53,"81942d9b":53,"699b90c1":53,"d9b5a7a8":53,"1e7914d2":53,"e5d8fdb2":53,"3412ab75":53,"bcac5daf":53,"62d028cc":53,"0af2cf39":53,"27491297":53,"d041ea86":53,"1eda11b2":53,"fc442678":53
1601326991080,"3b3569f6":53,"b01ab62a":53,"76da16fa":53,"bffee581":53,"07150038":53,"080fa362":53,"7b6945ad":53,"a40d08e1":53,"cec79bc2":53,"d2eff358":53,"e70aebb5":53,"a488b2f1":53,"f6fe1ad7":53,"230064fa":53,"764e0abb":53,"bba6d88e":53,"ea3479ec":53,"32266fa3":53,"50b090c3":53,"8be24763":53,"eb4800b2":53,"6e0ce9dc":53,"87d9bec4":53,"e30dfa0c":53,"6da34174":53,"bfb849fa":53,"0a10b423":53,"9ef7cee7":53,"49f1a0d1":53,"5f04aa76":53,"ba297382":53,"0287db2a":53,"96abe4a9":53,"753b10b1":53,"cf14bd99":53,"782022f4":53,"322e833f":53,"ab3619e4":53,"106006ad":53,"c8237be9":53,"1416e8f5":53,"dde2eed5":53,"a208caa8":53,"16605353":53,"77b39e15":53,"f1726edb":53,"4caa87d6":53,"f7076e21":53,"69e653b6":53,"98d2991b":53,"3b411d6a":53,"83826ef3":53,"595609d5":53,"b47f1b89":53,"8e6caf71":53,"9a3433b8":53,"b89112cb":53,"66736d5e":53,"30de89a7":53,"06aaa33f":53,"320c65bf":53,"1fa1e7c2":53,"646af2b9":53,"659389ad":53,"240c8679":53,"0718c3be":53,"f1e86522":53,"8b503f7b":53,"fa03f48f":53,"5298dafa":53,"87a8523c":53,"c416baa6":53,"25f7f918":53,"5b09e53e":53,"da5bb0f7":53,"6d925c84":53,"50b23ab2":53,"edfa56d4":53,"899c16eb":53,"41c76041":53,"6bb1fa99":53,"d73ff72e":53,"61c0ca91":53,"d2fda7be":53,"ce20ca3c":53,"1d2d958b":53,"81fb6a01":53,"7f5b27c8":53,"fb3444d9":53,"f05de640":53,"86a68967":53,"56cd4dca":53,"7f469f4c":53,"f92dedfc":53,"355d1489":53,"f96fc1af":53,"06713bac":53,"61aca924":53,"d97fb857":53,"59ff5ec6":53,"ef04e64e":53,"6e2d04de":53,"2fca1798":53,"05028839":53,"5488826c":53,"84fff5c1":53,"ae350a07":53,"c5311ebb":53,"680a32a6":53,"105bb3f6":53,"83ba647d":53,"58de5462":53,"f01c896d":53,"cb0bd6b7":53,"1f2670d0":53,"8e426e39":53,"962c9c8f":53,"51909df8":53,"aec0bf28":53,"e22b0973":53,"23646ff9":53,"a017a323":53,"808bc372":53,"3abb827b":53,"c792a7c1":53,"8801c469":53,"0c73c293":53,"b6281f1a":53,"88929b06":53,"5a7da061":53,"48c6df81":53,"06a94514":53,"08c4692e":53,"5e165f43":53,"5b2479ef":53,"73c420df":53,"1d882c36":53,"f8785b71":53,"0700da70":53,"4718294d":53,"5352cf45":53,"e0ffe8ff":53,"ae14d6b5":53,"721f5f42":53,"0b50bca6":53,"bf2ca266":53,"5d8d9641":53,"0de67c6c":53,"2311399f":53,"5e3ebf5e":53,"9f6ca218":53,"6213799d":53,"44cb1fd2":53,"baf19c25":53,"24a79a6e":53,"edde30af":53,"4d949e11":53,"df12f689":53,"1da10cbf":53,"832c48e4":53,"dc90a44c":53,"1ad7c45b":53,"5566c17c":53,"86a22252":53,"0000dece":53,"ce5efdbe":53,"58ace2b5":53,"d379fd96":53,"7b819458":53,"7f8024cd":53,"ae562513":53,"7b66dacd":53,"9ab137d7":53,"7191d1cd":53,"005354dd":53,"ff591765":53,"ab4a411a":53,"eb62e8f2":53,"d7a4b24c":53,"93f12198":53,"686d5c0b":53,"62e270e5":53,"66b1b6d7":53,"f15eb1c5":53,"b062adc4":53,"71789493":53,"5ac72353":53,"4aae5133":53,"63a3af32":53,"d1b14d06":53,"f6c074a7":53,"3fec4b0b":53,"faa3de3e":53,"ffd6849d":53,"962fca02":53,"44983d13":53,"75968179":53,"80999122":53,"72af9198":53,"bc8bdc23":53,"e39e9552":53,"a71f3f70":53,"c649992d":53,"d5ad3ed6":53,"8e5f7187":53,"55ba7579":53,"b7769ca6":53,"9c27de51":53,"38a75b48":53,"1792bfa3":53,"426f1904":53,"7c0f1ca9":53,"b2f820ac":53,"25d4f65d":53,"eddb6a2a":53,"ff8a00aa":53,"c146560b":53,"985068e7":53,"d543ba6f":53,"1f7aa83c":53,"81c1b70d":53,"732d62ee":53,"e72f0f82":53,"d4b0751c":53,"88374b72":53,"fdfaf1ed":53,"5b01444b":53,"ea981bed":53,"79995b62":53,"97160db8":53,"5e197575":53,"589f0d6e":53,"e587c4d0":53,"525b2635":53,"51b4016a":53,"caa38a45":53,"46bf9112":53,"a9987a58":53,"092ad3d6":53,"bf940089":53,"b6b8e5c7":53,"e82177d3":53,"01f34f98":53,"6dfa57be":53,"1854ce44":53,"f92b22f1":53,"ece12664":53,"36f4ecde":53,"568a0d58":53,"5fd569d2":53,"10c8fd03":53,"bd4ccb49":53,"e773d697":53,"7e8c11e7":53,"077eb15a":53,"5337c279":53,"8d256cb6":53,"7021c619":53,"32ae00db":53,"bf2defb2":53,"bc733a28":53,"30d32d34":53,"886c16d3":53,"e8d09b62":53,"89914b94":53,"1670b0d3":53,"92b72493":53,"d3e58903":53,"4481c4be":53,"7954891b":53,"4afd60a9":53,"d44c0ea3":53,"68f87858":53,"533bac6b":53,"41634dba":53,"43fd1327":53,"113e7f4b":53,"8cce569a":53,"ce6401b6":53,"6f57824c":53,"28bd7aa1":53,"1d52fb0d":53,"cde0d748":53,"535ed444":53,"710f0d0e":53,"0905f1fb":53,"a20e529c":53,"1ae76fcc":53,"35b161d3":53,"344cd1a3":53,"77ea1236":53,"96d2a118":53,"23a0e41f":53,"b32a1080":53,"a2c4b591":53,"ec97d63e":53,"04bdf5e1":53,"94208a41":53,"da8b42be":53,"3b0576bf":53,"2cbcad17":53,"9458934f":53,"4dccb5ca":53,"83268abf":53,"1dcc489c":53,"578c4c95":53,"945badf3":53,"c606b472":53,"1327775b":53,"bdd40125":53,"75fd47f7":53,"1c52a07e":53,"e70ccc25":53,"afd1494f":53,"ca6bffd3":53,"829c44a4":53,"e76e2617":53,"2b4fd52e":53,"57162572":53,"d1d50cfe":53,"9666b973":53,"653b27c7":53,"83b37fd6":53,"4d852788":53,"e43a9448":53,"3542b748":53,"379c53ab":53,"e396d80d":53,"7da61f27":53,"dc874a97":53,"85a220de":53,"40a7cdd2":53,"ac033c7b":53,"87759976":53,"4df3f62e":53,"c881a53e":53,"80c1c8b1":53,"cf52acd8":53,"a63cb4ce":53,"d3b3492b":53,"7580cfa4":53,"22a96386":53,"5c672b50":53,"5df16440":53,"b666e56d":53,"8db378ff":53,"784d6375":53,"4541bf85":53,"a6b13f20":53,"2459c882":53,"3df97186":53,"ef0490de":53,"e0f47ced":53,"309bbf54":53,"cc537772":53,"6618390c":53,"99cc0813":53,"dc32c4e1":53,"239c636e":53,"6ee160ff":53,"c55d40ca":53,"22c177a8":53,"00ae883f":53,"f416ee62":53,"0d2b182d":53,"320754c3":53,"232b2f64":53,"3171b6e7":53,"3b25460f":53,"d2064756":53,"272e7d0d":53,"f92596ee":53,"68831ea9":53,"9713d076":53,"fd098272":53,"6ee788a7":53,"8249641d":53,"45b0968f":53,"6a9bb182":53,"1f1afd4f":53,"25fb8826":53,"0dc5da58":53,"2874a625":53,"e61ae828":53,"f7ac3883":53,"ccd01528":53,"dab8cf68":53,"f7ffcbb8":53,"5728f934":53,"00b26865":53,"c333337d":53,"815c56bc":53,"5bd61a68":53,"8582c5cf":53,"0c353665":53,"231e8700":53,"1f9fbd85":53,"43f24679":53,"00f2a9cb":53,"916fe082":53,"b64dba8e":53,"c3bb30ce":53,"86219c70":53,"601990d8":53,"5c662c19":53,"d2a5d2fd":53,"89d220c2":53,"3e10c9cb":53,"5500a3e8":53,"3c0e87ac":53,"a891461f":53,"a246cdab":53,"117c7f0b":53,"0d21cf99":53,"14e6fe14":53,"37ec5e73":53,"bfff7913":53,"f8636899":53,"37724339":53,"d45d9727":53,"ee5ff2a3":53,"44322dfd":53,"295e4d1d":53,"8cf6570a":53,"403064a0":53,"312af46e":53,"b5a9f8c3":53,"fcbc0ae8":53,"a8edfe84":53,"2ed19b1e":53,"959e16ea":53,"02f76c64":53,"5c6d1f33":53,"b4801cae":53,"c3c2fd05":53,"a1c0dfc4":53,"78f71162":53,"4b27a9a4":53,"163f4d19":53,"1d043d5a":53,"b2f82e06":53,"5b0b43e6":53,"b5474d69":53,"5a938eeb":53,"4fe0dedf":53,"951fc6d0":53,"61892a4c":53,"f096219e":53,"a3f0a6ec":53,"01051f84":53,"aa7e370d":53,"f995eeab":53,"4006e709":53,"0dedf63e":53,"a9d5374b":53,"4321f02d":53,"089b3f8f":53,"7698d0dc":53,"dfe4a061":53,"c2bf7d51":53,"784414ce":53,"781afef6":53,"2df3efdb":53,"de9229a0":53,"d0f1b7bd":53,"99a5feef":53,"e7799883":53,"f6266388":53,"e64fd39c":53,"4f9456cf":53,"2ff6b6a8":53,"66a71cc1":53,"bf4b58e4":53
1601326991235,"e1b3ce36":53,"6e260ee8":53,"f4f84279":53,"625fa164":53,"b0950de5":53,"0c6ae551":53,"6f873999":53,"e8f4c1dd":53,"cede8b8c":53,"1f4e0e22":53,"ad95ff4a":53,"60d69311":53,"3b09f1de":53,"893a99c5":53,"d8bf32b5":53,"b371f44a":53,"8b6180ff":53,"0eb42efe":53,"8819ac24":53,"03c4ab87":53,"4e3d3af7":53,"dbbf7f69":53,"3a4803a8":53,"f7a7de5d":53,"d4e56c3e":53,"0c045c2d":53,"8efd4801":53,"7eb8f268":53,"20236d3e":53,"36ae8cd8":53,"3ddd5391":53,"07f69c6d":53,"2254f0f5":53,"ea282e84":53,"6653c83b":53,"c896052c":53,"287ecd1c":53,"f9376d3e":53,"07a94e8c":53,"bb017b49":53,"37b52fe4":53,"61ad1519":53,"819c4185":53,"ba69b06b":53,"7d2a2cb4":53,"4f62491c":53,"f8c97147":53,"c2526ff3":53,"cc386067":53,"a22ffd8f":53,"3cd28a4d":53,"44a12c31":53,"45a961ca":53,"5ca978fd":53,"668e601b":53,"7552d86c":53,"02ebf3b6":53,"bb17a968":53,"4abcb85d":53,"cba26072":53,"2a718dcc":53,"c6a9a8e1":53,"88854fd0":53,"8dc27d2a":53,"41d7f05d":53,"2b851827":53,"9f428a03":53,"4d504d96":53,"0533ece1":53,"bcee2ef3":53,"0afba00c":53,"04ff8100":53,"6c00d8d6":53,"ac9a02bc":53,"acfe69ed":53,"426603ff":53,"2db2f252":53,"2e84193b":53,"c55683c9":53,"51233daf":53,"02791635":53,"be081247":53,"70b4c438":53,"71ed93db":53,"c92efaa8":53,"c241ac7e":53,"62a45672":53,"210e507a":53,"ac6e268b":53,"742238e8":53,"5cc47d1b":53,"678b846f":53,"b4bd39d8":53,"b4cdbe5d":53,"fa0386f3":53,"b95d0f17":53,"cee9c347":53
1601326993340,"d5d94481":54,"ffe48500":54,"c7a45a33":54,"faffe099":54,"e99490cd":54,"3b830769":54,"583f0305":54,"1557c50a":54,"249e80ab":54,"7800e7ce":54,"77869ff0":54,"4b8f7b16":54,"89f75690":54,"cb363e2f":54,"cd802f02":54,"d3cca7eb":54,"e866a899":54,"5690e712":54,"0b92d2a9":54,"070bed95":54,"67e5d108":54,"3d37b94b":54,"f52a3d94":54,"eb74d3dd":54,"3bcbc28d":54,"3c0455e7":54,"df203c79":54,"df1e1ac0":54,"491708eb":54,"e421caaa":54,"2d2ecf27":54,"d38a4953":54,"eba5efdd":54,"a5463f93":54,"c85ac4f8":54,"bc253f4f":54,"0d9d2bf8":54,"846b7f11":54,"d3411467":54,"1df0ce7f":54,"a08171d0":54,"c8bc5677":54,"dfca0518":54,"b9a21017":54,"e47705d3":54,"3cae4115":54,"0ccf4731":54,"c7c6782d":54,"54346574":54,"b12cbf87":54,"81942d9b":54,"699b90c1":54,"d9b5a7a8":54,"1e7914d2":54,"e5d8fdb2":54,"3412ab75":54,"bcac5daf":54,"62d028cc":54,"0af2cf39":54,"27491297":54,"d041ea86":54,"1eda11b2":54,"fc442678":54,"842c97c2":54,"c4cef92b":54,"0eecdc5b":54,"b7e495ea":54,"45ec63c0":54,"0ddfde2c":54,"a8b41774":54,"81f0da2d":54,"1fcc8ba4":54,"75a9c117":54,"12ba54ec":54,"be391c1a":54,"37d8a5b7":54,"d5ab81c4":54,"2ecde685":54,"f0bd52d3":54,"dcc20f76":54,"666a8ef0":54,"c5b609f1":54,"4dc5849a":54,"d605c755":54,"8a8c1d67":54,"cc6b3306":54,"8c2dfd9a":54,"f11267b9":54,"a483b15e":54,"f80ab49d":54,"95eaed39":54,"a5ba0ebb":54,"f53362a9":54,"1901ef7e":54,"960c2e6b":54,"3515e999":54,"d11f8f1b":54,"9d9eb027":54,"325f9a29":54,"503aafe5":54,"080d5d42":54,"5d03f5dc":54,"f0a01341":54,"1ee4d9f9":54,"0d6e45e7":54,"0da97151":54,"e829038c":54,"4987cfb5":54,"ba90687c":54,"77f2cf92":54,"037e2be4":54,"9e7dbd20":54,"0c086273":54,"ac13c3b0":54,"b4d9c57f":54,"5d53c964":54,"8ee9cc91":54,"4cc0af91":54,"55f6a2ba":54,"9559ea96":54,"9cb044bf":54,"16b25add":54,"80ee333e":54,"3b329af2":54,"1cd662bf":54,"72992b35":54,"47589344":54,"593b1533":54,"e9f6e5ce":54,"ed6bead5":54,"18c73816":54,"e491161e":54,"b5087677":54,"16f60bed":54,"cb0c3481":54,"7664512c":54,"df9a53b8":54,"f6c27b2b":54,"945f6c24":54,"f1daea7e":54,"b8fb90e3":54,"56227e35":54,"0d6bf22a":54,"b87321d0":54,"43205b5d":54,"8982905a":54,"f6fe1ad7":54,"230064fa":54,"764e0abb":54,"bba6d88e":54,"ea3479ec":54,"32266fa3":54,"50b090c3":54,"8be24763":54,"eb4800b2":54,"6e0ce9dc":54,"87d9bec4":54,"e30dfa0c":54,"6da34174":54,"bfb849fa":54,"0a10b423":54,"9ef7cee7":54,"49f1a0d1":54,"96f594b9":54,"94dfcfc5":54,"8301986e":54,"830ecfec":54,"a8bae791":54,"312009ee":54,"c98759fd":54,"e8b6d676":54,"45ee5840":54,"76f04033":54,"43480b19":54,"fd955858":54,"69798d15":54,"efea71fa":54,"fb3aa867":54,"c9cf710b":54,"fcacdeb3":54,"0ea055ed":54,"e3b1bdf8":54,"644b45fb":54,"5b09e53e":54,"da5bb0f7":54,"6d925c84":54,"50b23ab2":54,"edfa56d4":54,"899c16eb":54,"41c76041":54,"6bb1fa99":54,"d73ff72e":54,"61c0ca91":54,"d2fda7be":54,"ce20ca3c":54,"1d2d958b":54,"81fb6a01":54,"7f5b27c8":54,"fb3444d9":54,"f05de640":54,"86a68967":54,"56cd4dca":54,"7f469f4c":54,"f92dedfc":54,"355d1489":54,"f96fc1af":54,"06713bac":54,"61aca924":54,"d97fb857":54,"59ff5ec6":54,"ef04e64e":54,"6e2d04de":54,"2fca1798":54,"05028839":54,"5488826c":54,"5f04aa76":54,"ba297382":54,"0287db2a":54,"96abe4a9":54,"753b10b1":54,"cf14bd99":54,"782022f4":54,"322e833f":54,"ab3619e4":54,"106006ad":54,"c8237be9":54,"1416e8f5":54,"dde2eed5":54,"a208caa8":54,"16605353":54,"77b39e15":54,"f1726edb":54,"92b72493":54,"d3e58903":54,"4481c4be":54,"7954891b":54,"4afd60a9":54,"d44c0ea3":54
1601326993994,"3b3569f6":54,"b01ab62a":54,"76da16fa":54,"bffee581":54,"07150038":54,"080fa362":54,"7b6945ad":54,"a40d08e1":54,"cec79bc2":54,"d2eff358":54,"e70aebb5":54,"a488b2f1":54,"4caa87d6":54,"f7076e21":54,"69e653b6":54,"98d2991b":54,"3b411d6a":54,"83826ef3":54,"595609d5":54,"b47f1b89":54,"8e6caf71":54,"9a3433b8":54,"b89112cb":54,"66736d5e":54,"30de89a7":54,"06aaa33f":54,"f1e86522":54,"320c65bf":54,"1fa1e7c2":54,"fa03f48f":54,"5298dafa":54,"646af2b9":54,"659389ad":54,"25f7f918":54,"c5311ebb":54,"240c8679":54,"0718c3be":54,"105bb3f6":54,"8b503f7b":54,"58de5462":54,"f01c896d":54,"87a8523c":54,"1f2670d0":54,"c416baa6":54,"ae350a07":54,"962c9c8f":54,"aec0bf28":54,"680a32a6":54,"a017a323":54,"83ba647d":54,"cb0bd6b7":54,"8801c469":54,"84fff5c1":54,"c649992d":54,"d5ad3ed6":54,"8e5f7187":54,"55ba7579":54,"b7769ca6":54,"9c27de51":54,"38a75b48":54,"1792bfa3":54,"426f1904":54,"7c0f1ca9":54,"b2f820ac":54,"25d4f65d":54,"8e426e39":54,"b6281f1a":54,"808bc372":54,"51909df8":54,"48c6df81":54,"c792a7c1":54,"e22b0973":54,"5e165f43":54,"23646ff9":54,"5a7da061":54,"f8785b71":54,"ab4a411a":54,"06a94514":54,"3abb827b":54,"0c73c293":54,"d7a4b24c":54,"73c420df":54,"88929b06":54,"0700da70":54,"686d5c0b":54,"08c4692e":54,"ff591765":54,"f15eb1c5":54,"93f12198":54,"5b2479ef":54,"71789493":54,"5ac72353":54,"62e270e5":54,"1d882c36":54,"66b1b6d7":54,"d1b14d06":54,"eb62e8f2":54,"b062adc4":54,"f6c074a7":54,"ffd6849d":54,"4aae5133":54,"962fca02":54,"63a3af32":54,"75968179":54,"3fec4b0b":54,"bc8bdc23":54,"faa3de3e":54,"a71f3f70":54,"24a79a6e":54,"edde30af":54,"4d949e11":54,"df12f689":54,"1da10cbf":54,"832c48e4":54,"dc90a44c":54,"1ad7c45b":54,"5566c17c":54,"86a22252":54,"0000dece":54,"ce5efdbe":54,"58ace2b5":54,"d379fd96":54,"7b819458":54,"7f8024cd":54,"ae562513":54,"7b66dacd":54,"9ab137d7":54,"7191d1cd":54,"005354dd":54,"1f7aa83c":54,"44983d13":54,"590ce3d3":54,"1802d7ce":54,"0a49914b":54,"5d3f5cad":54,"cf347cba":54,"fc0c23f7":54,"641f9b9e":54,"c92edec5":54,"9f03c1e7":54,"06c24a8d":54,"2f35e75f":54,"3eddf7c8":54,"77970f8b":54,"efd594d5":54,"4718294d":54,"5352cf45":54,"e0ffe8ff":54,"ae14d6b5":54,"721f5f42":54,"0b50bca6":54,"bf2ca266":54,"5d8d9641":54,"0de67c6c":54,"2311399f":54,"5e3ebf5e":54,"9f6ca218":54,"6213799d":54,"44cb1fd2":54,"baf19c25":54,"732d62ee":54,"80999122":54,"d4b0751c":54,"72af9198":54,"e39e9552":54,"5b01444b":54,"81c1b70d":54,"79995b62":54,"e72f0f82":54,"97160db8":54,"589f0d6e":54,"88374b72":54,"fdfaf1ed":54,"51b4016a":54,"ea981bed":54,"46bf9112":54,"eddb6a2a":54,"ff8a00aa":54,"c146560b":54,"985068e7":54,"d543ba6f":54,"5e197575":54,"092ad3d6":54,"bf940089":54,"e587c4d0":54,"01f34f98":54,"525b2635":54,"1670b0d3":54,"caa38a45":54,"a9987a58":54,"ec97d63e":54,"b6b8e5c7":54,"94208a41":54,"2cbcad17":54,"e82177d3":54,"4dccb5ca":54,"89914b94":54,"04bdf5e1":54,"83268abf":54,"da8b42be":54,"578c4c95":54,"c606b472":54,"3b0576bf":54,"9458934f":54,"5337c279":54,"8d256cb6":54,"7021c619":54,"32ae00db":54,"bf2defb2":54,"bc733a28":54,"30d32d34":54,"886c16d3":54,"e8d09b62":54,"1dcc489c":54,"945badf3":54,"1327775b":54,"bdd40125":54,"68f87858":54,"533bac6b":54,"41634dba":54,"43fd1327":54,"113e7f4b":54,"8cce569a":54,"ce6401b6":54,"6f57824c":54,"28bd7aa1":54,"1d52fb0d":54,"cde0d748":54,"535ed444":54,"710f0d0e":54,"0905f1fb":54,"a20e529c":54,"1ae76fcc":54,"35b161d3":54,"344cd1a3":54,"77ea1236":54,"96d2a118":54,"23a0e41f":54,"b32a1080":54,"a2c4b591":54,"6dfa57be":54,"1854ce44":54,"f92b22f1":54,"ece12664":54,"36f4ecde":54,"568a0d58":54,"5fd569d2":54,"10c8fd03":54,"bd4ccb49":54,"e773d697":54,"7e8c11e7":54,"077eb15a":54,"75fd47f7":54,"1c52a07e":54,"e70ccc25":54,"afd1494f":54,"ca6bffd3":54,"829c44a4":54,"e76e2617":54,"2b4fd52e":54,"57162572":54,"d1d50cfe":54,"9666b973":54,"653b27c7":54,"83b37fd6":54,"4d852788":54,"e43a9448":54,"3542b748":54,"379c53ab":54,"e396d80d":54,"7da61f27":54,"dc874a97":54,"85a220de":54,"40a7cdd2":54,"ac033c7b":54,"87759976":54,"4df3f62e":54,"c881a53e":54,"80c1c8b1":54,"cf52acd8":54,"a63cb4ce":54,"d3b3492b":54,"7580cfa4":54,"22a96386":54,"5c672b50":54,"5df16440":54,"b666e56d":54,"8db378ff":54,"784d6375":54,"4541bf85":54,"a6b13f20":54,"2459c882":54,"3df97186":54,"ef0490de":54,"e0f47ced":54,"309bbf54":54,"cc537772":54,"6618390c":54,"99cc0813":54,"dc32c4e1":54,"239c636e":54,"6ee160ff":54,"c55d40ca":54,"22c177a8":54,"00ae883f":54,"f416ee62":54,"0d2b182d":54,"272e7d0d":54,"320754c3":54,"232b2f64":54,"3171b6e7":54,"3b25460f":54,"d2064756":54,"f7ffcbb8":54,"5728f934":54,"00b26865":54,"c333337d":54,"815c56bc":54,"5bd61a68":54,"8582c5cf":54,"0c353665":54,"231e8700":54,"1f9fbd85":54,"43f24679":54,"a1c0dfc4":54,"78f71162":54,"4b27a9a4":54,"163f4d19":54,"1d043d5a":54,"b2f82e06":54,"5b0b43e6":54,"b5474d69":54,"5a938eeb":54,"4fe0dedf":54,"951fc6d0":54,"61892a4c":54,"f096219e":54,"a3f0a6ec":54,"f92596ee":54,"68831ea9":54,"9713d076":54,"fd098272":54,"6ee788a7":54,"8249641d":54,"45b0968f":54,"6a9bb182":54,"1f1afd4f":54,"25fb8826":54,"0dc5da58":54,"2874a625":54,"e61ae828":54,"f7ac3883":54,"ccd01528":54,"dab8cf68":54,"00f2a9cb":54,"916fe082":54,"b64dba8e":54,"c3bb30ce":54,"86219c70":54,"601990d8":54,"5c662c19":54,"d2a5d2fd":54,"89d220c2":54,"3e10c9cb":54,"5500a3e8":54,"3c0e87ac":54,"a891461f":54,"a246cdab":54,"117c7f0b":54,"0d21cf99":54,"14e6fe14":54,"37ec5e73":54,"bfff7913":54,"f8636899":54,"37724339":54,"d45d9727":54,"ee5ff2a3":54,"44322dfd":54,"295e4d1d":54,"8cf6570a":54,"403064a0":54,"312af46e":54,"b5a9f8c3":54,"fcbc0ae8":54,"2ff6b6a8":54,"66a71cc1":54,"bf4b58e4":54,"a8edfe84":54,"2ed19b1e":54,"959e16ea":54,"02f76c64":54,"5c6d1f33":54,"b4801cae":54,"c3c2fd05":54,"f8c97147":54,"c2526ff3":54,"cc386067":54,"a22ffd8f":54,"3cd28a4d":54,"44a12c31":54,"45a961ca":54,"5ca978fd":54,"668e601b":54,"7552d86c":54,"02ebf3b6":54,"01051f84":54,"aa7e370d":54,"f995eeab":54,"4006e709":54,"0dedf63e":54,"a9d5374b":54,"4321f02d":54,"089b3f8f":54,"7698d0dc":54,"784414ce":54,"2df3efdb":54,"d0f1b7bd":54,"e7799883":54,"4f9456cf":54,"dfe4a061":54,"6e260ee8":54,"c2bf7d51":54,"f4f84279":54,"781afef6":54,"b0950de5":54,"de9229a0":54,"6f873999":54,"1f4e0e22":54,"99a5feef":54,"f6266388":54,"60d69311":54,"e64fd39c":54,"3b09f1de":54,"e1b3ce36":54,"b371f44a":54,"8b6180ff":54,"625fa164":54,"8819ac24":54,"0c6ae551":54,"dbbf7f69":54,"e8f4c1dd":54,"cede8b8c":54,"ad95ff4a":54,"893a99c5":54,"d8bf32b5":54,"0eb42efe":54,"03c4ab87":54,"4e3d3af7":54,"3a4803a8":54,"f7a7de5d":54,"d4e56c3e":54,"0c045c2d":54,"8efd4801":54,"7eb8f268":54,"20236d3e":54,"36ae8cd8":54,"3ddd5391":54,"07f69c6d":54,"2254f0f5":54,"ea282e84":54,"6653c83b":54,"c896052c":54,"287ecd1c":54,"f9376d3e":54,"07a94e8c":54,"bb017b49":54,"37b52fe4":54,"61ad1519":54,"819c4185":54,"ba69b06b":54,"7d2a2cb4":54,"4f62491c":54,"70b4c438":54,"71ed93db":54,"c92efaa8":54,"c241ac7e":54,"62a45672":54,"210e507a":54,"ac6e268b":54,"742238e8":54,"bb17a968":54,"4abcb85d":54,"cba26072":54,"2a718dcc":54,"c6a9a8e1":54,"88854fd0":54,"8dc27d2a":54,"41d7f05d":54,"2b851827":54,"9f428a03":54,"4d504d96":54,"0533ece1":54,"bcee2ef3":54,"0afba00c":54,"04ff8100":54,"6c00d8d6":54,"ac9a02bc":54,"acfe69ed":54,"426603ff":54,"2db2f252":54,"2e84193b":54,"c55683c9":54,"51233daf":54,"02791635":54,"be081247":54,"5cc47d1b":54,"678b846f":54,"b4bd39d8":54,"b4cdbe5d":54,"fa0386f3":54,"b95d0f17":54,"cee9c347":54
1601326996058,"7800e7ce":55,"77869ff0":55,"4b8f7b16":55,"89f75690":55,"cb363e2f":55,"cd802f02":55,"d3cca7eb":55,"e866a899":55,"5690e712":55,"0b92d2a9":55,"070bed95":55,"67e5d108":55,"3d37b94b":55,"842c97c2":55,"c4cef92b":55,"0eecdc5b":55,"b7e495ea":55,"45ec63c0":55,"0ddfde2c":55,"a8b41774":55,"81f0da2d":55,"1fcc8ba4":55,"75a9c117":55,"12ba54ec":55,"be391c1a":55,"d5d94481":55,"ffe48500":55,"c7a45a33":55,"faffe099":55,"e99490cd":55,"3b830769":55,"583f0305":55,"1557c50a":55,"249e80ab":55,"f52a3d94":55,"eb74d3dd":55,"3bcbc28d":55,"3c0455e7":55,"df203c79":55,"df1e1ac0":55,"491708eb":55,"e421caaa":55,"2d2ecf27":55,"d38a4953":55,"eba5efdd":55,"a5463f93":55,"c85ac4f8":55,"bc253f4f":55,"0d9d2bf8":55,"846b7f11":55,"d3411467":55,"1df0ce7f":55,"a08171d0":55,"c8bc5677":55,"dfca0518":55,"b9a21017":55,"e47705d3":55,"3cae4115":55,"0ccf4731":55,"c7c6782d":55,"54346574":55,"b12cbf87":55,"81942d9b":55,"699b90c1":55,"d9b5a7a8":55,"1e7914d2":55,"e5d8fdb2":55,"3412ab75":55,"bcac5daf":55,"62d028cc":55,"0af2cf39":55,"27491297":55,"d041ea86":55,"1eda11b2":55,"fc442678":55
1601326996523,"d605c755":55,"8a8c1d67":55,"cc6b3306":55,"8c2dfd9a":55,"f11267b9":55,"a483b15e":55,"f80ab49d":55,"95eaed39":55,"a5ba0ebb":55,"f53362a9":55,"1901ef7e":55,"960c2e6b":55,"3515e999":55,"d11f8f1b":55,"9d9eb027":55,"325f9a29":55,"503aafe5":55,"080d5d42":55,"5d03f5dc":55,"f0a01341":55,"1ee4d9f9":55,"0d6e45e7":55,"0da97151":55,"e829038c":55,"4987cfb5":55,"ba90687c":55,"77f2cf92":55,"37d8a5b7":55,"d5ab81c4":55,"2ecde685":55,"f0bd52d3":55,"dcc20f76":55,"666a8ef0":55,"c5b609f1":55,"4dc5849a":55,"590ce3d3":55,"1802d7ce":55,"0a49914b":55,"5d3f5cad":55,"cf347cba":55,"fc0c23f7":55,"641f9b9e":55,"c92edec5":55,"9f03c1e7":55,"06c24a8d":55,"2f35e75f":55,"3eddf7c8":55,"77970f8b":55,"efd594d5":55,"4718294d":55,"5352cf45":55,"e0ffe8ff":55,"fcacdeb3":55,"0ea055ed":55,"e3b1bdf8":55,"644b45fb":55,"5b09e53e":55,"da5bb0f7":55,"037e2be4":55,"9e7dbd20":55,"0c086273":55,"ac13c3b0":55,"b4d9c57f":55,"5d53c964":55,"8ee9cc91":55,"4cc0af91":55,"55f6a2ba":55,"9559ea96":55,"9cb044bf":55,"16b25add":55,"80ee333e":55,"3b329af2":55,"1cd662bf":55,"72992b35":55,"47589344":55,"593b1533":55,"e9f6e5ce":55,"ed6bead5":55,"96f594b9":55,"94dfcfc5":55,"8301986e":55,"830ecfec":55,"a8bae791":55,"312009ee":55,"c98759fd":55,"e8b6d676":55,"45ee5840":55,"76f04033":55,"43480b19":55,"fd955858":55,"69798d15":55,"efea71fa":55,"fb3aa867":55,"c9cf710b":55,"6d925c84":55,"18c73816":55,"e491161e":55,"b5087677":55,"16f60bed":55,"cb0c3481":55,"7664512c":55,"df9a53b8":55,"f6c27b2b":55,"945f6c24":55,"f1daea7e":55,"b8fb90e3":55,"56227e35":55,"0d6bf22a":55,"b87321d0":55,"43205b5d":55,"8982905a":55,"f6fe1ad7":55,"230064fa":55,"764e0abb":55,"bba6d88e":55,"ea3479ec":55,"32266fa3":55,"50b090c3":55,"50b23ab2":55,"edfa56d4":55,"899c16eb":55,"41c76041":55,"6bb1fa99":55,"d73ff72e":55,"61c0ca91":55,"d2fda7be":55,"ce20ca3c":55,"1d2d958b":55,"81fb6a01":55,"7f5b27c8":55,"fb3444d9":55,"f05de640":55,"86a68967":55,"56cd4dca":55,"7f469f4c":55,"f92dedfc":55,"355d1489":55,"f96fc1af":55,"8be24763":55,"eb4800b2":55,"6e0ce9dc":55,"87d9bec4":55,"e30dfa0c":55,"6da34174":55,"bfb849fa":55,"0a10b423":55,"9ef7cee7":55,"49f1a0d1":55,"5f04aa76":55,"ba297382":55,"0287db2a":55,"96abe4a9":55,"753b10b1":55,"cf14bd99":55,"782022f4":55,"322e833f":55,"ab3619e4":55,"106006ad":55,"c8237be9":55,"1416e8f5":55,"dde2eed5":55,"a208caa8":55,"16605353":55,"77b39e15":55,"f1726edb":55,"06713bac":55,"61aca924":55,"d97fb857":55,"59ff5ec6":55,"ef04e64e":55,"6e2d04de":55,"2fca1798":55,"05028839":55,"5488826c":55,"3b3569f6":55,"b01ab62a":55,"76da16fa":55,"bffee581":55,"07150038":55,"080fa362":55,"7b6945ad":55,"a40d08e1":55,"cec79bc2":55,"d2eff358":55,"e70aebb5":55,"a488b2f1":55,"4caa87d6":55,"f7076e21":55,"69e653b6":55,"98d2991b":55,"3b411d6a":55,"84fff5c1":55,"c649992d":55,"d5ad3ed6":55,"8e5f7187":55,"55ba7579":55,"b7769ca6":55,"9c27de51":55,"38a75b48":55,"1792bfa3":55,"426f1904":55,"7c0f1ca9":55,"b2f820ac":55,"25d4f65d":55,"eddb6a2a":55,"ff8a00aa":55,"c146560b":55,"92b72493":55,"d3e58903":55,"4481c4be":55,"7954891b":55,"4afd60a9":55,"d44c0ea3":55,"68f87858":55,"533bac6b":55,"41634dba":55,"43fd1327":55,"113e7f4b":55,"8cce569a":55,"ce6401b6":55,"6f57824c":55,"28bd7aa1":55,"1d52fb0d":55,"cde0d748":55,"535ed444":55,"710f0d0e":55,"0905f1fb":55,"a20e529c":55,"1ae76fcc":55,"35b161d3":55,"344cd1a3":55,"77ea1236":55,"96d2a118":55,"23a0e41f":55,"b32a1080":55,"a2c4b591":55,"6dfa57be":55,"985068e7":55,"d543ba6f":55,"ae14d6b5":55,"721f5f42":55,"0b50bca6":55,"bf2ca266":55,"5d8d9641":55,"0de67c6c":55,"2311399f":55,"5e3ebf5e":55,"9f6ca218":55,"6213799d":55,"44cb1fd2":55,"baf19c25":55,"24a79a6e":55,"edde30af":55,"4d949e11":55,"df12f689":55,"1da10cbf":55,"832c48e4":55,"dc90a44c":55,"1ad7c45b":55,"5566c17c":55,"86a22252":55,"0000dece":55,"ce5efdbe":55,"58ace2b5":55,"d379fd96":55,"7b819458":55,"7f8024cd":55,"ae562513":55,"7b66dacd":55,"9ab137d7":55,"7191d1cd":55,"005354dd":55,"1854ce44":55,"f92b22f1":55,"ece12664":55,"36f4ecde":55,"568a0d58":55,"5fd569d2":55,"10c8fd03":55,"bd4ccb49":55,"e773d697":55,"7e8c11e7":55,"077eb15a":55,"5337c279":55,"8d256cb6":55,"7021c619":55,"32ae00db":55,"bf2defb2":55,"bc733a28":55,"30d32d34":55,"886c16d3":55,"e8d09b62":55,"83826ef3":55,"595609d5":55,"b47f1b89":55,"8e6caf71":55,"9a3433b8":55,"b89112cb":55,"66736d5e":55,"30de89a7":55,"06aaa33f":55,"320c65bf":55,"f1e86522":55,"1fa1e7c2":55,"fa03f48f":55,"646af2b9":55,"5298dafa":55,"659389ad":55,"25f7f918":55,"c5311ebb":55,"240c8679":55,"0718c3be":55,"105bb3f6":55,"8b503f7b":55,"58de5462":55,"f01c896d":55,"87a8523c":55,"c416baa6":55,"1f2670d0":55,"ae350a07":55,"962c9c8f":55,"aec0bf28":55,"680a32a6":55,"83ba647d":55,"a017a323":55,"8801c469":55,"cb0bd6b7":55,"8e426e39":55,"b6281f1a":55,"48c6df81":55,"51909df8":55,"e22b0973":55,"5e165f43":55,"23646ff9":55,"f8785b71":55,"ab4a411a":55,"3abb827b":55,"808bc372":55,"c792a7c1":55,"0c73c293":55,"d7a4b24c":55,"5a7da061":55,"686d5c0b":55,"88929b06":55,"06a94514":55,"08c4692e":55,"f15eb1c5":55,"73c420df":55,"5b2479ef":55,"71789493":55,"0700da70":55,"5ac72353":55,"1d882c36":55,"ff591765":55,"93f12198":55,"d1b14d06":55,"eb62e8f2":55,"f6c074a7":55,"62e270e5":55,"ffd6849d":55,"66b1b6d7":55,"962fca02":55,"b062adc4":55,"75968179":55,"4aae5133":55,"63a3af32":55,"bc8bdc23":55,"a71f3f70":55,"3fec4b0b":55,"1f7aa83c":55,"faa3de3e":55,"732d62ee":55,"44983d13":55,"d4b0751c":55,"80999122":55,"5b01444b":55,"72af9198":55,"79995b62":55,"e39e9552":55,"81c1b70d":55,"97160db8":55,"e72f0f82":55,"589f0d6e":55,"88374b72":55,"51b4016a":55,"fdfaf1ed":55,"46bf9112":55,"ea981bed":55,"092ad3d6":55,"5e197575":55,"bf940089":55,"e587c4d0":55,"01f34f98":55,"525b2635":55,"1670b0d3":55,"caa38a45":55,"ec97d63e":55,"a9987a58":55,"b6b8e5c7":55,"94208a41":55,"2cbcad17":55,"e82177d3":55,"89914b94":55,"4dccb5ca":55,"9666b973":55,"653b27c7":55,"83b37fd6":55,"4d852788":55,"e43a9448":55,"3542b748":55,"379c53ab":55,"e396d80d":55,"7da61f27":55,"dc874a97":55,"85a220de":55,"40a7cdd2":55,"ac033c7b":55,"87759976":55,"4df3f62e":55,"c881a53e":55,"80c1c8b1":55,"cf52acd8":55,"a63cb4ce":55,"d3b3492b":55,"83268abf":55,"04bdf5e1":55,"578c4c95":55,"da8b42be":55,"3b0576bf":55,"c606b472":55,"9458934f":55,"1dcc489c":55,"945badf3":55,"1327775b":55,"bdd40125":55,"75fd47f7":55,"1c52a07e":55,"e70ccc25":55,"afd1494f":55,"ca6bffd3":55,"829c44a4":55,"e76e2617":55,"2b4fd52e":55,"57162572":55,"d1d50cfe":55,"7580cfa4":55,"22a96386":55,"5c672b50":55,"5df16440":55,"b666e56d":55,"8db378ff":55,"784d6375":55,"4541bf85":55,"a6b13f20":55,"2459c882":55,"3df97186":55,"ef0490de":55,"e0f47ced":55,"309bbf54":55,"cc537772":55,"6618390c":55,"99cc0813":55,"dc32c4e1":55,"239c636e":55,"6ee160ff":55,"c55d40ca":55,"22c177a8":55,"00ae883f":55,"f416ee62":55,"0d2b182d":55,"320754c3":55,"232b2f64":55,"3171b6e7":55,"3b25460f":55,"d2064756":55,"272e7d0d":55,"f92596ee":55,"68831ea9":55,"9713d076":55,"fd098272":55,"6ee788a7":55,"8249641d":55,"45b0968f":55,"6a9bb182":55,"1f1afd4f":55,"25fb8826":55,"0dc5da58":55,"2874a625":55,"e61ae828":55,"f7ac3883":55,"ccd01528":55,"dab8cf68":55,"00f2a9cb":55,"916fe082":55,"b64dba8e":55,"c3bb30ce":55,"86219c70":55,"601990d8":55,"5c662c19":55,"d2a5d2fd":55,"89d220c2":55,"f7ffcbb8":55,"5728f934":55,"00b26865":55,"c333337d":55,"815c56bc":55,"5bd61a68":55,"8582c5cf":55,"0c353665":55,"231e8700":55,"1f9fbd85":55,"43f24679":55,"a1c0dfc4":55,"78f71162":55,"4b27a9a4":55,"163f4d19":55,"1d043d5a":55,"b2f82e06":55,"5b0b43e6":55,"b5474d69":55
1601326996678,"3e10c9cb":55,"5500a3e8":55,"3c0e87ac":55,"a891461f":55,"a246cdab":55,"117c7f0b":55,"0d21cf99":55,"14e6fe14":55,"37ec5e73":55,"bfff7913":55,"f8636899":55,"37724339":55,"d45d9727":55,"ee5ff2a3":55,"44322dfd":55,"295e4d1d":55,"8cf6570a":55,"403064a0":55,"312af46e":55,"b5a9f8c3":55,"fcbc0ae8":55,"2ff6b6a8":55,"66a71cc1":55,"bf4b58e4":55,"a8edfe84":55,"2ed19b1e":55,"959e16ea":55,"02f76c64":55,"5c6d1f33":55,"b4801cae":55,"c3c2fd05":55,"f8c97147":55,"c2526ff3":55,"cc386067":55,"5a938eeb":55,"4fe0dedf":55,"951fc6d0":55,"61892a4c":55,"f096219e":55,"a3f0a6ec":55,"01051f84":55,"aa7e370d":55,"f995eeab":55,"4006e709":55,"0dedf63e":55,"a9d5374b":55,"4321f02d":55,"089b3f8f":55,"7698d0dc":55,"784414ce":55,"2df3efdb":55,"d0f1b7bd":55,"e7799883":55,"4f9456cf":55,"6e260ee8":55,"f4f84279":55,"b0950de5":55,"6f873999":55,"dfe4a061":55,"1f4e0e22":55,"c2bf7d51":55,"60d69311":55,"781afef6":55,"3b09f1de":55,"de9229a0":55,"b371f44a":55,"99a5feef":55,"8b6180ff":55,"f6266388":55,"e64fd39c":55,"8819ac24":55,"dbbf7f69":55,"e1b3ce36":55,"625fa164":55,"0c6ae551":55,"e8f4c1dd":55,"cede8b8c":55,"ad95ff4a":55,"893a99c5":55,"d8bf32b5":55,"0eb42efe":55,"03c4ab87":55,"4e3d3af7":55,"3a4803a8":55,"f7a7de5d":55,"d4e56c3e":55,"0c045c2d":55,"8efd4801":55,"7eb8f268":55,"20236d3e":55,"36ae8cd8":55,"3ddd5391":55,"07f69c6d":55,"2254f0f5":55,"ea282e84":55,"6653c83b":55,"c896052c":55,"287ecd1c":55,"f9376d3e":55,"07a94e8c":55,"bb017b49":55,"37b52fe4":55,"61ad1519":55,"819c4185":55,"ba69b06b":55,"7d2a2cb4":55,"4f62491c":55,"70b4c438":55,"71ed93db":55,"c92efaa8":55,"c241ac7e":55,"62a45672":55,"210e507a":55,"a22ffd8f":55,"3cd28a4d":55,"44a12c31":55,"45a961ca":55,"5ca978fd":55,"668e601b":55,"7552d86c":55,"02ebf3b6":55,"bb17a968":55,"4abcb85d":55,"cba26072":55,"2a718dcc":55,"c6a9a8e1":55,"88854fd0":55,"8dc27d2a":55,"41d7f05d":55,"2b851827":55,"9f428a03":55,"4d504d96":55,"0533ece1":55,"bcee2ef3":55,"0afba00c":55,"04ff8100":55,"6c00d8d6":55,"ac9a02bc":55,"acfe69ed":55,"426603ff":55,"2db2f252":55,"2e84193b":55,"c55683c9":55,"51233daf":55,"02791635":55,"be081247":55,"5cc47d1b":55,"678b846f":55,"b4bd39d8":55,"b4cdbe5d":55,"ac6e268b":55,"742238e8":55,"fa0386f3":55,"b95d0f17":55,"cee9c347":55
1601326998767,"7800e7ce":56,"77869ff0":56,"4b8f7b16":56,"89f75690":56,"cb363e2f":56,"cd802f02":56,"d3cca7eb":56,"e866a899":56,"5690e712":56,"0b92d2a9":56,"070bed95":56,"67e5d108":56,"3d37b94b":56,"842c97c2":56,"c4cef92b":56,"0eecdc5b":56,"b7e495ea":56,"45ec63c0":56,"0ddfde2c":56,"a8b41774":56,"81f0da2d":56,"1fcc8ba4":56,"75a9c117":56,"12ba54ec":56,"be391c1a":56,"37d8a5b7":56,"d5ab81c4":56,"2ecde685":56,"f0bd52d3":56,"dcc20f76":56,"666a8ef0":56,"c5b609f1":56,"4dc5849a":56,"d605c755":56,"8a8c1d67":56,"cc6b3306":56,"8c2dfd9a":56,"f11267b9":56,"a483b15e":56,"f80ab49d":56,"95eaed39":56,"a5ba0ebb":56,"f53362a9":56,"1901ef7e":56,"960c2e6b":56,"3515e999":56,"d11f8f1b":56,"9d9eb027":56,"325f9a29":56,"503aafe5":56,"080d5d42":56,"5d03f5dc":56,"f0a01341":56,"1ee4d9f9":56,"0d6e45e7":56,"0da97151":56,"e829038c":56,"4987cfb5":56,"ba90687c":56,"77f2cf92":56,"037e2be4":56,"9e7dbd20":56,"0c086273":56,"ac13c3b0":56,"b4d9c57f":56,"5d53c964":56,"8ee9cc91":56,"4cc0af91":56,"55f6a2ba":56,"9559ea96":56,"9cb044bf":56,"16b25add":56,"80ee333e":56,"3b329af2":56,"1cd662bf":56,"72992b35":56,"47589344":56,"593b1533":56,"e9f6e5ce":56,"ed6bead5":56,"96f594b9":56,"94dfcfc5":56,"8301986e":56,"830ecfec":56,"a8bae791":56,"312009ee":56,"d5d94481":56,"ffe48500":56,"c7a45a33":56,"faffe099":56,"e99490cd":56,"3b830769":56,"583f0305":56,"1557c50a":56,"249e80ab":56,"c98759fd":56,"e8b6d676":56,"45ee5840":56,"76f04033":56,"43480b19":56,"fd955858":56,"69798d15":56,"efea71fa":56,"fb3aa867":56,"c9cf710b":56,"fcacdeb3":56,"0ea055ed":56,"e3b1bdf8":56,"644b45fb":56,"d041ea86":56,"1eda11b2":56,"fc442678":56,"f52a3d94":56,"eb74d3dd":56,"3bcbc28d":56,"3c0455e7":56,"df203c79":56,"df1e1ac0":56,"491708eb":56,"e421caaa":56,"2d2ecf27":56,"d38a4953":56,"eba5efdd":56,"a5463f93":56,"c85ac4f8":56,"bc253f4f":56,"0d9d2bf8":56,"846b7f11":56,"d3411467":56,"1df0ce7f":56,"a08171d0":56,"c8bc5677":56,"dfca0518":56,"b9a21017":56,"e47705d3":56,"3cae4115":56,"0ccf4731":56,"c7c6782d":56,"54346574":56,"b12cbf87":56,"81942d9b":56,"699b90c1":56,"d9b5a7a8":56,"1e7914d2":56,"e5d8fdb2":56,"3412ab75":56,"bcac5daf":56,"62d028cc":56,"0af2cf39":56,"27491297":56,"590ce3d3":56,"1802d7ce":56,"0a49914b":56,"5d3f5cad":56,"cf347cba":56,"fc0c23f7":56,"641f9b9e":56,"c92edec5":56,"9f03c1e7":56,"06c24a8d":56,"2f35e75f":56,"3eddf7c8":56,"77970f8b":56,"efd594d5":56,"4718294d":56,"5352cf45":56,"e0ffe8ff":56,"18c73816":56,"e491161e":56,"b5087677":56,"16f60bed":56,"cb0c3481":56,"7664512c":56,"df9a53b8":56,"f6c27b2b":56,"945f6c24":56,"f1daea7e":56,"b8fb90e3":56,"56227e35":56,"0d6bf22a":56,"b87321d0":56,"43205b5d":56,"8982905a":56,"f6fe1ad7":56,"230064fa":56,"764e0abb":56,"bba6d88e":56,"ea3479ec":56,"ae14d6b5":56,"721f5f42":56,"0b50bca6":56,"bf2ca266":56,"5d8d9641":56,"0de67c6c":56,"2311399f":56,"5e3ebf5e":56,"9f6ca218":56,"6213799d":56,"44cb1fd2":56,"baf19c25":56,"24a79a6e":56,"edde30af":56,"4d949e11":56,"df12f689":56,"1da10cbf":56,"832c48e4":56,"dc90a44c":56,"1ad7c45b":56,"5566c17c":56,"86a22252":56,"0000dece":56,"ce5efdbe":56,"58ace2b5":56,"d379fd96":56,"7b819458":56,"7f8024cd":56,"ae562513":56,"7b66dacd":56,"9ab137d7":56,"7191d1cd":56,"005354dd":56,"32266fa3":56,"50b090c3":56,"8be24763":56,"eb4800b2":56,"6e0ce9dc":56,"87d9bec4":56,"e30dfa0c":56,"6da34174":56,"bfb849fa":56,"0a10b423":56,"9ef7cee7":56,"49f1a0d1":56,"5f04aa76":56,"ba297382":56,"0287db2a":56,"96abe4a9":56,"753b10b1":56,"cf14bd99":56,"782022f4":56,"322e833f":56,"ab3619e4":56,"106006ad":56,"c8237be9":56,"1416e8f5":56,"dde2eed5":56,"a208caa8":56,"16605353":56,"77b39e15":56,"f1726edb":56
1601326999324,"3b3569f6":56,"b01ab62a":56,"76da16fa":56,"bffee581":56,"07150038":56,"080fa362":56,"7b6945ad":56,"a40d08e1":56,"cec79bc2":56,"d2eff358":56,"92b72493":56,"d3e58903":56,"4481c4be":56,"7954891b":56,"4afd60a9":56,"d44c0ea3":56,"68f87858":56,"533bac6b":56,"41634dba":56,"43fd1327":56,"113e7f4b":56,"8cce569a":56,"ce6401b6":56,"6f57824c":56,"28bd7aa1":56,"1d52fb0d":56,"cde0d748":56,"535ed444":56,"710f0d0e":56,"0905f1fb":56,"a20e529c":56,"1ae76fcc":56,"35b161d3":56,"344cd1a3":56,"77ea1236":56,"96d2a118":56,"23a0e41f":56,"b32a1080":56,"e70aebb5":56,"a488b2f1":56,"4caa87d6":56,"f7076e21":56,"69e653b6":56,"98d2991b":56,"3b411d6a":56,"83826ef3":56,"595609d5":56,"b47f1b89":56,"8e6caf71":56,"9a3433b8":56,"b89112cb":56,"66736d5e":56,"30de89a7":56,"06aaa33f":56,"320c65bf":56,"1fa1e7c2":56,"f1e86522":56,"646af2b9":56,"659389ad":56,"fa03f48f":56,"240c8679":56,"5298dafa":56,"5b09e53e":56,"da5bb0f7":56,"6d925c84":56,"50b23ab2":56,"edfa56d4":56,"899c16eb":56,"41c76041":56,"6bb1fa99":56,"d73ff72e":56,"61c0ca91":56,"d2fda7be":56,"ce20ca3c":56,"1d2d958b":56,"81fb6a01":56,"7f5b27c8":56,"fb3444d9":56,"f05de640":56,"86a68967":56,"56cd4dca":56,"7f469f4c":56,"f92dedfc":56,"355d1489":56,"f96fc1af":56,"06713bac":56,"61aca924":56,"d97fb857":56,"59ff5ec6":56,"ef04e64e":56,"6e2d04de":56,"2fca1798":56,"05028839":56,"5488826c":56,"84fff5c1":56,"c649992d":56,"d5ad3ed6":56,"0718c3be":56,"25f7f918":56,"c5311ebb":56,"8b503f7b":56,"87a8523c":56,"105bb3f6":56,"c416baa6":56,"58de5462":56,"f01c896d":56,"ae350a07":56,"680a32a6":56,"1f2670d0":56,"962c9c8f":56,"83ba647d":56,"cb0bd6b7":56,"aec0bf28":56,"a017a323":56,"8e426e39":56,"51909df8":56,"8801c469":56,"e22b0973":56,"b6281f1a":56,"a2c4b591":56,"6dfa57be":56,"1854ce44":56,"f92b22f1":56,"ece12664":56,"36f4ecde":56,"568a0d58":56,"5fd569d2":56,"10c8fd03":56,"bd4ccb49":56,"e773d697":56,"7e8c11e7":56,"077eb15a":56,"5337c279":56,"8d256cb6":56,"7021c619":56,"32ae00db":56,"bf2defb2":56,"bc733a28":56,"30d32d34":56,"886c16d3":56,"e8d09b62":56,"48c6df81":56,"23646ff9":56,"3abb827b":56,"5e165f43":56,"f8785b71":56,"0c73c293":56,"808bc372":56,"ab4a411a":56,"88929b06":56,"d7a4b24c":56,"c792a7c1":56,"08c4692e":56,"686d5c0b":56,"5b2479ef":56,"5a7da061":56,"1d882c36":56,"06a94514":56,"f15eb1c5":56,"eb62e8f2":56,"73c420df":56,"71789493":56,"5ac72353":56,"0700da70":56,"d1b14d06":56,"ff591765":56,"93f12198":56,"f6c074a7":56,"ffd6849d":56,"62e270e5":56,"962fca02":56,"66b1b6d7":56,"b062adc4":56,"75968179":56,"4aae5133":56,"bc8bdc23":56,"63a3af32":56,"a71f3f70":56,"3fec4b0b":56,"1f7aa83c":56,"8e5f7187":56,"55ba7579":56,"b7769ca6":56,"9c27de51":56,"38a75b48":56,"1792bfa3":56,"426f1904":56,"7c0f1ca9":56,"b2f820ac":56,"25d4f65d":56,"eddb6a2a":56,"ff8a00aa":56,"c146560b":56,"985068e7":56,"d543ba6f":56,"732d62ee":56,"faa3de3e":56,"d4b0751c":56,"44983d13":56,"5b01444b":56,"80999122":56,"79995b62":56,"72af9198":56,"e39e9552":56,"97160db8":56,"589f0d6e":56,"81c1b70d":56,"e72f0f82":56,"51b4016a":56,"88374b72":56,"46bf9112":56,"092ad3d6":56,"fdfaf1ed":56,"bf940089":56,"ea981bed":56,"5e197575":56,"01f34f98":56,"1670b0d3":56,"e587c4d0":56,"525b2635":56,"ec97d63e":56,"94208a41":56,"caa38a45":56,"a9987a58":56,"2cbcad17":56,"4dccb5ca":56,"b6b8e5c7":56,"83268abf":56,"e82177d3":56,"89914b94":56,"578c4c95":56,"c606b472":56,"04bdf5e1":56,"da8b42be":56,"3b0576bf":56,"9458934f":56,"1dcc489c":56,"945badf3":56,"1327775b":56,"bdd40125":56,"75fd47f7":56,"1c52a07e":56,"e70ccc25":56,"afd1494f":56,"ca6bffd3":56,"829c44a4":56,"e76e2617":56,"2b4fd52e":56,"57162572":56,"d1d50cfe":56,"9666b973":56,"653b27c7":56,"83b37fd6":56,"4d852788":56,"e43a9448":56,"3542b748":56,"379c53ab":56,"e396d80d":56,"7da61f27":56,"dc874a97":56,"85a220de":56,"40a7cdd2":56,"ac033c7b":56,"87759976":56,"4df3f62e":56,"c881a53e":56,"80c1c8b1":56,"cf52acd8":56,"a63cb4ce":56,"d3b3492b":56,"7580cfa4":56,"22a96386":56,"5c672b50":56,"5df16440":56,"b666e56d":56,"8db378ff":56,"784d6375":56,"4541bf85":56,"a6b13f20":56,"2459c882":56,"3df97186":56,"ef0490de":56,"e0f47ced":56,"309bbf54":56,"cc537772":56,"6618390c":56,"99cc0813":56,"dc32c4e1":56,"239c636e":56,"6ee160ff":56,"c55d40ca":56,"22c177a8":56,"00ae883f":56,"f416ee62":56,"0d2b182d":56,"320754c3":56,"232b2f64":56,"3171b6e7":56,"3b25460f":56,"d2064756":56,"272e7d0d":56,"f92596ee":56,"68831ea9":56,"9713d076":56,"fd098272":56,"6ee788a7":56,"8249641d":56,"45b0968f":56,"6a9bb182":56,"1f1afd4f":56,"25fb8826":56,"0dc5da58":56,"2874a625":56,"e61ae828":56,"f7ac3883":56,"ccd01528":56,"dab8cf68":56,"f7ffcbb8":56,"5728f934":56,"00b26865":56,"c333337d":56,"815c56bc":56,"5bd61a68":56,"8582c5cf":56,"0c353665":56,"231e8700":56,"1f9fbd85":56,"43f24679":56,"a1c0dfc4":56,"78f71162":56,"4b27a9a4":56,"163f4d19":56,"1d043d5a":56,"00f2a9cb":56,"916fe082":56,"b64dba8e":56,"c3bb30ce":56,"86219c70":56,"601990d8":56,"5c662c19":56,"d2a5d2fd":56,"89d220c2":56,"3e10c9cb":56,"5500a3e8":56,"3c0e87ac":56,"a891461f":56,"a246cdab":56,"117c7f0b":56,"0d21cf99":56,"14e6fe14":56,"37ec5e73":56,"bfff7913":56,"f8636899":56,"37724339":56,"d45d9727":56,"ee5ff2a3":56,"44322dfd":56,"295e4d1d":56,"8cf6570a":56,"403064a0":56,"312af46e":56,"b5a9f8c3":56,"fcbc0ae8":56,"2ff6b6a8":56,"66a71cc1":56,"bf4b58e4":56,"a8edfe84":56,"2ed19b1e":56,"959e16ea":56,"b2f82e06":56,"5b0b43e6":56,"b5474d69":56,"5a938eeb":56,"4fe0dedf":56,"951fc6d0":56,"61892a4c":56,"f096219e":56,"a3f0a6ec":56,"01051f84":56,"aa7e370d":56,"f995eeab":56,"4006e709":56,"0dedf63e":56,"a9d5374b":56,"4321f02d":56,"089b3f8f":56,"7698d0dc":56,"784414ce":56,"2df3efdb":56,"d0f1b7bd":56,"e7799883":56,"4f9456cf":56,"6e260ee8":56,"f4f84279":56,"b0950de5":56,"6f873999":56,"1f4e0e22":56,"60d69311":56,"3b09f1de":56,"dfe4a061":56,"b371f44a":56,"c2bf7d51":56,"8b6180ff":56,"781afef6":56,"de9229a0":56,"8819ac24":56,"dbbf7f69":56,"99a5feef":56,"f6266388":56,"e64fd39c":56,"e1b3ce36":56,"625fa164":56,"0c6ae551":56,"e8f4c1dd":56,"cede8b8c":56,"ad95ff4a":56,"893a99c5":56,"d8bf32b5":56,"0eb42efe":56,"03c4ab87":56,"4e3d3af7":56,"3a4803a8":56,"f7a7de5d":56,"d4e56c3e":56,"0c045c2d":56,"8efd4801":56,"7eb8f268":56,"20236d3e":56,"36ae8cd8":56,"3ddd5391":56,"02f76c64":56,"5c6d1f33":56,"b4801cae":56,"c3c2fd05":56,"f8c97147":56,"c2526ff3":56,"cc386067":56,"a22ffd8f":56,"3cd28a4d":56,"44a12c31":56,"45a961ca":56,"5ca978fd":56,"668e601b":56,"7552d86c":56,"02ebf3b6":56,"bb17a968":56,"4abcb85d":56,"cba26072":56,"2a718dcc":56,"c6a9a8e1":56,"88854fd0":56,"8dc27d2a":56,"41d7f05d":56,"07f69c6d":56,"2254f0f5":56,"ea282e84":56,"6653c83b":56,"c896052c":56,"287ecd1c":56,"f9376d3e":56,"07a94e8c":56,"bb017b49":56,"37b52fe4":56,"61ad1519":56,"819c4185":56,"ba69b06b":56,"7d2a2cb4":56,"4f62491c":56,"70b4c438":56,"71ed93db":56,"c92efaa8":56,"c241ac7e":56,"62a45672":56,"210e507a":56,"ac6e268b":56,"742238e8":56,"2b851827":56,"9f428a03":56,"4d504d96":56,"0533ece1":56,"bcee2ef3":56,"0afba00c":56,"04ff8100":56,"6c00d8d6":56,"ac9a02bc":56,"acfe69ed":56,"426603ff":56,"2db2f252":56,"2e84193b":56,"c55683c9":56,"51233daf":56,"02791635":56,"be081247":56,"5cc47d1b":56,"678b846f":56,"b4bd39d8":56,"b4cdbe5d":56,"fa0386f3":56,"b95d0f17":56,"cee9c347":56
1601327004269,"7800e7ce":57,"77869ff0":57,"4b8f7b16":57,"89f75690":57,"cb363e2f":57,"cd802f02":57,"d3cca7eb":57,"e866a899":57,"5690e712":57,"0b92d2a9":57,"070bed95":57,"67e5d108":57,"3d37b94b":57,"842c97c2":57,"c4cef92b":57,"0eecdc5b":57,"b7e495ea":57,"45ec63c0":57,"0ddfde2c":57,"a8b41774":57,"81f0da2d":57,"1fcc8ba4":57,"75a9c117":57,"12ba54ec":57,"be391c1a":57,"37d8a5b7":57,"d5ab81c4":57,"2ecde685":57,"f0bd52d3":57,"dcc20f76":57,"666a8ef0":57,"c5b609f1":57,"4dc5849a":57,"d605c755":57,"8a8c1d67":57,"cc6b3306":57,"8c2dfd9a":57,"f11267b9":57,"a483b15e":57,"f80ab49d":57,"95eaed39":57,"a5ba0ebb":57,"f53362a9":57,"1901ef7e":57,"960c2e6b":57,"3515e999":57,"d11f8f1b":57,"9d9eb027":57,"325f9a29":57,"503aafe5":57,"080d5d42":57,"5d03f5dc":57,"f0a01341":57,"1ee4d9f9":57,"0d6e45e7":57,"0da97151":57,"e829038c":57,"4987cfb5":57,"ba90687c":57,"77f2cf92":57,"037e2be4":57,"9e7dbd20":57,"0c086273":57,"ac13c3b0":57,"b4d9c57f":57,"5d53c964":57,"8ee9cc91":57,"4cc0af91":57,"55f6a2ba":57,"9559ea96":57,"9cb044bf":57,"16b25add":57,"80ee333e":57,"3b329af2":57,"1cd662bf":57,"72992b35":57,"47589344":57,"593b1533":57,"e9f6e5ce":57,"ed6bead5":57,"96f594b9":57,"94dfcfc5":57,"8301986e":57,"830ecfec":57,"a8bae791":57,"312009ee":57,"c98759fd":57,"e8b6d676":57,"45ee5840":57,"76f04033":57,"43480b19":57,"fd955858":57,"69798d15":57,"efea71fa":57,"fb3aa867":57,"c9cf710b":57,"fcacdeb3":57,"0ea055ed":57,"e3b1bdf8":57,"d5d94481":57,"ffe48500":57,"c7a45a33":57,"faffe099":57,"e99490cd":57,"3b830769":57,"583f0305":57,"1557c50a":57,"249e80ab":57,"f52a3d94":57,"eb74d3dd":57,"3bcbc28d":57,"3c0455e7":57,"df203c79":57,"df1e1ac0":57,"491708eb":57,"e421caaa":57,"2d2ecf27":57,"d38a4953":57,"eba5efdd":57,"a5463f93":57,"c85ac4f8":57,"bc253f4f":57,"644b45fb":57,"590ce3d3":57,"1802d7ce":57,"0a49914b":57,"5d3f5cad":57,"cf347cba":57,"fc0c23f7":57,"641f9b9e":57,"c92edec5":57,"18c73816":57,"e491161e":57,"b5087677":57,"16f60bed":57,"cb0c3481":57,"7664512c":57,"df9a53b8":57,"f6c27b2b":57,"945f6c24":57,"f1daea7e":57,"b8fb90e3":57,"56227e35":57,"0d6bf22a":57,"b87321d0":57,"43205b5d":57,"8982905a":57,"9f03c1e7":57,"06c24a8d":57,"2f35e75f":57,"3eddf7c8":57,"77970f8b":57,"efd594d5":57,"4718294d":57,"5352cf45":57,"e0ffe8ff":57,"ae14d6b5":57,"721f5f42":57,"0b50bca6":57,"bf2ca266":57,"5d8d9641":57,"0de67c6c":57,"2311399f":57,"5e3ebf5e":57,"0d9d2bf8":57,"846b7f11":57,"d3411467":57,"1df0ce7f":57,"a08171d0":57,"c8bc5677":57,"dfca0518":57,"b9a21017":57,"e47705d3":57,"3cae4115":57,"0ccf4731":57,"c7c6782d":57,"54346574":57,"b12cbf87":57,"81942d9b":57,"699b90c1":57,"d9b5a7a8":57,"1e7914d2":57,"e5d8fdb2":57,"3412ab75":57,"bcac5daf":57,"62d028cc":57,"0af2cf39":57,"27491297":57,"d041ea86":57,"1eda11b2":57,"fc442678":57,"9f6ca218":57,"6213799d":57,"44cb1fd2":57,"baf19c25":57,"24a79a6e":57,"edde30af":57,"4d949e11":57,"df12f689":57,"1da10cbf":57,"832c48e4":57,"dc90a44c":57,"1ad7c45b":57,"5566c17c":57,"86a22252":57,"0000dece":57,"ce5efdbe":57,"58ace2b5":57,"d379fd96":57,"7b819458":57,"7f8024cd":57,"ae562513":57,"7b66dacd":57,"9ab137d7":57,"7191d1cd":57,"005354dd":57,"f6fe1ad7":57,"230064fa":57,"764e0abb":57,"bba6d88e":57,"ea3479ec":57,"32266fa3":57,"50b090c3":57,"8be24763":57,"eb4800b2":57,"6e0ce9dc":57,"87d9bec4":57,"e30dfa0c":57,"6da34174":57,"bfb849fa":57,"0a10b423":57,"9ef7cee7":57,"49f1a0d1":57,"5f04aa76":57,"ba297382":57,"0287db2a":57,"96abe4a9":57,"753b10b1":57,"cf14bd99":57,"782022f4":57,"322e833f":57,"ab3619e4":57,"106006ad":57,"c8237be9":57,"1416e8f5":57,"dde2eed5":57,"a208caa8":57,"16605353":57,"77b39e15":57,"f1726edb":57,"92b72493":57,"d3e58903":57,"4481c4be":57,"7954891b":57,"4afd60a9":57,"d44c0ea3":57,"68f87858":57,"533bac6b":57,"41634dba":57,"43fd1327":57,"113e7f4b":57,"8cce569a":57,"ce6401b6":57,"6f57824c":57,"28bd7aa1":57,"1d52fb0d":57,"cde0d748":57,"535ed444":57,"710f0d0e":57,"0905f1fb":57,"a20e529c":57,"1ae76fcc":57,"35b161d3":57,"344cd1a3":57,"77ea1236":57,"96d2a118":57,"3b3569f6":57,"b01ab62a":57,"76da16fa":57,"bffee581":57,"07150038":57,"080fa362":57,"7b6945ad":57,"a40d08e1":57,"cec79bc2":57,"d2eff358":57,"e70aebb5":57,"a488b2f1":57,"5b09e53e":57,"da5bb0f7":57,"6d925c84":57,"50b23ab2":57,"edfa56d4":57,"899c16eb":57,"41c76041":57,"6bb1fa99":57,"d73ff72e":57,"61c0ca91":57,"d2fda7be":57,"ce20ca3c":57,"1d2d958b":57,"81fb6a01":57,"7f5b27c8":57,"fb3444d9":57,"f05de640":57,"86a68967":57,"56cd4dca":57,"7f469f4c":57,"f92dedfc":57,"355d1489":57,"f96fc1af":57,"06713bac":57,"61aca924":57,"d97fb857":57,"59ff5ec6":57,"ef04e64e":57,"6e2d04de":57,"2fca1798":57,"05028839":57,"5488826c":57,"84fff5c1":57,"c649992d":57,"23a0e41f":57,"b32a1080":57,"a2c4b591":57,"6dfa57be":57,"1854ce44":57,"f92b22f1":57,"ece12664":57,"36f4ecde":57,"568a0d58":57,"5fd569d2":57,"10c8fd03":57,"bd4ccb49":57,"e773d697":57,"7e8c11e7":57,"077eb15a":57,"5337c279":57,"8d256cb6":57,"7021c619":57,"32ae00db":57,"bf2defb2":57,"bc733a28":57,"30d32d34":57,"886c16d3":57,"e8d09b62":57,"d5ad3ed6":57,"8e5f7187":57,"55ba7579":57,"b7769ca6":57,"9c27de51":57,"38a75b48":57,"1792bfa3":57,"426f1904":57,"7c0f1ca9":57,"b2f820ac":57,"25d4f65d":57,"eddb6a2a":57,"ff8a00aa":57,"c146560b":57,"985068e7":57,"d543ba6f":57,"f7ffcbb8":57,"5728f934":57,"00b26865":57,"c333337d":57,"815c56bc":57,"5bd61a68":57,"8582c5cf":57,"0c353665":57,"231e8700":57,"1f9fbd85":57,"43f24679":57,"a1c0dfc4":57,"78f71162":57,"4b27a9a4":57,"163f4d19":57,"1d043d5a":57,"b2f82e06":57,"5b0b43e6":57,"b5474d69":57,"5a938eeb":57,"4fe0dedf":57,"951fc6d0":57,"61892a4c":57,"f096219e":57,"a3f0a6ec":57,"4caa87d6":57,"f7076e21":57,"69e653b6":57,"98d2991b":57,"3b411d6a":57,"83826ef3":57,"595609d5":57,"b47f1b89":57,"8e6caf71":57,"9a3433b8":57,"b89112cb":57,"66736d5e":57,"30de89a7":57,"06aaa33f":57,"320c65bf":57,"1fa1e7c2":57,"f1e86522":57,"646af2b9":57,"659389ad":57,"fa03f48f":57,"240c8679":57,"5298dafa":57,"0718c3be":57,"25f7f918":57,"8b503f7b":57,"c5311ebb":57,"105bb3f6":57,"87a8523c":57,"58de5462":57,"c416baa6":57,"ae350a07":57,"f01c896d":57,"680a32a6":57,"1f2670d0":57,"962c9c8f":57,"83ba647d":57,"aec0bf28":57,"cb0bd6b7":57,"a017a323":57,"8e426e39":57,"51909df8":57,"8801c469":57,"e22b0973":57,"b6281f1a":57,"48c6df81":57,"23646ff9":57,"5e165f43":57,"3abb827b":57,"808bc372":57,"f8785b71":57,"0c73c293":57,"c792a7c1":57,"88929b06":57,"ab4a411a":57,"01051f84":57,"aa7e370d":57,"f995eeab":57,"4006e709":57,"0dedf63e":57,"a9d5374b":57,"4321f02d":57,"089b3f8f":57,"7698d0dc":57,"9666b973":57,"653b27c7":57,"83b37fd6":57,"4d852788":57,"e43a9448":57,"3542b748":57,"379c53ab":57,"e396d80d":57,"7da61f27":57,"dc874a97":57,"85a220de":57,"40a7cdd2":57,"ac033c7b":57,"87759976":57,"4df3f62e":57,"c881a53e":57,"80c1c8b1":57,"cf52acd8":57,"a63cb4ce":57,"d3b3492b":57,"7580cfa4":57,"22a96386":57,"5c672b50":57,"5df16440":57,"784414ce":57,"2df3efdb":57,"d0f1b7bd":57,"e7799883":57,"4f9456cf":57,"6e260ee8":57,"f4f84279":57,"b0950de5":57,"6f873999":57,"1f4e0e22":57,"60d69311":57,"3b09f1de":57,"b371f44a":57,"8b6180ff":57,"272e7d0d":57,"f92596ee":57,"68831ea9":57,"9713d076":57,"fd098272":57,"6ee788a7":57,"8249641d":57,"45b0968f":57,"6a9bb182":57,"1f1afd4f":57,"25fb8826":57,"0dc5da58":57,"2874a625":57,"e61ae828":57,"f7ac3883":57,"ccd01528":57,"dab8cf68":57,"00f2a9cb":57,"916fe082":57,"b64dba8e":57,"8819ac24":57,"dbbf7f69":57,"dfe4a061":57,"c2bf7d51":57,"1dcc489c":57,"945badf3":57,"1327775b":57,"bdd40125":57,"75fd47f7":57,"1c52a07e":57,"e70ccc25":57,"afd1494f":57,"ca6bffd3":57,"829c44a4":57,"e76e2617":57,"2b4fd52e":57,"57162572":57,"d1d50cfe":57,"781afef6":57,"de9229a0":57,"99a5feef":57,"f6266388":57,"e64fd39c":57,"e1b3ce36":57,"625fa164":57,"0c6ae551":57,"5a7da061":57,"08c4692e":57,"d7a4b24c":57,"06a94514":57,"686d5c0b":57,"5b2479ef":57,"73c420df":57,"1d882c36":57,"f15eb1c5":57,"0700da70":57,"eb62e8f2":57,"71789493":57,"ff591765":57,"5ac72353":57,"93f12198":57,"62e270e5":57,"d1b14d06":57,"66b1b6d7":57,"f6c074a7":57,"ffd6849d":57,"b062adc4":57,"4aae5133":57,"962fca02":57,"75968179":57,"63a3af32":57,"3fec4b0b":57,"bc8bdc23":57,"faa3de3e":57,"a71f3f70":57,"1f7aa83c":57,"44983d13":57,"732d62ee":57,"80999122":57,"72af9198":57,"d4b0751c":57,"5b01444b":57,"e39e9552":57,"79995b62":57,"81c1b70d":57,"97160db8":57,"e72f0f82":57,"88374b72":57,"589f0d6e":57,"51b4016a":57,"fdfaf1ed":57,"ea981bed":57,"46bf9112":57,"5e197575":57,"092ad3d6":57,"e587c4d0":57,"bf940089":57,"01f34f98":57,"525b2635":57,"1670b0d3":57,"caa38a45":57,"a9987a58":57,"ec97d63e":57,"94208a41":57,"b6b8e5c7":57,"e82177d3":57,"2cbcad17":57,"4dccb5ca":57,"89914b94":57,"04bdf5e1":57,"83268abf":57,"da8b42be":57,"578c4c95":57,"c606b472":57,"3b0576bf":57,"9458934f":57,"e8f4c1dd":57,"cede8b8c":57,"ad95ff4a":57,"893a99c5":57,"b666e56d":57,"8db378ff":57,"784d6375":57,"4541bf85":57,"a6b13f20":57,"2459c882":57,"3df97186":57,"ef0490de":57,"e0f47ced":57,"309bbf54":57,"cc537772":57,"6618390c":57,"99cc0813":57,"dc32c4e1":57,"239c636e":57,"6ee160ff":57,"c55d40ca":57,"22c177a8":57,"00ae883f":57,"f416ee62":57,"0d2b182d":57,"320754c3":57,"232b2f64":57,"3171b6e7":57,"3b25460f":57,"d2064756":57,"d8bf32b5":57,"0eb42efe":57,"a8edfe84":57,"2ed19b1e":57,"959e16ea":57,"02f76c64":57,"5c6d1f33":57,"b4801cae":57,"c3c2fd05":57,"f8c97147":57,"c2526ff3":57,"cc386067":57,"a22ffd8f":57,"3cd28a4d":57,"44a12c31":57,"03c4ab87":57,"4e3d3af7":57,"3a4803a8":57,"f7a7de5d":57,"d4e56c3e":57,"0c045c2d":57,"8efd4801":57,"7eb8f268":57,"20236d3e":57,"36ae8cd8":57,"3ddd5391":57,"07f69c6d":57,"2254f0f5":57,"ea282e84":57,"6653c83b":57,"c896052c":57,"c3bb30ce":57,"86219c70":57,"601990d8":57,"5c662c19":57,"d2a5d2fd":57,"89d220c2":57,"3e10c9cb":57,"5500a3e8":57,"3c0e87ac":57,"a891461f":57,"a246cdab":57,"117c7f0b":57,"0d21cf99":57,"14e6fe14":57,"37ec5e73":57,"bfff7913":57,"f8636899":57,"37724339":57,"d45d9727":57,"ee5ff2a3":57,"44322dfd":57,"295e4d1d":57,"8cf6570a":57,"403064a0":57,"312af46e":57,"b5a9f8c3":57,"fcbc0ae8":57,"2ff6b6a8":57,"66a71cc1":57,"bf4b58e4":57,"287ecd1c":57,"f9376d3e":57,"07a94e8c":57,"bb017b49":57,"37b52fe4":57,"61ad1519":57,"819c4185":57,"ba69b06b":57,"7d2a2cb4":57,"4f62491c":57,"70b4c438":57,"71ed93db":57,"c92efaa8":57,"c241ac7e":57,"62a45672":57,"210e507a":57,"ac6e268b":57,"742238e8":57,"45a961ca":57,"5ca978fd":57,"668e601b":57,"7552d86c":57,"02ebf3b6":57,"bb17a968":57,"4abcb85d":57,"cba26072":57,"2a718dcc":57,"c6a9a8e1":57,"88854fd0":57,"8dc27d2a":57,"41d7f05d":57,"2b851827":57,"9f428a03":57,"4d504d96":57,"0533ece1":57,"bcee2ef3":57,"0afba00c":57,"04ff8100":57,"6c00d8d6":57,"ac9a02bc":57,"acfe69ed":57,"426603ff":57,"2db2f252":57,"2e84193b":57,"c55683c9":57,"51233daf":57,"02791635":57,"be081247":57,"5cc47d1b":57,"678b846f":57,"b4bd39d8":57,"b4cdbe5d":57,"fa0386f3":57,"b95d0f17":57,"cee9c347":57,"7800e7ce":58,"77869ff0":58,"4b8f7b16":58,"89f75690":58,"cb363e2f":58,"cd802f02":58,"d3cca7eb":58,"e866a899":58,"5690e712":58,"0b92d2a9":58,"070bed95":58
1601327005179,"18c73816":58,"e491161e":58,"b5087677":58,"16f60bed":58,"cb0c3481":58,"7664512c":58,"df9a53b8":58,"f6c27b2b":58,"945f6c24":58,"f1daea7e":58,"b8fb90e3":58,"56227e35":58,"0d6bf22a":58,"b87321d0":58,"43205b5d":58,"8982905a":58,"f6fe1ad7":58,"230064fa":58,"764e0abb":58,"bba6d88e":58,"ea3479ec":58,"32266fa3":58,"50b090c3":58,"8be24763":58,"eb4800b2":58,"6e0ce9dc":58,"87d9bec4":58,"e30dfa0c":58,"6da34174":58,"bfb849fa":58,"0a10b423":58,"9ef7cee7":58,"49f1a0d1":58,"5f04aa76":58,"ba297382":58,"0287db2a":58,"96abe4a9":58,"753b10b1":58,"cf14bd99":58,"95eaed39":58,"a5ba0ebb":58,"f53362a9":58,"1901ef7e":58,"960c2e6b":58,"3515e999":58,"d11f8f1b":58,"9d9eb027":58,"325f9a29":58,"503aafe5":58,"080d5d42":58,"5d03f5dc":58,"f0a01341":58,"1ee4d9f9":58,"0d6e45e7":58,"0da97151":58,"e829038c":58,"4987cfb5":58,"ba90687c":58,"77f2cf92":58,"037e2be4":58,"9e7dbd20":58,"0c086273":58,"ac13c3b0":58,"b4d9c57f":58,"5d53c964":58,"8ee9cc91":58,"782022f4":58,"67e5d108":58,"3d37b94b":58,"842c97c2":58,"c4cef92b":58,"0eecdc5b":58,"b7e495ea":58,"45ec63c0":58,"0ddfde2c":58,"a8b41774":58,"81f0da2d":58,"1fcc8ba4":58,"75a9c117":58,"12ba54ec":58,"be391c1a":58,"37d8a5b7":58,"d5ab81c4":58,"2ecde685":58,"f0bd52d3":58,"dcc20f76":58,"666a8ef0":58,"c5b609f1":58,"4dc5849a":58,"d605c755":58,"8a8c1d67":58,"cc6b3306":58,"8c2dfd9a":58,"f11267b9":58,"a483b15e":58,"f80ab49d":58,"322e833f":58,"ab3619e4":58,"106006ad":58,"c8237be9":58,"1416e8f5":58,"dde2eed5":58,"a208caa8":58,"16605353":58,"77b39e15":58,"f1726edb":58,"92b72493":58,"d3e58903":58,"4481c4be":58,"7954891b":58,"4afd60a9":58,"d44c0ea3":58,"68f87858":58,"533bac6b":58,"41634dba":58,"43fd1327":58,"113e7f4b":58,"8cce569a":58,"ce6401b6":58,"6f57824c":58,"28bd7aa1":58,"1d52fb0d":58,"cde0d748":58,"535ed444":58,"4cc0af91":58,"55f6a2ba":58,"9559ea96":58,"9cb044bf":58,"16b25add":58,"80ee333e":58,"3b329af2":58,"1cd662bf":58,"72992b35":58,"47589344":58,"593b1533":58,"e9f6e5ce":58,"ed6bead5":58,"96f594b9":58,"94dfcfc5":58,"8301986e":58,"830ecfec":58,"a8bae791":58,"312009ee":58,"c98759fd":58,"e8b6d676":58,"45ee5840":58,"76f04033":58,"43480b19":58,"fd955858":58,"69798d15":58,"efea71fa":58,"fb3aa867":58,"c9cf710b":58,"fcacdeb3":58,"0ea055ed":58,"e3b1bdf8":58,"644b45fb":58,"710f0d0e":58,"0905f1fb":58,"a20e529c":58,"1ae76fcc":58,"35b161d3":58,"344cd1a3":58,"77ea1236":58,"3cae4115":58,"0ccf4731":58,"c7c6782d":58,"54346574":58,"b12cbf87":58,"81942d9b":58,"699b90c1":58,"d9b5a7a8":58,"1e7914d2":58,"e5d8fdb2":58,"3412ab75":58,"bcac5daf":58,"62d028cc":58,"0af2cf39":58,"27491297":58,"d041ea86":58,"1eda11b2":58,"fc442678":58,"96d2a118":58,"23a0e41f":58,"d5d94481":58,"ffe48500":58,"c7a45a33":58,"faffe099":58,"e99490cd":58,"3b830769":58,"583f0305":58,"1557c50a":58,"249e80ab":58,"f52a3d94":58,"eb74d3dd":58,"3bcbc28d":58,"3c0455e7":58,"df203c79":58,"df1e1ac0":58,"491708eb":58,"e421caaa":58,"2d2ecf27":58,"d38a4953":58,"eba5efdd":58,"a5463f93":58,"c85ac4f8":58,"bc253f4f":58,"0d9d2bf8":58,"846b7f11":58,"d3411467":58,"1df0ce7f":58,"a08171d0":58,"c8bc5677":58,"dfca0518":58,"b9a21017":58,"e47705d3":58,"b32a1080":58,"a2c4b591":58,"6dfa57be":58,"1854ce44":58,"f92b22f1":58,"ece12664":58,"36f4ecde":58,"568a0d58":58,"5fd569d2":58,"10c8fd03":58,"bd4ccb49":58,"e773d697":58,"7e8c11e7":58,"077eb15a":58,"5337c279":58,"8d256cb6":58,"7021c619":58,"32ae00db":58,"bf2defb2":58,"bc733a28":58,"30d32d34":58,"886c16d3":58,"e8d09b62":58,"5b09e53e":58,"da5bb0f7":58,"6d925c84":58,"50b23ab2":58,"edfa56d4":58,"899c16eb":58,"41c76041":58,"6bb1fa99":58,"d73ff72e":58,"61c0ca91":58,"3b3569f6":58,"b01ab62a":58,"76da16fa":58,"bffee581":58,"07150038":58,"080fa362":58,"7b6945ad":58,"a40d08e1":58,"d2fda7be":58,"ce20ca3c":58,"1d2d958b":58,"81fb6a01":58,"7f5b27c8":58,"fb3444d9":58,"f05de640":58,"86a68967":58,"56cd4dca":58,"7f469f4c":58,"f92dedfc":58,"355d1489":58,"f96fc1af":58,"06713bac":58,"61aca924":58,"d97fb857":58,"59ff5ec6":58,"ef04e64e":58,"6e2d04de":58,"2fca1798":58,"05028839":58,"5488826c":58,"84fff5c1":58,"c649992d":58,"d5ad3ed6":58,"8e5f7187":58,"55ba7579":58,"b7769ca6":58,"9c27de51":58,"38a75b48":58,"1792bfa3":58,"426f1904":58,"7c0f1ca9":58,"b2f820ac":58,"25d4f65d":58,"eddb6a2a":58,"ff8a00aa":58,"c146560b":58,"985068e7":58,"d543ba6f":58,"272e7d0d":58,"f92596ee":58,"68831ea9":58,"9713d076":58,"fd098272":58,"6ee788a7":58,"8249641d":58,"cec79bc2":58,"d2eff358":58,"e70aebb5":58,"a488b2f1":58,"4caa87d6":58,"f7076e21":58,"69e653b6":58,"98d2991b":58,"3b411d6a":58,"83826ef3":58,"595609d5":58,"b47f1b89":58,"8e6caf71":58,"9a3433b8":58,"b89112cb":58,"66736d5e":58,"30de89a7":58,"06aaa33f":58,"320c65bf":58,"1fa1e7c2":58,"f1e86522":58,"646af2b9":58,"659389ad":58,"fa03f48f":58,"240c8679":58,"5298dafa":58,"25f7f918":58,"0718c3be":58,"c5311ebb":58,"8b503f7b":58,"87a8523c":58,"105bb3f6":58,"58de5462":58,"c416baa6":58,"ae350a07":58,"f01c896d":58,"1f2670d0":58,"680a32a6":58,"962c9c8f":58,"83ba647d":58,"aec0bf28":58,"cb0bd6b7":58,"a017a323":58,"8e426e39":58,"45b0968f":58,"6a9bb182":58,"1f1afd4f":58,"25fb8826":58,"0dc5da58":58,"2874a625":58,"e61ae828":58,"f7ac3883":58,"ccd01528":58,"dab8cf68":58,"00f2a9cb":58,"916fe082":58,"b64dba8e":58,"c3bb30ce":58,"86219c70":58,"601990d8":58,"5c662c19":58,"d2a5d2fd":58,"89d220c2":58,"3e10c9cb":58,"5500a3e8":58,"3c0e87ac":58,"a891461f":58,"a246cdab":58,"117c7f0b":58,"0d21cf99":58,"14e6fe14":58,"37ec5e73":58,"bfff7913":58,"f8636899":58,"37724339":58,"d45d9727":58,"ee5ff2a3":58,"44322dfd":58,"295e4d1d":58,"8cf6570a":58,"403064a0":58,"312af46e":58,"590ce3d3":58,"1802d7ce":58,"0a49914b":58,"5d3f5cad":58,"cf347cba":58,"fc0c23f7":58,"641f9b9e":58,"c92edec5":58,"9f03c1e7":58,"06c24a8d":58,"2f35e75f":58,"3eddf7c8":58,"77970f8b":58,"efd594d5":58,"4718294d":58,"5352cf45":58,"e0ffe8ff":58,"ae14d6b5":58,"721f5f42":58,"0b50bca6":58,"bf2ca266":58,"5d8d9641":58,"0de67c6c":58,"2311399f":58,"5e3ebf5e":58,"9f6ca218":58,"6213799d":58,"44cb1fd2":58,"b5a9f8c3":58,"fcbc0ae8":58,"2ff6b6a8":58,"66a71cc1":58,"bf4b58e4":58,"baf19c25":58,"24a79a6e":58,"edde30af":58,"4d949e11":58,"df12f689":58,"1da10cbf":58,"832c48e4":58,"dc90a44c":58,"1ad7c45b":58,"5566c17c":58,"86a22252":58,"0000dece":58,"ce5efdbe":58,"58ace2b5":58,"d379fd96":58,"7b819458":58,"7f8024cd":58,"ae562513":58,"7b66dacd":58,"9ab137d7":58,"7191d1cd":58,"005354dd":58,"9666b973":58,"653b27c7":58,"83b37fd6":58,"4d852788":58,"e43a9448":58,"3542b748":58,"379c53ab":58,"e396d80d":58,"7da61f27":58,"dc874a97":58,"85a220de":58,"40a7cdd2":58,"ac033c7b":58,"87759976":58,"4df3f62e":58,"c881a53e":58,"80c1c8b1":58,"cf52acd8":58,"a63cb4ce":58,"d3b3492b":58,"7580cfa4":58,"22a96386":58,"5c672b50":58,"5df16440":58,"b666e56d":58,"8db378ff":58,"784d6375":58,"4541bf85":58,"a6b13f20":58,"2459c882":58,"3df97186":58,"ef0490de":58,"51909df8":58,"8801c469":58,"e22b0973":58,"b6281f1a":58,"23646ff9":58,"48c6df81":58,"808bc372":58,"c792a7c1":58,"3abb827b":58,"5e165f43":58,"f8785b71":58,"5a7da061":58,"0c73c293":58,"88929b06":58,"06a94514":58,"ab4a411a":58,"73c420df":58,"d7a4b24c":58,"08c4692e":58,"686d5c0b":58,"0700da70":58,"5b2479ef":58,"ff591765":58,"1d882c36":58,"f15eb1c5":58,"71789493":58,"eb62e8f2":58,"93f12198":58,"62e270e5":58,"5ac72353":58,"d1b14d06":58,"66b1b6d7":58,"b062adc4":58,"f6c074a7":58,"4aae5133":58,"ffd6849d":58,"962fca02":58,"63a3af32":58,"75968179":58,"3fec4b0b":58,"faa3de3e":58,"bc8bdc23":58,"44983d13":58,"a71f3f70":58,"1f7aa83c":58,"80999122":58,"732d62ee":58,"72af9198":58,"d4b0751c":58,"e39e9552":58,"5b01444b":58,"81c1b70d":58,"e72f0f82":58,"79995b62":58,"97160db8":58,"88374b72":58,"fdfaf1ed":58,"589f0d6e":58,"ea981bed":58,"51b4016a":58,"46bf9112":58,"5e197575":58,"092ad3d6":58,"e587c4d0":58,"bf940089":58,"525b2635":58,"01f34f98":58,"caa38a45":58,"1670b0d3":58,"a9987a58":58,"ec97d63e":58,"b6b8e5c7":58,"94208a41":58,"e82177d3":58,"89914b94":58,"2cbcad17":58,"4dccb5ca":58,"04bdf5e1":58,"83268abf":58,"da8b42be":58,"578c4c95":58,"3b0576bf":58,"c606b472":58,"9458934f":58,"1dcc489c":58,"945badf3":58,"1327775b":58,"bdd40125":58,"75fd47f7":58,"1c52a07e":58,"e70ccc25":58,"afd1494f":58,"ca6bffd3":58,"829c44a4":58,"e76e2617":58,"2b4fd52e":58,"57162572":58,"d1d50cfe":58,"f7ffcbb8":58,"5728f934":58,"00b26865":58,"c333337d":58,"815c56bc":58,"5bd61a68":58,"8582c5cf":58,"0c353665":58,"231e8700":58,"1f9fbd85":58,"43f24679":58,"a1c0dfc4":58,"78f71162":58,"4b27a9a4":58,"163f4d19":58,"1d043d5a":58,"b2f82e06":58,"5b0b43e6":58,"b5474d69":58,"5a938eeb":58,"4fe0dedf":58,"951fc6d0":58,"61892a4c":58,"f096219e":58,"a3f0a6ec":58,"01051f84":58,"aa7e370d":58,"f995eeab":58,"4006e709":58,"e0f47ced":58,"309bbf54":58,"cc537772":58,"6618390c":58,"99cc0813":58,"dc32c4e1":58,"239c636e":58,"6ee160ff":58,"c55d40ca":58,"22c177a8":58,"00ae883f":58,"f416ee62":58,"0d2b182d":58,"320754c3":58,"232b2f64":58,"3171b6e7":58,"3b25460f":58,"d2064756":58,"a8edfe84":58,"2ed19b1e":58,"959e16ea":58,"02f76c64":58,"5c6d1f33":58,"b4801cae":58,"c3c2fd05":58,"f8c97147":58,"c2526ff3":58,"0dedf63e":58,"a9d5374b":58,"4321f02d":58,"089b3f8f":58,"7698d0dc":58,"784414ce":58,"2df3efdb":58,"d0f1b7bd":58,"e7799883":58,"4f9456cf":58,"6e260ee8":58,"f4f84279":58,"b0950de5":58,"6f873999":58,"1f4e0e22":58,"60d69311":58,"3b09f1de":58,"b371f44a":58,"8b6180ff":58,"8819ac24":58,"dbbf7f69":58,"dfe4a061":58,"c2bf7d51":58,"781afef6":58,"de9229a0":58,"99a5feef":58,"f6266388":58,"e64fd39c":58,"e1b3ce36":58,"625fa164":58,"0c6ae551":58,"e8f4c1dd":58,"cede8b8c":58,"ad95ff4a":58,"893a99c5":58,"d8bf32b5":58,"0eb42efe":58,"03c4ab87":58,"4e3d3af7":58,"3a4803a8":58,"f7a7de5d":58,"d4e56c3e":58,"0c045c2d":58,"8efd4801":58,"7eb8f268":58,"20236d3e":58,"36ae8cd8":58,"3ddd5391":58,"07f69c6d":58,"2254f0f5":58,"ea282e84":58,"6653c83b":58,"c896052c":58,"287ecd1c":58,"f9376d3e":58,"07a94e8c":58,"cc386067":58,"a22ffd8f":58,"3cd28a4d":58,"44a12c31":58,"45a961ca":58,"5ca978fd":58,"668e601b":58,"7552d86c":58,"02ebf3b6":58,"bb17a968":58,"4abcb85d":58,"cba26072":58,"2a718dcc":58,"c6a9a8e1":58,"88854fd0":58,"8dc27d2a":58,"41d7f05d":58,"2b851827":58,"9f428a03":58,"4d504d96":58,"0533ece1":58,"bcee2ef3":58,"bb017b49":58,"37b52fe4":58,"61ad1519":58,"819c4185":58,"ba69b06b":58,"7d2a2cb4":58,"4f62491c":58,"70b4c438":58,"71ed93db":58,"c92efaa8":58,"c241ac7e":58,"62a45672":58,"210e507a":58,"ac6e268b":58,"742238e8":58,"0afba00c":58,"04ff8100":58,"6c00d8d6":58,"ac9a02bc":58,"acfe69ed":58,"426603ff":58,"2db2f252":58,"2e84193b":58,"c55683c9":58,"51233daf":58,"02791635":58,"be081247":58,"5cc47d1b":58,"678b846f":58,"b4bd39d8":58,"b4cdbe5d":58,"fa0386f3":58,"b95d0f17":58,"cee9c347":58
1601327006790,"7800e7ce":59,"77869ff0":59,"4b8f7b16":59,"89f75690":59,"cb363e2f":59,"cd802f02":59,"d3cca7eb":59,"e866a899":59,"5690e712":59,"0b92d2a9":59,"070bed95":59,"67e5d108":59,"3d37b94b":59,"842c97c2":59,"c4cef92b":59,"0eecdc5b":59,"b7e495ea":59,"45ec63c0":59,"0ddfde2c":59,"a8b41774":59,"81f0da2d":59,"1fcc8ba4":59,"75a9c117":59,"12ba54ec":59,"be391c1a":59,"37d8a5b7":59,"d5ab81c4":59,"2ecde685":59,"f0bd52d3":59,"dcc20f76":59,"666a8ef0":59,"c5b609f1":59,"4dc5849a":59,"d605c755":59,"8a8c1d67":59,"cc6b3306":59,"8c2dfd9a":59,"f11267b9":59,"a483b15e":59,"f80ab49d":59,"95eaed39":59,"a5ba0ebb":59,"f53362a9":59,"1901ef7e":59,"960c2e6b":59,"3515e999":59,"d11f8f1b":59,"9d9eb027":59,"325f9a29":59,"503aafe5":59
1601327007174,"080d5d42":59,"5d03f5dc":59,"f0a01341":59,"1ee4d9f9":59,"0d6e45e7":59,"0da97151":59,"e829038c":59,"4987cfb5":59,"d5d94481":59,"ffe48500":59,"c7a45a33":59,"faffe099":59,"e99490cd":59,"3b830769":59,"583f0305":59,"1557c50a":59,"249e80ab":59,"f52a3d94":59,"eb74d3dd":59,"3bcbc28d":59,"3c0455e7":59,"df203c79":59,"df1e1ac0":59,"491708eb":59,"e421caaa":59,"2d2ecf27":59,"d38a4953":59,"eba5efdd":59,"a5463f93":59,"c85ac4f8":59,"ba90687c":59,"77f2cf92":59,"037e2be4":59,"9e7dbd20":59,"0c086273":59,"ac13c3b0":59,"b4d9c57f":59,"5d53c964":59,"8ee9cc91":59,"4cc0af91":59,"55f6a2ba":59,"9559ea96":59,"9cb044bf":59,"16b25add":59,"80ee333e":59,"3b329af2":59,"1cd662bf":59,"72992b35":59,"47589344":59,"593b1533":59,"e9f6e5ce":59,"ed6bead5":59,"96f594b9":59,"94dfcfc5":59,"8301986e":59,"830ecfec":59,"a8bae791":59,"312009ee":59,"c98759fd":59,"e8b6d676":59,"45ee5840":59,"76f04033":59,"43480b19":59,"fd955858":59,"69798d15":59,"efea71fa":59,"fb3aa867":59,"c9cf710b":59,"fcacdeb3":59,"0ea055ed":59,"e3b1bdf8":59,"644b45fb":59,"590ce3d3":59,"18c73816":59,"e491161e":59,"b5087677":59,"16f60bed":59,"cb0c3481":59,"7664512c":59,"df9a53b8":59,"1802d7ce":59,"0a49914b":59,"5d3f5cad":59,"cf347cba":59,"fc0c23f7":59,"641f9b9e":59,"c92edec5":59,"9f03c1e7":59,"06c24a8d":59,"2f35e75f":59,"3eddf7c8":59,"77970f8b":59,"efd594d5":59,"4718294d":59,"5352cf45":59,"e0ffe8ff":59,"ae14d6b5":59,"721f5f42":59,"0b50bca6":59,"bf2ca266":59,"bc253f4f":59,"0d9d2bf8":59,"846b7f11":59,"d3411467":59,"1df0ce7f":59,"a08171d0":59,"c8bc5677":59,"dfca0518":59,"b9a21017":59,"e47705d3":59,"3cae4115":59,"0ccf4731":59,"c7c6782d":59,"54346574":59,"b12cbf87":59,"81942d9b":59,"699b90c1":59,"d9b5a7a8":59,"1e7914d2":59,"e5d8fdb2":59,"3412ab75":59,"bcac5daf":59,"62d028cc":59,"0af2cf39":59,"27491297":59,"d041ea86":59,"1eda11b2":59,"fc442678":59,"5d8d9641":59,"0de67c6c":59,"2311399f":59,"5e3ebf5e":59,"9f6ca218":59,"6213799d":59,"44cb1fd2":59,"baf19c25":59,"24a79a6e":59,"edde30af":59,"4d949e11":59,"df12f689":59,"1da10cbf":59,"832c48e4":59,"dc90a44c":59,"1ad7c45b":59,"5566c17c":59,"86a22252":59,"0000dece":59,"f6c27b2b":59,"945f6c24":59,"f1daea7e":59,"b8fb90e3":59,"56227e35":59,"0d6bf22a":59,"b87321d0":59,"43205b5d":59,"8982905a":59,"f6fe1ad7":59,"230064fa":59,"764e0abb":59,"bba6d88e":59,"ea3479ec":59,"32266fa3":59,"50b090c3":59,"8be24763":59,"eb4800b2":59,"6e0ce9dc":59,"87d9bec4":59,"e30dfa0c":59,"6da34174":59,"bfb849fa":59,"0a10b423":59,"9ef7cee7":59,"49f1a0d1":59,"5f04aa76":59,"ba297382":59,"0287db2a":59,"96abe4a9":59,"753b10b1":59,"cf14bd99":59,"ce5efdbe":59,"58ace2b5":59,"d379fd96":59,"7b819458":59,"7f8024cd":59,"ae562513":59,"7b66dacd":59,"9ab137d7":59,"7191d1cd":59,"005354dd":59,"782022f4":59,"322e833f":59,"ab3619e4":59,"106006ad":59,"c8237be9":59,"1416e8f5":59,"dde2eed5":59,"a208caa8":59,"16605353":59,"77b39e15":59,"92b72493":59,"f1726edb":59,"d3e58903":59,"4481c4be":59,"7954891b":59,"4afd60a9":59,"d44c0ea3":59,"68f87858":59,"533bac6b":59,"41634dba":59,"43fd1327":59,"113e7f4b":59,"8cce569a":59,"ce6401b6":59,"6f57824c":59,"28bd7aa1":59,"1d52fb0d":59,"cde0d748":59,"535ed444":59,"710f0d0e":59,"0905f1fb":59,"a20e529c":59,"1ae76fcc":59,"35b161d3":59,"344cd1a3":59,"77ea1236":59,"96d2a118":59,"23a0e41f":59,"b32a1080":59,"a2c4b591":59,"6dfa57be":59,"1854ce44":59,"f92b22f1":59,"ece12664":59,"36f4ecde":59,"568a0d58":59,"5fd569d2":59,"10c8fd03":59,"bd4ccb49":59,"e773d697":59,"7e8c11e7":59,"077eb15a":59,"5337c279":59,"8d256cb6":59,"7021c619":59,"32ae00db":59,"bf2defb2":59,"bc733a28":59,"30d32d34":59,"886c16d3":59,"e8d09b62":59,"3b3569f6":59,"b01ab62a":59,"76da16fa":59,"bffee581":59,"07150038":59,"080fa362":59,"7b6945ad":59,"a40d08e1":59,"cec79bc2":59,"d2eff358":59,"e70aebb5":59,"a488b2f1":59,"4caa87d6":59,"f7076e21":59,"69e653b6":59,"98d2991b":59,"3b411d6a":59,"5b09e53e":59,"da5bb0f7":59,"6d925c84":59,"50b23ab2":59,"edfa56d4":59,"899c16eb":59,"41c76041":59,"6bb1fa99":59,"d73ff72e":59,"61c0ca91":59,"d2fda7be":59,"ce20ca3c":59,"1d2d958b":59,"81fb6a01":59,"7f5b27c8":59,"fb3444d9":59,"f05de640":59,"86a68967":59,"56cd4dca":59,"7f469f4c":59,"f92dedfc":59,"355d1489":59,"f96fc1af":59,"06713bac":59,"61aca924":59,"d97fb857":59,"59ff5ec6":59,"ef04e64e":59,"6e2d04de":59,"2fca1798":59,"05028839":59,"5488826c":59,"84fff5c1":59,"c649992d":59,"d5ad3ed6":59,"8e5f7187":59,"55ba7579":59,"b7769ca6":59,"9c27de51":59,"38a75b48":59,"1792bfa3":59,"426f1904":59,"7c0f1ca9":59,"b2f820ac":59,"25d4f65d":59,"eddb6a2a":59,"ff8a00aa":59,"c146560b":59,"985068e7":59,"d543ba6f":59,"f7ffcbb8":59,"83826ef3":59,"595609d5":59,"b47f1b89":59,"8e6caf71":59,"9a3433b8":59,"b89112cb":59,"66736d5e":59,"30de89a7":59,"f1e86522":59,"06aaa33f":59,"fa03f48f":59,"320c65bf":59,"5298dafa":59,"1fa1e7c2":59,"25f7f918":59,"646af2b9":59,"c5311ebb":59,"659389ad":59,"240c8679":59,"105bb3f6":59,"0718c3be":59,"58de5462":59,"8b503f7b":59,"f01c896d":59,"1f2670d0":59,"87a8523c":59,"c416baa6":59,"962c9c8f":59,"ae350a07":59,"aec0bf28":59,"680a32a6":59,"a017a323":59,"8801c469":59,"83ba647d":59,"cb0bd6b7":59,"b6281f1a":59,"8e426e39":59,"48c6df81":59,"808bc372":59,"5e165f43":59,"c792a7c1":59,"51909df8":59,"5a7da061":59,"f8785b71":59,"e22b0973":59,"ab4a411a":59,"06a94514":59,"23646ff9":59,"3abb827b":59,"73c420df":59,"d7a4b24c":59,"0700da70":59,"0c73c293":59,"686d5c0b":59,"5728f934":59,"00b26865":59,"c333337d":59,"815c56bc":59,"5bd61a68":59,"8582c5cf":59,"0c353665":59,"231e8700":59,"1f9fbd85":59,"43f24679":59,"a1c0dfc4":59,"78f71162":59,"4b27a9a4":59,"163f4d19":59,"1d043d5a":59,"b2f82e06":59,"5b0b43e6":59,"b5474d69":59,"5a938eeb":59,"4fe0dedf":59,"951fc6d0":59,"61892a4c":59,"f096219e":59,"a3f0a6ec":59,"01051f84":59,"aa7e370d":59,"f995eeab":59,"4006e709":59,"0dedf63e":59,"a9d5374b":59,"9666b973":59,"653b27c7":59,"83b37fd6":59,"4d852788":59,"e43a9448":59,"3542b748":59,"379c53ab":59,"e396d80d":59,"7da61f27":59,"dc874a97":59,"85a220de":59,"40a7cdd2":59,"ac033c7b":59,"87759976":59,"4df3f62e":59,"4321f02d":59,"089b3f8f":59,"7698d0dc":59,"784414ce":59,"2df3efdb":59,"d0f1b7bd":59,"e7799883":59,"4f9456cf":59,"6e260ee8":59,"f4f84279":59,"b0950de5":59,"6f873999":59,"1f4e0e22":59,"60d69311":59,"3b09f1de":59,"b371f44a":59,"8b6180ff":59,"272e7d0d":59,"f92596ee":59,"68831ea9":59,"9713d076":59,"fd098272":59,"6ee788a7":59,"8249641d":59,"45b0968f":59,"6a9bb182":59,"1f1afd4f":59,"25fb8826":59,"0dc5da58":59,"2874a625":59,"e61ae828":59,"f7ac3883":59,"ccd01528":59,"dab8cf68":59,"00f2a9cb":59,"916fe082":59,"b64dba8e":59,"8819ac24":59,"dbbf7f69":59,"dfe4a061":59,"c2bf7d51":59,"781afef6":59,"de9229a0":59,"99a5feef":59,"f6266388":59,"e64fd39c":59,"a8edfe84":59,"2ed19b1e":59,"959e16ea":59,"02f76c64":59,"5c6d1f33":59,"e1b3ce36":59,"9458934f":59,"1dcc489c":59,"945badf3":59,"1327775b":59,"bdd40125":59,"75fd47f7":59,"1c52a07e":59,"e70ccc25":59,"afd1494f":59,"ca6bffd3":59,"829c44a4":59,"e76e2617":59,"2b4fd52e":59,"57162572":59,"d1d50cfe":59,"625fa164":59,"0c6ae551":59,"e8f4c1dd":59,"cede8b8c":59,"ad95ff4a":59,"c881a53e":59,"80c1c8b1":59,"cf52acd8":59,"a63cb4ce":59,"d3b3492b":59,"7580cfa4":59,"22a96386":59,"5c672b50":59,"5df16440":59,"b666e56d":59,"8db378ff":59,"784d6375":59,"4541bf85":59,"a6b13f20":59,"2459c882":59,"3df97186":59,"ef0490de":59,"e0f47ced":59,"309bbf54":59,"cc537772":59,"6618390c":59,"99cc0813":59,"dc32c4e1":59,"239c636e":59,"6ee160ff":59,"c55d40ca":59,"22c177a8":59,"00ae883f":59,"f416ee62":59,"0d2b182d":59,"320754c3":59,"232b2f64":59,"3171b6e7":59,"3b25460f":59,"d2064756":59,"893a99c5":59,"d8bf32b5":59,"ff591765":59,"88929b06":59,"f15eb1c5":59,"08c4692e":59,"93f12198":59,"71789493":59,"62e270e5":59,"5ac72353":59,"5b2479ef":59,"d1b14d06":59,"1d882c36":59,"66b1b6d7":59,"eb62e8f2":59,"f6c074a7":59,"b062adc4":59,"ffd6849d":59,"4aae5133":59,"63a3af32":59,"962fca02":59,"75968179":59,"3fec4b0b":59,"bc8bdc23":59,"faa3de3e":59,"a71f3f70":59,"44983d13":59,"80999122":59,"1f7aa83c":59,"72af9198":59,"732d62ee":59,"d4b0751c":59,"e39e9552":59,"81c1b70d":59,"5b01444b":59,"e72f0f82":59,"79995b62":59,"97160db8":59,"88374b72":59,"589f0d6e":59,"fdfaf1ed":59,"ea981bed":59,"51b4016a":59,"5e197575":59,"46bf9112":59,"e587c4d0":59,"092ad3d6":59,"bf940089":59,"525b2635":59,"01f34f98":59,"caa38a45":59,"1670b0d3":59,"a9987a58":59,"ec97d63e":59,"b6b8e5c7":59,"94208a41":59,"2cbcad17":59,"e82177d3":59,"4dccb5ca":59,"89914b94":59,"83268abf":59,"04bdf5e1":59,"578c4c95":59,"da8b42be":59,"c606b472":59,"3b0576bf":59,"0eb42efe":59,"03c4ab87":59,"4e3d3af7":59,"3a4803a8":59,"f7a7de5d":59,"d4e56c3e":59,"0c045c2d":59,"8efd4801":59,"7eb8f268":59,"20236d3e":59,"36ae8cd8":59,"3ddd5391":59,"07f69c6d":59,"c3bb30ce":59,"86219c70":59,"601990d8":59,"5c662c19":59,"d2a5d2fd":59,"89d220c2":59,"3e10c9cb":59,"5500a3e8":59,"3c0e87ac":59,"a891461f":59,"a246cdab":59,"117c7f0b":59,"0d21cf99":59,"14e6fe14":59,"37ec5e73":59,"bfff7913":59,"f8636899":59,"37724339":59,"d45d9727":59,"ee5ff2a3":59,"44322dfd":59,"295e4d1d":59,"8cf6570a":59,"403064a0":59,"312af46e":59,"b5a9f8c3":59,"fcbc0ae8":59,"2ff6b6a8":59,"66a71cc1":59,"bf4b58e4":59,"2254f0f5":59,"ea282e84":59,"6653c83b":59,"c896052c":59,"287ecd1c":59,"f9376d3e":59,"07a94e8c":59,"bb017b49":59,"37b52fe4":59,"61ad1519":59,"819c4185":59,"ba69b06b":59,"7d2a2cb4":59,"4f62491c":59,"70b4c438":59,"71ed93db":59,"c92efaa8":59,"c241ac7e":59,"62a45672":59
1601327008246,"b4801cae":59,"c3c2fd05":59,"f8c97147":59,"c2526ff3":59,"cc386067":59,"a22ffd8f":59,"3cd28a4d":59,"44a12c31":59,"45a961ca":59,"5ca978fd":59,"668e601b":59,"7552d86c":59,"02ebf3b6":59,"bb17a968":59,"4abcb85d":59,"cba26072":59,"2a718dcc":59,"c6a9a8e1":59,"88854fd0":59,"8dc27d2a":59,"41d7f05d":59,"2b851827":59,"9f428a03":59,"4d504d96":59,"0533ece1":59,"bcee2ef3":59,"0afba00c":59,"04ff8100":59,"6c00d8d6":59,"ac9a02bc":59,"acfe69ed":59,"426603ff":59,"2db2f252":59,"2e84193b":59,"c55683c9":59,"51233daf":59,"02791635":59,"be081247":59,"5cc47d1b":59,"678b846f":59,"b4bd39d8":59,"b4cdbe5d":59,"fa0386f3":59,"b95d0f17":59,"cee9c347":59,"210e507a":59,"ac6e268b":59,"742238e8":59
1601327010094,"7800e7ce":60,"77869ff0":60,"4b8f7b16":60,"89f75690":60,"cb363e2f":60,"cd802f02":60,"d3cca7eb":60,"e866a899":60,"5690e712":60,"0b92d2a9":60,"070bed95":60,"67e5d108":60,"3d37b94b":60,"842c97c2":60,"c4cef92b":60,"0eecdc5b":60,"b7e495ea":60,"d5d94481":60,"ffe48500":60,"c7a45a33":60,"faffe099":60,"e99490cd":60,"3b830769":60,"583f0305":60,"1557c50a":60,"249e80ab":60,"f52a3d94":60,"eb74d3dd":60,"3bcbc28d":60,"3c0455e7":60,"df203c79":60,"df1e1ac0":60,"491708eb":60,"e421caaa":60,"2d2ecf27":60,"d38a4953":60,"eba5efdd":60,"a5463f93":60,"c85ac4f8":60,"bc253f4f":60,"0d9d2bf8":60,"846b7f11":60,"d3411467":60,"1df0ce7f":60,"a08171d0":60,"c8bc5677":60,"dfca0518":60,"b9a21017":60,"e47705d3":60,"3cae4115":60,"0ccf4731":60,"c7c6782d":60,"54346574":60,"b12cbf87":60,"81942d9b":60,"699b90c1":60,"d9b5a7a8":60,"1e7914d2":60,"e5d8fdb2":60,"3412ab75":60,"bcac5daf":60,"62d028cc":60,"0af2cf39":60,"27491297":60,"d041ea86":60,"1eda11b2":60,"fc442678":60,"45ec63c0":60,"0ddfde2c":60,"a8b41774":60,"81f0da2d":60,"1fcc8ba4":60,"75a9c117":60,"12ba54ec":60,"be391c1a":60,"37d8a5b7":60,"d5ab81c4":60,"2ecde685":60,"f0bd52d3":60,"dcc20f76":60,"666a8ef0":60,"c5b609f1":60,"4dc5849a":60,"d605c755":60,"8a8c1d67":60,"cc6b3306":60,"8c2dfd9a":60,"f11267b9":60,"a483b15e":60,"f80ab49d":60,"95eaed39":60,"a5ba0ebb":60,"f53362a9":60,"1901ef7e":60,"960c2e6b":60,"3515e999":60,"d11f8f1b":60,"9d9eb027":60,"325f9a29":60,"503aafe5":60,"18c73816":60,"080d5d42":60,"5d03f5dc":60,"f0a01341":60,"1ee4d9f9":60,"0d6e45e7":60,"0da97151":60,"e829038c":60,"4987cfb5":60,"ba90687c":60,"77f2cf92":60,"037e2be4":60,"9e7dbd20":60,"0c086273":60,"ac13c3b0":60,"b4d9c57f":60,"5d53c964":60,"8ee9cc91":60,"4cc0af91":60,"55f6a2ba":60,"9559ea96":60,"9cb044bf":60,"16b25add":60,"80ee333e":60,"3b329af2":60,"1cd662bf":60,"72992b35":60,"47589344":60,"593b1533":60,"e9f6e5ce":60,"ed6bead5":60,"96f594b9":60,"94dfcfc5":60,"8301986e":60,"830ecfec":60,"a8bae791":60,"312009ee":60,"c98759fd":60,"e8b6d676":60,"45ee5840":60,"76f04033":60,"43480b19":60,"fd955858":60,"69798d15":60,"efea71fa":60,"fb3aa867":60,"c9cf710b":60,"fcacdeb3":60,"0ea055ed":60,"e3b1bdf8":60,"644b45fb":60,"590ce3d3":60,"1802d7ce":60,"0a49914b":60,"5d3f5cad":60,"cf347cba":60,"fc0c23f7":60,"641f9b9e":60,"c92edec5":60,"9f03c1e7":60,"06c24a8d":60,"3b3569f6":60,"b01ab62a":60,"76da16fa":60,"bffee581":60,"07150038":60,"080fa362":60,"7b6945ad":60,"a40d08e1":60,"cec79bc2":60,"d2eff358":60,"e70aebb5":60,"a488b2f1":60,"4caa87d6":60,"f7076e21":60,"69e653b6":60,"98d2991b":60,"3b411d6a":60,"83826ef3":60,"595609d5":60,"b47f1b89":60,"8e6caf71":60,"9a3433b8":60,"b89112cb":60,"66736d5e":60,"5b09e53e":60,"da5bb0f7":60,"6d925c84":60,"50b23ab2":60,"edfa56d4":60,"899c16eb":60,"41c76041":60,"6bb1fa99":60,"d73ff72e":60,"61c0ca91":60,"d2fda7be":60,"ce20ca3c":60,"1d2d958b":60,"81fb6a01":60,"7f5b27c8":60,"fb3444d9":60,"f05de640":60,"86a68967":60,"56cd4dca":60,"7f469f4c":60,"f92dedfc":60,"355d1489":60,"f96fc1af":60,"06713bac":60,"61aca924":60,"d97fb857":60,"59ff5ec6":60,"ef04e64e":60,"6e2d04de":60,"2fca1798":60,"05028839":60,"30de89a7":60,"06aaa33f":60,"320c65bf":60,"1fa1e7c2":60
1601327010958,"e491161e":60,"b5087677":60,"16f60bed":60,"cb0c3481":60,"7664512c":60,"df9a53b8":60,"f6c27b2b":60,"945f6c24":60,"f1daea7e":60,"2f35e75f":60,"3eddf7c8":60,"77970f8b":60,"efd594d5":60,"4718294d":60,"5352cf45":60,"e0ffe8ff":60,"ae14d6b5":60,"721f5f42":60,"0b50bca6":60,"bf2ca266":60,"5d8d9641":60,"0de67c6c":60,"2311399f":60,"5e3ebf5e":60,"9f6ca218":60,"6213799d":60,"44cb1fd2":60,"baf19c25":60,"24a79a6e":60,"edde30af":60,"4d949e11":60,"df12f689":60,"1da10cbf":60,"832c48e4":60,"dc90a44c":60,"1ad7c45b":60,"5566c17c":60,"86a22252":60,"0000dece":60,"ce5efdbe":60,"58ace2b5":60,"d379fd96":60,"7b819458":60,"7f8024cd":60,"ae562513":60,"7b66dacd":60,"9ab137d7":60,"b8fb90e3":60,"56227e35":60,"0d6bf22a":60,"b87321d0":60,"43205b5d":60,"8982905a":60,"f6fe1ad7":60,"230064fa":60,"764e0abb":60,"bba6d88e":60,"ea3479ec":60,"32266fa3":60,"50b090c3":60,"8be24763":60,"eb4800b2":60,"6e0ce9dc":60,"87d9bec4":60,"e30dfa0c":60,"6da34174":60,"bfb849fa":60,"0a10b423":60,"9ef7cee7":60,"49f1a0d1":60,"5f04aa76":60,"ba297382":60,"0287db2a":60,"96abe4a9":60,"753b10b1":60,"cf14bd99":60,"782022f4":60,"322e833f":60,"ab3619e4":60,"106006ad":60,"c8237be9":60,"1416e8f5":60,"dde2eed5":60,"a208caa8":60,"16605353":60,"77b39e15":60,"7191d1cd":60,"005354dd":60,"f1726edb":60,"92b72493":60,"d3e58903":60,"4481c4be":60,"7954891b":60,"4afd60a9":60,"d44c0ea3":60,"68f87858":60,"533bac6b":60,"41634dba":60,"43fd1327":60,"113e7f4b":60,"8cce569a":60,"ce6401b6":60,"6f57824c":60,"28bd7aa1":60,"1d52fb0d":60,"cde0d748":60,"535ed444":60,"710f0d0e":60,"0905f1fb":60,"a20e529c":60,"1ae76fcc":60,"35b161d3":60,"344cd1a3":60,"77ea1236":60,"96d2a118":60,"23a0e41f":60,"b32a1080":60,"a2c4b591":60,"6dfa57be":60,"1854ce44":60,"f92b22f1":60,"ece12664":60,"36f4ecde":60,"568a0d58":60,"5fd569d2":60,"10c8fd03":60,"bd4ccb49":60,"e773d697":60,"7e8c11e7":60,"077eb15a":60,"5337c279":60,"8d256cb6":60,"7021c619":60,"32ae00db":60,"bf2defb2":60,"bc733a28":60,"30d32d34":60,"886c16d3":60,"e8d09b62":60,"5488826c":60,"84fff5c1":60,"c649992d":60,"d5ad3ed6":60,"8e5f7187":60,"55ba7579":60,"b7769ca6":60,"9c27de51":60,"38a75b48":60,"1792bfa3":60,"426f1904":60,"7c0f1ca9":60,"b2f820ac":60,"25d4f65d":60,"eddb6a2a":60,"ff8a00aa":60,"c146560b":60,"985068e7":60,"d543ba6f":60,"f7ffcbb8":60,"5728f934":60,"00b26865":60,"c333337d":60,"815c56bc":60,"5bd61a68":60,"8582c5cf":60,"0c353665":60,"231e8700":60,"1f9fbd85":60,"43f24679":60,"a1c0dfc4":60,"78f71162":60,"4b27a9a4":60,"163f4d19":60,"1d043d5a":60,"b2f82e06":60,"9666b973":60,"653b27c7":60,"83b37fd6":60,"4d852788":60,"e43a9448":60,"3542b748":60,"379c53ab":60,"e396d80d":60,"7da61f27":60,"dc874a97":60,"85a220de":60,"40a7cdd2":60,"ac033c7b":60,"87759976":60,"4df3f62e":60,"c881a53e":60,"80c1c8b1":60,"cf52acd8":60,"a63cb4ce":60,"d3b3492b":60,"7580cfa4":60,"22a96386":60,"5c672b50":60,"5df16440":60,"b666e56d":60,"8db378ff":60,"784d6375":60,"4541bf85":60,"a6b13f20":60,"2459c882":60,"272e7d0d":60,"f92596ee":60,"68831ea9":60,"9713d076":60,"fd098272":60,"6ee788a7":60,"8249641d":60,"45b0968f":60,"6a9bb182":60,"1f1afd4f":60,"25fb8826":60,"0dc5da58":60,"2874a625":60,"e61ae828":60,"f7ac3883":60,"ccd01528":60,"dab8cf68":60,"00f2a9cb":60,"916fe082":60,"b64dba8e":60,"c3bb30ce":60,"86219c70":60,"a8edfe84":60,"2ed19b1e":60,"959e16ea":60,"5b0b43e6":60,"b5474d69":60,"5a938eeb":60,"4fe0dedf":60,"951fc6d0":60,"61892a4c":60,"f096219e":60,"a3f0a6ec":60,"01051f84":60,"aa7e370d":60,"f995eeab":60,"4006e709":60,"0dedf63e":60,"a9d5374b":60,"4321f02d":60,"089b3f8f":60,"7698d0dc":60,"784414ce":60,"2df3efdb":60,"d0f1b7bd":60,"e7799883":60,"4f9456cf":60,"6e260ee8":60,"f4f84279":60,"b0950de5":60,"6f873999":60,"1f4e0e22":60,"60d69311":60,"3b09f1de":60,"b371f44a":60,"8b6180ff":60,"8819ac24":60,"dbbf7f69":60,"02f76c64":60,"5c6d1f33":60,"b4801cae":60,"c3c2fd05":60,"f8c97147":60,"c2526ff3":60,"cc386067":60,"a22ffd8f":60,"3cd28a4d":60,"44a12c31":60,"45a961ca":60,"5ca978fd":60,"668e601b":60,"7552d86c":60,"02ebf3b6":60,"bb17a968":60,"4abcb85d":60,"cba26072":60,"2a718dcc":60,"c6a9a8e1":60,"88854fd0":60,"8dc27d2a":60,"41d7f05d":60,"3df97186":60,"ef0490de":60,"e0f47ced":60,"309bbf54":60,"cc537772":60,"6618390c":60,"99cc0813":60,"dc32c4e1":60,"239c636e":60,"6ee160ff":60,"c55d40ca":60,"22c177a8":60,"00ae883f":60,"f416ee62":60,"0d2b182d":60,"320754c3":60,"232b2f64":60,"3171b6e7":60,"3b25460f":60,"d2064756":60,"2b851827":60,"9f428a03":60,"4d504d96":60,"0533ece1":60,"601990d8":60,"5c662c19":60,"d2a5d2fd":60,"89d220c2":60,"3e10c9cb":60,"5500a3e8":60,"3c0e87ac":60,"a891461f":60,"a246cdab":60,"117c7f0b":60,"0d21cf99":60,"14e6fe14":60,"37ec5e73":60,"bfff7913":60,"f8636899":60,"37724339":60,"d45d9727":60,"ee5ff2a3":60,"44322dfd":60,"295e4d1d":60,"8cf6570a":60,"403064a0":60,"312af46e":60,"b5a9f8c3":60,"fcbc0ae8":60,"2ff6b6a8":60,"66a71cc1":60,"bf4b58e4":60,"bcee2ef3":60,"0afba00c":60,"646af2b9":60,"f1e86522":60,"659389ad":60,"fa03f48f":60,"5298dafa":60,"240c8679":60,"25f7f918":60,"0718c3be":60,"c5311ebb":60,"8b503f7b":60,"87a8523c":60,"105bb3f6":60,"c416baa6":60,"58de5462":60,"f01c896d":60,"ae350a07":60,"1f2670d0":60,"680a32a6":60,"962c9c8f":60,"83ba647d":60,"aec0bf28":60,"cb0bd6b7":60,"8e426e39":60,"a017a323":60,"8801c469":60,"51909df8":60,"e22b0973":60,"b6281f1a":60,"808bc372":60,"23646ff9":60,"48c6df81":60,"c792a7c1":60,"5e165f43":60,"3abb827b":60,"5a7da061":60,"06a94514":60,"0c73c293":60,"f8785b71":60,"88929b06":60,"73c420df":60,"ab4a411a":60,"08c4692e":60,"0700da70":60,"d7a4b24c":60,"ff591765":60,"686d5c0b":60,"5b2479ef":60,"1d882c36":60,"f15eb1c5":60,"93f12198":60,"62e270e5":60,"71789493":60,"eb62e8f2":60,"04ff8100":60,"6c00d8d6":60,"ac9a02bc":60,"acfe69ed":60,"426603ff":60,"2db2f252":60,"dfe4a061":60,"c2bf7d51":60,"781afef6":60,"de9229a0":60,"99a5feef":60,"f6266388":60,"e64fd39c":60,"e1b3ce36":60,"625fa164":60,"0c6ae551":60,"e8f4c1dd":60,"cede8b8c":60,"ad95ff4a":60,"893a99c5":60,"d8bf32b5":60,"0eb42efe":60,"03c4ab87":60,"4e3d3af7":60,"3a4803a8":60,"f7a7de5d":60,"d4e56c3e":60,"0c045c2d":60,"8efd4801":60,"7eb8f268":60,"20236d3e":60,"36ae8cd8":60,"3ddd5391":60,"07f69c6d":60,"2254f0f5":60,"ea282e84":60,"6653c83b":60,"c896052c":60,"287ecd1c":60,"2e84193b":60,"c55683c9":60,"51233daf":60,"02791635":60,"be081247":60,"5cc47d1b":60,"678b846f":60,"b4bd39d8":60,"b4cdbe5d":60,"fa0386f3":60,"b95d0f17":60,"cee9c347":60,"f9376d3e":60,"07a94e8c":60,"bb017b49":60,"37b52fe4":60,"61ad1519":60,"819c4185":60,"ba69b06b":60,"7d2a2cb4":60,"4f62491c":60,"70b4c438":60,"71ed93db":60,"c92efaa8":60,"c241ac7e":60,"62a45672":60,"210e507a":60,"ac6e268b":60,"742238e8":60,"afd1494f":60,"ca6bffd3":60,"829c44a4":60,"e76e2617":60,"2b4fd52e":60,"57162572":60,"d1d50cfe":60,"66b1b6d7":60,"5ac72353":60,"d1b14d06":60,"b062adc4":60,"4aae5133":60,"f6c074a7":60,"ffd6849d":60,"63a3af32":60,"3fec4b0b":60,"962fca02":60,"faa3de3e":60,"75968179":60,"44983d13":60,"bc8bdc23":60,"a71f3f70":60,"80999122":60,"1f7aa83c":60,"72af9198":60,"732d62ee":60,"e39e9552":60,"d4b0751c":60,"81c1b70d":60,"e72f0f82":60,"5b01444b":60,"79995b62":60,"88374b72":60,"97160db8":60,"fdfaf1ed":60,"ea981bed":60,"589f0d6e":60,"51b4016a":60,"5e197575":60,"e587c4d0":60,"46bf9112":60,"525b2635":60,"092ad3d6":60,"bf940089":60,"caa38a45":60,"01f34f98":60,"a9987a58":60,"b6b8e5c7":60,"1670b0d3":60,"e82177d3":60,"ec97d63e":60,"89914b94":60,"94208a41":60,"2cbcad17":60,"04bdf5e1":60,"4dccb5ca":60,"da8b42be":60,"83268abf":60,"578c4c95":60,"3b0576bf":60,"9458934f":60,"c606b472":60,"1dcc489c":60,"945badf3":60,"1327775b":60,"bdd40125":60,"75fd47f7":60,"1c52a07e":60,"e70ccc25":60
1601327012674,"7800e7ce":61,"77869ff0":61,"4b8f7b16":61,"89f75690":61,"cb363e2f":61,"cd802f02":61,"d3cca7eb":61,"e866a899":61,"5690e712":61,"0b92d2a9":61,"070bed95":61,"67e5d108":61,"3d37b94b":61,"842c97c2":61,"c4cef92b":61,"0eecdc5b":61,"b7e495ea":61,"45ec63c0":61,"0ddfde2c":61,"a8b41774":61,"81f0da2d":61,"1fcc8ba4":61,"75a9c117":61,"12ba54ec":61,"be391c1a":61,"37d8a5b7":61,"d5ab81c4":61,"2ecde685":61,"f0bd52d3":61,"dcc20f76":61,"666a8ef0":61,"c5b609f1":61,"4dc5849a":61,"d605c755":61,"8a8c1d67":61,"cc6b3306":61,"8c2dfd9a":61,"f11267b9":61,"a483b15e":61,"f80ab49d":61,"95eaed39":61,"a5ba0ebb":61,"f53362a9":61,"1901ef7e":61,"960c2e6b":61,"3515e999":61,"d11f8f1b":61,"9d9eb027":61,"325f9a29":61,"503aafe5":61,"080d5d42":61,"5d03f5dc":61,"f0a01341":61,"d5d94481":61,"ffe48500":61,"c7a45a33":61,"faffe099":61,"e99490cd":61,"3b830769":61,"583f0305":61,"1557c50a":61,"249e80ab":61,"f52a3d94":61,"eb74d3dd":61,"3bcbc28d":61,"3c0455e7":61,"df203c79":61,"1ee4d9f9":61,"0d6e45e7":61,"0da97151":61,"e829038c":61,"4987cfb5":61,"ba90687c":61,"77f2cf92":61,"037e2be4":61,"9e7dbd20":61,"0c086273":61,"ac13c3b0":61,"b4d9c57f":61,"5d53c964":61,"8ee9cc91":61,"4cc0af91":61,"55f6a2ba":61,"9559ea96":61,"9cb044bf":61,"16b25add":61,"80ee333e":61,"3b329af2":61,"1cd662bf":61,"72992b35":61,"47589344":61,"593b1533":61,"e9f6e5ce":61,"ed6bead5":61,"96f594b9":61,"94dfcfc5":61,"8301986e":61,"830ecfec":61,"a8bae791":61,"312009ee":61,"c98759fd":61,"e8b6d676":61,"45ee5840":61,"76f04033":61,"43480b19":61,"fd955858":61,"69798d15":61,"efea71fa":61,"fb3aa867":61,"c9cf710b":61,"fcacdeb3":61,"0ea055ed":61,"e3b1bdf8":61,"644b45fb":61,"18c73816":61,"e491161e":61,"590ce3d3":61,"1802d7ce":61,"0a49914b":61,"5d3f5cad":61,"cf347cba":61,"fc0c23f7":61,"641f9b9e":61,"c92edec5":61,"9f03c1e7":61,"06c24a8d":61,"2f35e75f":61,"3eddf7c8":61,"77970f8b":61,"efd594d5":61,"df1e1ac0":61,"491708eb":61,"e421caaa":61,"2d2ecf27":61,"d38a4953":61,"eba5efdd":61,"a5463f93":61,"c85ac4f8":61,"bc253f4f":61,"0d9d2bf8":61,"846b7f11":61,"d3411467":61,"1df0ce7f":61,"a08171d0":61,"c8bc5677":61,"dfca0518":61,"b9a21017":61,"e47705d3":61,"3cae4115":61,"0ccf4731":61,"c7c6782d":61,"54346574":61,"b12cbf87":61,"81942d9b":61,"699b90c1":61,"d9b5a7a8":61,"1e7914d2":61,"e5d8fdb2":61,"3412ab75":61,"bcac5daf":61,"62d028cc":61,"0af2cf39":61,"27491297":61,"d041ea86":61,"1eda11b2":61,"fc442678":61,"4718294d":61,"5352cf45":61,"e0ffe8ff":61,"ae14d6b5":61,"721f5f42":61,"0b50bca6":61,"bf2ca266":61,"5d8d9641":61,"0de67c6c":61,"2311399f":61,"5e3ebf5e":61,"9f6ca218":61,"6213799d":61,"44cb1fd2":61,"baf19c25":61,"24a79a6e":61,"edde30af":61,"4d949e11":61,"df12f689":61,"1da10cbf":61,"832c48e4":61,"dc90a44c":61,"1ad7c45b":61,"5566c17c":61,"86a22252":61,"0000dece":61,"ce5efdbe":61,"58ace2b5":61,"d379fd96":61,"7b819458":61,"7f8024cd":61,"ae562513":61,"7b66dacd":61,"9ab137d7":61,"7191d1cd":61,"005354dd":61,"b5087677":61,"16f60bed":61,"cb0c3481":61,"7664512c":61,"df9a53b8":61,"f6c27b2b":61,"945f6c24":61,"f1daea7e":61,"b8fb90e3":61,"56227e35":61,"0d6bf22a":61,"b87321d0":61,"43205b5d":61,"8982905a":61,"f6fe1ad7":61,"230064fa":61,"764e0abb":61,"bba6d88e":61,"ea3479ec":61,"32266fa3":61,"50b090c3":61,"8be24763":61,"eb4800b2":61,"6e0ce9dc":61,"87d9bec4":61,"e30dfa0c":61,"6da34174":61,"bfb849fa":61,"0a10b423":61,"9ef7cee7":61,"49f1a0d1":61,"5f04aa76":61,"ba297382":61,"0287db2a":61,"96abe4a9":61,"753b10b1":61,"cf14bd99":61,"782022f4":61,"322e833f":61,"ab3619e4":61,"106006ad":61,"c8237be9":61,"1416e8f5":61,"dde2eed5":61,"a208caa8":61,"16605353":61,"77b39e15":61,"f1726edb":61,"92b72493":61,"d3e58903":61,"4481c4be":61,"7954891b":61,"4afd60a9":61,"d44c0ea3":61,"68f87858":61,"533bac6b":61,"41634dba":61,"43fd1327":61,"113e7f4b":61,"8cce569a":61,"ce6401b6":61,"6f57824c":61,"28bd7aa1":61,"1d52fb0d":61,"cde0d748":61,"535ed444":61,"710f0d0e":61,"0905f1fb":61,"a20e529c":61,"1ae76fcc":61,"3b3569f6":61,"b01ab62a":61,"76da16fa":61,"bffee581":61,"07150038":61,"080fa362":61,"7b6945ad":61,"a40d08e1":61,"cec79bc2":61,"d2eff358":61,"e70aebb5":61,"a488b2f1":61,"4caa87d6":61,"f7076e21":61,"69e653b6":61,"98d2991b":61,"5b09e53e":61,"da5bb0f7":61,"6d925c84":61,"50b23ab2":61,"edfa56d4":61,"899c16eb":61,"41c76041":61,"6bb1fa99":61,"d73ff72e":61,"61c0ca91":61,"d2fda7be":61,"ce20ca3c":61,"1d2d958b":61,"81fb6a01":61,"7f5b27c8":61,"fb3444d9":61,"f05de640":61,"86a68967":61,"56cd4dca":61,"7f469f4c":61,"f92dedfc":61,"355d1489":61,"f96fc1af":61,"06713bac":61,"61aca924":61,"d97fb857":61,"59ff5ec6":61,"ef04e64e":61,"6e2d04de":61,"2fca1798":61,"35b161d3":61,"344cd1a3":61,"77ea1236":61,"96d2a118":61,"23a0e41f":61,"b32a1080":61,"a2c4b591":61,"6dfa57be":61,"1854ce44":61,"f92b22f1":61,"ece12664":61,"36f4ecde":61,"568a0d58":61,"5fd569d2":61,"10c8fd03":61,"bd4ccb49":61,"e773d697":61,"7e8c11e7":61,"077eb15a":61,"5337c279":61,"8d256cb6":61,"7021c619":61,"32ae00db":61,"bf2defb2":61,"bc733a28":61,"30d32d34":61,"886c16d3":61,"e8d09b62":61,"05028839":61,"5488826c":61,"84fff5c1":61,"c649992d":61,"d5ad3ed6":61,"8e5f7187":61,"55ba7579":61,"b7769ca6":61,"9c27de51":61,"38a75b48":61,"1792bfa3":61,"426f1904":61,"7c0f1ca9":61,"b2f820ac":61,"25d4f65d":61,"eddb6a2a":61,"ff8a00aa":61,"c146560b":61,"985068e7":61,"d543ba6f":61,"f7ffcbb8":61,"5728f934":61
1601327013519,"00b26865":61,"c333337d":61,"815c56bc":61,"5bd61a68":61,"8582c5cf":61,"0c353665":61,"231e8700":61,"1f9fbd85":61,"43f24679":61,"a1c0dfc4":61,"78f71162":61,"4b27a9a4":61,"163f4d19":61,"1d043d5a":61,"b2f82e06":61,"5b0b43e6":61,"b5474d69":61,"9666b973":61,"653b27c7":61,"83b37fd6":61,"4d852788":61,"e43a9448":61,"3542b748":61,"379c53ab":61,"e396d80d":61,"7da61f27":61,"dc874a97":61,"85a220de":61,"40a7cdd2":61,"ac033c7b":61,"87759976":61,"4df3f62e":61,"5a938eeb":61,"4fe0dedf":61,"951fc6d0":61,"61892a4c":61,"3b411d6a":61,"83826ef3":61,"595609d5":61,"b47f1b89":61,"8e6caf71":61,"9a3433b8":61,"b89112cb":61,"66736d5e":61,"30de89a7":61,"06aaa33f":61,"320c65bf":61,"1fa1e7c2":61,"f1e86522":61,"646af2b9":61,"fa03f48f":61,"659389ad":61,"5298dafa":61,"240c8679":61,"25f7f918":61,"0718c3be":61,"c5311ebb":61,"105bb3f6":61,"8b503f7b":61,"58de5462":61,"87a8523c":61,"c416baa6":61,"f01c896d":61,"1f2670d0":61,"ae350a07":61,"680a32a6":61,"962c9c8f":61,"83ba647d":61,"aec0bf28":61,"a017a323":61,"cb0bd6b7":61,"8801c469":61,"8e426e39":61,"b6281f1a":61,"51909df8":61,"48c6df81":61,"e22b0973":61,"5e165f43":61,"23646ff9":61,"3abb827b":61,"f8785b71":61,"ab4a411a":61,"0c73c293":61,"88929b06":61,"d7a4b24c":61,"08c4692e":61,"686d5c0b":61,"5b2479ef":61,"f15eb1c5":61,"71789493":61,"1d882c36":61,"5ac72353":61,"eb62e8f2":61,"f096219e":61,"a3f0a6ec":61,"01051f84":61,"aa7e370d":61,"f995eeab":61,"4006e709":61,"0dedf63e":61,"a9d5374b":61,"4321f02d":61,"089b3f8f":61,"7698d0dc":61,"784414ce":61,"272e7d0d":61,"f92596ee":61,"68831ea9":61,"9713d076":61,"fd098272":61,"6ee788a7":61,"8249641d":61,"45b0968f":61,"6a9bb182":61,"1f1afd4f":61,"25fb8826":61,"0dc5da58":61,"2874a625":61,"2df3efdb":61,"d0f1b7bd":61,"e7799883":61,"4f9456cf":61,"6e260ee8":61,"f4f84279":61,"b0950de5":61,"6f873999":61,"1f4e0e22":61,"60d69311":61,"3b09f1de":61,"b371f44a":61,"8b6180ff":61,"1dcc489c":61,"945badf3":61,"1327775b":61,"bdd40125":61,"75fd47f7":61,"1c52a07e":61,"e70ccc25":61,"afd1494f":61,"ca6bffd3":61,"829c44a4":61,"e76e2617":61,"2b4fd52e":61,"57162572":61,"d1d50cfe":61,"8819ac24":61,"a8edfe84":61,"dbbf7f69":61,"dfe4a061":61,"c881a53e":61,"80c1c8b1":61,"cf52acd8":61,"a63cb4ce":61,"d3b3492b":61,"7580cfa4":61,"22a96386":61,"5c672b50":61,"5df16440":61,"b666e56d":61,"8db378ff":61,"784d6375":61,"4541bf85":61,"a6b13f20":61,"2459c882":61,"3df97186":61,"ef0490de":61,"e0f47ced":61,"309bbf54":61,"cc537772":61,"6618390c":61,"99cc0813":61,"dc32c4e1":61,"239c636e":61,"6ee160ff":61,"c55d40ca":61,"22c177a8":61,"00ae883f":61,"f416ee62":61,"0d2b182d":61,"320754c3":61,"232b2f64":61,"3171b6e7":61,"3b25460f":61,"d2064756":61,"c2bf7d51":61,"781afef6":61,"de9229a0":61,"99a5feef":61,"808bc372":61,"d1b14d06":61,"f6c074a7":61,"c792a7c1":61,"ffd6849d":61,"5a7da061":61,"06a94514":61,"962fca02":61,"75968179":61,"73c420df":61,"bc8bdc23":61,"0700da70":61,"a71f3f70":61,"ff591765":61,"1f7aa83c":61,"93f12198":61,"62e270e5":61,"732d62ee":61,"d4b0751c":61,"66b1b6d7":61,"5b01444b":61,"b062adc4":61,"79995b62":61,"4aae5133":61,"63a3af32":61,"97160db8":61,"3fec4b0b":61,"589f0d6e":61,"51b4016a":61,"faa3de3e":61,"46bf9112":61,"44983d13":61,"80999122":61,"092ad3d6":61,"bf940089":61,"72af9198":61,"01f34f98":61,"e39e9552":61,"1670b0d3":61,"81c1b70d":61,"e72f0f82":61,"ec97d63e":61,"88374b72":61,"94208a41":61,"fdfaf1ed":61,"2cbcad17":61,"ea981bed":61,"4dccb5ca":61,"83268abf":61,"5e197575":61,"578c4c95":61,"e587c4d0":61,"525b2635":61,"c606b472":61,"caa38a45":61,"a9987a58":61,"b6b8e5c7":61,"e82177d3":61,"89914b94":61,"04bdf5e1":61,"da8b42be":61,"3b0576bf":61,"9458934f":61,"f6266388":61,"e64fd39c":61,"e1b3ce36":61,"625fa164":61,"0c6ae551":61,"e8f4c1dd":61,"cede8b8c":61,"ad95ff4a":61,"893a99c5":61,"d8bf32b5":61,"0eb42efe":61,"03c4ab87":61,"4e3d3af7":61,"3a4803a8":61,"f7a7de5d":61,"d4e56c3e":61,"e61ae828":61,"f7ac3883":61,"ccd01528":61,"dab8cf68":61,"00f2a9cb":61,"916fe082":61,"b64dba8e":61,"c3bb30ce":61,"86219c70":61,"601990d8":61,"5c662c19":61,"d2a5d2fd":61,"89d220c2":61,"3e10c9cb":61,"5500a3e8":61,"3c0e87ac":61,"a891461f":61,"a246cdab":61,"117c7f0b":61,"0d21cf99":61,"14e6fe14":61,"37ec5e73":61,"bfff7913":61,"f8636899":61,"37724339":61,"d45d9727":61,"ee5ff2a3":61,"44322dfd":61,"295e4d1d":61,"8cf6570a":61,"403064a0":61,"312af46e":61,"b5a9f8c3":61,"0c045c2d":61,"8efd4801":61,"7eb8f268":61,"20236d3e":61,"36ae8cd8":61,"3ddd5391":61,"07f69c6d":61,"2254f0f5":61,"ea282e84":61,"6653c83b":61,"c896052c":61,"287ecd1c":61,"f9376d3e":61,"07a94e8c":61,"bb017b49":61,"37b52fe4":61,"2ed19b1e":61,"959e16ea":61,"02f76c64":61,"5c6d1f33":61,"b4801cae":61,"c3c2fd05":61,"f8c97147":61,"c2526ff3":61,"cc386067":61,"a22ffd8f":61,"3cd28a4d":61,"44a12c31":61,"45a961ca":61,"5ca978fd":61,"668e601b":61,"7552d86c":61,"02ebf3b6":61,"bb17a968":61,"4abcb85d":61,"cba26072":61,"2a718dcc":61,"c6a9a8e1":61,"88854fd0":61,"8dc27d2a":61,"41d7f05d":61,"2b851827":61,"9f428a03":61,"4d504d96":61,"0533ece1":61,"bcee2ef3":61,"0afba00c":61,"04ff8100":61,"6c00d8d6":61,"61ad1519":61,"819c4185":61,"ba69b06b":61,"7d2a2cb4":61,"4f62491c":61,"70b4c438":61,"71ed93db":61,"c92efaa8":61,"c241ac7e":61,"62a45672":61,"210e507a":61,"ac6e268b":61,"742238e8":61,"fcbc0ae8":61,"2ff6b6a8":61,"66a71cc1":61,"bf4b58e4":61,"ac9a02bc":61,"acfe69ed":61,"426603ff":61,"2db2f252":61,"2e84193b":61,"c55683c9":61,"51233daf":61,"02791635":61,"be081247":61,"5cc47d1b":61,"678b846f":61,"b4bd39d8":61,"b4cdbe5d":61,"fa0386f3":61,"b95d0f17":61,"cee9c347":61
1601327014904,"d5d94481":62,"ffe48500":62,"c7a45a33":62,"faffe099":62,"e99490cd":62,"3b830769":62,"583f0305":62,"1557c50a":62,"249e80ab":62,"f52a3d94":62,"eb74d3dd":62,"3bcbc28d":62,"3c0455e7":62,"df203c79":62,"df1e1ac0":62,"491708eb":62,"e421caaa":62,"2d2ecf27":62,"d38a4953":62,"eba5efdd":62,"a5463f93":62,"c85ac4f8":62,"bc253f4f":62,"0d9d2bf8":62,"846b7f11":62,"7800e7ce":62,"77869ff0":62,"4b8f7b16":62,"89f75690":62,"cb363e2f":62,"cd802f02":62,"d3cca7eb":62,"e866a899":62,"5690e712":62,"0b92d2a9":62,"070bed95":62,"67e5d108":62,"3d37b94b":62,"842c97c2":62,"c4cef92b":62,"0eecdc5b":62,"b7e495ea":62,"45ec63c0":62,"0ddfde2c":62,"a8b41774":62,"81f0da2d":62,"1fcc8ba4":62,"75a9c117":62,"12ba54ec":62,"be391c1a":62,"d3411467":62,"1df0ce7f":62,"a08171d0":62,"c8bc5677":62,"dfca0518":62,"b9a21017":62,"e47705d3":62,"3cae4115":62,"0ccf4731":62,"c7c6782d":62,"54346574":62,"b12cbf87":62,"81942d9b":62,"699b90c1":62,"d9b5a7a8":62,"1e7914d2":62,"e5d8fdb2":62,"3412ab75":62,"bcac5daf":62,"62d028cc":62,"0af2cf39":62,"27491297":62,"d041ea86":62,"1eda11b2":62,"fc442678":62,"37d8a5b7":62,"d5ab81c4":62,"2ecde685":62,"f0bd52d3":62,"dcc20f76":62,"666a8ef0":62,"c5b609f1":62,"4dc5849a":62,"d605c755":62,"8a8c1d67":62,"cc6b3306":62,"8c2dfd9a":62,"f11267b9":62,"a483b15e":62,"f80ab49d":62,"95eaed39":62,"a5ba0ebb":62,"f53362a9":62,"1901ef7e":62,"960c2e6b":62,"3515e999":62,"d11f8f1b":62,"9d9eb027":62,"325f9a29":62,"503aafe5":62,"080d5d42":62,"5d03f5dc":62,"f0a01341":62,"1ee4d9f9":62,"fd955858":62,"69798d15":62,"efea71fa":62,"fb3aa867":62,"c9cf710b":62,"fcacdeb3":62,"0ea055ed":62,"e3b1bdf8":62,"644b45fb":62,"590ce3d3":62,"1802d7ce":62,"0a49914b":62,"5d3f5cad":62,"cf347cba":62,"fc0c23f7":62,"641f9b9e":62,"c92edec5":62,"9f03c1e7":62,"06c24a8d":62,"2f35e75f":62,"3eddf7c8":62,"77970f8b":62,"5b09e53e":62,"0d6e45e7":62,"0da97151":62,"e829038c":62,"4987cfb5":62,"ba90687c":62,"77f2cf92":62,"037e2be4":62,"9e7dbd20":62,"0c086273":62,"ac13c3b0":62,"b4d9c57f":62,"5d53c964":62,"8ee9cc91":62,"4cc0af91":62,"55f6a2ba":62,"9559ea96":62,"9cb044bf":62,"16b25add":62,"80ee333e":62,"3b329af2":62,"1cd662bf":62,"72992b35":62,"47589344":62,"593b1533":62,"e9f6e5ce":62,"ed6bead5":62,"96f594b9":62,"94dfcfc5":62,"8301986e":62,"830ecfec":62,"a8bae791":62,"312009ee":62,"c98759fd":62,"e8b6d676":62,"45ee5840":62,"76f04033":62,"43480b19":62,"da5bb0f7":62,"6d925c84":62,"50b23ab2":62,"edfa56d4":62,"899c16eb":62,"41c76041":62,"6bb1fa99":62,"18c73816":62,"e491161e":62,"b5087677":62,"16f60bed":62,"cb0c3481":62,"7664512c":62,"df9a53b8":62,"f6c27b2b":62,"945f6c24":62,"f1daea7e":62,"b8fb90e3":62,"56227e35":62,"0d6bf22a":62,"b87321d0":62,"43205b5d":62,"8982905a":62,"f6fe1ad7":62,"230064fa":62,"764e0abb":62,"bba6d88e":62,"d73ff72e":62,"61c0ca91":62,"d2fda7be":62,"ce20ca3c":62,"1d2d958b":62,"81fb6a01":62,"7f5b27c8":62,"fb3444d9":62,"f05de640":62,"86a68967":62,"56cd4dca":62,"7f469f4c":62,"f92dedfc":62,"355d1489":62,"f96fc1af":62,"06713bac":62,"61aca924":62,"d97fb857":62,"59ff5ec6":62,"ef04e64e":62,"6e2d04de":62,"2fca1798":62,"05028839":62,"5488826c":62,"84fff5c1":62,"c649992d":62,"d5ad3ed6":62,"8e5f7187":62,"55ba7579":62,"ea3479ec":62,"32266fa3":62,"50b090c3":62,"8be24763":62,"eb4800b2":62,"6e0ce9dc":62,"87d9bec4":62,"e30dfa0c":62,"6da34174":62,"bfb849fa":62,"0a10b423":62,"9ef7cee7":62,"49f1a0d1":62,"5f04aa76":62,"ba297382":62,"0287db2a":62,"96abe4a9":62,"753b10b1":62,"cf14bd99":62,"782022f4":62,"322e833f":62,"ab3619e4":62,"106006ad":62,"c8237be9":62,"1416e8f5":62,"dde2eed5":62,"a208caa8":62,"16605353":62,"77b39e15":62,"f1726edb":62,"92b72493":62,"d3e58903":62,"4481c4be":62,"7954891b":62,"4afd60a9":62,"b7769ca6":62,"9c27de51":62,"38a75b48":62,"1792bfa3":62,"426f1904":62,"7c0f1ca9":62,"b2f820ac":62,"3b3569f6":62,"b01ab62a":62,"76da16fa":62,"bffee581":62,"07150038":62,"080fa362":62,"7b6945ad":62,"a40d08e1":62,"cec79bc2":62,"d2eff358":62,"e70aebb5":62,"a488b2f1":62,"4caa87d6":62,"f7076e21":62,"69e653b6":62,"98d2991b":62,"3b411d6a":62,"83826ef3":62,"595609d5":62,"b47f1b89":62,"8e6caf71":62,"9a3433b8":62,"b89112cb":62,"66736d5e":62,"30de89a7":62,"f1e86522":62,"06aaa33f":62,"fa03f48f":62,"320c65bf":62,"25d4f65d":62,"eddb6a2a":62,"ff8a00aa":62,"c146560b":62,"985068e7":62,"d543ba6f":62,"efd594d5":62,"4718294d":62,"5352cf45":62,"e0ffe8ff":62,"ae14d6b5":62,"721f5f42":62,"0b50bca6":62,"bf2ca266":62,"5d8d9641":62,"0de67c6c":62,"2311399f":62,"5e3ebf5e":62,"9f6ca218":62,"6213799d":62,"44cb1fd2":62,"baf19c25":62,"24a79a6e":62,"edde30af":62,"4d949e11":62,"df12f689":62,"1da10cbf":62,"832c48e4":62,"dc90a44c":62,"1ad7c45b":62,"5566c17c":62,"86a22252":62,"0000dece":62,"ce5efdbe":62,"58ace2b5":62,"d379fd96":62,"7b819458":62,"7f8024cd":62,"ae562513":62,"7b66dacd":62,"9ab137d7":62,"7191d1cd":62,"005354dd":62,"5337c279":62,"8d256cb6":62,"7021c619":62,"32ae00db":62,"bf2defb2":62,"bc733a28":62,"30d32d34":62,"886c16d3":62,"e8d09b62":62,"d44c0ea3":62,"68f87858":62,"533bac6b":62,"41634dba":62,"43fd1327":62,"113e7f4b":62,"8cce569a":62,"ce6401b6":62,"6f57824c":62,"28bd7aa1":62,"1d52fb0d":62,"cde0d748":62,"535ed444":62,"710f0d0e":62,"0905f1fb":62,"a20e529c":62,"1ae76fcc":62,"35b161d3":62,"344cd1a3":62,"77ea1236":62,"96d2a118":62,"23a0e41f":62,"b32a1080":62,"a2c4b591":62,"6dfa57be":62,"1854ce44":62,"f92b22f1":62,"ece12664":62,"36f4ecde":62,"568a0d58":62,"5fd569d2":62,"10c8fd03":62,"bd4ccb49":62,"e773d697":62,"7e8c11e7":62,"077eb15a":62,"5298dafa":62,"1fa1e7c2":62,"25f7f918":62,"646af2b9":62,"659389ad":62,"c5311ebb":62,"240c8679":62,"105bb3f6":62,"58de5462":62,"0718c3be":62,"8b503f7b":62,"f01c896d":62,"1f2670d0":62,"87a8523c":62,"962c9c8f":62,"c416baa6":62,"aec0bf28":62,"ae350a07":62,"680a32a6":62,"a017a323":62,"83ba647d":62,"8801c469":62,"cb0bd6b7":62,"b6281f1a":62,"48c6df81":62,"8e426e39":62,"51909df8":62,"5e165f43":62,"f8785b71":62,"e22b0973":62,"23646ff9":62,"ab4a411a":62,"3abb827b":62,"d7a4b24c":62,"686d5c0b":62,"0c73c293":62,"808bc372":62,"f15eb1c5":62,"88929b06":62,"c792a7c1":62,"5a7da061":62,"08c4692e":62,"71789493":62,"06a94514":62,"5ac72353":62,"5b2479ef":62,"73c420df":62,"d1b14d06":62,"1d882c36":62,"0700da70":62,"eb62e8f2":62,"f6c074a7":62,"ffd6849d":62,"ff591765":62,"962fca02":62,"93f12198":62,"75968179":62,"62e270e5":62,"bc8bdc23":62,"66b1b6d7":62,"b062adc4":62,"a71f3f70":62,"4aae5133":62,"1f7aa83c":62,"732d62ee":62,"63a3af32":62,"3fec4b0b":62,"d4b0751c":62,"faa3de3e":62,"5b01444b":62,"79995b62":62,"44983d13":62,"80999122":62,"97160db8":62,"72af9198":62,"589f0d6e":62,"51b4016a":62,"e39e9552":62,"81c1b70d":62,"46bf9112":62,"e72f0f82":62,"092ad3d6":62,"88374b72":62,"bf940089":62,"fdfaf1ed":62,"01f34f98":62,"1670b0d3":62,"ea981bed":62,"5e197575":62,"ec97d63e":62,"94208a41":62,"e587c4d0":62,"525b2635":62,"2cbcad17":62,"4dccb5ca":62,"caa38a45":62,"83268abf":62,"a9987a58":62,"578c4c95":62,"b6b8e5c7":62,"c606b472":62,"e82177d3":62,"89914b94":62,"04bdf5e1":62,"da8b42be":62,"3b0576bf":62,"9458934f":62,"1dcc489c":62,"945badf3":62,"1327775b":62,"bdd40125":62,"75fd47f7":62,"1c52a07e":62,"e70ccc25":62,"afd1494f":62,"9666b973":62,"653b27c7":62,"83b37fd6":62,"4d852788":62,"e43a9448":62,"3542b748":62,"379c53ab":62,"e396d80d":62,"7da61f27":62,"dc874a97":62,"85a220de":62,"40a7cdd2":62,"ac033c7b":62,"87759976":62,"4df3f62e":62,"c881a53e":62,"80c1c8b1":62,"cf52acd8":62,"a63cb4ce":62,"d3b3492b":62,"7580cfa4":62,"22a96386":62,"5c672b50":62,"5df16440":62,"b666e56d":62,"8db378ff":62,"784d6375":62,"4541bf85":62,"a6b13f20":62,"ca6bffd3":62,"829c44a4":62,"e76e2617":62,"2b4fd52e":62,"57162572":62,"d1d50cfe":62,"2459c882":62,"3df97186":62,"ef0490de":62,"e0f47ced":62,"309bbf54":62,"cc537772":62,"6618390c":62,"99cc0813":62,"dc32c4e1":62,"239c636e":62
1601327015446,"f7ffcbb8":62,"5728f934":62,"00b26865":62,"c333337d":62,"815c56bc":62,"5bd61a68":62,"8582c5cf":62,"0c353665":62,"231e8700":62,"1f9fbd85":62,"43f24679":62,"a1c0dfc4":62,"78f71162":62,"4b27a9a4":62,"163f4d19":62,"1d043d5a":62,"b2f82e06":62,"5b0b43e6":62,"b5474d69":62,"5a938eeb":62,"4fe0dedf":62,"951fc6d0":62,"61892a4c":62,"f096219e":62,"a3f0a6ec":62,"01051f84":62,"aa7e370d":62,"f995eeab":62,"4006e709":62,"0dedf63e":62,"a9d5374b":62,"4321f02d":62,"089b3f8f":62,"7698d0dc":62,"784414ce":62,"2df3efdb":62,"d0f1b7bd":62,"e7799883":62,"4f9456cf":62,"6e260ee8":62,"f4f84279":62,"b0950de5":62,"6f873999":62,"1f4e0e22":62,"60d69311":62,"3b09f1de":62,"b371f44a":62,"8b6180ff":62,"8819ac24":62,"dbbf7f69":62,"272e7d0d":62,"f92596ee":62,"68831ea9":62,"9713d076":62,"fd098272":62,"6ee788a7":62,"8249641d":62,"45b0968f":62,"6a9bb182":62,"1f1afd4f":62,"25fb8826":62,"0dc5da58":62,"2874a625":62,"e61ae828":62,"f7ac3883":62,"ccd01528":62,"dab8cf68":62,"00f2a9cb":62,"916fe082":62,"b64dba8e":62,"c3bb30ce":62,"86219c70":62,"601990d8":62,"5c662c19":62,"d2a5d2fd":62,"89d220c2":62,"3e10c9cb":62,"5500a3e8":62,"3c0e87ac":62,"a891461f":62,"a246cdab":62,"117c7f0b":62,"0d21cf99":62,"14e6fe14":62,"dfe4a061":62,"c2bf7d51":62,"a8edfe84":62,"2ed19b1e":62,"959e16ea":62,"02f76c64":62,"5c6d1f33":62,"b4801cae":62,"c3c2fd05":62,"f8c97147":62,"c2526ff3":62,"cc386067":62,"781afef6":62,"de9229a0":62,"99a5feef":62,"f6266388":62,"e64fd39c":62,"e1b3ce36":62,"625fa164":62,"0c6ae551":62,"e8f4c1dd":62,"cede8b8c":62,"ad95ff4a":62,"893a99c5":62,"d8bf32b5":62,"0eb42efe":62,"03c4ab87":62,"4e3d3af7":62,"3a4803a8":62,"f7a7de5d":62,"d4e56c3e":62,"0c045c2d":62,"8efd4801":62,"7eb8f268":62,"20236d3e":62,"36ae8cd8":62,"3ddd5391":62,"07f69c6d":62,"2254f0f5":62,"ea282e84":62,"6653c83b":62,"c896052c":62,"37ec5e73":62,"bfff7913":62,"f8636899":62,"37724339":62,"d45d9727":62,"ee5ff2a3":62,"44322dfd":62,"295e4d1d":62,"8cf6570a":62,"403064a0":62,"312af46e":62,"b5a9f8c3":62,"fcbc0ae8":62,"2ff6b6a8":62,"66a71cc1":62,"bf4b58e4":62,"287ecd1c":62,"f9376d3e":62,"07a94e8c":62,"bb017b49":62,"37b52fe4":62,"61ad1519":62,"819c4185":62,"ba69b06b":62,"7d2a2cb4":62,"4f62491c":62,"70b4c438":62,"a22ffd8f":62,"3cd28a4d":62,"44a12c31":62,"45a961ca":62,"5ca978fd":62,"668e601b":62,"7552d86c":62,"02ebf3b6":62,"bb17a968":62,"4abcb85d":62,"cba26072":62,"2a718dcc":62,"c6a9a8e1":62,"88854fd0":62,"8dc27d2a":62,"41d7f05d":62,"2b851827":62,"9f428a03":62,"4d504d96":62,"0533ece1":62,"bcee2ef3":62,"0afba00c":62,"04ff8100":62,"6c00d8d6":62,"ac9a02bc":62,"acfe69ed":62,"426603ff":62,"2db2f252":62,"2e84193b":62,"c55683c9":62,"51233daf":62,"02791635":62,"be081247":62,"5cc47d1b":62,"71ed93db":62,"c92efaa8":62,"c241ac7e":62,"62a45672":62,"210e507a":62,"ac6e268b":62,"742238e8":62,"678b846f":62,"b4bd39d8":62,"b4cdbe5d":62,"fa0386f3":62,"b95d0f17":62,"cee9c347":62,"6ee160ff":62,"c55d40ca":62,"22c177a8":62,"00ae883f":62,"f416ee62":62,"0d2b182d":62,"320754c3":62,"232b2f64":62,"3171b6e7":62,"3b25460f":62,"d2064756":62
1601327016695,"7800e7ce":63,"77869ff0":63,"4b8f7b16":63,"89f75690":63,"cb363e2f":63,"cd802f02":63,"d3cca7eb":63,"e866a899":63,"5690e712":63,"0b92d2a9":63
1601327017254,"d5d94481":63,"ffe48500":63,"c7a45a33":63,"faffe099":63,"e99490cd":63,"3b830769":63,"583f0305":63,"1557c50a":63,"249e80ab":63,"f52a3d94":63,"eb74d3dd":63,"3bcbc28d":63,"3c0455e7":63,"df203c79":63,"df1e1ac0":63,"491708eb":63,"e421caaa":63,"2d2ecf27":63,"d38a4953":63,"eba5efdd":63,"a5463f93":63,"c85ac4f8":63,"bc253f4f":63,"0d9d2bf8":63,"846b7f11":63,"d3411467":63,"1df0ce7f":63,"a08171d0":63,"c8bc5677":63,"dfca0518":63,"b9a21017":63,"e47705d3":63,"3cae4115":63,"0ccf4731":63,"c7c6782d":63,"54346574":63,"b12cbf87":63,"81942d9b":63,"699b90c1":63,"d9b5a7a8":63,"1e7914d2":63,"e5d8fdb2":63,"3412ab75":63,"bcac5daf":63,"62d028cc":63,"0af2cf39":63,"27491297":63,"d041ea86":63,"1eda11b2":63,"fc442678":63,"070bed95":63,"67e5d108":63,"3d37b94b":63,"842c97c2":63,"c4cef92b":63,"0eecdc5b":63,"b7e495ea":63,"45ec63c0":63,"0ddfde2c":63,"a8b41774":63,"81f0da2d":63,"1fcc8ba4":63,"75a9c117":63,"12ba54ec":63,"be391c1a":63,"37d8a5b7":63,"d5ab81c4":63,"2ecde685":63,"f0bd52d3":63,"dcc20f76":63,"666a8ef0":63,"c5b609f1":63,"4dc5849a":63,"d605c755":63,"8a8c1d67":63,"cc6b3306":63,"8c2dfd9a":63,"f11267b9":63,"a483b15e":63,"f80ab49d":63,"95eaed39":63,"a5ba0ebb":63,"f53362a9":63,"1901ef7e":63,"960c2e6b":63,"3515e999":63,"d11f8f1b":63,"9d9eb027":63,"325f9a29":63,"503aafe5":63,"e9f6e5ce":63,"ed6bead5":63,"96f594b9":63,"94dfcfc5":63,"8301986e":63,"830ecfec":63,"a8bae791":63,"312009ee":63,"c98759fd":63,"e8b6d676":63,"45ee5840":63,"76f04033":63,"43480b19":63,"fd955858":63,"69798d15":63,"efea71fa":63,"fb3aa867":63,"c9cf710b":63,"fcacdeb3":63,"0ea055ed":63,"e3b1bdf8":63,"644b45fb":63,"080d5d42":63,"5d03f5dc":63,"f0a01341":63,"1ee4d9f9":63,"0d6e45e7":63,"0da97151":63,"e829038c":63,"4987cfb5":63,"ba90687c":63,"77f2cf92":63,"037e2be4":63,"9e7dbd20":63,"0c086273":63,"ac13c3b0":63,"b4d9c57f":63,"5d53c964":63,"8ee9cc91":63,"4cc0af91":63,"55f6a2ba":63,"9559ea96":63,"9cb044bf":63,"16b25add":63,"80ee333e":63,"3b329af2":63,"1cd662bf":63,"72992b35":63,"47589344":63,"593b1533":63,"5b09e53e":63,"da5bb0f7":63,"6d925c84":63,"50b23ab2":63,"edfa56d4":63,"899c16eb":63,"41c76041":63,"6bb1fa99":63,"d73ff72e":63,"61c0ca91":63,"d2fda7be":63,"ce20ca3c":63,"1d2d958b":63,"81fb6a01":63,"7f5b27c8":63,"3b3569f6":63,"b01ab62a":63,"76da16fa":63,"bffee581":63,"07150038":63,"fb3444d9":63,"f05de640":63,"86a68967":63,"56cd4dca":63,"7f469f4c":63,"f92dedfc":63,"355d1489":63,"f96fc1af":63,"06713bac":63,"61aca924":63,"d97fb857":63,"59ff5ec6":63,"ef04e64e":63,"6e2d04de":63,"2fca1798":63,"05028839":63,"5488826c":63,"84fff5c1":63,"c649992d":63,"d5ad3ed6":63,"8e5f7187":63,"55ba7579":63,"b7769ca6":63,"9c27de51":63,"38a75b48":63,"1792bfa3":63,"426f1904":63,"7c0f1ca9":63,"753b10b1":63,"cf14bd99":63,"782022f4":63,"322e833f":63,"ab3619e4":63,"106006ad":63,"c8237be9":63,"1416e8f5":63,"dde2eed5":63,"a208caa8":63,"16605353":63,"77b39e15":63,"f1726edb":63,"92b72493":63,"d3e58903":63,"4481c4be":63,"7954891b":63,"4afd60a9":63,"d44c0ea3":63,"68f87858":63,"533bac6b":63,"41634dba":63,"43fd1327":63,"113e7f4b":63,"8cce569a":63,"ce6401b6":63,"6f57824c":63,"28bd7aa1":63,"1d52fb0d":63,"cde0d748":63,"b2f820ac":63,"25d4f65d":63,"18c73816":63,"e491161e":63,"b5087677":63,"16f60bed":63,"cb0c3481":63,"7664512c":63,"df9a53b8":63,"f6c27b2b":63,"945f6c24":63,"f1daea7e":63,"b8fb90e3":63,"56227e35":63,"0d6bf22a":63,"b87321d0":63,"43205b5d":63,"8982905a":63,"f6fe1ad7":63,"230064fa":63,"764e0abb":63,"bba6d88e":63,"ea3479ec":63,"32266fa3":63,"50b090c3":63,"8be24763":63,"eb4800b2":63,"6e0ce9dc":63,"87d9bec4":63,"e30dfa0c":63,"6da34174":63,"bfb849fa":63,"0a10b423":63,"9ef7cee7":63,"49f1a0d1":63,"5f04aa76":63,"ba297382":63,"0287db2a":63,"96abe4a9":63,"eddb6a2a":63,"ff8a00aa":63,"535ed444":63,"710f0d0e":63,"0905f1fb":63,"a20e529c":63,"1ae76fcc":63,"35b161d3":63,"344cd1a3":63,"77ea1236":63,"96d2a118":63,"23a0e41f":63,"b32a1080":63,"a2c4b591":63,"6dfa57be":63,"1854ce44":63,"f92b22f1":63,"ece12664":63,"36f4ecde":63,"568a0d58":63,"5fd569d2":63,"10c8fd03":63,"bd4ccb49":63,"e773d697":63,"7e8c11e7":63,"077eb15a":63,"5337c279":63,"8d256cb6":63,"7021c619":63,"32ae00db":63,"bf2defb2":63,"c146560b":63,"590ce3d3":63,"1802d7ce":63,"0a49914b":63,"5d3f5cad":63,"cf347cba":63,"fc0c23f7":63,"641f9b9e":63,"c92edec5":63,"9f03c1e7":63,"06c24a8d":63,"2f35e75f":63,"3eddf7c8":63,"77970f8b":63,"efd594d5":63,"4718294d":63,"5352cf45":63,"e0ffe8ff":63,"ae14d6b5":63,"721f5f42":63,"0b50bca6":63,"bf2ca266":63,"5d8d9641":63,"0de67c6c":63,"2311399f":63,"5e3ebf5e":63,"9f6ca218":63,"6213799d":63,"44cb1fd2":63,"baf19c25":63,"24a79a6e":63,"edde30af":63,"4d949e11":63,"df12f689":63,"985068e7":63,"d543ba6f":63,"080fa362":63,"7b6945ad":63,"a40d08e1":63,"cec79bc2":63,"d2eff358":63,"e70aebb5":63,"a488b2f1":63,"4caa87d6":63,"f7076e21":63,"69e653b6":63,"98d2991b":63,"3b411d6a":63,"83826ef3":63,"595609d5":63,"b47f1b89":63,"8e6caf71":63,"9a3433b8":63,"b89112cb":63,"66736d5e":63,"30de89a7":63,"06aaa33f":63,"f1e86522":63,"320c65bf":63,"1fa1e7c2":63,"fa03f48f":63,"646af2b9":63,"5298dafa":63,"25f7f918":63,"659389ad":63,"c5311ebb":63,"240c8679":63,"105bb3f6":63,"0718c3be":63,"58de5462":63,"8b503f7b":63,"f01c896d":63,"87a8523c":63,"c416baa6":63,"1f2670d0":63,"962c9c8f":63,"ae350a07":63,"aec0bf28":63,"680a32a6":63,"a017a323":63,"8801c469":63,"b6281f1a":63
1601327017840,"1da10cbf":63,"832c48e4":63,"dc90a44c":63,"1ad7c45b":63,"5566c17c":63,"86a22252":63,"0000dece":63,"ce5efdbe":63,"58ace2b5":63,"d379fd96":63,"7b819458":63,"7f8024cd":63,"ae562513":63,"7b66dacd":63,"9ab137d7":63,"7191d1cd":63,"005354dd":63,"bc733a28":63,"30d32d34":63,"886c16d3":63,"e8d09b62":63,"83ba647d":63,"48c6df81":63,"cb0bd6b7":63,"5e165f43":63,"f8785b71":63,"8e426e39":63,"ab4a411a":63,"51909df8":63,"d7a4b24c":63,"e22b0973":63,"23646ff9":63,"686d5c0b":63,"f15eb1c5":63,"3abb827b":63,"0c73c293":63,"71789493":63,"5ac72353":63,"88929b06":63,"d1b14d06":63,"08c4692e":63,"f6c074a7":63,"5b2479ef":63,"1d882c36":63,"ffd6849d":63,"eb62e8f2":63,"962fca02":63,"75968179":63,"808bc372":63,"f7ffcbb8":63,"5728f934":63,"00b26865":63,"c333337d":63,"815c56bc":63,"5bd61a68":63,"1dcc489c":63,"945badf3":63,"1327775b":63,"bdd40125":63,"75fd47f7":63,"1c52a07e":63,"e70ccc25":63,"afd1494f":63,"ca6bffd3":63,"829c44a4":63,"e76e2617":63,"2b4fd52e":63,"57162572":63,"d1d50cfe":63,"c792a7c1":63,"bc8bdc23":63,"a71f3f70":63,"5a7da061":63,"06a94514":63,"1f7aa83c":63,"73c420df":63,"732d62ee":63,"d4b0751c":63,"0700da70":63,"ff591765":63,"5b01444b":63,"79995b62":63,"93f12198":63,"97160db8":63,"62e270e5":63,"589f0d6e":63,"66b1b6d7":63,"51b4016a":63,"b062adc4":63,"46bf9112":63,"4aae5133":63,"63a3af32":63,"092ad3d6":63,"bf940089":63,"3fec4b0b":63,"faa3de3e":63,"01f34f98":63,"44983d13":63,"1670b0d3":63,"ec97d63e":63,"80999122":63,"72af9198":63,"94208a41":63,"2cbcad17":63,"e39e9552":63,"4dccb5ca":63,"81c1b70d":63,"e72f0f82":63,"83268abf":63,"578c4c95":63,"88374b72":63,"c606b472":63,"fdfaf1ed":63,"ea981bed":63,"5e197575":63,"e587c4d0":63,"525b2635":63,"caa38a45":63,"a9987a58":63,"b6b8e5c7":63,"e82177d3":63,"89914b94":63,"04bdf5e1":63,"da8b42be":63,"3b0576bf":63,"9458934f":63,"272e7d0d":63,"f92596ee":63,"68831ea9":63,"9713d076":63,"fd098272":63,"6ee788a7":63,"8249641d":63,"45b0968f":63,"6a9bb182":63,"1f1afd4f":63,"25fb8826":63,"0dc5da58":63,"2874a625":63,"e61ae828":63,"f7ac3883":63,"8582c5cf":63,"0c353665":63,"231e8700":63,"1f9fbd85":63,"43f24679":63,"a1c0dfc4":63,"78f71162":63,"4b27a9a4":63,"163f4d19":63,"1d043d5a":63,"b2f82e06":63,"5b0b43e6":63,"b5474d69":63,"5a938eeb":63,"4fe0dedf":63,"951fc6d0":63,"61892a4c":63,"f096219e":63,"a3f0a6ec":63,"01051f84":63,"aa7e370d":63,"f995eeab":63,"4006e709":63,"0dedf63e":63,"a9d5374b":63,"4321f02d":63,"089b3f8f":63,"7698d0dc":63,"784414ce":63,"2df3efdb":63,"d0f1b7bd":63,"a8edfe84":63,"2ed19b1e":63,"959e16ea":63,"02f76c64":63,"5c6d1f33":63,"b4801cae":63,"c3c2fd05":63,"f8c97147":63,"c2526ff3":63,"cc386067":63,"a22ffd8f":63,"3cd28a4d":63,"44a12c31":63,"45a961ca":63,"5ca978fd":63,"668e601b":63,"7552d86c":63,"02ebf3b6":63,"bb17a968":63,"4abcb85d":63,"cba26072":63,"2a718dcc":63,"c6a9a8e1":63,"88854fd0":63,"8dc27d2a":63,"ccd01528":63,"dab8cf68":63,"00f2a9cb":63,"916fe082":63,"b64dba8e":63,"c3bb30ce":63,"86219c70":63,"601990d8":63,"5c662c19":63,"d2a5d2fd":63,"89d220c2":63,"3e10c9cb":63,"5500a3e8":63,"3c0e87ac":63,"a891461f":63,"a246cdab":63,"117c7f0b":63,"0d21cf99":63,"14e6fe14":63,"37ec5e73":63,"bfff7913":63,"f8636899":63,"37724339":63,"d45d9727":63,"ee5ff2a3":63,"44322dfd":63,"295e4d1d":63,"8cf6570a":63,"403064a0":63,"312af46e":63,"b5a9f8c3":63,"fcbc0ae8":63,"41d7f05d":63,"e7799883":63,"4f9456cf":63,"6e260ee8":63,"f4f84279":63,"b0950de5":63,"6f873999":63,"1f4e0e22":63,"60d69311":63,"3b09f1de":63,"b371f44a":63,"8b6180ff":63,"8819ac24":63,"dbbf7f69":63,"dfe4a061":63,"c2bf7d51":63,"781afef6":63,"de9229a0":63,"99a5feef":63,"f6266388":63,"e64fd39c":63,"e1b3ce36":63,"625fa164":63,"0c6ae551":63,"e8f4c1dd":63,"2b851827":63,"9f428a03":63,"4d504d96":63,"0533ece1":63,"bcee2ef3":63,"0afba00c":63,"04ff8100":63,"6c00d8d6":63,"ac9a02bc":63,"acfe69ed":63,"426603ff":63,"2db2f252":63,"2e84193b":63,"c55683c9":63,"51233daf":63,"02791635":63,"be081247":63,"5cc47d1b":63,"678b846f":63,"b4bd39d8":63,"9666b973":63,"653b27c7":63,"83b37fd6":63,"4d852788":63,"e43a9448":63,"3542b748":63,"379c53ab":63,"e396d80d":63,"7da61f27":63,"dc874a97":63,"85a220de":63,"40a7cdd2":63,"ac033c7b":63,"87759976":63,"4df3f62e":63,"c881a53e":63,"80c1c8b1":63,"cf52acd8":63,"a63cb4ce":63,"d3b3492b":63,"7580cfa4":63,"22a96386":63,"5c672b50":63,"5df16440":63,"b4cdbe5d":63,"b666e56d":63,"8db378ff":63,"784d6375":63,"4541bf85":63,"a6b13f20":63,"2459c882":63,"3df97186":63,"ef0490de":63,"e0f47ced":63,"309bbf54":63,"cc537772":63,"6618390c":63,"99cc0813":63,"dc32c4e1":63,"239c636e":63,"6ee160ff":63,"c55d40ca":63,"22c177a8":63,"00ae883f":63,"f416ee62":63,"0d2b182d":63,"320754c3":63,"232b2f64":63,"3171b6e7":63,"3b25460f":63,"d2064756":63,"fa0386f3":63,"b95d0f17":63,"cee9c347":63,"2ff6b6a8":63,"66a71cc1":63,"bf4b58e4":63,"cede8b8c":63,"ad95ff4a":63,"893a99c5":63,"d8bf32b5":63,"0eb42efe":63,"03c4ab87":63,"4e3d3af7":63,"3a4803a8":63,"f7a7de5d":63,"d4e56c3e":63,"0c045c2d":63,"8efd4801":63,"7eb8f268":63,"20236d3e":63,"36ae8cd8":63,"3ddd5391":63,"07f69c6d":63,"2254f0f5":63,"ea282e84":63,"6653c83b":63,"c896052c":63,"287ecd1c":63,"f9376d3e":63,"07a94e8c":63,"bb017b49":63,"37b52fe4":63,"61ad1519":63,"819c4185":63,"ba69b06b":63,"7d2a2cb4":63,"4f62491c":63,"70b4c438":63,"71ed93db":63,"c92efaa8":63,"c241ac7e":63,"62a45672":63,"210e507a":63,"ac6e268b":63,"742238e8":63
1601327019354,"7800e7ce":64,"77869ff0":64,"4b8f7b16":64,"89f75690":64,"cb363e2f":64,"cd802f02":64,"d3cca7eb":64,"e866a899":64,"5690e712":64,"0b92d2a9":64,"070bed95":64,"67e5d108":64,"3d37b94b":64,"842c97c2":64,"c4cef92b":64,"0eecdc5b":64,"b7e495ea":64,"45ec63c0":64,"0ddfde2c":64,"a8b41774":64,"81f0da2d":64,"1fcc8ba4":64,"75a9c117":64,"12ba54ec":64,"be391c1a":64,"37d8a5b7":64,"d5ab81c4":64,"2ecde685":64,"f0bd52d3":64,"dcc20f76":64,"666a8ef0":64,"c5b609f1":64,"4dc5849a":64,"d605c755":64,"8a8c1d67":64,"cc6b3306":64,"8c2dfd9a":64,"f11267b9":64,"a483b15e":64,"f80ab49d":64,"95eaed39":64,"a5ba0ebb":64,"f53362a9":64,"1901ef7e":64,"960c2e6b":64,"3515e999":64,"d11f8f1b":64,"9d9eb027":64,"325f9a29":64,"503aafe5":64,"080d5d42":64,"5d03f5dc":64,"f0a01341":64,"1ee4d9f9":64,"0d6e45e7":64,"0da97151":64,"e829038c":64,"4987cfb5":64,"ba90687c":64,"77f2cf92":64,"037e2be4":64,"9e7dbd20":64,"0c086273":64,"ac13c3b0":64,"b4d9c57f":64,"5d53c964":64,"8ee9cc91":64,"4cc0af91":64,"55f6a2ba":64,"9559ea96":64,"9cb044bf":64,"16b25add":64,"80ee333e":64,"3b329af2":64,"1cd662bf":64,"72992b35":64,"47589344":64,"593b1533":64,"e9f6e5ce":64,"ed6bead5":64,"96f594b9":64,"94dfcfc5":64,"8301986e":64,"830ecfec":64,"a8bae791":64,"312009ee":64,"c98759fd":64,"d5d94481":64,"ffe48500":64,"c7a45a33":64,"faffe099":64,"e99490cd":64,"3b830769":64,"583f0305":64,"1557c50a":64,"249e80ab":64,"f52a3d94":64,"eb74d3dd":64,"3bcbc28d":64,"3c0455e7":64,"e8b6d676":64,"45ee5840":64,"76f04033":64,"43480b19":64,"fd955858":64,"69798d15":64,"efea71fa":64,"fb3aa867":64,"c9cf710b":64,"fcacdeb3":64,"0ea055ed":64,"e3b1bdf8":64,"644b45fb":64
1601327019740,"df203c79":64,"df1e1ac0":64,"491708eb":64,"e421caaa":64,"2d2ecf27":64,"d38a4953":64,"eba5efdd":64,"a5463f93":64,"c85ac4f8":64,"bc253f4f":64,"0d9d2bf8":64,"846b7f11":64,"d3411467":64,"1df0ce7f":64,"a08171d0":64,"c8bc5677":64,"dfca0518":64,"b9a21017":64,"e47705d3":64,"3cae4115":64,"0ccf4731":64,"c7c6782d":64,"54346574":64,"b12cbf87":64,"81942d9b":64,"699b90c1":64,"d9b5a7a8":64,"1e7914d2":64,"e5d8fdb2":64,"3412ab75":64,"bcac5daf":64,"62d028cc":64,"0af2cf39":64,"27491297":64,"d041ea86":64,"1eda11b2":64,"fc442678":64,"590ce3d3":64,"1802d7ce":64,"0a49914b":64,"5d3f5cad":64,"cf347cba":64,"fc0c23f7":64,"641f9b9e":64,"c92edec5":64,"9f03c1e7":64,"06c24a8d":64,"2f35e75f":64,"3eddf7c8":64,"77970f8b":64,"efd594d5":64,"4718294d":64,"5352cf45":64,"e0ffe8ff":64,"ae14d6b5":64,"721f5f42":64,"5b09e53e":64,"da5bb0f7":64,"6d925c84":64,"50b23ab2":64,"edfa56d4":64,"18c73816":64,"e491161e":64,"b5087677":64,"16f60bed":64,"cb0c3481":64,"7664512c":64,"df9a53b8":64,"f6c27b2b":64,"945f6c24":64,"f1daea7e":64,"b8fb90e3":64,"56227e35":64,"0d6bf22a":64,"b87321d0":64,"43205b5d":64,"8982905a":64,"f6fe1ad7":64,"230064fa":64,"764e0abb":64,"bba6d88e":64,"ea3479ec":64,"32266fa3":64,"50b090c3":64,"8be24763":64,"eb4800b2":64,"6e0ce9dc":64,"87d9bec4":64,"e30dfa0c":64,"899c16eb":64,"41c76041":64,"6bb1fa99":64,"d73ff72e":64,"61c0ca91":64,"d2fda7be":64,"ce20ca3c":64,"1d2d958b":64,"81fb6a01":64,"7f5b27c8":64,"fb3444d9":64,"f05de640":64,"86a68967":64,"56cd4dca":64,"7f469f4c":64,"f92dedfc":64,"355d1489":64,"f96fc1af":64,"06713bac":64,"61aca924":64,"d97fb857":64,"59ff5ec6":64,"ef04e64e":64,"6e2d04de":64,"2fca1798":64,"05028839":64,"5488826c":64,"84fff5c1":64,"c649992d":64,"6da34174":64,"bfb849fa":64,"0a10b423":64,"9ef7cee7":64,"49f1a0d1":64,"5f04aa76":64,"ba297382":64,"0287db2a":64,"96abe4a9":64,"753b10b1":64,"cf14bd99":64,"782022f4":64,"322e833f":64,"ab3619e4":64,"106006ad":64,"c8237be9":64,"1416e8f5":64,"dde2eed5":64,"a208caa8":64,"16605353":64,"77b39e15":64,"f1726edb":64,"92b72493":64,"d3e58903":64,"4481c4be":64,"7954891b":64,"4afd60a9":64,"d5ad3ed6":64,"8e5f7187":64,"55ba7579":64,"b7769ca6":64,"9c27de51":64,"38a75b48":64,"3b3569f6":64,"b01ab62a":64,"76da16fa":64,"bffee581":64,"07150038":64,"080fa362":64,"7b6945ad":64,"a40d08e1":64,"cec79bc2":64,"d2eff358":64,"e70aebb5":64,"a488b2f1":64,"4caa87d6":64,"f7076e21":64,"69e653b6":64,"98d2991b":64,"3b411d6a":64,"83826ef3":64,"595609d5":64,"b47f1b89":64,"8e6caf71":64,"9a3433b8":64,"b89112cb":64,"66736d5e":64,"f1e86522":64,"fa03f48f":64,"30de89a7":64,"5298dafa":64,"06aaa33f":64,"1792bfa3":64,"426f1904":64,"7c0f1ca9":64,"b2f820ac":64,"25d4f65d":64,"eddb6a2a":64,"ff8a00aa":64,"c146560b":64,"985068e7":64,"d543ba6f":64,"0b50bca6":64,"bf2ca266":64,"5d8d9641":64,"0de67c6c":64,"2311399f":64,"5e3ebf5e":64,"9f6ca218":64,"6213799d":64,"44cb1fd2":64,"baf19c25":64,"24a79a6e":64,"edde30af":64,"4d949e11":64,"df12f689":64,"1da10cbf":64,"832c48e4":64,"dc90a44c":64,"1ad7c45b":64,"5566c17c":64,"86a22252":64,"0000dece":64,"ce5efdbe":64,"58ace2b5":64,"d379fd96":64,"7b819458":64,"7f8024cd":64,"ae562513":64,"7b66dacd":64,"9ab137d7":64,"7191d1cd":64,"005354dd":64,"7e8c11e7":64,"077eb15a":64,"5337c279":64,"8d256cb6":64,"7021c619":64,"32ae00db":64,"bf2defb2":64,"bc733a28":64,"30d32d34":64,"886c16d3":64,"e8d09b62":64,"d44c0ea3":64,"68f87858":64,"533bac6b":64,"41634dba":64,"43fd1327":64,"113e7f4b":64,"8cce569a":64,"ce6401b6":64,"6f57824c":64,"28bd7aa1":64,"1d52fb0d":64,"cde0d748":64,"535ed444":64,"710f0d0e":64,"0905f1fb":64,"a20e529c":64,"1ae76fcc":64,"35b161d3":64,"344cd1a3":64,"77ea1236":64,"96d2a118":64,"23a0e41f":64,"b32a1080":64,"a2c4b591":64,"6dfa57be":64,"1854ce44":64,"f92b22f1":64,"ece12664":64,"36f4ecde":64,"568a0d58":64,"5fd569d2":64,"10c8fd03":64,"bd4ccb49":64,"e773d697":64,"320c65bf":64,"25f7f918":64,"c5311ebb":64,"1fa1e7c2":64,"105bb3f6":64,"646af2b9":64,"58de5462":64,"659389ad":64,"240c8679":64,"f01c896d":64,"0718c3be":64,"1f2670d0":64,"8b503f7b":64,"962c9c8f":64,"87a8523c":64,"aec0bf28":64,"a017a323":64,"c416baa6":64,"8801c469":64,"ae350a07":64,"b6281f1a":64,"680a32a6":64,"48c6df81":64,"83ba647d":64,"cb0bd6b7":64,"5e165f43":64,"8e426e39":64,"f8785b71":64,"ab4a411a":64,"51909df8":64,"d7a4b24c":64,"e22b0973":64,"686d5c0b":64,"23646ff9":64,"3abb827b":64,"f15eb1c5":64,"0c73c293":64,"71789493":64,"88929b06":64,"5ac72353":64,"08c4692e":64,"d1b14d06":64,"f6c074a7":64,"5b2479ef":64,"1d882c36":64,"ffd6849d":64,"eb62e8f2":64,"962fca02":64,"75968179":64,"bc8bdc23":64,"a71f3f70":64,"1f7aa83c":64,"732d62ee":64,"808bc372":64,"c792a7c1":64,"d4b0751c":64,"5b01444b":64,"5a7da061":64,"06a94514":64,"79995b62":64,"73c420df":64,"97160db8":64,"589f0d6e":64,"0700da70":64,"51b4016a":64,"ff591765":64,"93f12198":64,"46bf9112":64,"092ad3d6":64,"62e270e5":64,"bf940089":64,"66b1b6d7":64,"01f34f98":64,"b062adc4":64,"1670b0d3":64,"4aae5133":64,"ec97d63e":64,"63a3af32":64,"94208a41":64,"3fec4b0b":64,"faa3de3e":64,"2cbcad17":64,"44983d13":64,"4dccb5ca":64,"83268abf":64,"80999122":64,"72af9198":64,"578c4c95":64,"e39e9552":64,"c606b472":64,"81c1b70d":64,"e72f0f82":64,"88374b72":64,"fdfaf1ed":64,"ea981bed":64,"5e197575":64,"e587c4d0":64,"525b2635":64,"caa38a45":64,"a9987a58":64,"b6b8e5c7":64,"e82177d3":64,"89914b94":64,"04bdf5e1":64,"da8b42be":64,"3b0576bf":64,"9666b973":64,"653b27c7":64,"83b37fd6":64,"4d852788":64,"e43a9448":64,"3542b748":64,"379c53ab":64,"e396d80d":64,"7da61f27":64,"dc874a97":64,"85a220de":64,"40a7cdd2":64,"ac033c7b":64,"87759976":64,"4df3f62e":64,"c881a53e":64,"80c1c8b1":64,"cf52acd8":64,"a63cb4ce":64,"d3b3492b":64,"7580cfa4":64,"22a96386":64,"5c672b50":64,"5df16440":64,"b666e56d":64,"9458934f":64,"1dcc489c":64,"945badf3":64,"1327775b":64,"bdd40125":64,"75fd47f7":64,"1c52a07e":64,"e70ccc25":64,"afd1494f":64,"ca6bffd3":64,"829c44a4":64,"e76e2617":64,"2b4fd52e":64,"57162572":64,"d1d50cfe":64,"8db378ff":64,"784d6375":64,"4541bf85":64,"a6b13f20":64,"2459c882":64,"3df97186":64,"ef0490de":64,"e0f47ced":64,"309bbf54":64,"cc537772":64,"6618390c":64,"99cc0813":64,"dc32c4e1":64,"239c636e":64,"6ee160ff":64,"c55d40ca":64,"22c177a8":64,"00ae883f":64,"f416ee62":64,"0d2b182d":64,"320754c3":64,"232b2f64":64,"3171b6e7":64,"3b25460f":64,"d2064756":64,"272e7d0d":64,"f92596ee":64,"68831ea9":64,"9713d076":64,"fd098272":64,"6ee788a7":64,"8249641d":64,"45b0968f":64,"6a9bb182":64,"1f1afd4f":64,"25fb8826":64,"0dc5da58":64,"2874a625":64,"e61ae828":64,"f7ac3883":64,"ccd01528":64,"dab8cf68":64,"00f2a9cb":64,"916fe082":64,"b64dba8e":64,"c3bb30ce":64,"86219c70":64,"601990d8":64,"5c662c19":64,"d2a5d2fd":64,"89d220c2":64,"3e10c9cb":64,"f7ffcbb8":64,"5728f934":64,"00b26865":64,"c333337d":64,"815c56bc":64,"5bd61a68":64,"8582c5cf":64,"0c353665":64,"231e8700":64,"1f9fbd85":64,"43f24679":64,"a1c0dfc4":64,"78f71162":64,"4b27a9a4":64,"163f4d19":64,"1d043d5a":64,"b2f82e06":64,"5b0b43e6":64,"b5474d69":64,"5a938eeb":64,"4fe0dedf":64,"951fc6d0":64,"61892a4c":64,"f096219e":64,"a3f0a6ec":64,"01051f84":64
1601327020103,"5500a3e8":64,"3c0e87ac":64,"a891461f":64,"a246cdab":64,"117c7f0b":64,"0d21cf99":64,"14e6fe14":64,"37ec5e73":64,"bfff7913":64,"f8636899":64,"37724339":64,"d45d9727":64,"ee5ff2a3":64,"44322dfd":64,"295e4d1d":64,"8cf6570a":64,"403064a0":64,"312af46e":64,"b5a9f8c3":64,"fcbc0ae8":64,"2ff6b6a8":64,"66a71cc1":64,"bf4b58e4":64,"a8edfe84":64,"2ed19b1e":64,"959e16ea":64,"02f76c64":64,"5c6d1f33":64,"b4801cae":64,"c3c2fd05":64,"f8c97147":64,"c2526ff3":64,"cc386067":64,"a22ffd8f":64,"3cd28a4d":64,"44a12c31":64,"45a961ca":64,"5ca978fd":64,"668e601b":64,"7552d86c":64,"02ebf3b6":64,"aa7e370d":64,"f995eeab":64,"4006e709":64,"0dedf63e":64,"a9d5374b":64,"4321f02d":64,"089b3f8f":64,"7698d0dc":64,"784414ce":64,"2df3efdb":64,"d0f1b7bd":64,"e7799883":64,"4f9456cf":64,"6e260ee8":64,"f4f84279":64,"b0950de5":64,"6f873999":64,"1f4e0e22":64,"60d69311":64,"3b09f1de":64,"b371f44a":64,"8b6180ff":64,"8819ac24":64,"dbbf7f69":64,"dfe4a061":64,"c2bf7d51":64,"781afef6":64,"de9229a0":64,"99a5feef":64,"f6266388":64,"e64fd39c":64,"e1b3ce36":64,"625fa164":64,"0c6ae551":64,"e8f4c1dd":64,"cede8b8c":64,"ad95ff4a":64,"893a99c5":64,"d8bf32b5":64,"0eb42efe":64,"03c4ab87":64,"4e3d3af7":64,"3a4803a8":64,"f7a7de5d":64,"d4e56c3e":64,"0c045c2d":64,"8efd4801":64,"7eb8f268":64,"20236d3e":64,"36ae8cd8":64,"3ddd5391":64,"07f69c6d":64,"2254f0f5":64,"ea282e84":64,"6653c83b":64,"c896052c":64,"287ecd1c":64,"f9376d3e":64,"07a94e8c":64,"bb017b49":64,"37b52fe4":64,"61ad1519":64,"bb17a968":64,"4abcb85d":64,"cba26072":64,"2a718dcc":64,"c6a9a8e1":64,"88854fd0":64,"8dc27d2a":64,"41d7f05d":64,"2b851827":64,"9f428a03":64,"4d504d96":64,"0533ece1":64,"bcee2ef3":64,"0afba00c":64,"04ff8100":64,"6c00d8d6":64,"ac9a02bc":64,"acfe69ed":64,"426603ff":64,"2db2f252":64,"2e84193b":64,"c55683c9":64,"51233daf":64,"02791635":64,"be081247":64,"5cc47d1b":64,"678b846f":64,"b4bd39d8":64,"b4cdbe5d":64,"fa0386f3":64,"b95d0f17":64,"cee9c347":64,"819c4185":64,"ba69b06b":64,"7d2a2cb4":64,"4f62491c":64,"70b4c438":64,"71ed93db":64,"c92efaa8":64,"c241ac7e":64,"62a45672":64,"210e507a":64,"ac6e268b":64,"742238e8":64
1601327021811,"7800e7ce":65,"77869ff0":65,"4b8f7b16":65,"89f75690":65,"cb363e2f":65,"cd802f02":65,"d3cca7eb":65,"e866a899":65,"5690e712":65,"0b92d2a9":65,"070bed95":65,"67e5d108":65,"3d37b94b":65,"842c97c2":65,"c4cef92b":65,"0eecdc5b":65,"b7e495ea":65,"45ec63c0":65,"0ddfde2c":65,"a8b41774":65,"81f0da2d":65,"1fcc8ba4":65,"75a9c117":65,"12ba54ec":65,"be391c1a":65,"37d8a5b7":65,"d5ab81c4":65,"2ecde685":65,"f0bd52d3":65,"dcc20f76":65,"666a8ef0":65,"c5b609f1":65,"4dc5849a":65,"d605c755":65,"8a8c1d67":65,"cc6b3306":65,"8c2dfd9a":65,"f11267b9":65,"a483b15e":65,"f80ab49d":65,"95eaed39":65,"a5ba0ebb":65,"f53362a9":65,"1901ef7e":65,"960c2e6b":65,"3515e999":65,"d11f8f1b":65,"9d9eb027":65,"325f9a29":65,"503aafe5":65,"080d5d42":65,"5d03f5dc":65,"f0a01341":65
1601327022292,"d5d94481":65,"ffe48500":65,"c7a45a33":65,"faffe099":65,"e99490cd":65,"3b830769":65,"583f0305":65,"1557c50a":65,"249e80ab":65,"f52a3d94":65,"eb74d3dd":65,"3bcbc28d":65,"3c0455e7":65,"df203c79":65,"df1e1ac0":65,"491708eb":65,"e421caaa":65,"2d2ecf27":65,"d38a4953":65,"eba5efdd":65,"a5463f93":65,"c85ac4f8":65,"bc253f4f":65,"0d9d2bf8":65,"846b7f11":65,"d3411467":65,"1df0ce7f":65,"a08171d0":65,"c8bc5677":65,"dfca0518":65,"b9a21017":65,"e47705d3":65,"3cae4115":65,"0ccf4731":65,"c7c6782d":65,"54346574":65,"b12cbf87":65,"81942d9b":65,"699b90c1":65,"d9b5a7a8":65,"1e7914d2":65,"e5d8fdb2":65,"3412ab75":65,"bcac5daf":65,"62d028cc":65,"0af2cf39":65,"27491297":65,"d041ea86":65,"1eda11b2":65,"fc442678":65,"18c73816":65,"e491161e":65,"b5087677":65,"16f60bed":65,"cb0c3481":65,"7664512c":65,"df9a53b8":65,"f6c27b2b":65,"945f6c24":65,"f1daea7e":65,"b8fb90e3":65,"56227e35":65,"0d6bf22a":65,"b87321d0":65,"43205b5d":65,"8982905a":65,"f6fe1ad7":65,"230064fa":65,"764e0abb":65,"bba6d88e":65,"ea3479ec":65,"32266fa3":65,"50b090c3":65,"1ee4d9f9":65,"0d6e45e7":65,"0da97151":65,"43480b19":65,"fd955858":65,"69798d15":65,"efea71fa":65,"fb3aa867":65,"c9cf710b":65,"fcacdeb3":65,"0ea055ed":65,"e3b1bdf8":65,"644b45fb":65,"e829038c":65,"4987cfb5":65,"ba90687c":65,"77f2cf92":65,"037e2be4":65,"9e7dbd20":65,"0c086273":65,"ac13c3b0":65,"b4d9c57f":65,"5d53c964":65,"8ee9cc91":65,"4cc0af91":65,"55f6a2ba":65,"9559ea96":65,"9cb044bf":65,"16b25add":65,"80ee333e":65,"3b329af2":65,"1cd662bf":65,"72992b35":65,"47589344":65,"593b1533":65,"e9f6e5ce":65,"ed6bead5":65,"96f594b9":65,"94dfcfc5":65,"8301986e":65,"830ecfec":65,"a8bae791":65,"312009ee":65,"c98759fd":65,"e8b6d676":65,"45ee5840":65,"76f04033":65,"590ce3d3":65,"1802d7ce":65,"0a49914b":65,"5d3f5cad":65,"cf347cba":65,"fc0c23f7":65,"641f9b9e":65,"c92edec5":65,"9f03c1e7":65,"06c24a8d":65,"2f35e75f":65,"3eddf7c8":65,"77970f8b":65,"efd594d5":65,"4718294d":65,"5352cf45":65,"e0ffe8ff":65,"ae14d6b5":65,"721f5f42":65,"0b50bca6":65,"bf2ca266":65,"5d8d9641":65,"0de67c6c":65,"2311399f":65,"5e3ebf5e":65,"9f6ca218":65,"6213799d":65,"3b3569f6":65,"b01ab62a":65,"76da16fa":65,"bffee581":65,"07150038":65,"080fa362":65,"7b6945ad":65,"a40d08e1":65,"cec79bc2":65,"d2eff358":65,"e70aebb5":65,"a488b2f1":65,"f1e86522":65,"4caa87d6":65,"8be24763":65,"eb4800b2":65,"6e0ce9dc":65,"87d9bec4":65,"e30dfa0c":65,"6da34174":65,"bfb849fa":65,"0a10b423":65,"9ef7cee7":65,"49f1a0d1":65,"5f04aa76":65,"ba297382":65,"0287db2a":65,"96abe4a9":65,"753b10b1":65,"cf14bd99":65,"782022f4":65,"322e833f":65,"ab3619e4":65,"106006ad":65,"c8237be9":65,"1416e8f5":65,"dde2eed5":65,"a208caa8":65,"16605353":65,"77b39e15":65,"f1726edb":65,"92b72493":65,"d3e58903":65,"4481c4be":65,"f7076e21":65,"fa03f48f":65,"5298dafa":65,"69e653b6":65,"25f7f918":65,"98d2991b":65,"3b411d6a":65,"c5311ebb":65,"83826ef3":65,"105bb3f6":65,"58de5462":65,"595609d5":65,"b47f1b89":65,"f01c896d":65,"1f2670d0":65,"8e6caf71":65,"9a3433b8":65,"962c9c8f":65,"5b09e53e":65,"da5bb0f7":65,"6d925c84":65,"50b23ab2":65,"edfa56d4":65,"899c16eb":65,"41c76041":65,"6bb1fa99":65,"d73ff72e":65,"61c0ca91":65,"d2fda7be":65,"ce20ca3c":65,"1d2d958b":65,"81fb6a01":65,"7f5b27c8":65,"fb3444d9":65,"f05de640":65,"86a68967":65,"56cd4dca":65,"7f469f4c":65,"f92dedfc":65,"355d1489":65,"f96fc1af":65,"06713bac":65,"61aca924":65,"d97fb857":65,"aec0bf28":65,"b89112cb":65,"a017a323":65,"66736d5e":65,"30de89a7":65,"8801c469":65,"06aaa33f":65,"b6281f1a":65,"48c6df81":65,"320c65bf":65,"5e165f43":65,"1fa1e7c2":65,"646af2b9":65,"f8785b71":65,"ab4a411a":65,"659389ad":65,"d7a4b24c":65,"240c8679":65,"686d5c0b":65,"0718c3be":65,"f15eb1c5":65,"8b503f7b":65
1601327022650,"7954891b":65,"4afd60a9":65,"d44c0ea3":65,"68f87858":65,"533bac6b":65,"41634dba":65,"43fd1327":65,"113e7f4b":65,"8cce569a":65,"ce6401b6":65,"6f57824c":65,"28bd7aa1":65,"1d52fb0d":65,"cde0d748":65,"535ed444":65,"710f0d0e":65,"0905f1fb":65,"a20e529c":65,"1ae76fcc":65,"35b161d3":65,"344cd1a3":65,"77ea1236":65,"96d2a118":65,"23a0e41f":65,"b32a1080":65,"a2c4b591":65,"6dfa57be":65,"1854ce44":65,"f92b22f1":65,"ece12664":65,"36f4ecde":65,"568a0d58":65,"5fd569d2":65,"10c8fd03":65,"bd4ccb49":65,"e773d697":65,"7e8c11e7":65,"077eb15a":65,"5337c279":65,"8d256cb6":65,"7021c619":65,"32ae00db":65,"bf2defb2":65,"bc733a28":65,"30d32d34":65,"886c16d3":65,"e8d09b62":65,"44cb1fd2":65,"baf19c25":65,"24a79a6e":65,"edde30af":65,"4d949e11":65,"df12f689":65,"1da10cbf":65,"832c48e4":65,"dc90a44c":65,"1ad7c45b":65,"5566c17c":65,"86a22252":65,"0000dece":65,"ce5efdbe":65,"58ace2b5":65,"d379fd96":65,"7b819458":65,"7f8024cd":65,"ae562513":65,"7b66dacd":65,"9ab137d7":65,"7191d1cd":65,"005354dd":65,"59ff5ec6":65,"ef04e64e":65,"6e2d04de":65,"2fca1798":65,"05028839":65,"5488826c":65,"84fff5c1":65,"c649992d":65,"d5ad3ed6":65,"8e5f7187":65,"55ba7579":65,"b7769ca6":65,"9c27de51":65,"38a75b48":65,"1792bfa3":65,"426f1904":65,"7c0f1ca9":65,"b2f820ac":65,"25d4f65d":65,"eddb6a2a":65,"ff8a00aa":65,"c146560b":65,"985068e7":65,"d543ba6f":65,"272e7d0d":65,"f92596ee":65,"68831ea9":65,"9713d076":65,"fd098272":65,"6ee788a7":65,"8249641d":65,"45b0968f":65,"6a9bb182":65,"1f1afd4f":65,"25fb8826":65,"0dc5da58":65,"2874a625":65,"e61ae828":65,"f7ac3883":65,"ccd01528":65,"dab8cf68":65,"00f2a9cb":65,"916fe082":65,"b64dba8e":65,"c3bb30ce":65,"86219c70":65,"601990d8":65,"5c662c19":65,"d2a5d2fd":65,"89d220c2":65,"3e10c9cb":65,"5500a3e8":65,"3c0e87ac":65,"a891461f":65,"a246cdab":65,"117c7f0b":65,"0d21cf99":65,"14e6fe14":65,"37ec5e73":65,"9666b973":65,"653b27c7":65,"83b37fd6":65,"4d852788":65,"e43a9448":65,"3542b748":65,"379c53ab":65,"e396d80d":65,"7da61f27":65,"dc874a97":65,"85a220de":65,"40a7cdd2":65,"ac033c7b":65,"87759976":65,"4df3f62e":65,"c881a53e":65,"80c1c8b1":65,"cf52acd8":65,"bfff7913":65,"f8636899":65,"37724339":65,"d45d9727":65,"ee5ff2a3":65,"44322dfd":65,"295e4d1d":65,"8cf6570a":65,"403064a0":65,"312af46e":65,"b5a9f8c3":65,"fcbc0ae8":65,"2ff6b6a8":65,"66a71cc1":65,"bf4b58e4":65,"f7ffcbb8":65,"5728f934":65,"00b26865":65,"c333337d":65,"815c56bc":65,"5bd61a68":65,"8582c5cf":65,"0c353665":65,"231e8700":65,"1f9fbd85":65,"43f24679":65,"a1c0dfc4":65,"78f71162":65,"4b27a9a4":65,"163f4d19":65,"1d043d5a":65,"b2f82e06":65,"5b0b43e6":65,"b5474d69":65,"5a938eeb":65,"4fe0dedf":65,"951fc6d0":65,"61892a4c":65,"f096219e":65,"a3f0a6ec":65,"01051f84":65,"aa7e370d":65,"f995eeab":65,"a63cb4ce":65,"d3b3492b":65,"7580cfa4":65,"22a96386":65,"5c672b50":65,"5df16440":65,"b666e56d":65,"8db378ff":65,"784d6375":65,"4541bf85":65,"a6b13f20":65,"2459c882":65,"3df97186":65,"ef0490de":65,"e0f47ced":65,"309bbf54":65,"cc537772":65,"6618390c":65,"99cc0813":65,"dc32c4e1":65,"239c636e":65,"6ee160ff":65,"c55d40ca":65,"22c177a8":65,"00ae883f":65,"f416ee62":65,"0d2b182d":65,"320754c3":65,"232b2f64":65,"3171b6e7":65,"3b25460f":65,"d2064756":65,"a8edfe84":65,"2ed19b1e":65,"959e16ea":65,"02f76c64":65,"4006e709":65,"0dedf63e":65,"a9d5374b":65,"4321f02d":65,"089b3f8f":65,"7698d0dc":65,"784414ce":65,"2df3efdb":65,"d0f1b7bd":65,"e7799883":65,"4f9456cf":65,"6e260ee8":65,"f4f84279":65,"b0950de5":65,"6f873999":65,"1f4e0e22":65,"60d69311":65,"3b09f1de":65,"b371f44a":65,"8b6180ff":65,"8819ac24":65,"dbbf7f69":65,"dfe4a061":65,"c2bf7d51":65,"e82177d3":65,"89914b94":65,"04bdf5e1":65,"da8b42be":65,"3b0576bf":65,"9458934f":65,"1dcc489c":65,"945badf3":65,"1327775b":65,"bdd40125":65,"75fd47f7":65,"1c52a07e":65,"e70ccc25":65,"afd1494f":65,"ca6bffd3":65,"829c44a4":65,"e76e2617":65,"2b4fd52e":65,"57162572":65,"d1d50cfe":65,"5c6d1f33":65,"b4801cae":65,"c3c2fd05":65,"f8c97147":65,"c2526ff3":65,"cc386067":65,"a22ffd8f":65,"3cd28a4d":65,"44a12c31":65,"45a961ca":65,"5ca978fd":65,"668e601b":65,"7552d86c":65,"02ebf3b6":65,"bb17a968":65,"4abcb85d":65,"cba26072":65,"2a718dcc":65,"c6a9a8e1":65,"88854fd0":65,"8dc27d2a":65,"41d7f05d":65,"2b851827":65,"9f428a03":65,"4d504d96":65,"0533ece1":65,"bcee2ef3":65,"0afba00c":65,"04ff8100":65,"6c00d8d6":65,"ac9a02bc":65,"acfe69ed":65,"426603ff":65,"2db2f252":65,"2e84193b":65,"c55683c9":65,"08c4692e":65,"79995b62":65,"5b2479ef":65,"97160db8":65,"1d882c36":65,"589f0d6e":65,"eb62e8f2":65,"51b4016a":65,"46bf9112":65,"5a7da061":65,"092ad3d6":65,"06a94514":65,"bf940089":65,"73c420df":65,"01f34f98":65,"0700da70":65,"1670b0d3":65,"ff591765":65,"ec97d63e":65,"93f12198":65,"94208a41":65,"62e270e5":65,"2cbcad17":65,"66b1b6d7":65,"4dccb5ca":65,"b062adc4":65,"4aae5133":65,"83268abf":65,"578c4c95":65,"63a3af32":65,"3fec4b0b":65,"c606b472":65,"faa3de3e":65,"44983d13":65,"80999122":65,"72af9198":65,"e39e9552":65,"81c1b70d":65,"e72f0f82":65,"88374b72":65,"fdfaf1ed":65,"ea981bed":65,"5e197575":65,"e587c4d0":65,"525b2635":65,"caa38a45":65,"a9987a58":65,"b6b8e5c7":65,"87a8523c":65,"71789493":65,"5ac72353":65,"c416baa6":65,"ae350a07":65,"d1b14d06":65,"680a32a6":65,"f6c074a7":65,"83ba647d":65,"ffd6849d":65,"962fca02":65,"cb0bd6b7":65,"8e426e39":65,"75968179":65,"bc8bdc23":65,"51909df8":65,"e22b0973":65,"a71f3f70":65,"1f7aa83c":65,"23646ff9":65,"3abb827b":65,"732d62ee":65,"d4b0751c":65,"0c73c293":65,"808bc372":65,"88929b06":65,"5b01444b":65,"c792a7c1":65,"781afef6":65,"de9229a0":65,"99a5feef":65,"f6266388":65,"e64fd39c":65,"e1b3ce36":65,"625fa164":65,"0c6ae551":65,"e8f4c1dd":65,"cede8b8c":65,"ad95ff4a":65,"893a99c5":65,"d8bf32b5":65,"0eb42efe":65,"03c4ab87":65,"4e3d3af7":65,"3a4803a8":65,"f7a7de5d":65,"d4e56c3e":65,"0c045c2d":65,"8efd4801":65,"7eb8f268":65,"20236d3e":65,"36ae8cd8":65,"3ddd5391":65,"07f69c6d":65,"2254f0f5":65,"ea282e84":65,"6653c83b":65,"c896052c":65,"287ecd1c":65,"f9376d3e":65,"07a94e8c":65,"bb017b49":65,"37b52fe4":65,"61ad1519":65,"819c4185":65,"51233daf":65,"02791635":65,"be081247":65,"5cc47d1b":65,"678b846f":65,"b4bd39d8":65,"b4cdbe5d":65,"fa0386f3":65,"b95d0f17":65,"cee9c347":65,"ba69b06b":65,"7d2a2cb4":65,"4f62491c":65,"70b4c438":65,"71ed93db":65,"c92efaa8":65,"c241ac7e":65,"62a45672":65,"210e507a":65,"ac6e268b":65,"742238e8":65
1601327024217,"7800e7ce":66,"77869ff0":66,"4b8f7b16":66,"89f75690":66,"cb363e2f":66,"cd802f02":66,"d3cca7eb":66,"e866a899":66
1601327025030,"d5d94481":66,"5690e712":66,"0b92d2a9":66,"070bed95":66,"67e5d108":66,"3d37b94b":66,"842c97c2":66,"c4cef92b":66,"0eecdc5b":66,"b7e495ea":66,"45ec63c0":66,"0ddfde2c":66,"a8b41774":66,"81f0da2d":66,"1fcc8ba4":66,"75a9c117":66,"12ba54ec":66,"be391c1a":66,"37d8a5b7":66,"d5ab81c4":66,"2ecde685":66,"f0bd52d3":66,"dcc20f76":66,"666a8ef0":66,"c5b609f1":66,"4dc5849a":66,"d605c755":66,"8a8c1d67":66,"cc6b3306":66,"8c2dfd9a":66,"f11267b9":66,"a483b15e":66,"f80ab49d":66,"95eaed39":66,"a5ba0ebb":66,"f53362a9":66,"1901ef7e":66,"960c2e6b":66,"3515e999":66,"d11f8f1b":66,"18c73816":66,"e491161e":66,"b5087677":66,"16f60bed":66,"cb0c3481":66,"7664512c":66,"df9a53b8":66,"f6c27b2b":66,"945f6c24":66,"f1daea7e":66,"b8fb90e3":66,"56227e35":66,"0d6bf22a":66,"b87321d0":66,"43205b5d":66,"8982905a":66,"f6fe1ad7":66,"9d9eb027":66,"325f9a29":66,"503aafe5":66,"080d5d42":66,"5d03f5dc":66,"f0a01341":66,"1ee4d9f9":66,"0d6e45e7":66,"0da97151":66,"e829038c":66,"4987cfb5":66,"ba90687c":66,"77f2cf92":66,"037e2be4":66,"9e7dbd20":66,"0c086273":66,"ac13c3b0":66,"230064fa":66,"764e0abb":66,"bba6d88e":66,"ea3479ec":66,"32266fa3":66,"50b090c3":66,"8be24763":66,"eb4800b2":66,"6e0ce9dc":66,"87d9bec4":66,"e30dfa0c":66,"6da34174":66,"ffe48500":66,"c7a45a33":66,"faffe099":66,"e99490cd":66,"3b830769":66,"583f0305":66,"1557c50a":66,"249e80ab":66,"f52a3d94":66,"eb74d3dd":66,"3bcbc28d":66,"3c0455e7":66,"df203c79":66,"df1e1ac0":66,"491708eb":66,"e421caaa":66,"2d2ecf27":66,"d38a4953":66,"eba5efdd":66,"a5463f93":66,"c85ac4f8":66,"bc253f4f":66,"0d9d2bf8":66,"846b7f11":66,"d3411467":66,"1df0ce7f":66,"a08171d0":66,"c8bc5677":66,"dfca0518":66,"b9a21017":66,"e47705d3":66,"3cae4115":66,"0ccf4731":66,"c7c6782d":66,"54346574":66,"b12cbf87":66,"81942d9b":66,"699b90c1":66,"bfb849fa":66,"0a10b423":66,"9ef7cee7":66,"49f1a0d1":66,"5f04aa76":66,"ba297382":66,"0287db2a":66,"96abe4a9":66,"753b10b1":66,"cf14bd99":66,"782022f4":66,"322e833f":66,"ab3619e4":66,"106006ad":66,"c8237be9":66,"1416e8f5":66,"92b72493":66,"d3e58903":66,"dde2eed5":66,"4481c4be":66,"a208caa8":66,"16605353":66,"7954891b":66,"4afd60a9":66,"77b39e15":66,"d44c0ea3":66,"f1726edb":66,"68f87858":66,"533bac6b":66,"b4d9c57f":66,"5d53c964":66,"8ee9cc91":66,"4cc0af91":66,"55f6a2ba":66,"9559ea96":66,"9cb044bf":66,"16b25add":66,"80ee333e":66,"3b329af2":66,"1cd662bf":66,"72992b35":66,"47589344":66,"593b1533":66,"e9f6e5ce":66,"ed6bead5":66,"96f594b9":66,"94dfcfc5":66,"8301986e":66,"830ecfec":66,"a8bae791":66,"312009ee":66,"c98759fd":66,"e8b6d676":66,"45ee5840":66,"76f04033":66,"43480b19":66,"fd955858":66,"69798d15":66,"efea71fa":66,"fb3aa867":66,"c9cf710b":66,"fcacdeb3":66,"0ea055ed":66,"e3b1bdf8":66,"644b45fb":66,"41634dba":66,"43fd1327":66,"113e7f4b":66,"8cce569a":66,"ce6401b6":66,"d9b5a7a8":66,"1e7914d2":66,"e5d8fdb2":66,"3412ab75":66,"bcac5daf":66,"62d028cc":66,"0af2cf39":66,"27491297":66,"d041ea86":66,"1eda11b2":66,"fc442678":66,"6f57824c":66,"28bd7aa1":66,"1d52fb0d":66,"cde0d748":66,"535ed444":66,"710f0d0e":66,"0905f1fb":66,"a20e529c":66,"1ae76fcc":66,"35b161d3":66,"344cd1a3":66,"77ea1236":66,"96d2a118":66,"23a0e41f":66,"b32a1080":66,"a2c4b591":66,"6dfa57be":66,"1854ce44":66,"f92b22f1":66,"ece12664":66,"36f4ecde":66,"568a0d58":66,"5fd569d2":66,"10c8fd03":66,"bd4ccb49":66,"e773d697":66,"7e8c11e7":66,"077eb15a":66,"5337c279":66,"8d256cb6":66,"7021c619":66,"32ae00db":66,"bf2defb2":66,"bc733a28":66,"30d32d34":66,"886c16d3":66,"e8d09b62":66
1601327025444,"590ce3d3":66,"1802d7ce":66,"0a49914b":66,"5d3f5cad":66,"cf347cba":66,"fc0c23f7":66,"641f9b9e":66,"c92edec5":66,"9f03c1e7":66,"06c24a8d":66,"2f35e75f":66,"3eddf7c8":66,"77970f8b":66,"efd594d5":66,"4718294d":66,"5352cf45":66,"e0ffe8ff":66,"ae14d6b5":66,"721f5f42":66,"0b50bca6":66,"bf2ca266":66,"5d8d9641":66,"0de67c6c":66,"2311399f":66,"5e3ebf5e":66,"9f6ca218":66,"6213799d":66,"3b3569f6":66,"b01ab62a":66,"76da16fa":66,"bffee581":66,"07150038":66,"080fa362":66,"7b6945ad":66,"a40d08e1":66,"cec79bc2":66,"d2eff358":66,"e70aebb5":66,"a488b2f1":66,"4caa87d6":66,"f1e86522":66,"f7076e21":66,"fa03f48f":66,"5298dafa":66,"69e653b6":66,"25f7f918":66,"98d2991b":66,"c5311ebb":66,"3b411d6a":66,"83826ef3":66,"105bb3f6":66,"5b09e53e":66,"da5bb0f7":66,"6d925c84":66,"50b23ab2":66,"edfa56d4":66,"899c16eb":66,"41c76041":66,"6bb1fa99":66,"d73ff72e":66,"61c0ca91":66,"d2fda7be":66,"ce20ca3c":66,"1d2d958b":66,"81fb6a01":66,"7f5b27c8":66,"fb3444d9":66,"f05de640":66,"86a68967":66,"56cd4dca":66,"7f469f4c":66,"f92dedfc":66,"355d1489":66,"f96fc1af":66,"06713bac":66,"61aca924":66,"d97fb857":66,"59ff5ec6":66,"ef04e64e":66,"6e2d04de":66,"2fca1798":66,"44cb1fd2":66,"baf19c25":66,"24a79a6e":66,"edde30af":66,"4d949e11":66,"df12f689":66,"1da10cbf":66,"832c48e4":66,"dc90a44c":66,"1ad7c45b":66,"5566c17c":66,"86a22252":66,"0000dece":66,"ce5efdbe":66,"58ace2b5":66,"d379fd96":66,"7b819458":66,"7f8024cd":66,"ae562513":66,"7b66dacd":66,"9ab137d7":66,"7191d1cd":66,"005354dd":66,"05028839":66,"5488826c":66,"84fff5c1":66,"c649992d":66,"d5ad3ed6":66,"8e5f7187":66,"55ba7579":66,"b7769ca6":66,"9c27de51":66,"38a75b48":66,"1792bfa3":66,"426f1904":66,"7c0f1ca9":66,"b2f820ac":66,"25d4f65d":66,"eddb6a2a":66,"ff8a00aa":66,"c146560b":66,"985068e7":66,"d543ba6f":66,"272e7d0d":66,"f92596ee":66,"68831ea9":66,"9713d076":66,"fd098272":66,"6ee788a7":66,"8249641d":66,"45b0968f":66,"6a9bb182":66,"1f1afd4f":66,"25fb8826":66,"0dc5da58":66,"2874a625":66,"58de5462":66,"595609d5":66,"f01c896d":66,"b47f1b89":66,"1f2670d0":66,"962c9c8f":66,"8e6caf71":66,"aec0bf28":66,"9a3433b8":66,"b89112cb":66,"a017a323":66,"8801c469":66,"66736d5e":66,"30de89a7":66,"b6281f1a":66,"48c6df81":66,"06aaa33f":66,"5e165f43":66,"320c65bf":66,"1fa1e7c2":66,"f8785b71":66,"ab4a411a":66,"646af2b9":66,"659389ad":66,"d7a4b24c":66,"240c8679":66,"686d5c0b":66,"f15eb1c5":66,"0718c3be":66,"71789493":66,"8b503f7b":66,"87a8523c":66,"5ac72353":66,"c416baa6":66,"d1b14d06":66,"f6c074a7":66,"ae350a07":66,"680a32a6":66,"ffd6849d":66,"962fca02":66,"83ba647d":66,"cb0bd6b7":66,"75968179":66,"8e426e39":66,"bc8bdc23":66,"51909df8":66,"a71f3f70":66,"1f7aa83c":66,"e22b0973":66,"23646ff9":66,"732d62ee":66,"d4b0751c":66,"3abb827b":66,"0c73c293":66,"808bc372":66,"5b01444b":66,"c792a7c1":66,"88929b06":66,"79995b62":66,"e61ae828":66,"f7ac3883":66,"ccd01528":66,"dab8cf68":66,"00f2a9cb":66,"916fe082":66,"b64dba8e":66,"c3bb30ce":66,"86219c70":66,"601990d8":66,"5c662c19":66,"d2a5d2fd":66,"89d220c2":66,"3e10c9cb":66,"5500a3e8":66,"3c0e87ac":66,"a891461f":66,"a246cdab":66,"117c7f0b":66,"0d21cf99":66,"14e6fe14":66,"37ec5e73":66,"bfff7913":66,"f8636899":66,"37724339":66,"d45d9727":66,"ee5ff2a3":66,"08c4692e":66,"5a7da061":66,"97160db8":66,"06a94514":66,"589f0d6e":66,"5b2479ef":66,"51b4016a":66,"73c420df":66,"1d882c36":66,"46bf9112":66,"eb62e8f2":66,"0700da70":66,"092ad3d6":66,"ff591765":66,"bf940089":66,"93f12198":66,"01f34f98":66,"62e270e5":66,"1670b0d3":66,"66b1b6d7":66,"ec97d63e":66,"b062adc4":66,"4aae5133":66,"94208a41":66,"63a3af32":66,"2cbcad17":66,"4dccb5ca":66,"3fec4b0b":66,"faa3de3e":66,"83268abf":66,"578c4c95":66,"44983d13":66,"80999122":66,"c606b472":66,"72af9198":66,"e39e9552":66,"81c1b70d":66,"e72f0f82":66,"88374b72":66,"fdfaf1ed":66,"ea981bed":66,"5e197575":66,"e587c4d0":66,"525b2635":66,"caa38a45":66,"a9987a58":66,"b6b8e5c7":66,"e82177d3":66,"89914b94":66,"04bdf5e1":66,"da8b42be":66,"3b0576bf":66,"44322dfd":66,"9666b973":66,"653b27c7":66,"83b37fd6":66,"4d852788":66,"e43a9448":66,"3542b748":66,"379c53ab":66,"e396d80d":66,"7da61f27":66,"dc874a97":66,"85a220de":66,"40a7cdd2":66,"ac033c7b":66,"87759976":66,"4df3f62e":66,"c881a53e":66,"80c1c8b1":66,"cf52acd8":66,"295e4d1d":66,"8cf6570a":66,"403064a0":66,"312af46e":66,"b5a9f8c3":66,"fcbc0ae8":66,"2ff6b6a8":66,"66a71cc1":66,"bf4b58e4":66,"9458934f":66,"1dcc489c":66,"945badf3":66,"1327775b":66,"bdd40125":66,"75fd47f7":66,"1c52a07e":66,"e70ccc25":66,"afd1494f":66,"ca6bffd3":66,"829c44a4":66,"e76e2617":66,"2b4fd52e":66,"57162572":66,"d1d50cfe":66,"a63cb4ce":66,"d3b3492b":66,"7580cfa4":66,"22a96386":66,"5c672b50":66,"5df16440":66,"b666e56d":66,"8db378ff":66,"784d6375":66,"4541bf85":66,"a6b13f20":66,"2459c882":66,"3df97186":66,"ef0490de":66,"e0f47ced":66,"309bbf54":66,"cc537772":66,"6618390c":66,"99cc0813":66,"dc32c4e1":66,"239c636e":66,"6ee160ff":66,"c55d40ca":66,"22c177a8":66,"00ae883f":66,"f416ee62":66,"0d2b182d":66,"320754c3":66,"232b2f64":66,"3171b6e7":66,"3b25460f":66,"d2064756":66,"f7ffcbb8":66,"5728f934":66,"00b26865":66,"c333337d":66,"815c56bc":66,"5bd61a68":66,"8582c5cf":66,"0c353665":66,"231e8700":66,"1f9fbd85":66,"43f24679":66,"a1c0dfc4":66,"78f71162":66,"4b27a9a4":66,"163f4d19":66,"1d043d5a":66,"b2f82e06":66,"5b0b43e6":66,"b5474d69":66,"5a938eeb":66,"4fe0dedf":66,"951fc6d0":66,"61892a4c":66,"f096219e":66,"a3f0a6ec":66,"01051f84":66,"aa7e370d":66,"f995eeab":66,"4006e709":66,"0dedf63e":66,"a9d5374b":66,"4321f02d":66,"089b3f8f":66,"a8edfe84":66,"2ed19b1e":66,"7698d0dc":66,"784414ce":66,"2df3efdb":66,"d0f1b7bd":66,"e7799883":66,"4f9456cf":66,"6e260ee8":66,"f4f84279":66,"b0950de5":66,"6f873999":66,"1f4e0e22":66,"959e16ea":66,"02f76c64":66,"5c6d1f33":66,"b4801cae":66,"c3c2fd05":66,"f8c97147":66,"c2526ff3":66,"cc386067":66,"a22ffd8f":66,"3cd28a4d":66,"44a12c31":66,"45a961ca":66,"5ca978fd":66,"668e601b":66,"7552d86c":66,"02ebf3b6":66,"bb17a968":66,"4abcb85d":66,"cba26072":66,"2a718dcc":66,"c6a9a8e1":66,"88854fd0":66,"8dc27d2a":66,"41d7f05d":66,"2b851827":66,"9f428a03":66,"60d69311":66,"3b09f1de":66,"b371f44a":66,"dfe4a061":66,"c2bf7d51":66,"8b6180ff":66,"8819ac24":66,"781afef6":66,"de9229a0":66,"dbbf7f69":66,"99a5feef":66,"f6266388":66,"e64fd39c":66,"e1b3ce36":66,"625fa164":66,"0c6ae551":66,"e8f4c1dd":66,"cede8b8c":66,"ad95ff4a":66,"893a99c5":66,"d8bf32b5":66,"0eb42efe":66,"03c4ab87":66,"4e3d3af7":66,"3a4803a8":66,"f7a7de5d":66,"d4e56c3e":66,"0c045c2d":66,"8efd4801":66,"7eb8f268":66,"20236d3e":66,"36ae8cd8":66,"3ddd5391":66,"07f69c6d":66,"4d504d96":66,"0533ece1":66,"bcee2ef3":66,"0afba00c":66,"04ff8100":66,"6c00d8d6":66,"ac9a02bc":66,"acfe69ed":66,"426603ff":66,"2db2f252":66,"2e84193b":66,"c55683c9":66,"51233daf":66,"02791635":66,"be081247":66,"5cc47d1b":66,"678b846f":66,"b4bd39d8":66,"b4cdbe5d":66,"fa0386f3":66,"b95d0f17":66,"cee9c347":66,"2254f0f5":66,"ea282e84":66,"6653c83b":66,"c896052c":66,"287ecd1c":66,"f9376d3e":66,"07a94e8c":66,"bb017b49":66,"37b52fe4":66,"61ad1519":66,"819c4185":66,"ba69b06b":66,"7d2a2cb4":66,"4f62491c":66,"70b4c438":66,"71ed93db":66,"c92efaa8":66,"c241ac7e":66,"62a45672":66,"210e507a":66,"ac6e268b":66,"742238e8":66
1601327027047,"7800e7ce":67,"77869ff0":67,"4b8f7b16":67,"89f75690":67,"cb363e2f":67,"cd802f02":67,"d3cca7eb":67,"e866a899":67,"5690e712":67,"0b92d2a9":67,"070bed95":67,"67e5d108":67,"3d37b94b":67,"842c97c2":67,"c4cef92b":67,"0eecdc5b":67,"b7e495ea":67,"45ec63c0":67,"0ddfde2c":67,"a8b41774":67,"81f0da2d":67,"1fcc8ba4":67,"75a9c117":67,"12ba54ec":67,"be391c1a":67,"37d8a5b7":67,"d5d94481":67,"ffe48500":67,"c7a45a33":67,"faffe099":67,"e99490cd":67,"3b830769":67,"583f0305":67,"1557c50a":67,"249e80ab":67,"f52a3d94":67,"eb74d3dd":67,"3bcbc28d":67,"18c73816":67,"e491161e":67,"b5087677":67,"16f60bed":67,"cb0c3481":67,"7664512c":67,"d5ab81c4":67,"2ecde685":67,"f0bd52d3":67,"dcc20f76":67,"666a8ef0":67,"c5b609f1":67,"4dc5849a":67,"d605c755":67,"8a8c1d67":67,"cc6b3306":67,"8c2dfd9a":67,"f11267b9":67,"a483b15e":67,"f80ab49d":67,"95eaed39":67,"a5ba0ebb":67,"f53362a9":67,"1901ef7e":67,"960c2e6b":67,"3515e999":67,"d11f8f1b":67,"9d9eb027":67,"325f9a29":67,"503aafe5":67,"df9a53b8":67,"f6c27b2b":67,"945f6c24":67,"f1daea7e":67,"b8fb90e3":67
1601327027276,"3c0455e7":67,"df203c79":67,"df1e1ac0":67,"491708eb":67,"e421caaa":67,"2d2ecf27":67,"d38a4953":67,"eba5efdd":67,"a5463f93":67,"c85ac4f8":67,"bc253f4f":67,"0d9d2bf8":67,"846b7f11":67,"d3411467":67,"1df0ce7f":67,"a08171d0":67,"c8bc5677":67,"dfca0518":67,"b9a21017":67,"e47705d3":67,"3cae4115":67,"0ccf4731":67,"c7c6782d":67,"54346574":67,"b12cbf87":67,"81942d9b":67,"699b90c1":67,"d9b5a7a8":67,"1e7914d2":67,"e5d8fdb2":67,"3412ab75":67,"bcac5daf":67,"62d028cc":67,"0af2cf39":67,"27491297":67,"d041ea86":67,"1eda11b2":67,"fc442678":67,"080d5d42":67,"5d03f5dc":67,"f0a01341":67,"1ee4d9f9":67,"0d6e45e7":67,"0da97151":67,"e829038c":67,"4987cfb5":67,"ba90687c":67,"77f2cf92":67,"037e2be4":67,"9e7dbd20":67,"0c086273":67,"ac13c3b0":67,"b4d9c57f":67,"5d53c964":67,"8ee9cc91":67,"4cc0af91":67,"55f6a2ba":67,"9559ea96":67,"9cb044bf":67,"16b25add":67,"80ee333e":67,"3b329af2":67,"1cd662bf":67,"72992b35":67,"47589344":67,"593b1533":67,"e9f6e5ce":67,"ed6bead5":67,"96f594b9":67,"94dfcfc5":67,"8301986e":67,"830ecfec":67,"a8bae791":67,"312009ee":67,"c98759fd":67,"e8b6d676":67,"45ee5840":67,"76f04033":67,"43480b19":67,"fd955858":67,"69798d15":67,"efea71fa":67,"fb3aa867":67,"c9cf710b":67,"fcacdeb3":67,"0ea055ed":67,"e3b1bdf8":67,"644b45fb":67,"5b09e53e":67,"da5bb0f7":67,"6d925c84":67,"50b23ab2":67,"edfa56d4":67,"899c16eb":67,"41c76041":67,"6bb1fa99":67,"d73ff72e":67,"61c0ca91":67,"d2fda7be":67,"ce20ca3c":67,"1d2d958b":67,"81fb6a01":67,"7f5b27c8":67,"fb3444d9":67,"f05de640":67,"86a68967":67,"56cd4dca":67,"7f469f4c":67,"f92dedfc":67,"355d1489":67,"f96fc1af":67,"06713bac":67,"61aca924":67,"d97fb857":67,"59ff5ec6":67,"ef04e64e":67,"6e2d04de":67,"2fca1798":67,"05028839":67,"5488826c":67,"84fff5c1":67,"c649992d":67,"d5ad3ed6":67,"8e5f7187":67,"55ba7579":67,"b7769ca6":67,"9c27de51":67,"56227e35":67,"0d6bf22a":67,"b87321d0":67,"43205b5d":67,"8982905a":67,"f6fe1ad7":67,"230064fa":67,"764e0abb":67,"bba6d88e":67,"ea3479ec":67,"32266fa3":67,"50b090c3":67,"8be24763":67,"eb4800b2":67,"6e0ce9dc":67,"87d9bec4":67,"e30dfa0c":67,"6da34174":67,"bfb849fa":67,"0a10b423":67,"9ef7cee7":67,"49f1a0d1":67,"5f04aa76":67,"ba297382":67,"0287db2a":67,"96abe4a9":67,"753b10b1":67,"cf14bd99":67,"782022f4":67,"3b3569f6":67,"b01ab62a":67,"76da16fa":67,"bffee581":67,"07150038":67,"080fa362":67,"7b6945ad":67,"a40d08e1":67,"cec79bc2":67,"d2eff358":67,"e70aebb5":67,"a488b2f1":67,"4caa87d6":67,"f7076e21":67,"f1e86522":67,"69e653b6":67,"fa03f48f":67,"98d2991b":67,"5298dafa":67,"3b411d6a":67,"25f7f918":67,"83826ef3":67,"c5311ebb":67,"105bb3f6":67,"595609d5":67,"b47f1b89":67,"58de5462":67,"f01c896d":67,"8e6caf71":67,"1f2670d0":67,"9a3433b8":67,"962c9c8f":67,"b89112cb":67,"aec0bf28":67,"66736d5e":67,"a017a323":67,"30de89a7":67,"06aaa33f":67,"8801c469":67,"b6281f1a":67,"320c65bf":67,"48c6df81":67,"1fa1e7c2":67,"646af2b9":67,"5e165f43":67,"659389ad":67,"38a75b48":67,"1792bfa3":67,"426f1904":67,"7c0f1ca9":67,"b2f820ac":67,"25d4f65d":67,"590ce3d3":67,"1802d7ce":67,"0a49914b":67,"5d3f5cad":67,"cf347cba":67,"fc0c23f7":67,"641f9b9e":67,"c92edec5":67,"9f03c1e7":67,"06c24a8d":67,"2f35e75f":67,"3eddf7c8":67,"77970f8b":67,"efd594d5":67,"4718294d":67,"5352cf45":67,"e0ffe8ff":67,"ae14d6b5":67,"721f5f42":67,"0b50bca6":67,"bf2ca266":67,"5d8d9641":67,"0de67c6c":67,"2311399f":67,"5e3ebf5e":67,"9f6ca218":67,"6213799d":67,"44cb1fd2":67,"baf19c25":67,"24a79a6e":67,"edde30af":67,"4d949e11":67,"df12f689":67,"1da10cbf":67,"832c48e4":67,"dc90a44c":67,"1ad7c45b":67,"eddb6a2a":67,"ff8a00aa":67,"c146560b":67,"985068e7":67,"d543ba6f":67,"322e833f":67,"ab3619e4":67,"106006ad":67,"c8237be9":67,"1416e8f5":67,"dde2eed5":67,"a208caa8":67,"16605353":67,"77b39e15":67,"f1726edb":67,"92b72493":67,"d3e58903":67,"4481c4be":67,"7954891b":67,"4afd60a9":67,"d44c0ea3":67,"68f87858":67,"533bac6b":67,"41634dba":67,"43fd1327":67,"113e7f4b":67,"8cce569a":67,"ce6401b6":67,"6f57824c":67,"28bd7aa1":67,"1d52fb0d":67,"cde0d748":67,"535ed444":67,"710f0d0e":67,"0905f1fb":67,"5566c17c":67,"86a22252":67,"0000dece":67,"ce5efdbe":67,"58ace2b5":67,"d379fd96":67,"7b819458":67,"7f8024cd":67,"ae562513":67,"7b66dacd":67,"9ab137d7":67,"7191d1cd":67,"005354dd":67,"a20e529c":67,"1ae76fcc":67,"35b161d3":67,"344cd1a3":67,"77ea1236":67,"96d2a118":67,"23a0e41f":67,"b32a1080":67,"a2c4b591":67,"6dfa57be":67,"1854ce44":67,"f92b22f1":67,"ece12664":67,"36f4ecde":67,"568a0d58":67,"5fd569d2":67,"10c8fd03":67,"bd4ccb49":67,"e773d697":67,"7e8c11e7":67,"077eb15a":67,"5337c279":67,"8d256cb6":67,"7021c619":67,"32ae00db":67,"bf2defb2":67,"bc733a28":67,"30d32d34":67,"886c16d3":67,"e8d09b62":67,"f8785b71":67,"240c8679":67,"0718c3be":67,"ab4a411a":67,"d7a4b24c":67,"8b503f7b":67,"87a8523c":67,"686d5c0b":67,"c416baa6":67,"ae350a07":67,"f15eb1c5":67,"680a32a6":67,"71789493":67,"83ba647d":67,"5ac72353":67,"cb0bd6b7":67,"d1b14d06":67,"8e426e39":67,"f6c074a7":67,"51909df8":67,"ffd6849d":67,"e22b0973":67,"23646ff9":67,"962fca02":67,"3abb827b":67,"75968179":67,"bc8bdc23":67,"0c73c293":67,"a71f3f70":67,"88929b06":67,"1f7aa83c":67,"08c4692e":67,"5b2479ef":67,"732d62ee":67,"808bc372":67,"1d882c36":67,"d4b0751c":67,"c792a7c1":67,"5b01444b":67,"eb62e8f2":67,"5a7da061":67,"79995b62":67,"97160db8":67,"06a94514":67,"589f0d6e":67,"73c420df":67,"0700da70":67,"51b4016a":67,"46bf9112":67,"ff591765":67,"93f12198":67,"092ad3d6":67,"bf940089":67,"62e270e5":67,"01f34f98":67,"66b1b6d7":67,"1670b0d3":67,"b062adc4":67,"ec97d63e":67,"4aae5133":67,"94208a41":67,"63a3af32":67,"2cbcad17":67,"3fec4b0b":67,"4dccb5ca":67,"faa3de3e":67,"83268abf":67,"44983d13":67,"578c4c95":67,"80999122":67,"c606b472":67,"72af9198":67,"e39e9552":67,"81c1b70d":67,"e72f0f82":67,"88374b72":67,"fdfaf1ed":67,"ea981bed":67,"5e197575":67,"e587c4d0":67,"525b2635":67,"caa38a45":67,"a9987a58":67,"b6b8e5c7":67,"e82177d3":67,"89914b94":67,"04bdf5e1":67,"da8b42be":67,"3b0576bf":67,"9458934f":67,"1dcc489c":67,"945badf3":67,"1327775b":67,"bdd40125":67,"75fd47f7":67,"9666b973":67,"653b27c7":67,"83b37fd6":67,"4d852788":67,"e43a9448":67,"3542b748":67,"379c53ab":67,"e396d80d":67,"7da61f27":67,"dc874a97":67,"85a220de":67,"40a7cdd2":67,"ac033c7b":67,"87759976":67,"4df3f62e":67,"c881a53e":67,"80c1c8b1":67,"cf52acd8":67,"a63cb4ce":67,"d3b3492b":67,"7580cfa4":67,"22a96386":67,"5c672b50":67,"5df16440":67,"b666e56d":67,"8db378ff":67,"784d6375":67
1601327027765,"f7ffcbb8":67,"5728f934":67,"00b26865":67,"c333337d":67,"815c56bc":67,"5bd61a68":67,"8582c5cf":67,"0c353665":67,"231e8700":67,"1f9fbd85":67,"43f24679":67,"a1c0dfc4":67,"272e7d0d":67,"f92596ee":67,"68831ea9":67,"9713d076":67,"fd098272":67,"6ee788a7":67,"8249641d":67,"45b0968f":67,"78f71162":67,"4b27a9a4":67,"163f4d19":67,"1d043d5a":67,"b2f82e06":67,"5b0b43e6":67,"b5474d69":67,"5a938eeb":67,"4fe0dedf":67,"951fc6d0":67,"61892a4c":67,"f096219e":67,"a3f0a6ec":67,"01051f84":67,"aa7e370d":67,"f995eeab":67,"4006e709":67,"0dedf63e":67,"a9d5374b":67,"4321f02d":67,"089b3f8f":67,"7698d0dc":67,"784414ce":67,"2df3efdb":67,"d0f1b7bd":67,"e7799883":67,"4f9456cf":67,"6e260ee8":67,"f4f84279":67,"b0950de5":67,"6f873999":67,"1f4e0e22":67,"1c52a07e":67,"e70ccc25":67,"afd1494f":67,"ca6bffd3":67,"829c44a4":67,"e76e2617":67,"2b4fd52e":67,"57162572":67,"d1d50cfe":67,"a8edfe84":67,"2ed19b1e":67,"959e16ea":67,"02f76c64":67,"5c6d1f33":67,"b4801cae":67,"c3c2fd05":67,"f8c97147":67,"c2526ff3":67,"cc386067":67,"a22ffd8f":67,"3cd28a4d":67,"44a12c31":67,"45a961ca":67,"6a9bb182":67,"1f1afd4f":67,"25fb8826":67,"0dc5da58":67,"2874a625":67,"e61ae828":67,"f7ac3883":67,"ccd01528":67,"dab8cf68":67,"00f2a9cb":67,"916fe082":67,"b64dba8e":67,"c3bb30ce":67,"86219c70":67,"601990d8":67,"5c662c19":67,"d2a5d2fd":67,"89d220c2":67,"3e10c9cb":67,"5500a3e8":67,"3c0e87ac":67,"a891461f":67,"a246cdab":67,"117c7f0b":67,"0d21cf99":67,"14e6fe14":67,"37ec5e73":67,"bfff7913":67,"f8636899":67,"37724339":67,"d45d9727":67,"ee5ff2a3":67,"44322dfd":67,"5ca978fd":67,"668e601b":67,"7552d86c":67,"02ebf3b6":67,"bb17a968":67,"4abcb85d":67,"60d69311":67,"3b09f1de":67,"b371f44a":67,"8b6180ff":67,"8819ac24":67,"dbbf7f69":67,"dfe4a061":67,"c2bf7d51":67,"781afef6":67,"de9229a0":67,"cba26072":67,"2a718dcc":67,"c6a9a8e1":67,"88854fd0":67,"8dc27d2a":67,"41d7f05d":67,"2b851827":67,"9f428a03":67,"4d504d96":67,"0533ece1":67,"bcee2ef3":67,"0afba00c":67,"04ff8100":67,"6c00d8d6":67,"ac9a02bc":67,"acfe69ed":67,"426603ff":67,"2db2f252":67,"2e84193b":67,"c55683c9":67,"51233daf":67,"02791635":67,"295e4d1d":67,"8cf6570a":67,"403064a0":67,"312af46e":67,"b5a9f8c3":67,"fcbc0ae8":67,"2ff6b6a8":67,"66a71cc1":67,"bf4b58e4":67,"be081247":67,"5cc47d1b":67,"678b846f":67,"b4bd39d8":67,"b4cdbe5d":67,"fa0386f3":67,"b95d0f17":67,"cee9c347":67,"99a5feef":67,"f6266388":67,"e64fd39c":67,"e1b3ce36":67,"625fa164":67,"0c6ae551":67,"e8f4c1dd":67,"cede8b8c":67,"ad95ff4a":67,"893a99c5":67,"d8bf32b5":67,"0eb42efe":67,"03c4ab87":67,"4e3d3af7":67,"3a4803a8":67,"f7a7de5d":67,"d4e56c3e":67,"0c045c2d":67,"8efd4801":67,"7eb8f268":67,"20236d3e":67,"36ae8cd8":67,"3ddd5391":67,"07f69c6d":67,"2254f0f5":67,"ea282e84":67,"6653c83b":67,"c896052c":67,"287ecd1c":67,"f9376d3e":67,"07a94e8c":67,"bb017b49":67,"37b52fe4":67,"61ad1519":67,"819c4185":67,"ba69b06b":67,"7d2a2cb4":67,"4f62491c":67,"70b4c438":67,"71ed93db":67,"c92efaa8":67,"c241ac7e":67,"62a45672":67,"210e507a":67,"ac6e268b":67,"742238e8":67,"c55d40ca":67,"22c177a8":67,"00ae883f":67,"f416ee62":67,"0d2b182d":67,"320754c3":67,"232b2f64":67,"3171b6e7":67,"3b25460f":67,"d2064756":67,"4541bf85":67,"a6b13f20":67,"2459c882":67,"3df97186":67,"ef0490de":67,"e0f47ced":67,"309bbf54":67,"cc537772":67,"6618390c":67,"99cc0813":67,"dc32c4e1":67,"239c636e":67,"6ee160ff":67
1601327030149,"7800e7ce":68,"77869ff0":68,"4b8f7b16":68,"89f75690":68,"cb363e2f":68,"cd802f02":68,"d5d94481":68,"ffe48500":68,"c7a45a33":68,"faffe099":68,"e99490cd":68,"3b830769":68,"583f0305":68,"1557c50a":68,"249e80ab":68,"f52a3d94":68,"eb74d3dd":68,"3bcbc28d":68,"3c0455e7":68,"df203c79":68,"df1e1ac0":68,"491708eb":68,"e421caaa":68,"2d2ecf27":68,"d38a4953":68,"eba5efdd":68,"a5463f93":68,"c85ac4f8":68,"bc253f4f":68,"0d9d2bf8":68,"846b7f11":68,"d3411467":68,"1df0ce7f":68,"a08171d0":68,"c8bc5677":68,"dfca0518":68,"b9a21017":68,"e47705d3":68,"3cae4115":68,"0ccf4731":68,"c7c6782d":68,"54346574":68,"b12cbf87":68,"81942d9b":68,"699b90c1":68,"d9b5a7a8":68,"1e7914d2":68,"e5d8fdb2":68,"3412ab75":68,"bcac5daf":68,"62d028cc":68,"0af2cf39":68,"27491297":68
1601327030302,"d3cca7eb":68,"e866a899":68,"5690e712":68,"0b92d2a9":68,"070bed95":68,"67e5d108":68,"3d37b94b":68,"842c97c2":68,"c4cef92b":68,"0eecdc5b":68,"b7e495ea":68,"45ec63c0":68,"0ddfde2c":68,"a8b41774":68,"81f0da2d":68,"1fcc8ba4":68,"75a9c117":68,"12ba54ec":68,"be391c1a":68,"37d8a5b7":68,"d5ab81c4":68,"2ecde685":68,"f0bd52d3":68,"dcc20f76":68,"666a8ef0":68,"c5b609f1":68,"4dc5849a":68,"d605c755":68,"8a8c1d67":68,"cc6b3306":68,"8c2dfd9a":68,"f11267b9":68,"a483b15e":68,"f80ab49d":68,"95eaed39":68,"a5ba0ebb":68,"f53362a9":68,"1901ef7e":68,"960c2e6b":68,"3515e999":68,"d11f8f1b":68,"9d9eb027":68,"325f9a29":68,"503aafe5":68,"080d5d42":68,"5d03f5dc":68,"f0a01341":68,"1ee4d9f9":68,"0d6e45e7":68,"0da97151":68,"e829038c":68,"4987cfb5":68,"ba90687c":68,"77f2cf92":68,"037e2be4":68,"9e7dbd20":68,"0c086273":68,"ac13c3b0":68,"b4d9c57f":68,"5d53c964":68,"8ee9cc91":68,"4cc0af91":68,"55f6a2ba":68,"9559ea96":68,"9cb044bf":68,"16b25add":68,"80ee333e":68,"3b329af2":68,"1cd662bf":68,"72992b35":68,"47589344":68,"593b1533":68,"e9f6e5ce":68,"ed6bead5":68,"96f594b9":68,"94dfcfc5":68,"8301986e":68,"830ecfec":68,"a8bae791":68,"312009ee":68,"c98759fd":68,"e8b6d676":68,"45ee5840":68,"76f04033":68,"43480b19":68,"fd955858":68,"69798d15":68,"efea71fa":68,"fb3aa867":68,"c9cf710b":68,"fcacdeb3":68,"0ea055ed":68,"e3b1bdf8":68,"644b45fb":68,"590ce3d3":68,"1802d7ce":68,"0a49914b":68,"5d3f5cad":68,"cf347cba":68,"fc0c23f7":68,"641f9b9e":68,"c92edec5":68,"9f03c1e7":68,"06c24a8d":68,"2f35e75f":68,"3eddf7c8":68,"77970f8b":68,"18c73816":68,"e491161e":68,"b5087677":68,"16f60bed":68,"cb0c3481":68,"7664512c":68,"df9a53b8":68,"f6c27b2b":68,"945f6c24":68,"f1daea7e":68,"b8fb90e3":68,"56227e35":68,"0d6bf22a":68,"b87321d0":68,"43205b5d":68,"8982905a":68,"f6fe1ad7":68,"230064fa":68,"764e0abb":68,"bba6d88e":68,"ea3479ec":68,"32266fa3":68,"efd594d5":68,"4718294d":68,"5352cf45":68,"e0ffe8ff":68,"ae14d6b5":68,"721f5f42":68,"0b50bca6":68,"bf2ca266":68,"5d8d9641":68,"0de67c6c":68,"2311399f":68,"5e3ebf5e":68,"9f6ca218":68,"6213799d":68,"44cb1fd2":68,"baf19c25":68,"24a79a6e":68,"edde30af":68,"4d949e11":68,"df12f689":68,"1da10cbf":68,"832c48e4":68,"dc90a44c":68,"1ad7c45b":68,"5566c17c":68,"86a22252":68,"0000dece":68,"ce5efdbe":68,"58ace2b5":68,"d379fd96":68,"7b819458":68,"7f8024cd":68,"ae562513":68,"7b66dacd":68,"9ab137d7":68,"7191d1cd":68,"005354dd":68,"d041ea86":68,"1eda11b2":68,"fc442678":68,"50b090c3":68,"8be24763":68,"eb4800b2":68,"6e0ce9dc":68,"87d9bec4":68,"e30dfa0c":68,"6da34174":68,"bfb849fa":68,"0a10b423":68,"9ef7cee7":68,"49f1a0d1":68,"5f04aa76":68,"ba297382":68,"0287db2a":68,"96abe4a9":68,"753b10b1":68,"cf14bd99":68,"782022f4":68,"322e833f":68,"ab3619e4":68,"106006ad":68,"c8237be9":68,"1416e8f5":68,"dde2eed5":68,"a208caa8":68,"16605353":68,"77b39e15":68,"f1726edb":68,"5b09e53e":68,"da5bb0f7":68,"6d925c84":68,"50b23ab2":68,"edfa56d4":68,"899c16eb":68,"41c76041":68,"6bb1fa99":68,"d73ff72e":68,"61c0ca91":68,"d2fda7be":68,"ce20ca3c":68,"1d2d958b":68,"81fb6a01":68,"7f5b27c8":68,"fb3444d9":68,"f05de640":68,"86a68967":68,"56cd4dca":68,"7f469f4c":68,"f92dedfc":68,"355d1489":68,"f96fc1af":68,"06713bac":68,"61aca924":68,"d97fb857":68,"59ff5ec6":68,"ef04e64e":68,"6e2d04de":68,"2fca1798":68,"05028839":68,"5488826c":68,"84fff5c1":68,"c649992d":68,"d5ad3ed6":68,"8e5f7187":68,"36f4ecde":68,"568a0d58":68,"5fd569d2":68,"10c8fd03":68,"bd4ccb49":68,"e773d697":68,"7e8c11e7":68,"077eb15a":68,"5337c279":68,"8d256cb6":68,"7021c619":68,"32ae00db":68,"bf2defb2":68,"bc733a28":68,"30d32d34":68,"886c16d3":68,"e8d09b62":68,"92b72493":68,"d3e58903":68,"4481c4be":68,"7954891b":68,"4afd60a9":68,"d44c0ea3":68,"68f87858":68,"533bac6b":68,"41634dba":68,"43fd1327":68,"113e7f4b":68,"8cce569a":68,"ce6401b6":68,"6f57824c":68,"28bd7aa1":68,"1d52fb0d":68,"cde0d748":68,"535ed444":68,"710f0d0e":68,"0905f1fb":68,"a20e529c":68,"1ae76fcc":68,"35b161d3":68,"344cd1a3":68,"77ea1236":68,"96d2a118":68,"23a0e41f":68,"b32a1080":68,"a2c4b591":68,"6dfa57be":68,"1854ce44":68,"f92b22f1":68,"ece12664":68,"3b3569f6":68,"b01ab62a":68,"76da16fa":68,"bffee581":68,"07150038":68,"080fa362":68,"7b6945ad":68,"a40d08e1":68,"cec79bc2":68,"d2eff358":68,"e70aebb5":68,"a488b2f1":68,"4caa87d6":68,"f7076e21":68,"f1e86522":68,"69e653b6":68,"fa03f48f":68,"98d2991b":68,"5298dafa":68,"3b411d6a":68,"25f7f918":68,"83826ef3":68,"595609d5":68,"c5311ebb":68,"105bb3f6":68,"b47f1b89":68
1601327030739,"55ba7579":68,"b7769ca6":68,"9c27de51":68,"38a75b48":68,"1792bfa3":68,"426f1904":68,"7c0f1ca9":68,"b2f820ac":68,"25d4f65d":68,"eddb6a2a":68,"ff8a00aa":68,"c146560b":68,"985068e7":68,"d543ba6f":68,"272e7d0d":68,"f92596ee":68,"68831ea9":68,"9713d076":68,"fd098272":68,"6ee788a7":68,"8249641d":68,"45b0968f":68,"6a9bb182":68,"1f1afd4f":68,"25fb8826":68,"0dc5da58":68,"2874a625":68,"e61ae828":68,"f7ac3883":68,"ccd01528":68,"dab8cf68":68,"00f2a9cb":68,"916fe082":68,"b64dba8e":68,"c3bb30ce":68,"86219c70":68,"601990d8":68,"5c662c19":68,"d2a5d2fd":68,"89d220c2":68,"3e10c9cb":68,"5500a3e8":68,"3c0e87ac":68,"a891461f":68,"a246cdab":68,"117c7f0b":68,"0d21cf99":68,"14e6fe14":68,"37ec5e73":68,"bfff7913":68,"f8636899":68,"37724339":68,"d45d9727":68,"ee5ff2a3":68,"44322dfd":68,"295e4d1d":68,"8cf6570a":68,"58de5462":68,"8e6caf71":68,"f01c896d":68,"9a3433b8":68,"b89112cb":68,"1f2670d0":68,"962c9c8f":68,"66736d5e":68,"aec0bf28":68,"30de89a7":68,"06aaa33f":68,"a017a323":68,"8801c469":68,"320c65bf":68,"1fa1e7c2":68,"b6281f1a":68,"646af2b9":68,"48c6df81":68,"5e165f43":68,"659389ad":68,"f8785b71":68,"240c8679":68,"0718c3be":68,"ab4a411a":68,"8b503f7b":68,"d7a4b24c":68,"686d5c0b":68,"87a8523c":68,"c416baa6":68,"f15eb1c5":68,"ae350a07":68,"71789493":68,"5ac72353":68,"680a32a6":68,"83ba647d":68,"d1b14d06":68,"cb0bd6b7":68,"f6c074a7":68,"ffd6849d":68,"8e426e39":68,"51909df8":68,"962fca02":68,"e22b0973":68,"75968179":68,"bc8bdc23":68,"23646ff9":68,"a71f3f70":68,"3abb827b":68,"0c73c293":68,"1f7aa83c":68,"732d62ee":68,"88929b06":68,"08c4692e":68,"d4b0751c":68,"5b2479ef":68,"5b01444b":68,"1d882c36":68,"79995b62":68,"403064a0":68,"312af46e":68,"b5a9f8c3":68,"fcbc0ae8":68,"2ff6b6a8":68,"66a71cc1":68,"bf4b58e4":68,"9666b973":68,"653b27c7":68,"83b37fd6":68,"4d852788":68,"e43a9448":68,"3542b748":68,"379c53ab":68,"e396d80d":68,"7da61f27":68,"dc874a97":68,"85a220de":68,"40a7cdd2":68,"ac033c7b":68,"87759976":68,"4df3f62e":68,"c881a53e":68,"80c1c8b1":68,"cf52acd8":68,"a63cb4ce":68,"d3b3492b":68,"b6b8e5c7":68,"e82177d3":68,"89914b94":68,"04bdf5e1":68,"da8b42be":68,"3b0576bf":68,"9458934f":68,"1dcc489c":68,"945badf3":68,"1327775b":68,"bdd40125":68,"75fd47f7":68,"1c52a07e":68,"e70ccc25":68,"afd1494f":68,"ca6bffd3":68,"829c44a4":68,"e76e2617":68,"2b4fd52e":68,"57162572":68,"d1d50cfe":68,"eb62e8f2":68,"97160db8":68,"589f0d6e":68,"51b4016a":68,"46bf9112":68,"092ad3d6":68,"bf940089":68,"01f34f98":68,"808bc372":68,"c792a7c1":68,"1670b0d3":68,"ec97d63e":68,"5a7da061":68,"94208a41":68,"06a94514":68,"2cbcad17":68,"73c420df":68,"0700da70":68,"4dccb5ca":68,"ff591765":68,"83268abf":68,"578c4c95":68,"93f12198":68,"62e270e5":68,"c606b472":68,"66b1b6d7":68,"b062adc4":68,"4aae5133":68,"63a3af32":68,"3fec4b0b":68,"faa3de3e":68,"44983d13":68,"80999122":68,"72af9198":68,"e39e9552":68,"81c1b70d":68,"e72f0f82":68,"88374b72":68,"fdfaf1ed":68,"ea981bed":68,"5e197575":68,"e587c4d0":68,"525b2635":68,"caa38a45":68,"a9987a58":68,"7580cfa4":68,"22a96386":68,"5c672b50":68,"5df16440":68,"b666e56d":68,"8db378ff":68,"784d6375":68,"4541bf85":68,"a6b13f20":68,"2459c882":68,"3df97186":68,"ef0490de":68,"e0f47ced":68,"309bbf54":68,"cc537772":68,"6618390c":68,"99cc0813":68,"dc32c4e1":68,"239c636e":68,"6ee160ff":68,"c55d40ca":68,"22c177a8":68,"00ae883f":68,"f416ee62":68,"0d2b182d":68,"320754c3":68,"232b2f64":68,"3171b6e7":68,"3b25460f":68,"d2064756":68,"a8edfe84":68,"2ed19b1e":68,"959e16ea":68,"02f76c64":68,"5c6d1f33":68,"b4801cae":68,"c3c2fd05":68,"f8c97147":68,"c2526ff3":68,"cc386067":68,"a22ffd8f":68,"3cd28a4d":68,"44a12c31":68,"45a961ca":68,"5ca978fd":68,"668e601b":68,"7552d86c":68,"f7ffcbb8":68,"5728f934":68,"00b26865":68,"c333337d":68,"815c56bc":68,"5bd61a68":68,"8582c5cf":68,"0c353665":68,"231e8700":68,"1f9fbd85":68,"43f24679":68,"a1c0dfc4":68,"78f71162":68,"4b27a9a4":68,"163f4d19":68,"1d043d5a":68,"b2f82e06":68,"5b0b43e6":68,"b5474d69":68,"5a938eeb":68,"4fe0dedf":68,"951fc6d0":68,"61892a4c":68,"f096219e":68,"a3f0a6ec":68,"01051f84":68,"dfe4a061":68,"c2bf7d51":68,"781afef6":68,"de9229a0":68,"99a5feef":68,"f6266388":68,"e64fd39c":68,"e1b3ce36":68,"625fa164":68,"0c6ae551":68,"e8f4c1dd":68,"cede8b8c":68,"ad95ff4a":68,"aa7e370d":68,"f995eeab":68,"4006e709":68,"0dedf63e":68,"a9d5374b":68,"4321f02d":68,"089b3f8f":68,"7698d0dc":68,"784414ce":68,"2df3efdb":68,"d0f1b7bd":68,"e7799883":68,"4f9456cf":68,"6e260ee8":68,"f4f84279":68,"b0950de5":68,"6f873999":68,"1f4e0e22":68,"60d69311":68,"3b09f1de":68,"b371f44a":68,"8b6180ff":68,"8819ac24":68,"dbbf7f69":68,"02ebf3b6":68,"bb17a968":68,"4abcb85d":68,"cba26072":68,"2a718dcc":68,"c6a9a8e1":68,"88854fd0":68,"8dc27d2a":68,"41d7f05d":68,"2b851827":68,"9f428a03":68,"4d504d96":68,"0533ece1":68,"bcee2ef3":68,"0afba00c":68,"04ff8100":68,"6c00d8d6":68,"ac9a02bc":68,"acfe69ed":68,"426603ff":68,"2db2f252":68,"2e84193b":68,"c55683c9":68,"51233daf":68,"02791635":68,"be081247":68,"5cc47d1b":68,"678b846f":68,"b4bd39d8":68,"b4cdbe5d":68,"fa0386f3":68,"b95d0f17":68,"cee9c347":68,"893a99c5":68,"d8bf32b5":68,"0eb42efe":68,"03c4ab87":68,"4e3d3af7":68,"3a4803a8":68,"f7a7de5d":68,"d4e56c3e":68,"0c045c2d":68,"8efd4801":68,"7eb8f268":68,"20236d3e":68,"36ae8cd8":68,"3ddd5391":68,"07f69c6d":68,"2254f0f5":68,"ea282e84":68,"6653c83b":68,"c896052c":68,"287ecd1c":68,"f9376d3e":68,"07a94e8c":68,"bb017b49":68,"37b52fe4":68,"61ad1519":68,"819c4185":68,"ba69b06b":68,"7d2a2cb4":68,"4f62491c":68,"70b4c438":68,"71ed93db":68,"c92efaa8":68,"c241ac7e":68,"62a45672":68,"210e507a":68,"ac6e268b":68,"742238e8":68
1601327032107,"d5d94481":69,"ffe48500":69,"c7a45a33":69,"faffe099":69,"e99490cd":69,"3b830769":69,"583f0305":69,"1557c50a":69,"249e80ab":69,"f52a3d94":69,"eb74d3dd":69,"3bcbc28d":69,"3c0455e7":69,"df203c79":69,"df1e1ac0":69,"491708eb":69
1601327032526,"18c73816":69,"e491161e":69,"b5087677":69,"16f60bed":69,"cb0c3481":69,"7664512c":69,"df9a53b8":69,"f6c27b2b":69,"945f6c24":69,"f1daea7e":69,"b8fb90e3":69,"56227e35":69,"0d6bf22a":69,"b87321d0":69,"cc6b3306":69,"8c2dfd9a":69,"f11267b9":69,"a483b15e":69,"f80ab49d":69,"95eaed39":69,"a5ba0ebb":69,"f53362a9":69,"1901ef7e":69,"960c2e6b":69,"3515e999":69,"d11f8f1b":69,"9d9eb027":69,"325f9a29":69,"503aafe5":69,"43205b5d":69,"8982905a":69,"f6fe1ad7":69,"7800e7ce":69,"77869ff0":69,"4b8f7b16":69,"89f75690":69,"cb363e2f":69,"cd802f02":69,"d3cca7eb":69,"e866a899":69,"5690e712":69,"0b92d2a9":69,"070bed95":69,"67e5d108":69,"3d37b94b":69,"842c97c2":69,"c4cef92b":69,"0eecdc5b":69,"b7e495ea":69,"45ec63c0":69,"0ddfde2c":69,"a8b41774":69,"81f0da2d":69,"1fcc8ba4":69,"75a9c117":69,"12ba54ec":69,"be391c1a":69,"37d8a5b7":69,"d5ab81c4":69,"2ecde685":69,"f0bd52d3":69,"dcc20f76":69,"666a8ef0":69,"c5b609f1":69,"4dc5849a":69,"d605c755":69,"8a8c1d67":69,"230064fa":69,"764e0abb":69,"bba6d88e":69,"ea3479ec":69,"32266fa3":69,"50b090c3":69,"8be24763":69,"eb4800b2":69,"6e0ce9dc":69,"87d9bec4":69,"e30dfa0c":69,"6da34174":69,"bfb849fa":69,"0a10b423":69,"9ef7cee7":69,"49f1a0d1":69,"5f04aa76":69,"ba297382":69,"0287db2a":69,"96abe4a9":69,"753b10b1":69,"cf14bd99":69,"782022f4":69,"322e833f":69,"ab3619e4":69,"106006ad":69,"c8237be9":69,"1416e8f5":69,"dde2eed5":69,"a208caa8":69,"080d5d42":69,"5d03f5dc":69,"f0a01341":69,"1ee4d9f9":69,"0d6e45e7":69,"0da97151":69,"e829038c":69,"4987cfb5":69,"ba90687c":69,"77f2cf92":69,"037e2be4":69,"9e7dbd20":69,"0c086273":69,"ac13c3b0":69,"b4d9c57f":69,"5d53c964":69,"8ee9cc91":69,"4cc0af91":69,"55f6a2ba":69,"9559ea96":69,"9cb044bf":69,"16b25add":69,"80ee333e":69,"3b329af2":69,"1cd662bf":69,"72992b35":69,"47589344":69,"593b1533":69,"e9f6e5ce":69,"ed6bead5":69,"96f594b9":69,"94dfcfc5":69,"8301986e":69,"830ecfec":69,"a8bae791":69,"312009ee":69,"16605353":69,"77b39e15":69,"f1726edb":69,"e421caaa":69,"2d2ecf27":69,"d38a4953":69,"eba5efdd":69,"a5463f93":69,"c85ac4f8":69,"bc253f4f":69,"0d9d2bf8":69,"846b7f11":69,"d3411467":69,"1df0ce7f":69,"a08171d0":69,"c8bc5677":69,"dfca0518":69,"b9a21017":69,"92b72493":69,"d3e58903":69,"4481c4be":69,"e47705d3":69,"3cae4115":69,"0ccf4731":69,"c7c6782d":69,"54346574":69,"b12cbf87":69,"81942d9b":69,"699b90c1":69,"d9b5a7a8":69,"1e7914d2":69,"e5d8fdb2":69,"3412ab75":69,"bcac5daf":69,"62d028cc":69,"0af2cf39":69,"27491297":69,"d041ea86":69,"1eda11b2":69,"fc442678":69,"7954891b":69,"4afd60a9":69,"d44c0ea3":69,"68f87858":69,"533bac6b":69,"41634dba":69,"43fd1327":69,"113e7f4b":69,"8cce569a":69,"ce6401b6":69,"6f57824c":69,"28bd7aa1":69,"1d52fb0d":69,"cde0d748":69,"535ed444":69,"710f0d0e":69,"0905f1fb":69,"c98759fd":69,"e8b6d676":69,"45ee5840":69,"76f04033":69,"43480b19":69,"fd955858":69,"69798d15":69,"efea71fa":69,"fb3aa867":69,"c9cf710b":69,"fcacdeb3":69,"0ea055ed":69,"e3b1bdf8":69,"644b45fb":69,"a20e529c":69,"1ae76fcc":69,"35b161d3":69,"344cd1a3":69,"590ce3d3":69,"1802d7ce":69,"77ea1236":69,"96d2a118":69,"23a0e41f":69,"b32a1080":69,"a2c4b591":69,"6dfa57be":69,"1854ce44":69,"f92b22f1":69,"ece12664":69,"36f4ecde":69,"568a0d58":69,"5fd569d2":69,"10c8fd03":69,"bd4ccb49":69,"e773d697":69,"7e8c11e7":69,"077eb15a":69,"5337c279":69,"8d256cb6":69,"7021c619":69,"32ae00db":69,"bf2defb2":69,"bc733a28":69,"30d32d34":69,"886c16d3":69,"e8d09b62":69,"3b3569f6":69,"b01ab62a":69,"76da16fa":69,"bffee581":69,"0a49914b":69,"5d3f5cad":69,"cf347cba":69,"fc0c23f7":69,"641f9b9e":69,"c92edec5":69,"9f03c1e7":69,"06c24a8d":69,"2f35e75f":69,"3eddf7c8":69,"77970f8b":69,"efd594d5":69,"4718294d":69,"5352cf45":69,"e0ffe8ff":69,"ae14d6b5":69,"721f5f42":69,"0b50bca6":69,"bf2ca266":69,"5d8d9641":69,"0de67c6c":69,"2311399f":69,"5e3ebf5e":69,"9f6ca218":69,"6213799d":69,"44cb1fd2":69,"baf19c25":69,"24a79a6e":69,"edde30af":69,"4d949e11":69,"df12f689":69,"1da10cbf":69,"832c48e4":69,"dc90a44c":69,"1ad7c45b":69,"5b09e53e":69,"da5bb0f7":69,"6d925c84":69,"50b23ab2":69,"edfa56d4":69,"899c16eb":69,"41c76041":69,"6bb1fa99":69,"d73ff72e":69,"61c0ca91":69,"d2fda7be":69,"ce20ca3c":69,"1d2d958b":69,"81fb6a01":69,"7f5b27c8":69,"fb3444d9":69,"f05de640":69,"86a68967":69,"56cd4dca":69,"7f469f4c":69,"f92dedfc":69,"355d1489":69,"f96fc1af":69,"06713bac":69,"61aca924":69,"d97fb857":69
1601327033052,"07150038":69,"080fa362":69,"7b6945ad":69,"a40d08e1":69,"cec79bc2":69,"d2eff358":69,"e70aebb5":69,"a488b2f1":69,"4caa87d6":69,"f7076e21":69,"f1e86522":69,"fa03f48f":69,"69e653b6":69,"5298dafa":69,"98d2991b":69,"25f7f918":69,"3b411d6a":69,"c5311ebb":69,"83826ef3":69,"595609d5":69,"105bb3f6":69,"b47f1b89":69,"58de5462":69,"f01c896d":69,"8e6caf71":69,"1f2670d0":69,"9a3433b8":69,"b89112cb":69,"962c9c8f":69,"aec0bf28":69,"66736d5e":69,"a017a323":69,"30de89a7":69,"06aaa33f":69,"8801c469":69,"320c65bf":69,"b6281f1a":69,"48c6df81":69,"1fa1e7c2":69,"646af2b9":69,"5e165f43":69,"f8785b71":69,"659389ad":69,"240c8679":69,"ab4a411a":69,"d7a4b24c":69,"0718c3be":69,"686d5c0b":69,"8b503f7b":69,"f15eb1c5":69,"87a8523c":69,"c416baa6":69,"71789493":69,"ae350a07":69,"5ac72353":69,"680a32a6":69,"d1b14d06":69,"83ba647d":69,"f6c074a7":69,"cb0bd6b7":69,"ffd6849d":69,"962fca02":69,"8e426e39":69,"51909df8":69,"75968179":69,"e22b0973":69,"bc8bdc23":69,"23646ff9":69,"a71f3f70":69,"1f7aa83c":69,"3abb827b":69,"732d62ee":69,"0c73c293":69,"88929b06":69,"d4b0751c":69,"5b01444b":69,"08c4692e":69,"79995b62":69,"5b2479ef":69,"1d882c36":69,"97160db8":69,"589f0d6e":69,"eb62e8f2":69,"51b4016a":69,"46bf9112":69,"59ff5ec6":69,"ef04e64e":69,"6e2d04de":69,"2fca1798":69,"05028839":69,"5488826c":69,"84fff5c1":69,"c649992d":69,"d5ad3ed6":69,"8e5f7187":69,"55ba7579":69,"b7769ca6":69,"9c27de51":69,"38a75b48":69,"1792bfa3":69,"426f1904":69,"7c0f1ca9":69,"b2f820ac":69,"25d4f65d":69,"eddb6a2a":69,"ff8a00aa":69,"c146560b":69,"985068e7":69,"d543ba6f":69,"808bc372":69,"092ad3d6":69,"bf940089":69,"c792a7c1":69,"01f34f98":69,"5a7da061":69,"1670b0d3":69,"06a94514":69,"ec97d63e":69,"73c420df":69,"0700da70":69,"94208a41":69,"2cbcad17":69,"ff591765":69,"93f12198":69,"4dccb5ca":69,"83268abf":69,"62e270e5":69,"578c4c95":69,"66b1b6d7":69,"c606b472":69,"b062adc4":69,"4aae5133":69,"63a3af32":69,"3fec4b0b":69,"faa3de3e":69,"44983d13":69,"80999122":69,"72af9198":69,"e39e9552":69,"81c1b70d":69,"e72f0f82":69,"5566c17c":69,"86a22252":69,"0000dece":69,"ce5efdbe":69,"58ace2b5":69,"d379fd96":69,"7b819458":69,"7f8024cd":69,"ae562513":69,"7b66dacd":69,"9ab137d7":69,"7191d1cd":69,"005354dd":69,"88374b72":69,"fdfaf1ed":69,"ea981bed":69,"5e197575":69,"e587c4d0":69,"525b2635":69,"caa38a45":69,"a9987a58":69,"b6b8e5c7":69,"e82177d3":69,"89914b94":69,"04bdf5e1":69,"da8b42be":69,"3b0576bf":69,"9458934f":69,"1dcc489c":69,"945badf3":69,"1327775b":69,"bdd40125":69,"75fd47f7":69,"1c52a07e":69,"e70ccc25":69,"afd1494f":69,"ca6bffd3":69,"829c44a4":69,"e76e2617":69,"2b4fd52e":69,"57162572":69,"d1d50cfe":69,"9666b973":69,"653b27c7":69,"83b37fd6":69,"4d852788":69,"e43a9448":69,"3542b748":69,"379c53ab":69,"e396d80d":69,"7da61f27":69,"dc874a97":69,"85a220de":69,"40a7cdd2":69,"ac033c7b":69,"87759976":69,"4df3f62e":69,"c881a53e":69,"80c1c8b1":69,"cf52acd8":69,"a63cb4ce":69,"d3b3492b":69,"7580cfa4":69,"22a96386":69,"5c672b50":69,"5df16440":69,"b666e56d":69,"8db378ff":69,"784d6375":69,"4541bf85":69,"a6b13f20":69,"2459c882":69,"3df97186":69,"ef0490de":69,"e0f47ced":69,"309bbf54":69,"cc537772":69,"6618390c":69,"99cc0813":69,"dc32c4e1":69,"239c636e":69,"6ee160ff":69,"f7ffcbb8":69,"5728f934":69,"00b26865":69,"c333337d":69,"815c56bc":69,"5bd61a68":69,"8582c5cf":69,"0c353665":69,"231e8700":69,"1f9fbd85":69,"43f24679":69,"272e7d0d":69,"f92596ee":69,"68831ea9":69,"9713d076":69,"fd098272":69,"6ee788a7":69,"8249641d":69,"45b0968f":69,"6a9bb182":69,"1f1afd4f":69,"25fb8826":69,"0dc5da58":69,"2874a625":69,"e61ae828":69,"f7ac3883":69,"ccd01528":69,"dab8cf68":69,"00f2a9cb":69,"916fe082":69,"b64dba8e":69,"c55d40ca":69,"22c177a8":69,"00ae883f":69,"f416ee62":69,"0d2b182d":69,"320754c3":69,"232b2f64":69,"3171b6e7":69,"3b25460f":69,"d2064756":69,"c3bb30ce":69,"86219c70":69,"601990d8":69,"5c662c19":69,"d2a5d2fd":69,"89d220c2":69,"3e10c9cb":69,"5500a3e8":69,"3c0e87ac":69,"a891461f":69,"a246cdab":69,"117c7f0b":69,"0d21cf99":69,"14e6fe14":69,"37ec5e73":69,"bfff7913":69,"f8636899":69,"37724339":69,"d45d9727":69,"ee5ff2a3":69,"44322dfd":69,"295e4d1d":69,"8cf6570a":69,"403064a0":69,"312af46e":69,"b5a9f8c3":69,"fcbc0ae8":69,"2ff6b6a8":69,"66a71cc1":69,"bf4b58e4":69,"a1c0dfc4":69,"78f71162":69,"4b27a9a4":69,"163f4d19":69,"1d043d5a":69,"b2f82e06":69,"5b0b43e6":69,"b5474d69":69,"5a938eeb":69,"4fe0dedf":69,"951fc6d0":69,"61892a4c":69,"f096219e":69,"a3f0a6ec":69,"01051f84":69,"aa7e370d":69,"f995eeab":69,"4006e709":69,"0dedf63e":69,"a9d5374b":69,"4321f02d":69,"089b3f8f":69,"7698d0dc":69,"784414ce":69,"2df3efdb":69,"d0f1b7bd":69,"e7799883":69,"4f9456cf":69,"6e260ee8":69,"f4f84279":69,"b0950de5":69,"6f873999":69,"1f4e0e22":69,"a8edfe84":69,"2ed19b1e":69,"959e16ea":69,"02f76c64":69,"5c6d1f33":69,"b4801cae":69,"c3c2fd05":69,"f8c97147":69,"c2526ff3":69,"cc386067":69,"a22ffd8f":69,"60d69311":69,"3b09f1de":69,"b371f44a":69,"8b6180ff":69,"8819ac24":69,"dbbf7f69":69,"dfe4a061":69,"c2bf7d51":69,"781afef6":69,"3cd28a4d":69,"44a12c31":69,"45a961ca":69,"5ca978fd":69,"668e601b":69,"7552d86c":69,"02ebf3b6":69,"bb17a968":69,"4abcb85d":69,"cba26072":69,"2a718dcc":69,"c6a9a8e1":69,"88854fd0":69,"8dc27d2a":69,"41d7f05d":69,"2b851827":69,"9f428a03":69,"4d504d96":69,"0533ece1":69,"bcee2ef3":69,"0afba00c":69,"04ff8100":69,"6c00d8d6":69,"ac9a02bc":69,"acfe69ed":69,"426603ff":69,"2db2f252":69,"2e84193b":69,"c55683c9":69,"de9229a0":69,"99a5feef":69,"f6266388":69,"e64fd39c":69,"e1b3ce36":69,"625fa164":69,"0c6ae551":69,"e8f4c1dd":69,"cede8b8c":69,"ad95ff4a":69,"893a99c5":69,"d8bf32b5":69,"0eb42efe":69,"03c4ab87":69,"4e3d3af7":69,"3a4803a8":69,"f7a7de5d":69,"d4e56c3e":69,"0c045c2d":69,"8efd4801":69,"7eb8f268":69,"20236d3e":69,"36ae8cd8":69,"3ddd5391":69,"07f69c6d":69,"2254f0f5":69,"ea282e84":69,"6653c83b":69,"c896052c":69,"287ecd1c":69,"f9376d3e":69,"07a94e8c":69,"bb017b49":69,"51233daf":69,"02791635":69,"be081247":69,"5cc47d1b":69,"678b846f":69,"b4bd39d8":69,"b4cdbe5d":69,"fa0386f3":69,"b95d0f17":69,"cee9c347":69,"37b52fe4":69,"61ad1519":69,"819c4185":69,"ba69b06b":69,"7d2a2cb4":69,"4f62491c":69,"70b4c438":69,"71ed93db":69,"c92efaa8":69,"c241ac7e":69,"62a45672":69,"210e507a":69,"ac6e268b":69,"742238e8":69
1601327034829,"7800e7ce":70,"77869ff0":70,"4b8f7b16":70,"89f75690":70,"cb363e2f":70,"cd802f02":70,"d3cca7eb":70,"e866a899":70,"5690e712":70,"0b92d2a9":70,"070bed95":70,"67e5d108":70,"3d37b94b":70,"842c97c2":70,"c4cef92b":70,"0eecdc5b":70,"b7e495ea":70,"45ec63c0":70,"0ddfde2c":70,"a8b41774":70,"81f0da2d":70,"1fcc8ba4":70,"75a9c117":70,"12ba54ec":70,"be391c1a":70,"37d8a5b7":70,"d5ab81c4":70,"2ecde685":70,"f0bd52d3":70,"dcc20f76":70,"666a8ef0":70,"c5b609f1":70,"4dc5849a":70,"d605c755":70,"8a8c1d67":70,"cc6b3306":70,"8c2dfd9a":70,"f11267b9":70,"a483b15e":70,"f80ab49d":70,"95eaed39":70,"a5ba0ebb":70,"f53362a9":70,"1901ef7e":70,"960c2e6b":70,"3515e999":70,"d11f8f1b":70,"9d9eb027":70,"325f9a29":70,"503aafe5":70,"080d5d42":70,"5d03f5dc":70,"f0a01341":70,"1ee4d9f9":70,"0d6e45e7":70,"0da97151":70,"e829038c":70,"4987cfb5":70,"ba90687c":70,"77f2cf92":70,"037e2be4":70,"9e7dbd20":70,"0c086273":70,"ac13c3b0":70,"b4d9c57f":70,"5d53c964":70,"8ee9cc91":70,"4cc0af91":70,"55f6a2ba":70,"9559ea96":70,"9cb044bf":70,"16b25add":70,"80ee333e":70,"3b329af2":70,"1cd662bf":70,"72992b35":70,"47589344":70,"593b1533":70,"e9f6e5ce":70,"ed6bead5":70,"96f594b9":70,"94dfcfc5":70,"8301986e":70,"830ecfec":70,"a8bae791":70,"312009ee":70,"c98759fd":70,"e8b6d676":70,"45ee5840":70,"76f04033":70,"43480b19":70,"fd955858":70,"69798d15":70,"efea71fa":70,"fb3aa867":70,"c9cf710b":70,"fcacdeb3":70,"0ea055ed":70,"e3b1bdf8":70,"644b45fb":70,"18c73816":70,"d5d94481":70,"ffe48500":70,"c7a45a33":70,"faffe099":70,"e99490cd":70,"3b830769":70,"583f0305":70,"1557c50a":70,"249e80ab":70,"f52a3d94":70,"eb74d3dd":70,"3bcbc28d":70,"3c0455e7":70,"df203c79":70,"df1e1ac0":70,"491708eb":70,"e421caaa":70,"2d2ecf27":70,"d38a4953":70,"eba5efdd":70,"a5463f93":70,"c85ac4f8":70,"bc253f4f":70,"0d9d2bf8":70,"846b7f11":70,"590ce3d3":70,"1802d7ce":70,"0a49914b":70,"d3411467":70,"1df0ce7f":70,"a08171d0":70,"c8bc5677":70,"dfca0518":70,"b9a21017":70,"e47705d3":70,"3cae4115":70,"0ccf4731":70,"c7c6782d":70,"54346574":70,"b12cbf87":70,"81942d9b":70,"699b90c1":70,"d9b5a7a8":70,"1e7914d2":70,"e5d8fdb2":70,"3412ab75":70,"bcac5daf":70,"62d028cc":70,"0af2cf39":70,"27491297":70,"d041ea86":70,"1eda11b2":70,"fc442678":70
1601327035291,"e491161e":70,"b5087677":70,"16f60bed":70,"5b09e53e":70,"da5bb0f7":70,"6d925c84":70,"50b23ab2":70,"edfa56d4":70,"899c16eb":70,"cb0c3481":70,"7664512c":70,"df9a53b8":70,"f6c27b2b":70,"945f6c24":70,"f1daea7e":70,"b8fb90e3":70,"56227e35":70,"0d6bf22a":70,"b87321d0":70,"43205b5d":70,"8982905a":70,"f6fe1ad7":70,"230064fa":70,"764e0abb":70,"bba6d88e":70,"ea3479ec":70,"32266fa3":70,"50b090c3":70,"8be24763":70,"eb4800b2":70,"6e0ce9dc":70,"87d9bec4":70,"e30dfa0c":70,"6da34174":70,"bfb849fa":70,"0a10b423":70,"9ef7cee7":70,"49f1a0d1":70,"5f04aa76":70,"ba297382":70,"0287db2a":70,"96abe4a9":70,"753b10b1":70,"cf14bd99":70,"782022f4":70,"41c76041":70,"6bb1fa99":70,"d73ff72e":70,"61c0ca91":70,"d2fda7be":70,"ce20ca3c":70,"1d2d958b":70,"81fb6a01":70,"7f5b27c8":70,"fb3444d9":70,"f05de640":70,"86a68967":70,"56cd4dca":70,"7f469f4c":70,"f92dedfc":70,"355d1489":70,"f96fc1af":70,"06713bac":70,"61aca924":70,"d97fb857":70,"59ff5ec6":70,"ef04e64e":70,"6e2d04de":70,"2fca1798":70,"05028839":70,"5488826c":70,"84fff5c1":70,"c649992d":70,"d5ad3ed6":70,"8e5f7187":70,"55ba7579":70,"b7769ca6":70,"322e833f":70,"ab3619e4":70,"106006ad":70,"c8237be9":70,"1416e8f5":70,"dde2eed5":70,"a208caa8":70,"16605353":70,"77b39e15":70,"f1726edb":70,"92b72493":70,"d3e58903":70,"4481c4be":70,"7954891b":70,"4afd60a9":70,"d44c0ea3":70,"68f87858":70,"533bac6b":70,"41634dba":70,"43fd1327":70,"113e7f4b":70,"8cce569a":70,"ce6401b6":70,"6f57824c":70,"28bd7aa1":70,"1d52fb0d":70,"cde0d748":70,"535ed444":70,"710f0d0e":70,"0905f1fb":70,"9c27de51":70,"38a75b48":70,"1792bfa3":70,"426f1904":70,"7c0f1ca9":70,"b2f820ac":70,"3b3569f6":70,"b01ab62a":70,"76da16fa":70,"bffee581":70,"07150038":70,"080fa362":70,"7b6945ad":70,"a40d08e1":70,"cec79bc2":70,"d2eff358":70,"e70aebb5":70,"a488b2f1":70,"f1e86522":70,"4caa87d6":70,"fa03f48f":70,"f7076e21":70,"69e653b6":70,"5298dafa":70,"98d2991b":70,"25f7f918":70,"c5311ebb":70,"3b411d6a":70,"105bb3f6":70,"83826ef3":70,"595609d5":70,"58de5462":70,"b47f1b89":70,"f01c896d":70,"1f2670d0":70,"8e6caf71":70,"962c9c8f":70,"9a3433b8":70,"aec0bf28":70,"b89112cb":70,"66736d5e":70,"a017a323":70,"8801c469":70,"30de89a7":70,"b6281f1a":70,"06aaa33f":70,"48c6df81":70,"320c65bf":70,"1fa1e7c2":70,"5e165f43":70,"f8785b71":70,"646af2b9":70,"659389ad":70,"ab4a411a":70,"d7a4b24c":70,"240c8679":70,"25d4f65d":70,"eddb6a2a":70,"ff8a00aa":70,"c146560b":70,"985068e7":70,"d543ba6f":70,"5d3f5cad":70,"cf347cba":70,"fc0c23f7":70,"641f9b9e":70,"c92edec5":70,"9f03c1e7":70,"06c24a8d":70,"2f35e75f":70,"3eddf7c8":70,"77970f8b":70,"efd594d5":70,"4718294d":70,"5352cf45":70,"e0ffe8ff":70,"ae14d6b5":70,"721f5f42":70,"0b50bca6":70,"bf2ca266":70,"5d8d9641":70,"0de67c6c":70,"2311399f":70,"5e3ebf5e":70,"9f6ca218":70,"6213799d":70,"44cb1fd2":70,"baf19c25":70,"24a79a6e":70,"edde30af":70,"a20e529c":70,"1ae76fcc":70,"35b161d3":70,"344cd1a3":70,"77ea1236":70,"96d2a118":70,"23a0e41f":70,"b32a1080":70,"a2c4b591":70,"6dfa57be":70,"1854ce44":70,"f92b22f1":70,"ece12664":70,"36f4ecde":70,"568a0d58":70,"5fd569d2":70,"10c8fd03":70,"bd4ccb49":70,"e773d697":70,"7e8c11e7":70,"077eb15a":70,"5337c279":70,"8d256cb6":70,"7021c619":70,"32ae00db":70,"bf2defb2":70,"bc733a28":70,"30d32d34":70,"886c16d3":70,"e8d09b62":70,"4d949e11":70,"df12f689":70,"1da10cbf":70,"832c48e4":70,"dc90a44c":70,"1ad7c45b":70,"5566c17c":70,"86a22252":70,"0000dece":70,"ce5efdbe":70,"58ace2b5":70,"d379fd96":70,"7b819458":70,"7f8024cd":70,"ae562513":70,"7b66dacd":70,"9ab137d7":70,"7191d1cd":70,"005354dd":70,"686d5c0b":70,"0718c3be":70,"8b503f7b":70,"f15eb1c5":70,"71789493":70,"87a8523c":70,"c416baa6":70,"5ac72353":70,"ae350a07":70,"d1b14d06":70,"680a32a6":70,"f6c074a7":70,"83ba647d":70,"ffd6849d":70,"cb0bd6b7":70,"8e426e39":70,"962fca02":70,"51909df8":70,"75968179":70,"e22b0973":70,"bc8bdc23":70,"a71f3f70":70,"23646ff9":70,"1f7aa83c":70,"3abb827b":70,"732d62ee":70,"0c73c293":70,"d4b0751c":70,"88929b06":70,"08c4692e":70,"5b01444b":70,"5b2479ef":70,"79995b62":70,"1d882c36":70,"eb62e8f2":70,"97160db8":70,"589f0d6e":70,"51b4016a":70,"808bc372":70,"46bf9112":70,"c792a7c1":70,"092ad3d6":70,"5a7da061":70,"bf940089":70,"06a94514":70,"01f34f98":70,"73c420df":70,"1670b0d3":70,"ec97d63e":70,"0700da70":70,"94208a41":70,"ff591765":70,"2cbcad17":70,"93f12198":70,"4dccb5ca":70,"62e270e5":70,"66b1b6d7":70,"83268abf":70,"578c4c95":70,"b062adc4":70,"c606b472":70,"4aae5133":70,"63a3af32":70,"3fec4b0b":70,"faa3de3e":70,"44983d13":70,"80999122":70,"72af9198":70,"e39e9552":70,"81c1b70d":70,"e72f0f82":70,"88374b72":70,"fdfaf1ed":70,"ea981bed":70,"5e197575":70,"e587c4d0":70,"525b2635":70,"caa38a45":70,"a9987a58":70,"b6b8e5c7":70,"e82177d3":70,"89914b94":70,"04bdf5e1":70,"da8b42be":70,"3b0576bf":70,"9458934f":70,"1dcc489c":70,"945badf3":70,"1327775b":70,"bdd40125":70,"9666b973":70,"653b27c7":70,"83b37fd6":70,"4d852788":70,"e43a9448":70,"3542b748":70,"379c53ab":70,"e396d80d":70,"7da61f27":70,"dc874a97":70,"85a220de":70,"40a7cdd2":70,"ac033c7b":70,"87759976":70,"4df3f62e":70,"c881a53e":70,"80c1c8b1":70,"cf52acd8":70,"a63cb4ce":70,"d3b3492b":70,"75fd47f7":70,"1c52a07e":70,"e70ccc25":70,"afd1494f":70,"ca6bffd3":70,"829c44a4":70,"e76e2617":70,"2b4fd52e":70,"57162572":70,"d1d50cfe":70,"7580cfa4":70,"22a96386":70,"5c672b50":70,"5df16440":70,"b666e56d":70,"8db378ff":70,"784d6375":70,"4541bf85":70,"a6b13f20":70,"2459c882":70,"3df97186":70,"ef0490de":70,"e0f47ced":70,"309bbf54":70,"cc537772":70,"6618390c":70,"99cc0813":70,"dc32c4e1":70,"239c636e":70,"6ee160ff":70,"c55d40ca":70,"22c177a8":70,"00ae883f":70,"f416ee62":70,"0d2b182d":70,"320754c3":70,"232b2f64":70,"3171b6e7":70,"3b25460f":70,"d2064756":70,"272e7d0d":70,"f92596ee":70,"68831ea9":70,"9713d076":70,"fd098272":70,"6ee788a7":70,"8249641d":70,"45b0968f":70,"6a9bb182":70,"1f1afd4f":70,"25fb8826":70,"0dc5da58":70,"2874a625":70,"e61ae828":70,"f7ac3883":70,"ccd01528":70,"dab8cf68":70,"f7ffcbb8":70,"00f2a9cb":70,"916fe082":70,"b64dba8e":70,"c3bb30ce":70,"86219c70":70,"601990d8":70,"5c662c19":70,"d2a5d2fd":70,"89d220c2":70,"3e10c9cb":70,"5500a3e8":70,"3c0e87ac":70,"a891461f":70,"a246cdab":70,"117c7f0b":70,"0d21cf99":70,"14e6fe14":70,"37ec5e73":70,"bfff7913":70,"f8636899":70,"37724339":70,"d45d9727":70,"ee5ff2a3":70,"44322dfd":70,"295e4d1d":70,"8cf6570a":70,"403064a0":70,"312af46e":70
1601327035759,"b5a9f8c3":70,"fcbc0ae8":70,"2ff6b6a8":70,"66a71cc1":70,"bf4b58e4":70,"5728f934":70,"00b26865":70,"c333337d":70,"815c56bc":70,"5bd61a68":70,"8582c5cf":70,"0c353665":70,"231e8700":70,"1f9fbd85":70,"43f24679":70,"a1c0dfc4":70,"78f71162":70,"4b27a9a4":70,"163f4d19":70,"1d043d5a":70,"b2f82e06":70,"5b0b43e6":70,"b5474d69":70,"5a938eeb":70,"4fe0dedf":70,"951fc6d0":70,"61892a4c":70,"f096219e":70,"a3f0a6ec":70,"01051f84":70,"aa7e370d":70,"f995eeab":70,"4006e709":70,"0dedf63e":70,"a9d5374b":70,"4321f02d":70,"089b3f8f":70,"7698d0dc":70,"784414ce":70,"2df3efdb":70,"d0f1b7bd":70,"e7799883":70,"4f9456cf":70,"6e260ee8":70,"f4f84279":70,"b0950de5":70,"6f873999":70,"1f4e0e22":70,"60d69311":70,"3b09f1de":70,"b371f44a":70,"8b6180ff":70,"8819ac24":70,"dbbf7f69":70,"dfe4a061":70,"c2bf7d51":70,"781afef6":70,"a8edfe84":70,"2ed19b1e":70,"959e16ea":70,"02f76c64":70,"5c6d1f33":70,"b4801cae":70,"c3c2fd05":70,"f8c97147":70,"c2526ff3":70,"cc386067":70,"a22ffd8f":70,"3cd28a4d":70,"44a12c31":70,"45a961ca":70,"5ca978fd":70,"668e601b":70,"7552d86c":70,"02ebf3b6":70,"bb17a968":70,"4abcb85d":70,"cba26072":70,"2a718dcc":70,"c6a9a8e1":70,"88854fd0":70,"8dc27d2a":70,"41d7f05d":70,"2b851827":70,"9f428a03":70,"4d504d96":70,"de9229a0":70,"99a5feef":70,"f6266388":70,"e64fd39c":70,"e1b3ce36":70,"625fa164":70,"0c6ae551":70,"e8f4c1dd":70,"cede8b8c":70,"ad95ff4a":70,"893a99c5":70,"d8bf32b5":70,"0eb42efe":70,"03c4ab87":70,"4e3d3af7":70,"3a4803a8":70,"f7a7de5d":70,"d4e56c3e":70,"0c045c2d":70,"8efd4801":70,"7eb8f268":70,"20236d3e":70,"36ae8cd8":70,"3ddd5391":70,"07f69c6d":70,"2254f0f5":70,"ea282e84":70,"6653c83b":70,"c896052c":70,"287ecd1c":70,"f9376d3e":70,"07a94e8c":70,"bb017b49":70,"0533ece1":70,"bcee2ef3":70,"0afba00c":70,"04ff8100":70,"6c00d8d6":70,"ac9a02bc":70,"acfe69ed":70,"426603ff":70,"2db2f252":70,"2e84193b":70,"c55683c9":70,"51233daf":70,"02791635":70,"be081247":70,"5cc47d1b":70,"678b846f":70,"b4bd39d8":70,"b4cdbe5d":70,"fa0386f3":70,"b95d0f17":70,"cee9c347":70,"37b52fe4":70,"61ad1519":70,"819c4185":70,"ba69b06b":70,"7d2a2cb4":70,"4f62491c":70,"70b4c438":70,"71ed93db":70,"c92efaa8":70,"c241ac7e":70,"62a45672":70,"210e507a":70,"ac6e268b":70,"742238e8":70
1601327037060,"7800e7ce":71,"77869ff0":71,"4b8f7b16":71,"89f75690":71,"cb363e2f":71,"cd802f02":71,"d3cca7eb":71,"e866a899":71,"5690e712":71,"0b92d2a9":71,"070bed95":71,"67e5d108":71,"3d37b94b":71,"842c97c2":71,"c4cef92b":71,"0eecdc5b":71,"b7e495ea":71,"45ec63c0":71,"0ddfde2c":71,"a8b41774":71,"81f0da2d":71,"1fcc8ba4":71,"75a9c117":71,"12ba54ec":71,"be391c1a":71,"37d8a5b7":71,"d5ab81c4":71,"2ecde685":71,"f0bd52d3":71,"dcc20f76":71,"666a8ef0":71
1601327037486,"d5d94481":71,"ffe48500":71,"c7a45a33":71,"faffe099":71,"e99490cd":71,"3b830769":71,"583f0305":71,"1557c50a":71,"249e80ab":71,"f52a3d94":71,"eb74d3dd":71,"3bcbc28d":71,"3c0455e7":71,"df203c79":71,"df1e1ac0":71,"491708eb":71,"e421caaa":71,"2d2ecf27":71,"d38a4953":71,"eba5efdd":71,"a5463f93":71,"c85ac4f8":71,"bc253f4f":71,"0d9d2bf8":71,"846b7f11":71,"d3411467":71,"1df0ce7f":71,"a08171d0":71,"c8bc5677":71,"dfca0518":71,"b9a21017":71,"e47705d3":71,"3cae4115":71,"0ccf4731":71,"c7c6782d":71,"54346574":71,"b12cbf87":71,"81942d9b":71,"699b90c1":71,"d9b5a7a8":71,"1e7914d2":71,"e5d8fdb2":71,"3412ab75":71,"bcac5daf":71,"62d028cc":71,"0af2cf39":71,"27491297":71,"d041ea86":71,"1eda11b2":71,"fc442678":71,"c5b609f1":71,"4dc5849a":71,"d605c755":71,"8a8c1d67":71,"cc6b3306":71,"8c2dfd9a":71,"f11267b9":71,"a483b15e":71,"f80ab49d":71,"95eaed39":71,"a5ba0ebb":71,"f53362a9":71,"1901ef7e":71,"960c2e6b":71,"3515e999":71,"d11f8f1b":71,"9d9eb027":71,"325f9a29":71,"503aafe5":71,"080d5d42":71,"5d03f5dc":71,"f0a01341":71,"1ee4d9f9":71,"0d6e45e7":71,"0da97151":71,"e829038c":71,"4987cfb5":71,"ba90687c":71,"77f2cf92":71,"037e2be4":71,"9e7dbd20":71,"0c086273":71,"ac13c3b0":71,"b4d9c57f":71,"5d53c964":71,"8ee9cc91":71,"4cc0af91":71,"55f6a2ba":71,"9559ea96":71,"9cb044bf":71,"16b25add":71,"80ee333e":71,"3b329af2":71,"1cd662bf":71,"72992b35":71,"47589344":71,"593b1533":71,"e9f6e5ce":71,"ed6bead5":71,"96f594b9":71,"94dfcfc5":71,"8301986e":71,"830ecfec":71,"a8bae791":71,"312009ee":71,"c98759fd":71,"e8b6d676":71,"18c73816":71,"e491161e":71,"b5087677":71,"16f60bed":71,"cb0c3481":71,"7664512c":71,"df9a53b8":71,"f6c27b2b":71,"45ee5840":71,"76f04033":71,"43480b19":71,"fd955858":71,"69798d15":71,"efea71fa":71,"fb3aa867":71,"c9cf710b":71,"fcacdeb3":71,"0ea055ed":71,"e3b1bdf8":71,"644b45fb":71,"590ce3d3":71,"5b09e53e":71,"da5bb0f7":71,"6d925c84":71,"50b23ab2":71,"edfa56d4":71,"899c16eb":71,"41c76041":71,"6bb1fa99":71,"d73ff72e":71,"945f6c24":71,"f1daea7e":71,"b8fb90e3":71,"56227e35":71,"0d6bf22a":71,"b87321d0":71,"43205b5d":71,"8982905a":71,"f6fe1ad7":71,"230064fa":71,"764e0abb":71,"bba6d88e":71,"ea3479ec":71,"32266fa3":71,"50b090c3":71,"8be24763":71,"eb4800b2":71,"6e0ce9dc":71,"87d9bec4":71,"e30dfa0c":71,"6da34174":71,"bfb849fa":71,"0a10b423":71,"9ef7cee7":71,"49f1a0d1":71,"5f04aa76":71,"ba297382":71,"0287db2a":71,"96abe4a9":71,"753b10b1":71,"cf14bd99":71,"782022f4":71,"322e833f":71,"ab3619e4":71,"106006ad":71,"c8237be9":71,"1416e8f5":71,"61c0ca91":71,"3b3569f6":71,"b01ab62a":71,"76da16fa":71,"bffee581":71,"d2fda7be":71,"ce20ca3c":71,"1d2d958b":71,"81fb6a01":71,"7f5b27c8":71,"fb3444d9":71,"f05de640":71,"1802d7ce":71,"0a49914b":71,"5d3f5cad":71,"cf347cba":71,"fc0c23f7":71,"641f9b9e":71,"c92edec5":71,"9f03c1e7":71,"06c24a8d":71,"2f35e75f":71,"3eddf7c8":71,"77970f8b":71,"efd594d5":71,"4718294d":71,"5352cf45":71,"e0ffe8ff":71,"ae14d6b5":71,"721f5f42":71,"0b50bca6":71,"bf2ca266":71,"5d8d9641":71,"0de67c6c":71,"2311399f":71,"5e3ebf5e":71,"9f6ca218":71,"6213799d":71,"44cb1fd2":71,"baf19c25":71,"24a79a6e":71,"edde30af":71,"4d949e11":71,"df12f689":71,"1da10cbf":71,"832c48e4":71,"dc90a44c":71,"1ad7c45b":71,"5566c17c":71,"86a22252":71,"0000dece":71,"86a68967":71,"56cd4dca":71,"7f469f4c":71,"f92dedfc":71,"355d1489":71,"f96fc1af":71,"06713bac":71,"61aca924":71,"d97fb857":71,"59ff5ec6":71,"ef04e64e":71,"6e2d04de":71,"2fca1798":71,"05028839":71,"5488826c":71,"84fff5c1":71,"c649992d":71,"d5ad3ed6":71,"8e5f7187":71,"55ba7579":71,"b7769ca6":71,"9c27de51":71,"38a75b48":71,"1792bfa3":71,"dde2eed5":71,"a208caa8":71,"16605353":71,"77b39e15":71,"f1726edb":71,"92b72493":71,"d3e58903":71,"4481c4be":71,"7954891b":71,"4afd60a9":71,"d44c0ea3":71,"68f87858":71,"533bac6b":71,"41634dba":71,"43fd1327":71,"113e7f4b":71,"8cce569a":71,"ce6401b6":71,"6f57824c":71,"28bd7aa1":71,"1d52fb0d":71,"cde0d748":71,"426f1904":71,"7c0f1ca9":71,"ce5efdbe":71,"58ace2b5":71,"d379fd96":71,"7b819458":71,"7f8024cd":71,"ae562513":71,"7b66dacd":71,"9ab137d7":71,"7191d1cd":71,"005354dd":71,"b2f820ac":71,"25d4f65d":71,"eddb6a2a":71,"ff8a00aa":71,"c146560b":71,"985068e7":71,"d543ba6f":71,"07150038":71,"080fa362":71,"7b6945ad":71,"a40d08e1":71,"cec79bc2":71,"d2eff358":71,"e70aebb5":71,"a488b2f1":71,"4caa87d6":71,"f7076e21":71,"69e653b6":71,"98d2991b":71,"f1e86522":71,"3b411d6a":71,"fa03f48f":71,"83826ef3":71,"5298dafa":71,"595609d5":71,"25f7f918":71,"b47f1b89":71,"c5311ebb":71,"8e6caf71":71,"105bb3f6":71,"9a3433b8":71,"58de5462":71,"f01c896d":71,"b89112cb":71,"1f2670d0":71,"66736d5e":71,"30de89a7":71,"962c9c8f":71,"aec0bf28":71,"06aaa33f":71,"320c65bf":71,"a017a323":71,"1fa1e7c2":71,"8801c469":71,"646af2b9":71,"b6281f1a":71,"48c6df81":71,"659389ad":71,"240c8679":71,"5e165f43":71,"f8785b71":71,"0718c3be":71,"ab4a411a":71,"8b503f7b":71,"d7a4b24c":71,"87a8523c":71,"686d5c0b":71,"c416baa6":71,"f15eb1c5":71,"ae350a07":71,"71789493":71,"680a32a6":71,"535ed444":71,"710f0d0e":71,"0905f1fb":71,"a20e529c":71,"1ae76fcc":71,"35b161d3":71,"344cd1a3":71,"77ea1236":71,"96d2a118":71,"23a0e41f":71,"b32a1080":71,"a2c4b591":71,"6dfa57be":71,"1854ce44":71,"f92b22f1":71,"ece12664":71,"36f4ecde":71,"568a0d58":71,"5fd569d2":71,"10c8fd03":71,"bd4ccb49":71,"e773d697":71,"7e8c11e7":71,"077eb15a":71,"5337c279":71,"8d256cb6":71,"7021c619":71,"32ae00db":71,"bf2defb2":71,"bc733a28":71,"30d32d34":71,"886c16d3":71,"e8d09b62":71,"83ba647d":71,"5ac72353":71,"cb0bd6b7":71,"d1b14d06":71,"8e426e39":71,"f6c074a7":71,"51909df8":71,"ffd6849d":71,"e22b0973":71,"962fca02":71,"23646ff9":71,"75968179":71,"bc8bdc23":71,"3abb827b":71,"a71f3f70":71,"0c73c293":71,"1f7aa83c":71,"88929b06":71,"08c4692e":71,"732d62ee":71,"d4b0751c":71,"5b2479ef":71,"5b01444b":71,"1d882c36":71,"eb62e8f2":71,"79995b62":71,"97160db8":71,"589f0d6e":71,"51b4016a":71,"46bf9112":71,"092ad3d6":71,"bf940089":71,"01f34f98":71,"1670b0d3":71,"ec97d63e":71,"808bc372":71,"c792a7c1":71,"94208a41":71,"2cbcad17":71,"5a7da061":71,"06a94514":71,"4dccb5ca":71,"73c420df":71,"83268abf":71,"578c4c95":71,"0700da70":71,"ff591765":71,"c606b472":71,"93f12198":71,"62e270e5":71,"66b1b6d7":71,"b062adc4":71,"4aae5133":71,"63a3af32":71,"3fec4b0b":71
1601327037833,"f7ffcbb8":71,"5728f934":71,"00b26865":71,"c333337d":71,"815c56bc":71,"5bd61a68":71,"8582c5cf":71,"0c353665":71,"231e8700":71,"1f9fbd85":71,"43f24679":71,"a1c0dfc4":71,"78f71162":71,"4b27a9a4":71,"163f4d19":71,"1d043d5a":71,"b2f82e06":71,"5b0b43e6":71,"b5474d69":71,"5a938eeb":71,"4fe0dedf":71,"951fc6d0":71,"61892a4c":71,"272e7d0d":71,"f92596ee":71,"68831ea9":71,"9713d076":71,"fd098272":71,"6ee788a7":71,"8249641d":71,"45b0968f":71,"6a9bb182":71,"1f1afd4f":71,"25fb8826":71,"0dc5da58":71,"2874a625":71,"e61ae828":71,"f096219e":71,"a3f0a6ec":71,"01051f84":71,"aa7e370d":71,"f995eeab":71,"4006e709":71,"0dedf63e":71,"a9d5374b":71,"4321f02d":71,"089b3f8f":71,"7698d0dc":71,"784414ce":71,"2df3efdb":71,"d0f1b7bd":71,"e7799883":71,"4f9456cf":71,"6e260ee8":71,"faa3de3e":71,"44983d13":71,"80999122":71,"72af9198":71,"e39e9552":71,"81c1b70d":71,"e72f0f82":71,"88374b72":71,"fdfaf1ed":71,"ea981bed":71,"5e197575":71,"e587c4d0":71,"525b2635":71,"caa38a45":71,"a9987a58":71,"b6b8e5c7":71,"e82177d3":71,"89914b94":71,"04bdf5e1":71,"da8b42be":71,"3b0576bf":71,"9458934f":71,"1dcc489c":71,"945badf3":71,"1327775b":71,"bdd40125":71,"75fd47f7":71,"1c52a07e":71,"e70ccc25":71,"afd1494f":71,"ca6bffd3":71,"829c44a4":71,"e76e2617":71,"2b4fd52e":71,"57162572":71,"d1d50cfe":71,"f4f84279":71,"b0950de5":71,"6f873999":71,"1f4e0e22":71,"60d69311":71,"3b09f1de":71,"b371f44a":71,"8b6180ff":71,"8819ac24":71,"dbbf7f69":71,"f7ac3883":71,"ccd01528":71,"dab8cf68":71,"00f2a9cb":71,"916fe082":71,"b64dba8e":71,"c3bb30ce":71,"86219c70":71,"601990d8":71,"5c662c19":71,"d2a5d2fd":71,"89d220c2":71,"3e10c9cb":71,"5500a3e8":71,"3c0e87ac":71,"a891461f":71,"a246cdab":71,"117c7f0b":71,"0d21cf99":71,"14e6fe14":71,"37ec5e73":71,"bfff7913":71,"f8636899":71,"37724339":71,"d45d9727":71,"ee5ff2a3":71,"44322dfd":71,"295e4d1d":71,"8cf6570a":71,"403064a0":71,"312af46e":71,"b5a9f8c3":71,"dfe4a061":71,"c2bf7d51":71,"781afef6":71,"de9229a0":71,"99a5feef":71,"f6266388":71,"e64fd39c":71,"e1b3ce36":71,"625fa164":71,"9666b973":71,"653b27c7":71,"83b37fd6":71,"4d852788":71,"e43a9448":71,"3542b748":71,"379c53ab":71,"e396d80d":71,"7da61f27":71,"dc874a97":71,"85a220de":71,"40a7cdd2":71,"ac033c7b":71,"87759976":71,"4df3f62e":71,"c881a53e":71,"80c1c8b1":71,"cf52acd8":71,"a63cb4ce":71,"d3b3492b":71,"7580cfa4":71,"22a96386":71,"5c672b50":71,"5df16440":71,"b666e56d":71,"0c6ae551":71,"e8f4c1dd":71,"cede8b8c":71,"ad95ff4a":71,"893a99c5":71,"d8bf32b5":71,"0eb42efe":71,"03c4ab87":71,"4e3d3af7":71,"3a4803a8":71,"f7a7de5d":71,"fcbc0ae8":71,"2ff6b6a8":71,"66a71cc1":71,"bf4b58e4":71,"d4e56c3e":71,"0c045c2d":71,"8efd4801":71,"7eb8f268":71,"20236d3e":71,"36ae8cd8":71,"3ddd5391":71,"07f69c6d":71,"2254f0f5":71,"ea282e84":71,"6653c83b":71,"c896052c":71,"287ecd1c":71,"f9376d3e":71,"a8edfe84":71,"2ed19b1e":71,"959e16ea":71,"02f76c64":71,"5c6d1f33":71,"b4801cae":71,"c3c2fd05":71,"f8c97147":71,"c2526ff3":71,"cc386067":71,"a22ffd8f":71,"3cd28a4d":71,"44a12c31":71,"45a961ca":71,"5ca978fd":71,"668e601b":71,"7552d86c":71,"02ebf3b6":71,"bb17a968":71,"4abcb85d":71,"cba26072":71,"2a718dcc":71,"c6a9a8e1":71,"88854fd0":71,"8dc27d2a":71,"41d7f05d":71,"2b851827":71,"9f428a03":71,"4d504d96":71,"0533ece1":71,"bcee2ef3":71,"07a94e8c":71,"bb017b49":71,"37b52fe4":71,"61ad1519":71,"819c4185":71,"ba69b06b":71,"7d2a2cb4":71,"4f62491c":71,"70b4c438":71,"71ed93db":71,"c92efaa8":71,"c241ac7e":71,"62a45672":71,"210e507a":71,"ac6e268b":71,"742238e8":71,"8db378ff":71,"784d6375":71,"4541bf85":71,"a6b13f20":71,"2459c882":71,"3df97186":71,"ef0490de":71,"e0f47ced":71,"309bbf54":71,"cc537772":71,"6618390c":71,"99cc0813":71,"dc32c4e1":71,"239c636e":71,"6ee160ff":71,"c55d40ca":71,"22c177a8":71,"00ae883f":71,"f416ee62":71,"0d2b182d":71,"320754c3":71,"232b2f64":71,"3171b6e7":71,"3b25460f":71,"d2064756":71,"0afba00c":71,"04ff8100":71,"6c00d8d6":71,"ac9a02bc":71,"acfe69ed":71,"426603ff":71,"2db2f252":71,"2e84193b":71,"c55683c9":71,"51233daf":71,"02791635":71,"be081247":71,"5cc47d1b":71,"678b846f":71,"b4bd39d8":71,"b4cdbe5d":71,"fa0386f3":71,"b95d0f17":71,"cee9c347":71
1601327039742,"7800e7ce":72,"77869ff0":72,"4b8f7b16":72,"89f75690":72,"cb363e2f":72,"cd802f02":72,"d3cca7eb":72,"e866a899":72,"5690e712":72,"0b92d2a9":72,"070bed95":72,"67e5d108":72,"3d37b94b":72,"d5d94481":72,"ffe48500":72,"c7a45a33":72,"faffe099":72,"e99490cd":72,"3b830769":72,"842c97c2":72,"c4cef92b":72,"0eecdc5b":72,"b7e495ea":72,"45ec63c0":72,"0ddfde2c":72,"a8b41774":72,"81f0da2d":72,"1fcc8ba4":72,"75a9c117":72,"12ba54ec":72,"be391c1a":72,"37d8a5b7":72,"d5ab81c4":72,"2ecde685":72,"f0bd52d3":72,"dcc20f76":72,"666a8ef0":72,"c5b609f1":72,"4dc5849a":72,"d605c755":72,"8a8c1d67":72,"cc6b3306":72,"8c2dfd9a":72,"f11267b9":72,"a483b15e":72,"f80ab49d":72,"95eaed39":72,"a5ba0ebb":72,"f53362a9":72,"1901ef7e":72,"960c2e6b":72,"3515e999":72,"d11f8f1b":72,"9d9eb027":72,"325f9a29":72,"503aafe5":72,"18c73816":72,"e491161e":72,"b5087677":72,"16f60bed":72,"cb0c3481":72,"7664512c":72,"df9a53b8":72,"f6c27b2b":72,"945f6c24":72,"f1daea7e":72,"b8fb90e3":72,"56227e35":72,"0d6bf22a":72,"b87321d0":72,"43205b5d":72,"8982905a":72,"f6fe1ad7":72,"230064fa":72,"764e0abb":72,"bba6d88e":72,"ea3479ec":72,"32266fa3":72,"50b090c3":72,"8be24763":72,"eb4800b2":72,"6e0ce9dc":72,"080d5d42":72,"5d03f5dc":72,"f0a01341":72,"1ee4d9f9":72,"0d6e45e7":72,"0da97151":72,"e829038c":72,"4987cfb5":72,"ba90687c":72,"77f2cf92":72,"037e2be4":72,"9e7dbd20":72,"0c086273":72,"ac13c3b0":72,"b4d9c57f":72,"5d53c964":72,"8ee9cc91":72,"87d9bec4":72,"e30dfa0c":72,"6da34174":72,"bfb849fa":72,"0a10b423":72
1601327039968,"583f0305":72,"1557c50a":72,"249e80ab":72,"f52a3d94":72,"eb74d3dd":72,"3bcbc28d":72,"3c0455e7":72,"df203c79":72,"df1e1ac0":72,"491708eb":72,"e421caaa":72,"2d2ecf27":72,"d38a4953":72,"eba5efdd":72,"a5463f93":72,"c85ac4f8":72,"bc253f4f":72,"0d9d2bf8":72,"846b7f11":72,"d3411467":72,"1df0ce7f":72,"a08171d0":72,"c8bc5677":72,"dfca0518":72,"b9a21017":72,"e47705d3":72,"3cae4115":72,"0ccf4731":72,"c7c6782d":72,"54346574":72,"b12cbf87":72,"81942d9b":72,"699b90c1":72,"d9b5a7a8":72,"1e7914d2":72,"e5d8fdb2":72,"3412ab75":72,"bcac5daf":72,"62d028cc":72,"0af2cf39":72,"27491297":72,"d041ea86":72,"1eda11b2":72,"fc442678":72,"4cc0af91":72,"55f6a2ba":72,"9559ea96":72,"9cb044bf":72,"16b25add":72,"80ee333e":72,"3b329af2":72,"1cd662bf":72,"72992b35":72,"47589344":72,"593b1533":72,"e9f6e5ce":72,"ed6bead5":72,"96f594b9":72,"94dfcfc5":72,"8301986e":72,"830ecfec":72,"a8bae791":72,"312009ee":72,"c98759fd":72,"e8b6d676":72,"45ee5840":72,"76f04033":72,"43480b19":72,"fd955858":72,"69798d15":72,"efea71fa":72,"fb3aa867":72,"c9cf710b":72,"fcacdeb3":72,"0ea055ed":72,"e3b1bdf8":72,"644b45fb":72,"590ce3d3":72,"1802d7ce":72,"0a49914b":72,"5d3f5cad":72,"cf347cba":72,"fc0c23f7":72,"641f9b9e":72,"c92edec5":72,"3b3569f6":72,"b01ab62a":72,"76da16fa":72,"bffee581":72,"07150038":72,"080fa362":72,"7b6945ad":72,"a40d08e1":72,"cec79bc2":72,"d2eff358":72,"e70aebb5":72,"a488b2f1":72,"4caa87d6":72,"f7076e21":72,"69e653b6":72,"98d2991b":72,"3b411d6a":72,"f1e86522":72,"83826ef3":72,"595609d5":72,"fa03f48f":72,"b47f1b89":72,"5298dafa":72,"25f7f918":72,"8e6caf71":72,"9a3433b8":72,"c5311ebb":72,"b89112cb":72,"105bb3f6":72,"58de5462":72,"66736d5e":72,"30de89a7":72,"f01c896d":72,"9f03c1e7":72,"06c24a8d":72,"2f35e75f":72,"3eddf7c8":72,"77970f8b":72,"efd594d5":72,"4718294d":72,"5352cf45":72,"e0ffe8ff":72,"ae14d6b5":72,"721f5f42":72,"0b50bca6":72,"bf2ca266":72,"5d8d9641":72,"0de67c6c":72,"2311399f":72,"5e3ebf5e":72,"9f6ca218":72,"6213799d":72,"44cb1fd2":72,"baf19c25":72,"24a79a6e":72,"edde30af":72,"4d949e11":72,"df12f689":72,"1da10cbf":72,"832c48e4":72,"dc90a44c":72,"1ad7c45b":72,"5566c17c":72,"86a22252":72,"0000dece":72,"ce5efdbe":72,"58ace2b5":72,"d379fd96":72,"7b819458":72,"7f8024cd":72,"ae562513":72,"06aaa33f":72,"1f2670d0":72,"320c65bf":72,"962c9c8f":72,"aec0bf28":72,"1fa1e7c2":72,"646af2b9":72,"a017a323":72,"659389ad":72,"8801c469":72,"240c8679":72,"b6281f1a":72,"48c6df81":72,"0718c3be":72,"5e165f43":72,"8b503f7b":72,"87a8523c":72,"f8785b71":72,"ab4a411a":72,"c416baa6":72,"d7a4b24c":72,"ae350a07":72,"686d5c0b":72,"680a32a6":72,"5b09e53e":72,"da5bb0f7":72,"6d925c84":72,"50b23ab2":72,"edfa56d4":72,"899c16eb":72,"41c76041":72,"6bb1fa99":72,"d73ff72e":72,"61c0ca91":72,"d2fda7be":72,"ce20ca3c":72,"1d2d958b":72,"81fb6a01":72,"7f5b27c8":72,"fb3444d9":72,"f05de640":72,"86a68967":72,"56cd4dca":72,"7f469f4c":72,"f92dedfc":72,"355d1489":72,"f96fc1af":72,"06713bac":72,"61aca924":72,"d97fb857":72,"59ff5ec6":72,"ef04e64e":72,"6e2d04de":72,"2fca1798":72,"05028839":72,"5488826c":72,"84fff5c1":72,"c649992d":72,"f15eb1c5":72,"83ba647d":72,"71789493":72,"cb0bd6b7":72,"5ac72353":72,"8e426e39":72,"d1b14d06":72,"51909df8":72,"f6c074a7":72,"e22b0973":72,"23646ff9":72,"ffd6849d":72,"962fca02":72,"3abb827b":72,"75968179":72,"0c73c293":72,"88929b06":72,"bc8bdc23":72,"a71f3f70":72,"08c4692e":72,"1f7aa83c":72,"5b2479ef":72,"732d62ee":72,"1d882c36":72,"eb62e8f2":72,"d4b0751c":72,"5b01444b":72,"79995b62":72,"97160db8":72,"7b66dacd":72,"9ab137d7":72,"7191d1cd":72,"005354dd":72,"589f0d6e":72,"51b4016a":72,"46bf9112":72,"092ad3d6":72,"bf940089":72,"01f34f98":72,"1670b0d3":72,"ec97d63e":72,"808bc372":72,"c792a7c1":72,"94208a41":72,"5a7da061":72,"2cbcad17":72,"4dccb5ca":72,"06a94514":72,"73c420df":72,"83268abf":72,"578c4c95":72,"0700da70":72,"ff591765":72,"c606b472":72,"93f12198":72,"62e270e5":72,"d5ad3ed6":72,"8e5f7187":72,"55ba7579":72,"b7769ca6":72,"9c27de51":72,"38a75b48":72,"1792bfa3":72,"426f1904":72,"7c0f1ca9":72,"b2f820ac":72,"25d4f65d":72,"eddb6a2a":72,"ff8a00aa":72,"c146560b":72,"985068e7":72,"d543ba6f":72,"66b1b6d7":72,"b062adc4":72,"4aae5133":72,"63a3af32":72,"3fec4b0b":72,"faa3de3e":72,"44983d13":72,"80999122":72,"72af9198":72,"e39e9552":72,"81c1b70d":72,"e72f0f82":72,"88374b72":72,"fdfaf1ed":72,"ea981bed":72,"5e197575":72,"e587c4d0":72,"525b2635":72,"caa38a45":72,"9ef7cee7":72,"49f1a0d1":72,"5f04aa76":72,"ba297382":72,"0287db2a":72,"96abe4a9":72,"753b10b1":72,"cf14bd99":72,"782022f4":72,"322e833f":72,"ab3619e4":72,"106006ad":72,"c8237be9":72,"1416e8f5":72,"dde2eed5":72,"a208caa8":72,"16605353":72,"77b39e15":72,"a9987a58":72,"b6b8e5c7":72,"e82177d3":72,"89914b94":72,"04bdf5e1":72,"da8b42be":72,"3b0576bf":72,"9458934f":72,"1dcc489c":72,"945badf3":72,"1327775b":72,"bdd40125":72,"f1726edb":72,"92b72493":72,"d3e58903":72,"4481c4be":72,"7954891b":72,"4afd60a9":72,"d44c0ea3":72,"68f87858":72,"533bac6b":72,"41634dba":72,"43fd1327":72,"113e7f4b":72,"8cce569a":72,"ce6401b6":72,"6f57824c":72,"28bd7aa1":72,"1d52fb0d":72,"cde0d748":72,"535ed444":72,"710f0d0e":72,"0905f1fb":72,"a20e529c":72,"1ae76fcc":72,"35b161d3":72,"75fd47f7":72,"344cd1a3":72,"77ea1236":72,"96d2a118":72,"23a0e41f":72,"b32a1080":72,"a2c4b591":72,"6dfa57be":72,"1854ce44":72,"f92b22f1":72,"ece12664":72,"36f4ecde":72,"568a0d58":72,"5fd569d2":72,"10c8fd03":72,"bd4ccb49":72,"e773d697":72,"7e8c11e7":72,"077eb15a":72,"5337c279":72,"8d256cb6":72,"7021c619":72,"32ae00db":72,"bf2defb2":72,"bc733a28":72,"30d32d34":72,"886c16d3":72,"e8d09b62":72,"1c52a07e":72,"e70ccc25":72,"afd1494f":72,"ca6bffd3":72,"829c44a4":72,"e76e2617":72,"2b4fd52e":72,"57162572":72,"d1d50cfe":72,"9666b973":72,"653b27c7":72,"83b37fd6":72,"4d852788":72,"e43a9448":72,"3542b748":72,"379c53ab":72,"e396d80d":72,"7da61f27":72,"dc874a97":72,"85a220de":72,"40a7cdd2":72,"ac033c7b":72,"87759976":72,"4df3f62e":72,"c881a53e":72,"80c1c8b1":72,"cf52acd8":72,"a63cb4ce":72,"d3b3492b":72,"7580cfa4":72,"22a96386":72,"5c672b50":72,"5df16440":72,"b666e56d":72,"8db378ff":72,"784d6375":72,"4541bf85":72,"a6b13f20":72,"2459c882":72,"3df97186":72,"ef0490de":72,"e0f47ced":72,"309bbf54":72,"cc537772":72,"6618390c":72,"272e7d0d":72,"f92596ee":72,"68831ea9":72,"9713d076":72,"fd098272":72,"6ee788a7":72,"8249641d":72,"45b0968f":72,"6a9bb182":72,"1f1afd4f":72,"25fb8826":72,"0dc5da58":72,"2874a625":72,"e61ae828":72,"f7ac3883":72,"ccd01528":72,"dab8cf68":72,"00f2a9cb":72,"916fe082":72,"b64dba8e":72,"c3bb30ce":72,"86219c70":72,"f7ffcbb8":72,"5728f934":72,"00b26865":72,"c333337d":72,"99cc0813":72,"dc32c4e1":72,"239c636e":72,"6ee160ff":72,"c55d40ca":72,"22c177a8":72,"00ae883f":72,"f416ee62":72,"0d2b182d":72,"320754c3":72,"232b2f64":72,"3171b6e7":72,"3b25460f":72,"d2064756":72,"601990d8":72,"5c662c19":72,"d2a5d2fd":72,"89d220c2":72,"3e10c9cb":72,"5500a3e8":72,"3c0e87ac":72,"a891461f":72,"a246cdab":72,"117c7f0b":72,"0d21cf99":72,"14e6fe14":72,"37ec5e73":72,"bfff7913":72,"f8636899":72,"37724339":72,"d45d9727":72,"ee5ff2a3":72,"44322dfd":72,"295e4d1d":72,"8cf6570a":72,"403064a0":72,"312af46e":72,"b5a9f8c3":72,"fcbc0ae8":72,"2ff6b6a8":72,"66a71cc1":72,"bf4b58e4":72,"815c56bc":72,"5bd61a68":72,"8582c5cf":72,"0c353665":72,"231e8700":72,"1f9fbd85":72,"43f24679":72,"a1c0dfc4":72,"78f71162":72,"4b27a9a4":72,"163f4d19":72,"1d043d5a":72,"b2f82e06":72,"5b0b43e6":72,"b5474d69":72,"5a938eeb":72,"4fe0dedf":72,"951fc6d0":72,"61892a4c":72,"f096219e":72,"a3f0a6ec":72,"01051f84":72,"aa7e370d":72,"f995eeab":72,"4006e709":72,"0dedf63e":72,"a9d5374b":72,"4321f02d":72,"089b3f8f":72,"7698d0dc":72,"784414ce":72,"2df3efdb":72,"d0f1b7bd":72,"e7799883":72,"4f9456cf":72,"6e260ee8":72
1601327040505,"f4f84279":72,"b0950de5":72,"6f873999":72,"1f4e0e22":72,"60d69311":72,"3b09f1de":72,"a8edfe84":72,"2ed19b1e":72,"959e16ea":72,"02f76c64":72,"5c6d1f33":72,"b4801cae":72,"c3c2fd05":72,"f8c97147":72,"c2526ff3":72,"cc386067":72,"a22ffd8f":72,"3cd28a4d":72,"44a12c31":72,"45a961ca":72,"5ca978fd":72,"668e601b":72,"7552d86c":72,"02ebf3b6":72,"bb17a968":72,"4abcb85d":72,"b371f44a":72,"8b6180ff":72,"8819ac24":72,"dbbf7f69":72,"dfe4a061":72,"c2bf7d51":72,"781afef6":72,"de9229a0":72,"99a5feef":72,"f6266388":72,"e64fd39c":72,"e1b3ce36":72,"625fa164":72,"0c6ae551":72,"e8f4c1dd":72,"cede8b8c":72,"cba26072":72,"2a718dcc":72,"c6a9a8e1":72,"88854fd0":72,"8dc27d2a":72,"41d7f05d":72,"2b851827":72,"9f428a03":72,"4d504d96":72,"0533ece1":72,"bcee2ef3":72,"0afba00c":72,"04ff8100":72,"6c00d8d6":72,"ac9a02bc":72,"acfe69ed":72,"426603ff":72,"2db2f252":72,"2e84193b":72,"c55683c9":72,"51233daf":72,"02791635":72,"be081247":72,"5cc47d1b":72,"678b846f":72,"b4bd39d8":72,"b4cdbe5d":72,"fa0386f3":72,"b95d0f17":72,"cee9c347":72,"ad95ff4a":72,"893a99c5":72,"d8bf32b5":72,"0eb42efe":72,"03c4ab87":72,"4e3d3af7":72,"3a4803a8":72,"f7a7de5d":72,"d4e56c3e":72,"0c045c2d":72,"8efd4801":72,"7eb8f268":72,"20236d3e":72,"36ae8cd8":72,"3ddd5391":72,"07f69c6d":72,"2254f0f5":72,"ea282e84":72,"6653c83b":72,"c896052c":72,"287ecd1c":72,"f9376d3e":72,"07a94e8c":72,"bb017b49":72,"37b52fe4":72,"61ad1519":72,"819c4185":72,"ba69b06b":72,"7d2a2cb4":72,"4f62491c":72,"70b4c438":72,"71ed93db":72,"c92efaa8":72,"c241ac7e":72,"62a45672":72,"210e507a":72,"ac6e268b":72,"742238e8":72
1601327042241,"d5d94481":73,"ffe48500":73,"c7a45a33":73,"faffe099":73,"e99490cd":73,"3b830769":73,"583f0305":73,"1557c50a":73,"249e80ab":73,"f52a3d94":73,"eb74d3dd":73,"3bcbc28d":73,"3c0455e7":73,"df203c79":73,"df1e1ac0":73,"491708eb":73,"e421caaa":73,"2d2ecf27":73,"d38a4953":73,"eba5efdd":73,"a5463f93":73,"c85ac4f8":73,"bc253f4f":73,"0d9d2bf8":73,"846b7f11":73,"d3411467":73,"1df0ce7f":73,"a08171d0":73,"18c73816":73,"e491161e":73,"b5087677":73,"16f60bed":73,"cb0c3481":73,"7664512c":73,"df9a53b8":73,"f6c27b2b":73,"945f6c24":73,"f1daea7e":73,"b8fb90e3":73,"4dc5849a":73,"d605c755":73,"8a8c1d67":73,"cc6b3306":73,"8c2dfd9a":73,"f11267b9":73,"a483b15e":73,"f80ab49d":73,"95eaed39":73,"a5ba0ebb":73,"f53362a9":73,"1901ef7e":73,"960c2e6b":73,"3515e999":73,"d11f8f1b":73,"9d9eb027":73,"325f9a29":73,"503aafe5":73,"56227e35":73,"0d6bf22a":73,"b87321d0":73,"7800e7ce":73,"77869ff0":73,"4b8f7b16":73,"89f75690":73,"cb363e2f":73,"cd802f02":73,"d3cca7eb":73,"e866a899":73,"5690e712":73,"0b92d2a9":73,"070bed95":73,"67e5d108":73,"3d37b94b":73,"842c97c2":73,"c4cef92b":73,"0eecdc5b":73,"b7e495ea":73,"45ec63c0":73,"0ddfde2c":73,"a8b41774":73,"81f0da2d":73,"1fcc8ba4":73,"75a9c117":73,"12ba54ec":73,"be391c1a":73,"37d8a5b7":73,"d5ab81c4":73,"2ecde685":73,"f0bd52d3":73,"dcc20f76":73,"666a8ef0":73,"c5b609f1":73,"43205b5d":73,"8982905a":73,"f6fe1ad7":73,"230064fa":73,"764e0abb":73,"bba6d88e":73,"ea3479ec":73,"32266fa3":73,"50b090c3":73,"8be24763":73,"eb4800b2":73,"6e0ce9dc":73,"87d9bec4":73,"e30dfa0c":73,"6da34174":73,"bfb849fa":73,"0a10b423":73,"9ef7cee7":73,"49f1a0d1":73,"5f04aa76":73,"ba297382":73,"0287db2a":73,"96abe4a9":73,"753b10b1":73,"cf14bd99":73,"782022f4":73,"322e833f":73,"ab3619e4":73,"106006ad":73,"c8237be9":73,"1416e8f5":73,"dde2eed5":73,"a208caa8":73,"16605353":73,"77b39e15":73,"f1726edb":73
1601327042741,"c8bc5677":73,"dfca0518":73,"b9a21017":73,"e47705d3":73,"3cae4115":73,"0ccf4731":73,"c7c6782d":73,"54346574":73,"b12cbf87":73,"81942d9b":73,"699b90c1":73,"d9b5a7a8":73,"1e7914d2":73,"e5d8fdb2":73,"3412ab75":73,"bcac5daf":73,"62d028cc":73,"0af2cf39":73,"27491297":73,"d041ea86":73,"1eda11b2":73,"fc442678":73,"92b72493":73,"d3e58903":73,"4481c4be":73,"7954891b":73,"4afd60a9":73,"d44c0ea3":73,"68f87858":73,"533bac6b":73,"41634dba":73,"43fd1327":73,"113e7f4b":73,"8cce569a":73,"ce6401b6":73,"6f57824c":73,"28bd7aa1":73,"45ee5840":73,"76f04033":73,"43480b19":73,"fd955858":73,"69798d15":73,"efea71fa":73,"fb3aa867":73,"c9cf710b":73,"fcacdeb3":73,"0ea055ed":73,"e3b1bdf8":73,"644b45fb":73,"1d52fb0d":73,"cde0d748":73,"535ed444":73,"710f0d0e":73,"080d5d42":73,"5d03f5dc":73,"f0a01341":73,"1ee4d9f9":73,"0d6e45e7":73,"0da97151":73,"e829038c":73,"4987cfb5":73,"ba90687c":73,"77f2cf92":73,"037e2be4":73,"9e7dbd20":73,"0c086273":73,"ac13c3b0":73,"b4d9c57f":73,"5d53c964":73,"8ee9cc91":73,"4cc0af91":73,"55f6a2ba":73,"9559ea96":73,"9cb044bf":73,"16b25add":73,"80ee333e":73,"3b329af2":73,"1cd662bf":73,"72992b35":73,"47589344":73,"593b1533":73,"e9f6e5ce":73,"ed6bead5":73,"96f594b9":73,"94dfcfc5":73,"8301986e":73,"830ecfec":73,"a8bae791":73,"312009ee":73,"c98759fd":73,"e8b6d676":73,"0905f1fb":73,"a20e529c":73,"1ae76fcc":73,"35b161d3":73,"344cd1a3":73,"77ea1236":73,"96d2a118":73,"23a0e41f":73,"b32a1080":73,"a2c4b591":73,"6dfa57be":73,"1854ce44":73,"f92b22f1":73,"ece12664":73,"36f4ecde":73,"568a0d58":73,"5fd569d2":73,"10c8fd03":73,"bd4ccb49":73,"e773d697":73,"7e8c11e7":73,"077eb15a":73,"5337c279":73,"8d256cb6":73,"7021c619":73,"32ae00db":73,"bf2defb2":73,"bc733a28":73,"30d32d34":73,"886c16d3":73,"e8d09b62":73,"590ce3d3":73,"1802d7ce":73,"0a49914b":73,"5d3f5cad":73,"cf347cba":73,"fc0c23f7":73,"641f9b9e":73,"c92edec5":73,"9f03c1e7":73,"06c24a8d":73,"2f35e75f":73,"3eddf7c8":73,"77970f8b":73,"efd594d5":73,"4718294d":73,"5352cf45":73,"e0ffe8ff":73,"ae14d6b5":73,"721f5f42":73,"0b50bca6":73,"bf2ca266":73,"5d8d9641":73,"0de67c6c":73,"2311399f":73,"5e3ebf5e":73,"9f6ca218":73,"6213799d":73,"44cb1fd2":73,"baf19c25":73,"24a79a6e":73,"edde30af":73,"4d949e11":73,"df12f689":73,"1da10cbf":73,"3b3569f6":73,"b01ab62a":73,"76da16fa":73,"bffee581":73,"07150038":73,"5b09e53e":73,"da5bb0f7":73,"6d925c84":73,"50b23ab2":73,"edfa56d4":73,"899c16eb":73,"41c76041":73,"6bb1fa99":73,"d73ff72e":73,"61c0ca91":73,"d2fda7be":73,"ce20ca3c":73,"1d2d958b":73,"81fb6a01":73,"7f5b27c8":73,"fb3444d9":73,"f05de640":73,"832c48e4":73,"dc90a44c":73,"1ad7c45b":73,"5566c17c":73,"86a22252":73,"0000dece":73,"ce5efdbe":73,"58ace2b5":73,"d379fd96":73,"7b819458":73,"7f8024cd":73,"ae562513":73,"7b66dacd":73,"9ab137d7":73,"7191d1cd":73,"005354dd":73,"86a68967":73,"56cd4dca":73,"7f469f4c":73,"f92dedfc":73,"355d1489":73,"f96fc1af":73,"06713bac":73,"61aca924":73,"d97fb857":73,"59ff5ec6":73,"ef04e64e":73,"6e2d04de":73,"2fca1798":73,"05028839":73,"5488826c":73,"84fff5c1":73,"c649992d":73,"d5ad3ed6":73,"8e5f7187":73,"55ba7579":73,"b7769ca6":73,"9c27de51":73,"38a75b48":73,"1792bfa3":73,"426f1904":73,"7c0f1ca9":73,"b2f820ac":73,"25d4f65d":73,"eddb6a2a":73,"ff8a00aa":73,"c146560b":73,"985068e7":73,"d543ba6f":73,"272e7d0d":73,"f92596ee":73,"68831ea9":73,"9713d076":73,"fd098272":73,"6ee788a7":73,"8249641d":73,"45b0968f":73,"6a9bb182":73,"1f1afd4f":73,"25fb8826":73,"0dc5da58":73,"2874a625":73,"e61ae828":73,"f7ac3883":73,"ccd01528":73,"dab8cf68":73,"00f2a9cb":73,"916fe082":73,"b64dba8e":73,"c3bb30ce":73,"86219c70":73,"601990d8":73,"5c662c19":73,"d2a5d2fd":73,"89d220c2":73,"3e10c9cb":73,"5500a3e8":73,"3c0e87ac":73,"a891461f":73,"a246cdab":73,"117c7f0b":73,"0d21cf99":73,"14e6fe14":73,"080fa362":73,"7b6945ad":73,"a40d08e1":73,"cec79bc2":73,"d2eff358":73,"e70aebb5":73,"a488b2f1":73,"4caa87d6":73,"f7076e21":73,"69e653b6":73,"f1e86522":73,"98d2991b":73,"fa03f48f":73,"3b411d6a":73,"5298dafa":73,"25f7f918":73,"83826ef3":73,"595609d5":73,"c5311ebb":73,"105bb3f6":73,"b47f1b89":73,"58de5462":73,"8e6caf71":73,"f01c896d":73,"9a3433b8":73,"b89112cb":73,"1f2670d0":73,"962c9c8f":73,"66736d5e":73,"30de89a7":73,"aec0bf28":73,"06aaa33f":73,"a017a323":73,"320c65bf":73,"8801c469":73,"1fa1e7c2":73,"b6281f1a":73,"48c6df81":73,"646af2b9":73,"659389ad":73,"5e165f43":73,"f8785b71":73,"240c8679":73,"0718c3be":73,"ab4a411a":73,"8b503f7b":73,"d7a4b24c":73,"686d5c0b":73,"87a8523c":73,"f15eb1c5":73,"c416baa6":73,"71789493":73,"ae350a07":73,"5ac72353":73,"680a32a6":73,"d1b14d06":73,"83ba647d":73,"cb0bd6b7":73,"f6c074a7":73,"37ec5e73":73,"bfff7913":73,"f8636899":73,"37724339":73,"d45d9727":73,"ee5ff2a3":73,"44322dfd":73,"295e4d1d":73,"8cf6570a":73,"403064a0":73,"312af46e":73,"b5a9f8c3":73,"fcbc0ae8":73,"2ff6b6a8":73,"66a71cc1":73,"bf4b58e4":73,"9666b973":73,"653b27c7":73,"83b37fd6":73,"4d852788":73,"e43a9448":73,"3542b748":73,"379c53ab":73,"e396d80d":73,"7da61f27":73,"dc874a97":73,"85a220de":73,"40a7cdd2":73,"ac033c7b":73,"87759976":73,"4df3f62e":73,"c881a53e":73,"80c1c8b1":73,"cf52acd8":73,"a63cb4ce":73,"d3b3492b":73,"7580cfa4":73,"8e426e39":73,"ffd6849d":73,"51909df8":73,"962fca02":73,"e22b0973":73,"75968179":73,"23646ff9":73,"bc8bdc23":73,"3abb827b":73,"a71f3f70":73,"1f7aa83c":73,"0c73c293":73,"732d62ee":73,"88929b06":73,"08c4692e":73,"d4b0751c":73,"5b01444b":73,"5b2479ef":73,"79995b62":73,"1d882c36":73,"eb62e8f2":73,"97160db8":73,"589f0d6e":73,"51b4016a":73,"808bc372":73,"c792a7c1":73,"46bf9112":73,"092ad3d6":73,"5a7da061":73,"bf940089":73,"06a94514":73,"73c420df":73,"01f34f98":73,"1670b0d3":73,"0700da70":73,"ff591765":73,"ec97d63e":73,"94208a41":73,"93f12198":73,"62e270e5":73,"2cbcad17":73,"4dccb5ca":73,"66b1b6d7":73,"83268abf":73,"b062adc4":73,"578c4c95":73,"4aae5133":73,"63a3af32":73,"c606b472":73,"3fec4b0b":73,"faa3de3e":73,"44983d13":73,"80999122":73,"72af9198":73,"e39e9552":73,"81c1b70d":73,"e72f0f82":73,"88374b72":73,"fdfaf1ed":73,"ea981bed":73,"5e197575":73,"e587c4d0":73,"525b2635":73,"caa38a45":73,"a9987a58":73,"b6b8e5c7":73,"e82177d3":73,"89914b94":73,"04bdf5e1":73,"da8b42be":73,"3b0576bf":73,"9458934f":73,"1dcc489c":73,"945badf3":73,"1327775b":73,"bdd40125":73,"75fd47f7":73,"1c52a07e":73,"e70ccc25":73,"afd1494f":73,"ca6bffd3":73,"829c44a4":73,"e76e2617":73,"2b4fd52e":73,"57162572":73,"d1d50cfe":73,"f7ffcbb8":73,"5728f934":73,"00b26865":73,"c333337d":73,"815c56bc":73,"5bd61a68":73,"8582c5cf":73,"0c353665":73,"231e8700":73,"1f9fbd85":73,"43f24679":73,"a1c0dfc4":73,"78f71162":73,"4b27a9a4":73,"163f4d19":73,"1d043d5a":73,"b2f82e06":73,"5b0b43e6":73,"b5474d69":73,"5a938eeb":73,"4fe0dedf":73,"951fc6d0":73,"61892a4c":73,"f096219e":73,"a3f0a6ec":73,"22a96386":73,"5c672b50":73,"5df16440":73,"b666e56d":73,"8db378ff":73,"784d6375":73,"4541bf85":73,"a6b13f20":73,"2459c882":73,"3df97186":73,"ef0490de":73,"e0f47ced":73,"309bbf54":73,"cc537772":73,"6618390c":73,"99cc0813":73,"dc32c4e1":73,"239c636e":73,"6ee160ff":73,"c55d40ca":73,"22c177a8":73,"00ae883f":73,"f416ee62":73,"0d2b182d":73,"320754c3":73,"232b2f64":73,"3171b6e7":73,"3b25460f":73,"d2064756":73,"01051f84":73,"aa7e370d":73,"f995eeab":73,"4006e709":73,"0dedf63e":73,"a9d5374b":73,"4321f02d":73,"089b3f8f":73,"7698d0dc":73,"784414ce":73,"2df3efdb":73,"d0f1b7bd":73,"e7799883":73,"4f9456cf":73,"6e260ee8":73,"f4f84279":73,"b0950de5":73,"6f873999":73,"1f4e0e22":73,"60d69311":73,"3b09f1de":73,"b371f44a":73,"8b6180ff":73,"8819ac24":73,"dbbf7f69":73,"a8edfe84":73,"2ed19b1e":73,"959e16ea":73,"02f76c64":73,"5c6d1f33":73,"b4801cae":73,"c3c2fd05":73,"f8c97147":73,"c2526ff3":73,"cc386067":73,"a22ffd8f":73,"3cd28a4d":73,"44a12c31":73,"45a961ca":73,"5ca978fd":73,"668e601b":73,"dfe4a061":73,"c2bf7d51":73,"781afef6":73,"de9229a0":73,"99a5feef":73,"f6266388":73,"e64fd39c":73,"e1b3ce36":73,"625fa164":73,"0c6ae551":73,"e8f4c1dd":73,"cede8b8c":73,"ad95ff4a":73,"893a99c5":73,"d8bf32b5":73,"0eb42efe":73,"03c4ab87":73,"4e3d3af7":73,"3a4803a8":73,"f7a7de5d":73,"d4e56c3e":73,"0c045c2d":73
1601327043461,"7552d86c":73,"02ebf3b6":73,"bb17a968":73,"4abcb85d":73,"cba26072":73,"2a718dcc":73,"c6a9a8e1":73,"88854fd0":73,"8dc27d2a":73,"41d7f05d":73,"2b851827":73,"9f428a03":73,"4d504d96":73,"0533ece1":73,"bcee2ef3":73,"0afba00c":73,"04ff8100":73,"6c00d8d6":73,"ac9a02bc":73,"acfe69ed":73,"426603ff":73,"2db2f252":73,"2e84193b":73,"c55683c9":73,"51233daf":73,"02791635":73,"be081247":73,"5cc47d1b":73,"678b846f":73,"b4bd39d8":73,"b4cdbe5d":73,"fa0386f3":73,"b95d0f17":73,"cee9c347":73,"8efd4801":73,"7eb8f268":73,"20236d3e":73,"36ae8cd8":73,"3ddd5391":73,"07f69c6d":73,"2254f0f5":73,"ea282e84":73,"6653c83b":73,"c896052c":73,"287ecd1c":73,"f9376d3e":73,"07a94e8c":73,"bb017b49":73,"37b52fe4":73,"61ad1519":73,"819c4185":73,"ba69b06b":73,"7d2a2cb4":73,"4f62491c":73,"70b4c438":73,"71ed93db":73,"c92efaa8":73,"c241ac7e":73,"62a45672":73,"210e507a":73,"ac6e268b":73,"742238e8":73
1601327044881,"7800e7ce":74,"77869ff0":74,"4b8f7b16":74,"89f75690":74,"cb363e2f":74,"cd802f02":74,"d3cca7eb":74,"e866a899":74,"5690e712":74,"0b92d2a9":74,"070bed95":74,"67e5d108":74,"3d37b94b":74,"842c97c2":74,"c4cef92b":74,"0eecdc5b":74,"b7e495ea":74,"45ec63c0":74,"0ddfde2c":74,"a8b41774":74,"81f0da2d":74,"1fcc8ba4":74,"75a9c117":74,"12ba54ec":74,"d5d94481":74,"ffe48500":74,"c7a45a33":74,"faffe099":74,"e99490cd":74,"3b830769":74,"583f0305":74,"1557c50a":74,"249e80ab":74,"f52a3d94":74,"eb74d3dd":74,"3bcbc28d":74,"3c0455e7":74,"df203c79":74,"df1e1ac0":74,"491708eb":74,"e421caaa":74,"2d2ecf27":74,"d38a4953":74,"eba5efdd":74,"a5463f93":74,"c85ac4f8":74,"bc253f4f":74,"0d9d2bf8":74,"846b7f11":74,"d3411467":74,"1df0ce7f":74,"a08171d0":74,"c8bc5677":74,"dfca0518":74,"b9a21017":74,"e47705d3":74,"3cae4115":74,"0ccf4731":74,"c7c6782d":74,"54346574":74,"b12cbf87":74,"81942d9b":74,"699b90c1":74,"d9b5a7a8":74,"1e7914d2":74,"e5d8fdb2":74,"3412ab75":74,"bcac5daf":74,"62d028cc":74,"0af2cf39":74,"27491297":74,"d041ea86":74,"1eda11b2":74,"be391c1a":74,"37d8a5b7":74,"d5ab81c4":74,"2ecde685":74,"f0bd52d3":74,"dcc20f76":74,"666a8ef0":74,"c5b609f1":74,"4dc5849a":74,"d605c755":74,"8a8c1d67":74,"cc6b3306":74,"8c2dfd9a":74,"f11267b9":74,"a483b15e":74,"f80ab49d":74,"95eaed39":74,"a5ba0ebb":74,"f53362a9":74,"1901ef7e":74,"960c2e6b":74,"3515e999":74,"d11f8f1b":74,"9d9eb027":74,"325f9a29":74,"503aafe5":74,"fc442678":74
1601327045291,"080d5d42":74,"5d03f5dc":74,"f0a01341":74,"1ee4d9f9":74,"0d6e45e7":74,"0da97151":74,"e829038c":74,"4987cfb5":74,"ba90687c":74,"77f2cf92":74,"037e2be4":74,"9e7dbd20":74,"0c086273":74,"ac13c3b0":74,"b4d9c57f":74,"5d53c964":74,"8ee9cc91":74,"4cc0af91":74,"55f6a2ba":74,"9559ea96":74,"9cb044bf":74,"16b25add":74,"80ee333e":74,"3b329af2":74,"1cd662bf":74,"72992b35":74,"47589344":74,"593b1533":74,"e9f6e5ce":74,"ed6bead5":74,"96f594b9":74,"94dfcfc5":74,"8301986e":74,"830ecfec":74,"a8bae791":74,"312009ee":74,"c98759fd":74,"e8b6d676":74,"45ee5840":74,"76f04033":74,"43480b19":74,"fd955858":74,"69798d15":74,"efea71fa":74,"fb3aa867":74,"c9cf710b":74,"fcacdeb3":74,"0ea055ed":74,"e3b1bdf8":74,"644b45fb":74,"590ce3d3":74,"1802d7ce":74,"0a49914b":74,"5d3f5cad":74,"cf347cba":74,"fc0c23f7":74,"641f9b9e":74,"c92edec5":74,"9f03c1e7":74,"06c24a8d":74,"2f35e75f":74,"3eddf7c8":74,"77970f8b":74,"efd594d5":74,"4718294d":74,"5352cf45":74,"e0ffe8ff":74,"ae14d6b5":74,"721f5f42":74,"0b50bca6":74,"bf2ca266":74,"5d8d9641":74,"0de67c6c":74,"2311399f":74,"5e3ebf5e":74,"9f6ca218":74,"6213799d":74,"44cb1fd2":74,"baf19c25":74,"24a79a6e":74,"edde30af":74,"4d949e11":74,"df12f689":74,"1da10cbf":74,"832c48e4":74,"dc90a44c":74,"1ad7c45b":74,"5566c17c":74,"86a22252":74,"0000dece":74,"ce5efdbe":74,"58ace2b5":74,"d379fd96":74,"7b819458":74,"7f8024cd":74,"ae562513":74,"7b66dacd":74,"9ab137d7":74,"7191d1cd":74,"005354dd":74,"0a10b423":74,"9ef7cee7":74,"49f1a0d1":74,"5f04aa76":74,"ba297382":74,"0287db2a":74,"96abe4a9":74,"753b10b1":74,"cf14bd99":74,"782022f4":74,"322e833f":74,"ab3619e4":74,"106006ad":74,"c8237be9":74,"1416e8f5":74,"dde2eed5":74,"a208caa8":74,"16605353":74,"77b39e15":74,"f1726edb":74,"18c73816":74,"e491161e":74,"b5087677":74,"16f60bed":74,"cb0c3481":74,"7664512c":74,"df9a53b8":74,"f6c27b2b":74,"945f6c24":74,"f1daea7e":74,"b8fb90e3":74,"56227e35":74,"0d6bf22a":74,"b87321d0":74,"43205b5d":74,"8982905a":74,"f6fe1ad7":74,"230064fa":74,"764e0abb":74,"bba6d88e":74,"ea3479ec":74,"32266fa3":74,"50b090c3":74,"8be24763":74,"eb4800b2":74,"6e0ce9dc":74,"87d9bec4":74,"e30dfa0c":74,"6da34174":74,"bfb849fa":74,"92b72493":74,"d3e58903":74,"4481c4be":74,"7954891b":74,"4afd60a9":74,"d44c0ea3":74,"68f87858":74,"533bac6b":74,"41634dba":74,"43fd1327":74,"113e7f4b":74,"8cce569a":74,"ce6401b6":74,"6f57824c":74,"28bd7aa1":74,"1d52fb0d":74,"cde0d748":74,"535ed444":74,"710f0d0e":74,"0905f1fb":74,"a20e529c":74,"1ae76fcc":74,"35b161d3":74,"344cd1a3":74,"77ea1236":74,"96d2a118":74,"23a0e41f":74,"b32a1080":74,"5b09e53e":74,"da5bb0f7":74,"6d925c84":74,"50b23ab2":74,"edfa56d4":74,"899c16eb":74,"41c76041":74,"6bb1fa99":74,"d73ff72e":74,"61c0ca91":74,"d2fda7be":74,"ce20ca3c":74,"1d2d958b":74,"81fb6a01":74,"7f5b27c8":74,"fb3444d9":74,"f05de640":74,"86a68967":74,"56cd4dca":74,"7f469f4c":74,"f92dedfc":74,"355d1489":74,"f96fc1af":74,"06713bac":74,"61aca924":74,"d97fb857":74,"59ff5ec6":74,"ef04e64e":74,"6e2d04de":74,"2fca1798":74,"05028839":74,"5488826c":74,"84fff5c1":74,"c649992d":74,"d5ad3ed6":74,"8e5f7187":74,"55ba7579":74,"b7769ca6":74,"a2c4b591":74,"6dfa57be":74,"1854ce44":74,"f92b22f1":74,"ece12664":74,"36f4ecde":74,"568a0d58":74,"5fd569d2":74,"10c8fd03":74,"bd4ccb49":74,"e773d697":74,"7e8c11e7":74,"077eb15a":74,"5337c279":74,"8d256cb6":74,"7021c619":74,"32ae00db":74,"bf2defb2":74,"bc733a28":74,"30d32d34":74,"886c16d3":74,"e8d09b62":74,"9c27de51":74,"38a75b48":74,"1792bfa3":74,"426f1904":74,"7c0f1ca9":74,"b2f820ac":74,"25d4f65d":74,"eddb6a2a":74,"ff8a00aa":74,"c146560b":74,"985068e7":74,"d543ba6f":74,"3b3569f6":74,"b01ab62a":74,"76da16fa":74,"bffee581":74,"07150038":74,"080fa362":74,"7b6945ad":74,"a40d08e1":74,"cec79bc2":74,"d2eff358":74,"e70aebb5":74,"f1e86522":74,"fa03f48f":74,"a488b2f1":74,"4caa87d6":74,"5298dafa":74,"25f7f918":74,"f7076e21":74,"69e653b6":74,"c5311ebb":74,"105bb3f6":74,"98d2991b":74,"3b411d6a":74,"58de5462":74,"83826ef3":74,"f01c896d":74,"1f2670d0":74,"595609d5":74,"962c9c8f":74,"b47f1b89":74,"aec0bf28":74,"8e6caf71":74,"9a3433b8":74,"a017a323":74,"8801c469":74,"b89112cb":74,"66736d5e":74,"b6281f1a":74,"30de89a7":74,"48c6df81":74,"5e165f43":74,"06aaa33f":74,"f8785b71":74,"320c65bf":74,"1fa1e7c2":74,"ab4a411a":74,"646af2b9":74,"d7a4b24c":74,"686d5c0b":74,"659389ad":74,"f15eb1c5":74,"240c8679":74,"0718c3be":74,"71789493":74,"5ac72353":74,"8b503f7b":74,"d1b14d06":74,"87a8523c":74,"f6c074a7":74,"c416baa6":74,"ae350a07":74,"ffd6849d":74,"962fca02":74,"680a32a6":74,"75968179":74,"83ba647d":74,"bc8bdc23":74,"cb0bd6b7":74,"a71f3f70":74,"8e426e39":74,"1f7aa83c":74,"51909df8":74,"732d62ee":74,"e22b0973":74,"d4b0751c":74,"23646ff9":74,"5b01444b":74,"3abb827b":74,"79995b62":74,"0c73c293":74,"88929b06":74,"97160db8":74,"08c4692e":74,"589f0d6e":74,"51b4016a":74,"5b2479ef":74,"46bf9112":74,"1d882c36":74,"808bc372":74,"eb62e8f2":74,"092ad3d6":74,"c792a7c1":74,"f7ffcbb8":74,"5728f934":74,"00b26865":74,"c333337d":74,"815c56bc":74,"5bd61a68":74,"8582c5cf":74,"0c353665":74,"231e8700":74,"1f9fbd85":74,"43f24679":74,"a1c0dfc4":74,"78f71162":74,"4b27a9a4":74,"163f4d19":74,"1d043d5a":74,"b2f82e06":74,"5b0b43e6":74,"b5474d69":74,"5a938eeb":74,"4fe0dedf":74,"951fc6d0":74,"61892a4c":74,"f096219e":74,"9666b973":74,"653b27c7":74,"83b37fd6":74,"4d852788":74,"e43a9448":74,"bdd40125":74,"75fd47f7":74,"1c52a07e":74,"e70ccc25":74,"afd1494f":74,"ca6bffd3":74,"829c44a4":74,"e76e2617":74,"2b4fd52e":74,"57162572":74,"d1d50cfe":74,"a3f0a6ec":74,"01051f84":74,"aa7e370d":74,"f995eeab":74,"4006e709":74,"0dedf63e":74,"bf940089":74,"5a7da061":74,"06a94514":74,"01f34f98":74,"1670b0d3":74,"73c420df":74,"0700da70":74,"ec97d63e":74,"ff591765":74,"94208a41":74,"93f12198":74,"2cbcad17":74,"62e270e5":74,"4dccb5ca":74,"66b1b6d7":74,"83268abf":74,"578c4c95":74,"b062adc4":74,"c606b472":74,"4aae5133":74,"63a3af32":74,"3fec4b0b":74,"faa3de3e":74,"44983d13":74,"80999122":74,"72af9198":74,"e39e9552":74,"81c1b70d":74,"e72f0f82":74,"88374b72":74,"fdfaf1ed":74,"ea981bed":74,"5e197575":74,"e587c4d0":74,"525b2635":74,"caa38a45":74,"a9987a58":74,"b6b8e5c7":74,"e82177d3":74,"89914b94":74,"04bdf5e1":74,"da8b42be":74,"3b0576bf":74,"9458934f":74,"1dcc489c":74,"945badf3":74,"1327775b":74,"a9d5374b":74,"4321f02d":74,"089b3f8f":74,"7698d0dc":74,"784414ce":74,"2df3efdb":74,"d0f1b7bd":74,"e7799883":74,"272e7d0d":74,"f92596ee":74,"68831ea9":74,"9713d076":74,"fd098272":74,"6ee788a7":74,"8249641d":74,"45b0968f":74,"6a9bb182":74,"1f1afd4f":74,"25fb8826":74,"0dc5da58":74,"2874a625":74,"e61ae828":74,"f7ac3883":74,"ccd01528":74,"dab8cf68":74,"00f2a9cb":74,"916fe082":74,"b64dba8e":74,"c3bb30ce":74,"86219c70":74,"4f9456cf":74,"6e260ee8":74,"f4f84279":74,"b0950de5":74,"6f873999":74,"1f4e0e22":74,"60d69311":74,"3b09f1de":74,"b371f44a":74,"8b6180ff":74,"8819ac24":74,"dbbf7f69":74,"3542b748":74,"379c53ab":74,"e396d80d":74,"7da61f27":74,"dc874a97":74,"85a220de":74,"40a7cdd2":74,"ac033c7b":74,"87759976":74,"4df3f62e":74,"c881a53e":74,"80c1c8b1":74,"cf52acd8":74,"a63cb4ce":74,"d3b3492b":74,"7580cfa4":74,"22a96386":74,"5c672b50":74,"5df16440":74,"b666e56d":74,"8db378ff":74,"784d6375":74,"4541bf85":74,"a6b13f20":74,"2459c882":74,"3df97186":74,"ef0490de":74,"e0f47ced":74,"309bbf54":74,"cc537772":74,"6618390c":74,"99cc0813":74,"dc32c4e1":74
1601327045744,"601990d8":74,"5c662c19":74,"d2a5d2fd":74,"89d220c2":74,"3e10c9cb":74,"5500a3e8":74,"3c0e87ac":74,"a891461f":74,"a246cdab":74,"117c7f0b":74,"0d21cf99":74,"14e6fe14":74,"37ec5e73":74,"bfff7913":74,"f8636899":74,"37724339":74,"d45d9727":74,"ee5ff2a3":74,"44322dfd":74,"295e4d1d":74,"8cf6570a":74,"403064a0":74,"312af46e":74,"b5a9f8c3":74,"fcbc0ae8":74,"2ff6b6a8":74,"66a71cc1":74,"bf4b58e4":74,"239c636e":74,"6ee160ff":74,"c55d40ca":74,"22c177a8":74,"00ae883f":74,"f416ee62":74,"0d2b182d":74,"320754c3":74,"232b2f64":74,"3171b6e7":74,"3b25460f":74,"d2064756":74,"a8edfe84":74,"2ed19b1e":74,"959e16ea":74,"02f76c64":74,"5c6d1f33":74,"b4801cae":74,"c3c2fd05":74,"f8c97147":74,"c2526ff3":74,"cc386067":74,"a22ffd8f":74,"3cd28a4d":74,"44a12c31":74,"45a961ca":74,"5ca978fd":74,"668e601b":74,"7552d86c":74,"02ebf3b6":74,"bb17a968":74,"4abcb85d":74,"cba26072":74,"2a718dcc":74,"c6a9a8e1":74,"88854fd0":74,"8dc27d2a":74,"41d7f05d":74,"2b851827":74,"9f428a03":74,"4d504d96":74,"0533ece1":74,"bcee2ef3":74,"0afba00c":74,"04ff8100":74,"6c00d8d6":74,"ac9a02bc":74,"acfe69ed":74,"426603ff":74,"2db2f252":74,"2e84193b":74,"c55683c9":74,"51233daf":74,"02791635":74,"be081247":74,"5cc47d1b":74,"678b846f":74,"b4bd39d8":74,"b4cdbe5d":74,"fa0386f3":74,"b95d0f17":74,"cee9c347":74,"210e507a":74,"ac6e268b":74,"742238e8":74,"dfe4a061":74,"c2bf7d51":74,"781afef6":74,"de9229a0":74,"99a5feef":74,"f6266388":74,"e64fd39c":74,"e1b3ce36":74,"625fa164":74,"0c6ae551":74,"e8f4c1dd":74,"cede8b8c":74,"ad95ff4a":74,"893a99c5":74,"d8bf32b5":74,"0eb42efe":74,"03c4ab87":74,"4e3d3af7":74,"3a4803a8":74,"f7a7de5d":74,"d4e56c3e":74,"0c045c2d":74,"8efd4801":74,"7eb8f268":74,"20236d3e":74,"36ae8cd8":74,"3ddd5391":74,"07f69c6d":74,"2254f0f5":74,"ea282e84":74,"6653c83b":74,"c896052c":74,"287ecd1c":74,"f9376d3e":74,"07a94e8c":74,"bb017b49":74,"37b52fe4":74,"61ad1519":74,"819c4185":74,"ba69b06b":74,"7d2a2cb4":74,"4f62491c":74,"70b4c438":74,"71ed93db":74,"c92efaa8":74,"c241ac7e":74,"62a45672":74
1601327047151,"7800e7ce":75,"77869ff0":75,"4b8f7b16":75,"89f75690":75,"cb363e2f":75,"cd802f02":75,"d3cca7eb":75,"e866a899":75,"5690e712":75,"0b92d2a9":75,"070bed95":75,"67e5d108":75,"3d37b94b":75,"842c97c2":75,"c4cef92b":75,"0eecdc5b":75,"b7e495ea":75,"45ec63c0":75,"0ddfde2c":75,"a8b41774":75,"81f0da2d":75,"1fcc8ba4":75,"75a9c117":75,"12ba54ec":75,"be391c1a":75,"37d8a5b7":75,"d5ab81c4":75,"2ecde685":75,"f0bd52d3":75,"dcc20f76":75,"666a8ef0":75,"c5b609f1":75,"4dc5849a":75,"d605c755":75,"8a8c1d67":75,"cc6b3306":75,"8c2dfd9a":75,"f11267b9":75,"a483b15e":75,"f80ab49d":75,"95eaed39":75,"a5ba0ebb":75,"f53362a9":75,"1901ef7e":75,"960c2e6b":75,"3515e999":75,"d11f8f1b":75,"9d9eb027":75,"325f9a29":75,"503aafe5":75,"080d5d42":75,"5d03f5dc":75,"f0a01341":75,"1ee4d9f9":75,"0d6e45e7":75,"0da97151":75,"e829038c":75,"4987cfb5":75,"ba90687c":75,"77f2cf92":75,"037e2be4":75,"9e7dbd20":75,"0c086273":75,"ac13c3b0":75,"b4d9c57f":75,"5d53c964":75,"8ee9cc91":75,"4cc0af91":75,"55f6a2ba":75,"9559ea96":75,"9cb044bf":75,"16b25add":75,"80ee333e":75,"3b329af2":75,"1cd662bf":75,"72992b35":75,"47589344":75,"593b1533":75,"e9f6e5ce":75
1601327047585,"d5d94481":75,"ffe48500":75,"c7a45a33":75,"faffe099":75,"e99490cd":75,"3b830769":75,"583f0305":75,"1557c50a":75,"249e80ab":75,"f52a3d94":75,"eb74d3dd":75,"ed6bead5":75,"96f594b9":75,"94dfcfc5":75,"8301986e":75,"830ecfec":75,"a8bae791":75,"312009ee":75,"c98759fd":75,"e8b6d676":75,"45ee5840":75,"76f04033":75,"43480b19":75,"fd955858":75,"69798d15":75,"efea71fa":75,"fb3aa867":75,"c9cf710b":75,"fcacdeb3":75,"0ea055ed":75,"e3b1bdf8":75,"644b45fb":75,"fc442678":75,"3bcbc28d":75,"3c0455e7":75,"df203c79":75,"df1e1ac0":75,"491708eb":75,"e421caaa":75,"2d2ecf27":75,"d38a4953":75,"eba5efdd":75,"a5463f93":75,"c85ac4f8":75,"bc253f4f":75,"0d9d2bf8":75,"846b7f11":75,"d3411467":75,"1df0ce7f":75,"a08171d0":75,"c8bc5677":75,"dfca0518":75,"b9a21017":75,"e47705d3":75,"3cae4115":75,"0ccf4731":75,"c7c6782d":75,"54346574":75,"b12cbf87":75,"81942d9b":75,"699b90c1":75,"d9b5a7a8":75,"1e7914d2":75,"e5d8fdb2":75,"3412ab75":75,"bcac5daf":75,"62d028cc":75,"0af2cf39":75,"27491297":75,"d041ea86":75,"1eda11b2":75,"590ce3d3":75,"1802d7ce":75,"0a49914b":75,"5d3f5cad":75,"18c73816":75,"e491161e":75,"b5087677":75,"16f60bed":75,"cb0c3481":75,"7664512c":75,"df9a53b8":75,"f6c27b2b":75,"945f6c24":75,"f1daea7e":75,"b8fb90e3":75,"56227e35":75,"0d6bf22a":75,"b87321d0":75,"43205b5d":75,"8982905a":75,"f6fe1ad7":75,"230064fa":75,"764e0abb":75,"cf347cba":75,"fc0c23f7":75,"641f9b9e":75,"c92edec5":75,"9f03c1e7":75,"06c24a8d":75,"2f35e75f":75,"3eddf7c8":75,"77970f8b":75,"efd594d5":75,"4718294d":75,"5352cf45":75,"e0ffe8ff":75,"ae14d6b5":75,"721f5f42":75,"0b50bca6":75,"bf2ca266":75,"5d8d9641":75,"0de67c6c":75,"2311399f":75,"5e3ebf5e":75,"9f6ca218":75,"6213799d":75,"44cb1fd2":75,"baf19c25":75,"24a79a6e":75,"edde30af":75,"4d949e11":75,"df12f689":75,"1da10cbf":75,"832c48e4":75,"dc90a44c":75,"1ad7c45b":75,"5566c17c":75,"86a22252":75,"0000dece":75,"ce5efdbe":75,"58ace2b5":75,"d379fd96":75,"7b819458":75,"7f8024cd":75,"ae562513":75,"7b66dacd":75,"9ab137d7":75,"7191d1cd":75,"005354dd":75,"bba6d88e":75,"ea3479ec":75,"32266fa3":75,"50b090c3":75,"8be24763":75,"eb4800b2":75,"6e0ce9dc":75,"87d9bec4":75,"e30dfa0c":75,"6da34174":75,"bfb849fa":75,"0a10b423":75,"9ef7cee7":75,"49f1a0d1":75,"5f04aa76":75,"ba297382":75,"0287db2a":75,"96abe4a9":75,"753b10b1":75,"cf14bd99":75,"782022f4":75,"322e833f":75,"ab3619e4":75,"106006ad":75,"c8237be9":75,"1416e8f5":75,"dde2eed5":75,"a208caa8":75,"16605353":75,"77b39e15":75,"f1726edb":75,"92b72493":75,"d3e58903":75,"4481c4be":75,"7954891b":75,"4afd60a9":75,"d44c0ea3":75,"68f87858":75,"533bac6b":75,"41634dba":75,"43fd1327":75,"113e7f4b":75,"8cce569a":75,"ce6401b6":75,"6f57824c":75,"28bd7aa1":75,"1d52fb0d":75,"cde0d748":75,"535ed444":75,"710f0d0e":75,"0905f1fb":75,"a20e529c":75,"1ae76fcc":75,"35b161d3":75,"344cd1a3":75,"77ea1236":75,"96d2a118":75,"23a0e41f":75,"b32a1080":75,"a2c4b591":75,"6dfa57be":75,"1854ce44":75,"f92b22f1":75,"ece12664":75,"36f4ecde":75,"568a0d58":75,"5fd569d2":75,"10c8fd03":75,"bd4ccb49":75,"e773d697":75,"7e8c11e7":75,"077eb15a":75,"5337c279":75,"8d256cb6":75,"7021c619":75,"32ae00db":75,"bf2defb2":75,"bc733a28":75,"30d32d34":75,"886c16d3":75,"e8d09b62":75,"3b3569f6":75,"b01ab62a":75,"76da16fa":75,"bffee581":75,"07150038":75,"080fa362":75,"5b09e53e":75,"da5bb0f7":75,"6d925c84":75,"50b23ab2":75,"edfa56d4":75,"899c16eb":75,"41c76041":75,"6bb1fa99":75,"d73ff72e":75,"61c0ca91":75,"d2fda7be":75,"ce20ca3c":75,"1d2d958b":75,"81fb6a01":75,"7f5b27c8":75,"fb3444d9":75,"f05de640":75,"86a68967":75,"56cd4dca":75,"7f469f4c":75,"f92dedfc":75,"355d1489":75,"f96fc1af":75,"06713bac":75,"61aca924":75,"d97fb857":75,"59ff5ec6":75,"ef04e64e":75,"6e2d04de":75,"2fca1798":75,"05028839":75,"5488826c":75,"84fff5c1":75,"c649992d":75,"d5ad3ed6":75,"8e5f7187":75,"55ba7579":75,"b7769ca6":75,"9c27de51":75,"38a75b48":75,"1792bfa3":75,"426f1904":75,"7c0f1ca9":75,"b2f820ac":75,"25d4f65d":75,"eddb6a2a":75,"ff8a00aa":75,"c146560b":75,"985068e7":75,"d543ba6f":75,"f7ffcbb8":75,"5728f934":75,"00b26865":75,"c333337d":75,"815c56bc":75,"5bd61a68":75
1601327048019,"7b6945ad":75,"a40d08e1":75,"cec79bc2":75,"d2eff358":75,"e70aebb5":75,"a488b2f1":75,"f1e86522":75,"4caa87d6":75,"fa03f48f":75,"f7076e21":75,"5298dafa":75,"69e653b6":75,"25f7f918":75,"c5311ebb":75,"98d2991b":75,"3b411d6a":75,"105bb3f6":75,"58de5462":75,"83826ef3":75,"f01c896d":75,"595609d5":75,"1f2670d0":75,"b47f1b89":75,"8e6caf71":75,"962c9c8f":75,"9a3433b8":75,"aec0bf28":75,"b89112cb":75,"a017a323":75,"8801c469":75,"66736d5e":75,"30de89a7":75,"b6281f1a":75,"48c6df81":75,"06aaa33f":75,"320c65bf":75,"5e165f43":75,"1fa1e7c2":75,"f8785b71":75,"ab4a411a":75,"646af2b9":75,"d7a4b24c":75,"659389ad":75,"686d5c0b":75,"240c8679":75,"f15eb1c5":75,"0718c3be":75,"71789493":75,"8b503f7b":75,"5ac72353":75,"87a8523c":75,"d1b14d06":75,"c416baa6":75,"ae350a07":75,"f6c074a7":75,"ffd6849d":75,"680a32a6":75,"8582c5cf":75,"0c353665":75,"231e8700":75,"1f9fbd85":75,"43f24679":75,"a1c0dfc4":75,"78f71162":75,"4b27a9a4":75,"163f4d19":75,"1d043d5a":75,"9666b973":75,"653b27c7":75,"83b37fd6":75,"272e7d0d":75,"f92596ee":75,"68831ea9":75,"9713d076":75,"fd098272":75,"6ee788a7":75,"8249641d":75,"45b0968f":75,"6a9bb182":75,"1f1afd4f":75,"25fb8826":75,"0dc5da58":75,"2874a625":75,"e61ae828":75,"f7ac3883":75,"ccd01528":75,"e82177d3":75,"89914b94":75,"04bdf5e1":75,"da8b42be":75,"3b0576bf":75,"9458934f":75,"1dcc489c":75,"945badf3":75,"1327775b":75,"bdd40125":75,"75fd47f7":75,"1c52a07e":75,"e70ccc25":75,"afd1494f":75,"ca6bffd3":75,"829c44a4":75,"e76e2617":75,"2b4fd52e":75,"57162572":75,"d1d50cfe":75,"83ba647d":75,"962fca02":75,"cb0bd6b7":75,"75968179":75,"bc8bdc23":75,"8e426e39":75,"a71f3f70":75,"51909df8":75,"808bc372":75,"e22b0973":75,"c792a7c1":75,"1f7aa83c":75,"5a7da061":75,"732d62ee":75,"23646ff9":75,"06a94514":75,"3abb827b":75,"d4b0751c":75,"0c73c293":75,"5b01444b":75,"73c420df":75,"0700da70":75,"79995b62":75,"88929b06":75,"97160db8":75,"ff591765":75,"08c4692e":75,"589f0d6e":75,"5b2479ef":75,"93f12198":75,"1d882c36":75,"51b4016a":75,"62e270e5":75,"46bf9112":75,"eb62e8f2":75,"66b1b6d7":75,"092ad3d6":75,"b062adc4":75,"4aae5133":75,"bf940089":75,"63a3af32":75,"01f34f98":75,"3fec4b0b":75,"1670b0d3":75,"ec97d63e":75,"faa3de3e":75,"44983d13":75,"94208a41":75,"2cbcad17":75,"80999122":75,"4dccb5ca":75,"72af9198":75,"e39e9552":75,"83268abf":75,"578c4c95":75,"81c1b70d":75,"c606b472":75,"e72f0f82":75,"88374b72":75,"fdfaf1ed":75,"ea981bed":75,"5e197575":75,"e587c4d0":75,"525b2635":75,"caa38a45":75,"a9987a58":75,"b6b8e5c7":75,"b2f82e06":75,"5b0b43e6":75,"b5474d69":75,"5a938eeb":75,"4fe0dedf":75,"951fc6d0":75,"61892a4c":75,"f096219e":75,"a3f0a6ec":75,"01051f84":75,"aa7e370d":75,"f995eeab":75,"4006e709":75,"0dedf63e":75,"a9d5374b":75,"4321f02d":75,"089b3f8f":75,"7698d0dc":75,"784414ce":75,"2df3efdb":75,"d0f1b7bd":75,"e7799883":75,"4f9456cf":75,"6e260ee8":75,"f4f84279":75,"b0950de5":75,"6f873999":75,"1f4e0e22":75,"60d69311":75,"3b09f1de":75,"b371f44a":75,"4d852788":75,"e43a9448":75,"3542b748":75,"379c53ab":75,"e396d80d":75,"7da61f27":75,"dc874a97":75,"85a220de":75,"40a7cdd2":75,"ac033c7b":75,"87759976":75,"4df3f62e":75,"c881a53e":75,"80c1c8b1":75,"cf52acd8":75,"a63cb4ce":75,"d3b3492b":75,"7580cfa4":75,"22a96386":75,"5c672b50":75,"5df16440":75,"b666e56d":75,"8db378ff":75,"784d6375":75,"4541bf85":75,"a6b13f20":75,"2459c882":75,"3df97186":75,"ef0490de":75,"e0f47ced":75,"309bbf54":75,"cc537772":75,"6618390c":75,"99cc0813":75,"dab8cf68":75,"00f2a9cb":75,"916fe082":75,"b64dba8e":75,"c3bb30ce":75,"86219c70":75,"601990d8":75,"5c662c19":75,"d2a5d2fd":75,"89d220c2":75,"3e10c9cb":75,"5500a3e8":75,"3c0e87ac":75,"a891461f":75,"a246cdab":75,"117c7f0b":75,"0d21cf99":75,"14e6fe14":75,"37ec5e73":75,"bfff7913":75,"f8636899":75,"37724339":75,"d45d9727":75,"ee5ff2a3":75,"44322dfd":75,"295e4d1d":75,"8cf6570a":75,"403064a0":75,"312af46e":75,"b5a9f8c3":75,"fcbc0ae8":75,"2ff6b6a8":75,"66a71cc1":75,"bf4b58e4":75,"a8edfe84":75,"2ed19b1e":75,"959e16ea":75,"02f76c64":75,"5c6d1f33":75,"b4801cae":75,"c3c2fd05":75,"8b6180ff":75,"8819ac24":75,"dbbf7f69":75,"dfe4a061":75,"c2bf7d51":75,"781afef6":75,"de9229a0":75,"99a5feef":75,"f8c97147":75,"c2526ff3":75,"cc386067":75,"a22ffd8f":75,"3cd28a4d":75,"dc32c4e1":75,"239c636e":75,"6ee160ff":75,"c55d40ca":75,"22c177a8":75,"00ae883f":75,"f416ee62":75,"0d2b182d":75,"320754c3":75,"232b2f64":75,"3171b6e7":75,"3b25460f":75,"d2064756":75,"44a12c31":75,"45a961ca":75,"5ca978fd":75,"668e601b":75,"7552d86c":75,"02ebf3b6":75,"bb17a968":75,"4abcb85d":75,"cba26072":75,"2a718dcc":75,"c6a9a8e1":75,"88854fd0":75,"8dc27d2a":75,"41d7f05d":75,"2b851827":75,"9f428a03":75,"4d504d96":75,"0533ece1":75,"bcee2ef3":75,"0afba00c":75,"04ff8100":75,"6c00d8d6":75,"ac9a02bc":75,"acfe69ed":75,"426603ff":75,"2db2f252":75,"2e84193b":75,"c55683c9":75,"51233daf":75,"02791635":75,"be081247":75,"5cc47d1b":75,"678b846f":75,"b4bd39d8":75,"b4cdbe5d":75,"fa0386f3":75,"f6266388":75,"e64fd39c":75,"e1b3ce36":75,"625fa164":75,"0c6ae551":75,"e8f4c1dd":75,"cede8b8c":75,"ad95ff4a":75,"893a99c5":75,"d8bf32b5":75,"0eb42efe":75,"03c4ab87":75,"4e3d3af7":75,"3a4803a8":75,"f7a7de5d":75,"d4e56c3e":75,"0c045c2d":75,"8efd4801":75,"7eb8f268":75,"20236d3e":75,"36ae8cd8":75,"3ddd5391":75,"07f69c6d":75,"2254f0f5":75,"ea282e84":75,"6653c83b":75,"c896052c":75,"287ecd1c":75,"f9376d3e":75,"07a94e8c":75,"bb017b49":75,"37b52fe4":75,"61ad1519":75,"819c4185":75,"ba69b06b":75,"b95d0f17":75,"cee9c347":75,"7d2a2cb4":75,"4f62491c":75,"70b4c438":75,"71ed93db":75,"c92efaa8":75,"c241ac7e":75,"62a45672":75,"210e507a":75,"ac6e268b":75,"742238e8":75
1601327049631,"7800e7ce":76,"77869ff0":76,"4b8f7b16":76,"89f75690":76,"cb363e2f":76,"cd802f02":76,"d3cca7eb":76,"e866a899":76,"5690e712":76,"0b92d2a9":76,"070bed95":76,"67e5d108":76,"3d37b94b":76,"842c97c2":76,"c4cef92b":76,"0eecdc5b":76,"b7e495ea":76,"45ec63c0":76,"0ddfde2c":76,"a8b41774":76,"81f0da2d":76,"1fcc8ba4":76,"75a9c117":76,"12ba54ec":76,"be391c1a":76,"37d8a5b7":76,"d5ab81c4":76,"2ecde685":76,"f0bd52d3":76,"dcc20f76":76,"666a8ef0":76,"c5b609f1":76,"4dc5849a":76,"d605c755":76,"8a8c1d67":76,"cc6b3306":76,"8c2dfd9a":76,"f11267b9":76,"a483b15e":76,"f80ab49d":76,"95eaed39":76,"a5ba0ebb":76,"f53362a9":76,"1901ef7e":76,"960c2e6b":76,"3515e999":76,"d11f8f1b":76,"9d9eb027":76,"325f9a29":76,"503aafe5":76,"d5d94481":76,"ffe48500":76,"c7a45a33":76,"faffe099":76,"e99490cd":76,"3b830769":76,"583f0305":76,"1557c50a":76,"249e80ab":76,"f52a3d94":76,"eb74d3dd":76,"3bcbc28d":76,"3c0455e7":76,"df203c79":76,"df1e1ac0":76,"491708eb":76,"080d5d42":76,"5d03f5dc":76,"f0a01341":76,"1ee4d9f9":76,"0d6e45e7":76,"0da97151":76,"e829038c":76,"4987cfb5":76,"ba90687c":76,"77f2cf92":76,"037e2be4":76,"9e7dbd20":76,"0c086273":76,"ac13c3b0":76,"18c73816":76,"e491161e":76,"b5087677":76,"16f60bed":76,"cb0c3481":76,"7664512c":76,"df9a53b8":76,"f6c27b2b":76,"945f6c24":76,"f1daea7e":76,"b8fb90e3":76,"56227e35":76,"0d6bf22a":76,"b87321d0":76,"43205b5d":76,"8982905a":76,"f6fe1ad7":76,"230064fa":76,"764e0abb":76,"bba6d88e":76,"ea3479ec":76,"32266fa3":76,"50b090c3":76,"8be24763":76,"eb4800b2":76,"6e0ce9dc":76,"87d9bec4":76,"e30dfa0c":76,"6da34174":76,"b4d9c57f":76,"5d53c964":76,"8ee9cc91":76,"4cc0af91":76,"55f6a2ba":76,"9559ea96":76,"9cb044bf":76,"16b25add":76,"80ee333e":76,"3b329af2":76,"1cd662bf":76,"72992b35":76,"47589344":76,"593b1533":76,"e9f6e5ce":76,"ed6bead5":76,"96f594b9":76,"94dfcfc5":76,"8301986e":76,"830ecfec":76,"a8bae791":76,"312009ee":76,"c98759fd":76,"e8b6d676":76,"45ee5840":76,"76f04033":76,"43480b19":76,"fd955858":76,"69798d15":76,"efea71fa":76,"fb3aa867":76,"c9cf710b":76,"fcacdeb3":76,"0ea055ed":76,"e3b1bdf8":76,"644b45fb":76,"bfb849fa":76,"0a10b423":76,"9ef7cee7":76,"49f1a0d1":76,"5f04aa76":76,"ba297382":76,"0287db2a":76,"96abe4a9":76,"753b10b1":76,"cf14bd99":76,"782022f4":76,"322e833f":76,"ab3619e4":76,"106006ad":76,"c8237be9":76,"1416e8f5":76,"dde2eed5":76,"a208caa8":76,"16605353":76,"e421caaa":76,"2d2ecf27":76,"d38a4953":76,"eba5efdd":76,"a5463f93":76,"c85ac4f8":76,"bc253f4f":76,"0d9d2bf8":76,"846b7f11":76,"d3411467":76,"1df0ce7f":76,"a08171d0":76,"c8bc5677":76,"dfca0518":76,"b9a21017":76,"e47705d3":76,"3cae4115":76,"0ccf4731":76,"c7c6782d":76,"54346574":76,"b12cbf87":76,"81942d9b":76,"699b90c1":76,"d9b5a7a8":76,"1e7914d2":76,"e5d8fdb2":76,"3412ab75":76,"bcac5daf":76,"62d028cc":76,"0af2cf39":76,"27491297":76,"d041ea86":76,"1eda11b2":76,"fc442678":76,"77b39e15":76,"f1726edb":76,"92b72493":76,"d3e58903":76,"4481c4be":76,"7954891b":76,"4afd60a9":76,"d44c0ea3":76,"68f87858":76,"533bac6b":76,"41634dba":76,"43fd1327":76,"113e7f4b":76,"8cce569a":76,"ce6401b6":76,"6f57824c":76,"28bd7aa1":76,"1d52fb0d":76,"cde0d748":76,"535ed444":76,"710f0d0e":76,"0905f1fb":76,"a20e529c":76,"1ae76fcc":76,"35b161d3":76,"344cd1a3":76,"77ea1236":76,"96d2a118":76,"23a0e41f":76,"b32a1080":76,"a2c4b591":76,"6dfa57be":76,"1854ce44":76,"f92b22f1":76,"ece12664":76,"36f4ecde":76
1601327050336,"568a0d58":76,"5fd569d2":76,"10c8fd03":76,"bd4ccb49":76,"e773d697":76,"7e8c11e7":76,"077eb15a":76,"5337c279":76,"8d256cb6":76,"7021c619":76,"32ae00db":76,"bf2defb2":76,"bc733a28":76,"30d32d34":76,"886c16d3":76,"e8d09b62":76,"5b09e53e":76,"da5bb0f7":76,"590ce3d3":76,"1802d7ce":76,"0a49914b":76,"5d3f5cad":76,"cf347cba":76,"fc0c23f7":76,"641f9b9e":76,"c92edec5":76,"9f03c1e7":76,"06c24a8d":76,"2f35e75f":76,"3eddf7c8":76,"77970f8b":76,"efd594d5":76,"4718294d":76,"5352cf45":76,"e0ffe8ff":76,"ae14d6b5":76,"721f5f42":76,"0b50bca6":76,"bf2ca266":76,"5d8d9641":76,"0de67c6c":76,"2311399f":76,"3b3569f6":76,"b01ab62a":76,"76da16fa":76,"bffee581":76,"07150038":76,"080fa362":76,"7b6945ad":76,"a40d08e1":76,"cec79bc2":76,"d2eff358":76,"e70aebb5":76,"a488b2f1":76,"4caa87d6":76,"f7076e21":76,"f1e86522":76,"fa03f48f":76,"69e653b6":76,"98d2991b":76,"5298dafa":76,"25f7f918":76,"3b411d6a":76,"5e3ebf5e":76,"9f6ca218":76,"6213799d":76,"44cb1fd2":76,"baf19c25":76,"24a79a6e":76,"edde30af":76,"4d949e11":76,"df12f689":76,"1da10cbf":76,"832c48e4":76,"dc90a44c":76,"1ad7c45b":76,"5566c17c":76,"86a22252":76,"0000dece":76,"ce5efdbe":76,"58ace2b5":76,"d379fd96":76,"7b819458":76,"7f8024cd":76,"ae562513":76,"7b66dacd":76,"9ab137d7":76,"7191d1cd":76,"005354dd":76,"6d925c84":76,"50b23ab2":76,"edfa56d4":76,"899c16eb":76,"41c76041":76,"6bb1fa99":76,"d73ff72e":76,"61c0ca91":76,"d2fda7be":76,"ce20ca3c":76,"1d2d958b":76,"81fb6a01":76,"7f5b27c8":76,"fb3444d9":76,"f05de640":76,"86a68967":76,"56cd4dca":76,"7f469f4c":76,"f92dedfc":76,"355d1489":76,"f96fc1af":76,"06713bac":76,"61aca924":76,"d97fb857":76,"59ff5ec6":76,"ef04e64e":76,"6e2d04de":76,"2fca1798":76,"05028839":76,"5488826c":76,"84fff5c1":76,"c649992d":76,"d5ad3ed6":76,"8e5f7187":76,"55ba7579":76,"b7769ca6":76,"9c27de51":76,"38a75b48":76,"1792bfa3":76,"426f1904":76,"7c0f1ca9":76,"b2f820ac":76,"25d4f65d":76,"eddb6a2a":76,"ff8a00aa":76,"c146560b":76,"985068e7":76,"d543ba6f":76,"272e7d0d":76,"f92596ee":76,"68831ea9":76,"9713d076":76,"fd098272":76,"6ee788a7":76,"8249641d":76,"45b0968f":76,"6a9bb182":76,"1f1afd4f":76,"25fb8826":76,"0dc5da58":76,"2874a625":76,"e61ae828":76,"f7ac3883":76,"ccd01528":76,"dab8cf68":76,"00f2a9cb":76,"916fe082":76,"b64dba8e":76,"83826ef3":76,"c5311ebb":76,"105bb3f6":76,"595609d5":76,"58de5462":76,"b47f1b89":76,"8e6caf71":76,"f01c896d":76,"1f2670d0":76,"9a3433b8":76,"b89112cb":76,"962c9c8f":76,"aec0bf28":76,"66736d5e":76,"a017a323":76,"30de89a7":76,"06aaa33f":76,"8801c469":76,"320c65bf":76,"b6281f1a":76,"48c6df81":76,"1fa1e7c2":76,"5e165f43":76,"646af2b9":76,"f8785b71":76,"659389ad":76,"240c8679":76,"ab4a411a":76,"d7a4b24c":76,"0718c3be":76,"8b503f7b":76,"686d5c0b":76,"87a8523c":76,"f15eb1c5":76,"71789493":76,"c416baa6":76,"ae350a07":76,"5ac72353":76,"d1b14d06":76,"680a32a6":76,"83ba647d":76,"f6c074a7":76,"cb0bd6b7":76,"ffd6849d":76,"8e426e39":76,"962fca02":76,"51909df8":76,"75968179":76,"bc8bdc23":76,"e22b0973":76,"a71f3f70":76,"23646ff9":76,"3abb827b":76,"1f7aa83c":76,"732d62ee":76,"0c73c293":76,"d4b0751c":76,"88929b06":76,"5b01444b":76,"08c4692e":76,"808bc372":76,"c792a7c1":76,"79995b62":76,"5b2479ef":76,"c3bb30ce":76,"86219c70":76,"601990d8":76,"5c662c19":76,"d2a5d2fd":76,"89d220c2":76,"3e10c9cb":76,"5500a3e8":76,"3c0e87ac":76,"a891461f":76,"a246cdab":76,"117c7f0b":76,"0d21cf99":76,"14e6fe14":76,"37ec5e73":76,"bfff7913":76,"f8636899":76,"37724339":76,"d45d9727":76,"ee5ff2a3":76,"44322dfd":76,"295e4d1d":76,"8cf6570a":76,"403064a0":76,"312af46e":76,"b5a9f8c3":76,"fcbc0ae8":76,"2ff6b6a8":76,"66a71cc1":76,"bf4b58e4":76,"9666b973":76,"653b27c7":76,"83b37fd6":76,"4d852788":76,"e43a9448":76,"3542b748":76,"379c53ab":76,"e396d80d":76,"7da61f27":76,"dc874a97":76,"85a220de":76,"40a7cdd2":76,"ac033c7b":76,"75fd47f7":76,"1c52a07e":76,"e70ccc25":76,"afd1494f":76,"ca6bffd3":76,"829c44a4":76,"e76e2617":76,"2b4fd52e":76,"57162572":76,"d1d50cfe":76,"f7ffcbb8":76,"5728f934":76,"00b26865":76,"c333337d":76,"815c56bc":76,"5bd61a68":76,"8582c5cf":76,"0c353665":76,"231e8700":76,"1f9fbd85":76,"43f24679":76,"a1c0dfc4":76,"78f71162":76,"4b27a9a4":76,"163f4d19":76,"1d043d5a":76,"b2f82e06":76,"5b0b43e6":76,"b5474d69":76,"87759976":76,"4df3f62e":76,"c881a53e":76,"80c1c8b1":76,"cf52acd8":76,"a63cb4ce":76,"d3b3492b":76,"7580cfa4":76,"22a96386":76,"5c672b50":76,"5df16440":76,"b666e56d":76,"8db378ff":76,"784d6375":76,"4541bf85":76,"a6b13f20":76,"2459c882":76,"3df97186":76,"ef0490de":76,"e0f47ced":76,"309bbf54":76,"cc537772":76,"6618390c":76,"99cc0813":76,"dc32c4e1":76,"239c636e":76,"6ee160ff":76,"c55d40ca":76,"22c177a8":76,"00ae883f":76,"97160db8":76,"5a7da061":76,"1d882c36":76,"06a94514":76,"eb62e8f2":76,"589f0d6e":76,"73c420df":76,"51b4016a":76,"0700da70":76,"46bf9112":76,"092ad3d6":76,"ff591765":76,"93f12198":76,"bf940089":76,"01f34f98":76,"62e270e5":76,"1670b0d3":76,"66b1b6d7":76,"ec97d63e":76,"b062adc4":76,"4aae5133":76,"94208a41":76,"2cbcad17":76,"63a3af32":76,"4dccb5ca":76,"3fec4b0b":76,"83268abf":76,"faa3de3e":76,"44983d13":76,"578c4c95":76,"80999122":76,"c606b472":76,"72af9198":76,"e39e9552":76,"81c1b70d":76,"e72f0f82":76,"88374b72":76,"fdfaf1ed":76,"ea981bed":76,"5e197575":76,"e587c4d0":76,"525b2635":76,"caa38a45":76,"a9987a58":76,"b6b8e5c7":76,"e82177d3":76,"89914b94":76,"04bdf5e1":76,"da8b42be":76,"3b0576bf":76,"9458934f":76,"1dcc489c":76,"945badf3":76,"1327775b":76,"bdd40125":76,"5a938eeb":76,"4fe0dedf":76,"951fc6d0":76,"61892a4c":76,"f096219e":76,"a3f0a6ec":76,"01051f84":76,"aa7e370d":76,"f995eeab":76,"4006e709":76,"0dedf63e":76,"a9d5374b":76,"4321f02d":76,"089b3f8f":76,"7698d0dc":76,"784414ce":76,"2df3efdb":76,"d0f1b7bd":76,"e7799883":76,"4f9456cf":76,"6e260ee8":76,"f4f84279":76,"b0950de5":76,"6f873999":76,"1f4e0e22":76,"60d69311":76,"3b09f1de":76,"b371f44a":76,"f416ee62":76,"0d2b182d":76,"320754c3":76,"232b2f64":76,"3171b6e7":76,"3b25460f":76,"d2064756":76,"8b6180ff":76,"8819ac24":76,"dbbf7f69":76,"dfe4a061":76,"c2bf7d51":76,"781afef6":76,"de9229a0":76,"99a5feef":76,"a8edfe84":76,"2ed19b1e":76,"959e16ea":76,"02f76c64":76,"5c6d1f33":76,"b4801cae":76,"c3c2fd05":76,"f8c97147":76,"c2526ff3":76,"cc386067":76,"a22ffd8f":76,"3cd28a4d":76,"44a12c31":76,"45a961ca":76,"5ca978fd":76,"668e601b":76,"7552d86c":76,"02ebf3b6":76,"bb17a968":76,"4abcb85d":76,"cba26072":76,"f6266388":76,"e64fd39c":76,"e1b3ce36":76,"625fa164":76,"0c6ae551":76,"e8f4c1dd":76,"cede8b8c":76,"ad95ff4a":76,"893a99c5":76,"d8bf32b5":76,"0eb42efe":76,"03c4ab87":76,"4e3d3af7":76,"3a4803a8":76,"f7a7de5d":76,"d4e56c3e":76,"0c045c2d":76,"8efd4801":76,"7eb8f268":76,"20236d3e":76,"36ae8cd8":76,"3ddd5391":76,"07f69c6d":76,"2254f0f5":76,"ea282e84":76,"6653c83b":76,"c896052c":76,"287ecd1c":76,"f9376d3e":76,"07a94e8c":76,"bb017b49":76,"37b52fe4":76,"2a718dcc":76,"c6a9a8e1":76,"88854fd0":76,"8dc27d2a":76,"41d7f05d":76,"2b851827":76,"9f428a03":76,"4d504d96":76,"0533ece1":76,"bcee2ef3":76,"0afba00c":76,"04ff8100":76,"6c00d8d6":76,"ac9a02bc":76,"acfe69ed":76,"426603ff":76,"2db2f252":76,"2e84193b":76,"c55683c9":76,"51233daf":76,"02791635":76,"be081247":76,"5cc47d1b":76,"678b846f":76,"b4bd39d8":76,"b4cdbe5d":76,"fa0386f3":76,"b95d0f17":76,"cee9c347":76,"61ad1519":76,"819c4185":76,"ba69b06b":76,"7d2a2cb4":76,"4f62491c":76,"70b4c438":76,"71ed93db":76,"c92efaa8":76,"c241ac7e":76,"62a45672":76,"210e507a":76,"ac6e268b":76,"742238e8":76
1601327053259,"d5d94481":77,"ffe48500":77,"c7a45a33":77,"faffe099":77,"e99490cd":77,"3b830769":77,"583f0305":77,"1557c50a":77,"249e80ab":77,"f52a3d94":77,"eb74d3dd":77,"3bcbc28d":77,"3c0455e7":77,"df203c79":77,"df1e1ac0":77,"491708eb":77,"e421caaa":77,"2d2ecf27":77,"d38a4953":77,"eba5efdd":77,"a5463f93":77,"c85ac4f8":77,"bc253f4f":77,"0d9d2bf8":77,"846b7f11":77,"d3411467":77,"1df0ce7f":77,"a08171d0":77,"c8bc5677":77,"dfca0518":77,"b9a21017":77,"e47705d3":77,"3cae4115":77,"0ccf4731":77,"c7c6782d":77,"54346574":77,"b12cbf87":77,"81942d9b":77,"699b90c1":77,"d9b5a7a8":77,"1e7914d2":77,"e5d8fdb2":77,"3412ab75":77,"bcac5daf":77,"62d028cc":77,"0af2cf39":77,"27491297":77,"d041ea86":77,"1eda11b2":77,"fc442678":77,"d605c755":77,"8a8c1d67":77,"cc6b3306":77,"8c2dfd9a":77,"f11267b9":77,"a483b15e":77,"f80ab49d":77,"95eaed39":77,"a5ba0ebb":77,"f53362a9":77,"1901ef7e":77,"960c2e6b":77,"3515e999":77,"d11f8f1b":77,"9d9eb027":77,"325f9a29":77,"503aafe5":77,"080d5d42":77,"5d03f5dc":77,"f0a01341":77,"1ee4d9f9":77,"0d6e45e7":77,"0da97151":77,"e829038c":77,"4987cfb5":77,"ba90687c":77,"77f2cf92":77,"037e2be4":77,"9e7dbd20":77,"0c086273":77,"ac13c3b0":77,"b4d9c57f":77,"5d53c964":77,"8ee9cc91":77,"4cc0af91":77,"55f6a2ba":77,"9559ea96":77,"9cb044bf":77,"16b25add":77,"80ee333e":77,"3b329af2":77,"1cd662bf":77,"72992b35":77,"47589344":77,"7800e7ce":77,"77869ff0":77,"4b8f7b16":77,"89f75690":77,"cb363e2f":77,"cd802f02":77,"d3cca7eb":77,"e866a899":77,"5690e712":77,"0b92d2a9":77,"070bed95":77,"67e5d108":77,"3d37b94b":77,"842c97c2":77,"c4cef92b":77,"0eecdc5b":77,"b7e495ea":77,"45ec63c0":77,"0ddfde2c":77,"a8b41774":77,"81f0da2d":77,"1fcc8ba4":77,"75a9c117":77,"12ba54ec":77,"be391c1a":77,"37d8a5b7":77,"d5ab81c4":77,"2ecde685":77,"f0bd52d3":77,"dcc20f76":77,"666a8ef0":77,"c5b609f1":77,"4dc5849a":77
1601327053707,"593b1533":77,"e9f6e5ce":77,"ed6bead5":77,"96f594b9":77,"94dfcfc5":77,"8301986e":77,"830ecfec":77,"a8bae791":77,"312009ee":77,"c98759fd":77,"e8b6d676":77,"45ee5840":77,"76f04033":77,"43480b19":77,"fd955858":77,"69798d15":77,"efea71fa":77,"fb3aa867":77,"c9cf710b":77,"fcacdeb3":77,"0ea055ed":77,"e3b1bdf8":77,"644b45fb":77,"18c73816":77,"e491161e":77,"b5087677":77,"16f60bed":77,"cb0c3481":77,"7664512c":77,"df9a53b8":77,"f6c27b2b":77,"945f6c24":77,"f1daea7e":77,"b8fb90e3":77,"56227e35":77,"0d6bf22a":77,"b87321d0":77,"43205b5d":77,"8982905a":77,"f6fe1ad7":77,"230064fa":77,"764e0abb":77,"bba6d88e":77,"ea3479ec":77,"32266fa3":77,"50b090c3":77,"8be24763":77,"eb4800b2":77,"6e0ce9dc":77,"87d9bec4":77,"e30dfa0c":77,"6da34174":77,"bfb849fa":77,"0a10b423":77,"9ef7cee7":77,"49f1a0d1":77,"5f04aa76":77,"ba297382":77,"0287db2a":77,"5b09e53e":77,"da5bb0f7":77,"6d925c84":77,"50b23ab2":77,"edfa56d4":77,"899c16eb":77,"41c76041":77,"6bb1fa99":77,"d73ff72e":77,"61c0ca91":77,"d2fda7be":77,"ce20ca3c":77,"1d2d958b":77,"81fb6a01":77,"7f5b27c8":77,"fb3444d9":77,"f05de640":77,"86a68967":77,"56cd4dca":77,"96abe4a9":77,"753b10b1":77,"cf14bd99":77,"782022f4":77,"322e833f":77,"ab3619e4":77,"106006ad":77,"c8237be9":77,"1416e8f5":77,"dde2eed5":77,"a208caa8":77,"16605353":77,"77b39e15":77,"f1726edb":77,"7f469f4c":77,"f92dedfc":77,"355d1489":77,"f96fc1af":77,"06713bac":77,"61aca924":77,"92b72493":77,"d3e58903":77,"4481c4be":77,"7954891b":77,"4afd60a9":77,"d44c0ea3":77,"68f87858":77,"533bac6b":77,"41634dba":77,"43fd1327":77,"113e7f4b":77,"8cce569a":77,"ce6401b6":77,"6f57824c":77,"28bd7aa1":77,"1d52fb0d":77,"cde0d748":77,"535ed444":77,"710f0d0e":77,"0905f1fb":77,"a20e529c":77,"1ae76fcc":77,"35b161d3":77,"344cd1a3":77,"77ea1236":77,"96d2a118":77,"23a0e41f":77,"b32a1080":77,"a2c4b591":77,"6dfa57be":77,"1854ce44":77,"f92b22f1":77,"ece12664":77,"36f4ecde":77,"568a0d58":77,"d97fb857":77,"59ff5ec6":77,"ef04e64e":77,"6e2d04de":77,"2fca1798":77,"05028839":77,"5488826c":77,"84fff5c1":77,"3b3569f6":77,"b01ab62a":77,"76da16fa":77,"bffee581":77,"07150038":77,"080fa362":77,"7b6945ad":77,"a40d08e1":77,"cec79bc2":77,"d2eff358":77,"e70aebb5":77,"a488b2f1":77,"4caa87d6":77,"f1e86522":77,"f7076e21":77,"fa03f48f":77,"69e653b6":77,"5298dafa":77,"98d2991b":77,"25f7f918":77,"c649992d":77,"d5ad3ed6":77,"8e5f7187":77,"55ba7579":77,"b7769ca6":77,"9c27de51":77,"38a75b48":77,"1792bfa3":77,"426f1904":77,"7c0f1ca9":77,"b2f820ac":77,"25d4f65d":77,"eddb6a2a":77,"ff8a00aa":77,"c146560b":77,"985068e7":77,"d543ba6f":77,"590ce3d3":77,"1802d7ce":77,"0a49914b":77,"5d3f5cad":77,"cf347cba":77,"fc0c23f7":77,"641f9b9e":77,"c92edec5":77,"9f03c1e7":77,"06c24a8d":77,"2f35e75f":77,"3eddf7c8":77,"77970f8b":77,"efd594d5":77,"4718294d":77,"5352cf45":77,"e0ffe8ff":77,"ae14d6b5":77,"721f5f42":77,"0b50bca6":77,"bf2ca266":77,"5d8d9641":77,"0de67c6c":77,"2311399f":77,"5e3ebf5e":77,"9f6ca218":77,"6213799d":77,"44cb1fd2":77,"baf19c25":77,"24a79a6e":77,"edde30af":77,"5fd569d2":77,"10c8fd03":77,"bd4ccb49":77,"e773d697":77,"7e8c11e7":77,"077eb15a":77,"5337c279":77,"8d256cb6":77,"7021c619":77,"32ae00db":77,"bf2defb2":77,"bc733a28":77,"30d32d34":77,"886c16d3":77,"e8d09b62":77,"4d949e11":77,"df12f689":77,"1da10cbf":77,"832c48e4":77,"dc90a44c":77,"1ad7c45b":77,"5566c17c":77,"86a22252":77,"0000dece":77,"ce5efdbe":77,"58ace2b5":77,"d379fd96":77,"7b819458":77,"7f8024cd":77,"ae562513":77,"7b66dacd":77,"9ab137d7":77,"7191d1cd":77,"005354dd":77,"c5311ebb":77,"3b411d6a":77,"105bb3f6":77,"83826ef3":77,"595609d5":77,"58de5462":77,"b47f1b89":77,"f01c896d":77,"1f2670d0":77,"8e6caf71":77,"9a3433b8":77,"962c9c8f":77,"aec0bf28":77,"b89112cb":77,"a017a323":77,"66736d5e":77,"30de89a7":77,"8801c469":77,"06aaa33f":77,"b6281f1a":77,"320c65bf":77,"48c6df81":77,"1fa1e7c2":77,"5e165f43":77,"f8785b71":77,"646af2b9":77,"ab4a411a":77,"659389ad":77,"d7a4b24c":77,"240c8679":77,"686d5c0b":77,"0718c3be":77,"f15eb1c5":77,"8b503f7b":77,"87a8523c":77,"71789493":77,"5ac72353":77,"c416baa6":77,"ae350a07":77,"d1b14d06":77,"f6c074a7":77,"680a32a6":77,"ffd6849d":77,"83ba647d":77,"962fca02":77,"cb0bd6b7":77,"75968179":77,"bc8bdc23":77,"8e426e39":77,"a71f3f70":77,"51909df8":77,"e22b0973":77,"1f7aa83c":77,"808bc372":77,"732d62ee":77,"23646ff9":77,"c792a7c1":77,"d4b0751c":77,"3abb827b":77,"5a7da061":77,"0c73c293":77,"06a94514":77,"5b01444b":77,"79995b62":77,"88929b06":77,"73c420df":77,"08c4692e":77,"0700da70":77,"97160db8":77,"589f0d6e":77,"ff591765":77,"5b2479ef":77,"1d882c36":77,"51b4016a":77,"93f12198":77,"eb62e8f2":77,"46bf9112":77,"62e270e5":77,"66b1b6d7":77,"092ad3d6":77,"b062adc4":77,"bf940089":77,"01f34f98":77,"4aae5133":77,"1670b0d3":77,"63a3af32":77,"ec97d63e":77,"3fec4b0b":77,"faa3de3e":77,"94208a41":77,"44983d13":77,"2cbcad17":77,"4dccb5ca":77,"80999122":77,"83268abf":77,"72af9198":77,"e39e9552":77,"578c4c95":77,"c606b472":77,"81c1b70d":77,"e72f0f82":77,"88374b72":77,"fdfaf1ed":77,"ea981bed":77,"5e197575":77,"e587c4d0":77,"525b2635":77,"caa38a45":77,"a9987a58":77,"b6b8e5c7":77,"e82177d3":77,"89914b94":77,"04bdf5e1":77,"da8b42be":77,"3b0576bf":77,"9458934f":77,"1dcc489c":77,"945badf3":77,"1327775b":77,"bdd40125":77,"75fd47f7":77,"1c52a07e":77,"e70ccc25":77,"afd1494f":77,"9666b973":77,"653b27c7":77,"83b37fd6":77,"4d852788":77,"e43a9448":77,"3542b748":77,"379c53ab":77,"e396d80d":77,"7da61f27":77,"dc874a97":77,"85a220de":77,"40a7cdd2":77,"ca6bffd3":77,"829c44a4":77,"e76e2617":77,"2b4fd52e":77,"57162572":77,"d1d50cfe":77,"ac033c7b":77,"87759976":77,"4df3f62e":77,"c881a53e":77,"80c1c8b1":77,"cf52acd8":77,"a63cb4ce":77,"d3b3492b":77,"7580cfa4":77,"22a96386":77,"5c672b50":77,"5df16440":77,"b666e56d":77,"8db378ff":77,"784d6375":77,"4541bf85":77,"a6b13f20":77,"2459c882":77,"3df97186":77,"ef0490de":77,"272e7d0d":77,"f92596ee":77,"68831ea9":77,"e0f47ced":77,"309bbf54":77,"cc537772":77,"6618390c":77,"99cc0813":77,"dc32c4e1":77,"239c636e":77,"6ee160ff":77,"c55d40ca":77,"22c177a8":77,"00ae883f":77,"f416ee62":77,"0d2b182d":77,"320754c3":77,"232b2f64":77,"3171b6e7":77,"3b25460f":77,"d2064756":77,"9713d076":77,"fd098272":77,"6ee788a7":77,"8249641d":77,"45b0968f":77,"6a9bb182":77,"1f1afd4f":77,"25fb8826":77,"0dc5da58":77,"2874a625":77,"e61ae828":77,"f7ac3883":77,"ccd01528":77,"dab8cf68":77,"00f2a9cb":77,"916fe082":77,"b64dba8e":77,"c3bb30ce":77,"86219c70":77,"601990d8":77,"5c662c19":77,"d2a5d2fd":77,"89d220c2":77,"3e10c9cb":77,"5500a3e8":77,"3c0e87ac":77,"a891461f":77,"a246cdab":77,"117c7f0b":77,"0d21cf99":77,"14e6fe14":77,"f7ffcbb8":77,"5728f934":77,"00b26865":77,"c333337d":77,"815c56bc":77,"5bd61a68":77,"8582c5cf":77,"0c353665":77,"231e8700":77,"1f9fbd85":77,"43f24679":77,"a1c0dfc4":77,"78f71162":77,"4b27a9a4":77,"163f4d19":77,"1d043d5a":77,"b2f82e06":77,"5b0b43e6":77,"b5474d69":77,"5a938eeb":77,"4fe0dedf":77,"951fc6d0":77,"61892a4c":77,"37ec5e73":77,"bfff7913":77,"f8636899":77,"37724339":77,"d45d9727":77,"ee5ff2a3":77,"44322dfd":77,"295e4d1d":77,"8cf6570a":77,"403064a0":77,"312af46e":77,"b5a9f8c3":77,"fcbc0ae8":77,"2ff6b6a8":77,"66a71cc1":77,"bf4b58e4":77,"f096219e":77,"a3f0a6ec":77,"01051f84":77,"aa7e370d":77,"f995eeab":77,"4006e709":77,"0dedf63e":77,"a9d5374b":77,"4321f02d":77,"089b3f8f":77,"7698d0dc":77,"784414ce":77,"2df3efdb":77,"d0f1b7bd":77,"e7799883":77,"4f9456cf":77,"6e260ee8":77,"f4f84279":77,"b0950de5":77,"6f873999":77,"1f4e0e22":77,"60d69311":77,"3b09f1de":77,"b371f44a":77,"8b6180ff":77,"8819ac24":77,"dbbf7f69":77,"dfe4a061":77,"c2bf7d51":77,"781afef6":77,"de9229a0":77,"99a5feef":77,"f6266388":77,"e64fd39c":77,"e1b3ce36":77,"625fa164":77,"0c6ae551":77,"e8f4c1dd":77,"cede8b8c":77,"ad95ff4a":77,"893a99c5":77,"a8edfe84":77,"2ed19b1e":77,"959e16ea":77,"02f76c64":77,"5c6d1f33":77,"b4801cae":77,"c3c2fd05":77,"f8c97147":77,"c2526ff3":77,"cc386067":77,"a22ffd8f":77,"3cd28a4d":77,"44a12c31":77,"45a961ca":77,"5ca978fd":77,"668e601b":77,"7552d86c":77,"02ebf3b6":77,"bb17a968":77,"4abcb85d":77,"cba26072":77,"2a718dcc":77,"c6a9a8e1":77,"88854fd0":77,"8dc27d2a":77,"41d7f05d":77,"2b851827":77,"9f428a03":77,"4d504d96":77,"0533ece1":77,"bcee2ef3":77,"0afba00c":77,"04ff8100":77,"6c00d8d6":77,"ac9a02bc":77,"acfe69ed":77,"d8bf32b5":77,"0eb42efe":77,"03c4ab87":77,"4e3d3af7":77,"3a4803a8":77,"f7a7de5d":77,"d4e56c3e":77,"0c045c2d":77,"8efd4801":77,"7eb8f268":77,"20236d3e":77,"36ae8cd8":77,"3ddd5391":77,"07f69c6d":77,"2254f0f5":77,"ea282e84":77,"6653c83b":77,"c896052c":77,"287ecd1c":77,"f9376d3e":77,"07a94e8c":77,"bb017b49":77,"37b52fe4":77,"61ad1519":77,"819c4185":77,"ba69b06b":77,"7d2a2cb4":77,"4f62491c":77,"70b4c438":77,"71ed93db":77,"c92efaa8":77,"c241ac7e":77,"62a45672":77,"210e507a":77,"ac6e268b":77,"742238e8":77,"426603ff":77,"2db2f252":77,"2e84193b":77,"c55683c9":77,"51233daf":77,"02791635":77,"be081247":77,"5cc47d1b":77,"678b846f":77,"b4bd39d8":77,"b4cdbe5d":77,"fa0386f3":77,"b95d0f17":77,"cee9c347":77
1601327055293,"7800e7ce":78,"77869ff0":78,"4b8f7b16":78,"89f75690":78,"cb363e2f":78,"cd802f02":78,"d3cca7eb":78,"e866a899":78,"5690e712":78,"0b92d2a9":78,"070bed95":78,"67e5d108":78,"3d37b94b":78,"842c97c2":78,"c4cef92b":78,"0eecdc5b":78,"b7e495ea":78,"45ec63c0":78,"0ddfde2c":78,"a8b41774":78,"81f0da2d":78,"1fcc8ba4":78,"75a9c117":78,"12ba54ec":78,"be391c1a":78,"37d8a5b7":78,"d5ab81c4":78,"2ecde685":78,"f0bd52d3":78,"dcc20f76":78,"666a8ef0":78,"c5b609f1":78,"4dc5849a":78,"d605c755":78,"8a8c1d67":78,"cc6b3306":78,"8c2dfd9a":78,"f11267b9":78,"a483b15e":78,"f80ab49d":78,"95eaed39":78,"a5ba0ebb":78,"f53362a9":78,"1901ef7e":78,"960c2e6b":78,"3515e999":78,"d11f8f1b":78,"9d9eb027":78,"325f9a29":78,"503aafe5":78,"080d5d42":78,"5d03f5dc":78,"f0a01341":78,"1ee4d9f9":78,"0d6e45e7":78,"0da97151":78,"e829038c":78,"4987cfb5":78,"ba90687c":78,"77f2cf92":78,"037e2be4":78,"9e7dbd20":78,"0c086273":78,"ac13c3b0":78,"b4d9c57f":78,"5d53c964":78,"d5d94481":78,"ffe48500":78,"c7a45a33":78,"faffe099":78,"e99490cd":78,"3b830769":78,"8ee9cc91":78,"4cc0af91":78,"55f6a2ba":78,"9559ea96":78,"9cb044bf":78,"16b25add":78,"80ee333e":78,"3b329af2":78,"1cd662bf":78,"72992b35":78,"47589344":78,"593b1533":78,"e9f6e5ce":78,"ed6bead5":78,"96f594b9":78,"94dfcfc5":78,"8301986e":78,"830ecfec":78,"a8bae791":78,"312009ee":78,"c98759fd":78,"e8b6d676":78,"45ee5840":78,"76f04033":78,"43480b19":78,"fd955858":78,"69798d15":78,"efea71fa":78,"fb3aa867":78,"c9cf710b":78,"fcacdeb3":78,"0ea055ed":78,"e3b1bdf8":78,"644b45fb":78,"583f0305":78,"1557c50a":78,"249e80ab":78,"f52a3d94":78,"eb74d3dd":78,"3bcbc28d":78,"3c0455e7":78,"df203c79":78,"df1e1ac0":78,"491708eb":78,"e421caaa":78,"2d2ecf27":78,"d38a4953":78,"eba5efdd":78,"a5463f93":78,"c85ac4f8":78,"bc253f4f":78,"0d9d2bf8":78,"846b7f11":78,"d3411467":78,"1df0ce7f":78,"a08171d0":78,"c8bc5677":78,"dfca0518":78,"b9a21017":78,"e47705d3":78,"3cae4115":78,"0ccf4731":78,"c7c6782d":78,"54346574":78,"b12cbf87":78,"81942d9b":78,"699b90c1":78,"d9b5a7a8":78,"1e7914d2":78,"e5d8fdb2":78,"3412ab75":78,"bcac5daf":78
1601327055917,"18c73816":78,"e491161e":78,"b5087677":78,"16f60bed":78,"cb0c3481":78,"7664512c":78,"df9a53b8":78,"f6c27b2b":78,"945f6c24":78,"f1daea7e":78,"b8fb90e3":78,"56227e35":78,"0d6bf22a":78,"b87321d0":78,"43205b5d":78,"8982905a":78,"f6fe1ad7":78,"230064fa":78,"764e0abb":78,"bba6d88e":78,"ea3479ec":78,"32266fa3":78,"50b090c3":78,"8be24763":78,"eb4800b2":78,"6e0ce9dc":78,"87d9bec4":78,"e30dfa0c":78,"6da34174":78,"bfb849fa":78,"0a10b423":78,"9ef7cee7":78,"49f1a0d1":78,"5f04aa76":78,"ba297382":78,"0287db2a":78,"96abe4a9":78,"753b10b1":78,"cf14bd99":78,"782022f4":78,"322e833f":78,"ab3619e4":78,"106006ad":78,"c8237be9":78,"1416e8f5":78,"dde2eed5":78,"a208caa8":78,"16605353":78,"77b39e15":78,"f1726edb":78,"92b72493":78,"d3e58903":78,"62d028cc":78,"0af2cf39":78,"27491297":78,"d041ea86":78,"1eda11b2":78,"fc442678":78,"4481c4be":78,"7954891b":78,"4afd60a9":78,"d44c0ea3":78,"68f87858":78,"533bac6b":78,"41634dba":78,"43fd1327":78,"113e7f4b":78,"8cce569a":78,"ce6401b6":78,"6f57824c":78,"28bd7aa1":78,"1d52fb0d":78,"cde0d748":78,"535ed444":78,"710f0d0e":78,"0905f1fb":78,"a20e529c":78,"1ae76fcc":78,"35b161d3":78,"344cd1a3":78,"77ea1236":78,"96d2a118":78,"23a0e41f":78,"b32a1080":78,"a2c4b591":78,"6dfa57be":78,"1854ce44":78,"f92b22f1":78,"ece12664":78,"36f4ecde":78,"568a0d58":78,"5fd569d2":78,"10c8fd03":78,"bd4ccb49":78,"e773d697":78,"7e8c11e7":78,"077eb15a":78,"5337c279":78,"8d256cb6":78,"7021c619":78,"32ae00db":78,"bf2defb2":78,"bc733a28":78,"30d32d34":78,"886c16d3":78,"e8d09b62":78,"3b3569f6":78,"b01ab62a":78,"76da16fa":78,"bffee581":78,"07150038":78,"080fa362":78,"7b6945ad":78,"a40d08e1":78,"cec79bc2":78,"d2eff358":78,"e70aebb5":78,"a488b2f1":78,"4caa87d6":78,"f7076e21":78,"69e653b6":78,"98d2991b":78,"3b411d6a":78,"5b09e53e":78,"da5bb0f7":78,"6d925c84":78,"50b23ab2":78,"edfa56d4":78,"899c16eb":78,"41c76041":78,"6bb1fa99":78,"d73ff72e":78,"61c0ca91":78,"d2fda7be":78,"ce20ca3c":78,"1d2d958b":78,"81fb6a01":78,"7f5b27c8":78,"fb3444d9":78,"f05de640":78,"86a68967":78,"56cd4dca":78,"7f469f4c":78,"f92dedfc":78,"355d1489":78,"f96fc1af":78,"06713bac":78,"590ce3d3":78,"1802d7ce":78,"0a49914b":78,"5d3f5cad":78,"cf347cba":78,"fc0c23f7":78,"641f9b9e":78,"c92edec5":78,"9f03c1e7":78,"06c24a8d":78,"2f35e75f":78,"3eddf7c8":78,"77970f8b":78,"efd594d5":78,"4718294d":78,"5352cf45":78,"e0ffe8ff":78,"ae14d6b5":78,"721f5f42":78,"0b50bca6":78,"bf2ca266":78,"5d8d9641":78,"0de67c6c":78,"2311399f":78,"5e3ebf5e":78,"9f6ca218":78,"6213799d":78,"44cb1fd2":78,"baf19c25":78,"24a79a6e":78,"edde30af":78,"4d949e11":78,"df12f689":78,"1da10cbf":78,"832c48e4":78,"dc90a44c":78,"1ad7c45b":78,"5566c17c":78,"86a22252":78,"0000dece":78,"ce5efdbe":78,"58ace2b5":78,"d379fd96":78,"7b819458":78,"7f8024cd":78,"ae562513":78,"7b66dacd":78,"9ab137d7":78,"7191d1cd":78,"005354dd":78,"61aca924":78,"d97fb857":78,"59ff5ec6":78,"ef04e64e":78,"6e2d04de":78,"2fca1798":78,"05028839":78,"5488826c":78,"84fff5c1":78,"c649992d":78,"d5ad3ed6":78,"8e5f7187":78,"55ba7579":78,"b7769ca6":78,"9c27de51":78,"38a75b48":78,"1792bfa3":78,"426f1904":78,"7c0f1ca9":78,"b2f820ac":78,"25d4f65d":78,"eddb6a2a":78,"ff8a00aa":78,"c146560b":78,"985068e7":78,"d543ba6f":78,"272e7d0d":78,"f92596ee":78,"68831ea9":78,"9713d076":78,"fd098272":78,"6ee788a7":78,"8249641d":78,"45b0968f":78,"6a9bb182":78,"1f1afd4f":78,"25fb8826":78,"0dc5da58":78,"2874a625":78,"e61ae828":78,"f7ac3883":78,"ccd01528":78,"dab8cf68":78,"00f2a9cb":78,"916fe082":78,"b64dba8e":78,"c3bb30ce":78,"86219c70":78,"601990d8":78,"5c662c19":78,"d2a5d2fd":78,"89d220c2":78,"3e10c9cb":78,"5500a3e8":78,"3c0e87ac":78,"a891461f":78,"a246cdab":78,"117c7f0b":78,"0d21cf99":78,"14e6fe14":78,"37ec5e73":78,"bfff7913":78,"f8636899":78,"37724339":78,"d45d9727":78,"ee5ff2a3":78,"44322dfd":78,"295e4d1d":78,"8cf6570a":78,"403064a0":78,"312af46e":78,"9666b973":78,"653b27c7":78,"83b37fd6":78,"b5a9f8c3":78,"fcbc0ae8":78,"2ff6b6a8":78,"66a71cc1":78,"bf4b58e4":78,"83826ef3":78,"595609d5":78,"b47f1b89":78,"8e6caf71":78,"9a3433b8":78,"f1e86522":78,"b89112cb":78,"fa03f48f":78,"66736d5e":78,"30de89a7":78,"5298dafa":78,"06aaa33f":78,"25f7f918":78,"c5311ebb":78,"320c65bf":78,"105bb3f6":78,"1fa1e7c2":78,"58de5462":78,"646af2b9":78,"f01c896d":78,"1f2670d0":78,"659389ad":78,"962c9c8f":78,"240c8679":78,"0718c3be":78,"aec0bf28":78,"8b503f7b":78,"a017a323":78,"87a8523c":78,"8801c469":78,"b6281f1a":78,"c416baa6":78,"ae350a07":78,"48c6df81":78,"5e165f43":78,"680a32a6":78,"f8785b71":78,"83ba647d":78,"cb0bd6b7":78,"ab4a411a":78,"8e426e39":78,"d7a4b24c":78,"51909df8":78,"686d5c0b":78,"f15eb1c5":78,"e22b0973":78,"23646ff9":78,"71789493":78,"3abb827b":78,"5ac72353":78,"d1b14d06":78,"0c73c293":78,"f6c074a7":78,"88929b06":78,"08c4692e":78,"ffd6849d":78,"962fca02":78,"5b2479ef":78,"75968179":78,"1d882c36":78,"da8b42be":78,"3b0576bf":78,"9458934f":78,"1dcc489c":78,"945badf3":78,"1327775b":78,"bdd40125":78,"75fd47f7":78,"1c52a07e":78,"e70ccc25":78,"afd1494f":78,"ca6bffd3":78,"829c44a4":78,"e76e2617":78,"2b4fd52e":78,"57162572":78,"d1d50cfe":78,"f7ffcbb8":78,"5728f934":78,"00b26865":78,"c333337d":78,"815c56bc":78,"5bd61a68":78,"8582c5cf":78,"0c353665":78,"4d852788":78,"e43a9448":78,"3542b748":78,"379c53ab":78,"e396d80d":78,"7da61f27":78,"dc874a97":78,"85a220de":78,"40a7cdd2":78,"ac033c7b":78,"87759976":78,"4df3f62e":78,"c881a53e":78,"80c1c8b1":78,"cf52acd8":78,"a63cb4ce":78,"d3b3492b":78,"7580cfa4":78,"22a96386":78,"5c672b50":78,"5df16440":78,"b666e56d":78,"8db378ff":78,"784d6375":78,"4541bf85":78,"a6b13f20":78,"2459c882":78,"3df97186":78,"ef0490de":78,"e0f47ced":78,"309bbf54":78,"cc537772":78,"6618390c":78,"99cc0813":78,"dc32c4e1":78,"bc8bdc23":78,"eb62e8f2":78,"a71f3f70":78,"808bc372":78,"1f7aa83c":78,"732d62ee":78,"c792a7c1":78,"d4b0751c":78,"5a7da061":78,"06a94514":78,"5b01444b":78,"73c420df":78,"79995b62":78,"97160db8":78,"0700da70":78,"ff591765":78,"589f0d6e":78,"93f12198":78,"51b4016a":78,"46bf9112":78,"62e270e5":78,"66b1b6d7":78,"092ad3d6":78,"b062adc4":78,"bf940089":78,"4aae5133":78,"01f34f98":78,"63a3af32":78,"1670b0d3":78,"ec97d63e":78,"3fec4b0b":78,"94208a41":78,"faa3de3e":78,"2cbcad17":78,"44983d13":78,"80999122":78,"4dccb5ca":78,"72af9198":78,"83268abf":78,"e39e9552":78,"578c4c95":78,"81c1b70d":78,"c606b472":78,"e72f0f82":78,"88374b72":78,"fdfaf1ed":78,"ea981bed":78,"5e197575":78,"e587c4d0":78,"525b2635":78,"caa38a45":78,"a9987a58":78,"b6b8e5c7":78,"e82177d3":78,"89914b94":78,"04bdf5e1":78,"239c636e":78,"6ee160ff":78,"c55d40ca":78,"22c177a8":78,"00ae883f":78,"f416ee62":78,"0d2b182d":78,"320754c3":78,"232b2f64":78,"3171b6e7":78,"3b25460f":78,"d2064756":78,"231e8700":78,"1f9fbd85":78,"43f24679":78,"a1c0dfc4":78,"78f71162":78,"4b27a9a4":78,"163f4d19":78,"1d043d5a":78,"b2f82e06":78,"5b0b43e6":78,"b5474d69":78,"5a938eeb":78,"4fe0dedf":78,"951fc6d0":78,"61892a4c":78,"f096219e":78,"a3f0a6ec":78,"01051f84":78,"aa7e370d":78,"f995eeab":78,"4006e709":78,"0dedf63e":78,"a9d5374b":78,"4321f02d":78,"089b3f8f":78,"7698d0dc":78,"784414ce":78,"2df3efdb":78,"d0f1b7bd":78,"e7799883":78,"4f9456cf":78,"6e260ee8":78,"f4f84279":78,"b0950de5":78,"6f873999":78,"1f4e0e22":78,"60d69311":78,"3b09f1de":78,"b371f44a":78,"8b6180ff":78,"8819ac24":78,"dbbf7f69":78,"dfe4a061":78,"a8edfe84":78,"2ed19b1e":78,"959e16ea":78,"02f76c64":78,"5c6d1f33":78,"b4801cae":78,"c3c2fd05":78,"f8c97147":78,"c2526ff3":78,"cc386067":78,"a22ffd8f":78,"3cd28a4d":78,"44a12c31":78,"45a961ca":78,"5ca978fd":78,"668e601b":78,"7552d86c":78,"02ebf3b6":78,"c2bf7d51":78,"781afef6":78,"de9229a0":78,"99a5feef":78,"f6266388":78,"e64fd39c":78,"e1b3ce36":78,"625fa164":78,"0c6ae551":78,"e8f4c1dd":78,"cede8b8c":78,"ad95ff4a":78,"893a99c5":78,"d8bf32b5":78,"0eb42efe":78,"03c4ab87":78,"4e3d3af7":78,"3a4803a8":78,"f7a7de5d":78,"d4e56c3e":78,"0c045c2d":78,"8efd4801":78,"7eb8f268":78,"20236d3e":78,"36ae8cd8":78,"3ddd5391":78,"07f69c6d":78,"2254f0f5":78,"ea282e84":78,"6653c83b":78,"c896052c":78,"287ecd1c":78,"f9376d3e":78,"07a94e8c":78,"bb017b49":78,"37b52fe4":78,"bb17a968":78,"4abcb85d":78,"cba26072":78,"2a718dcc":78,"c6a9a8e1":78,"88854fd0":78,"8dc27d2a":78,"41d7f05d":78,"2b851827":78,"9f428a03":78,"4d504d96":78,"0533ece1":78,"bcee2ef3":78,"0afba00c":78,"04ff8100":78,"6c00d8d6":78,"ac9a02bc":78,"acfe69ed":78,"426603ff":78,"2db2f252":78,"2e84193b":78,"c55683c9":78,"51233daf":78,"02791635":78,"be081247":78,"5cc47d1b":78,"678b846f":78,"b4bd39d8":78,"b4cdbe5d":78,"fa0386f3":78,"b95d0f17":78,"cee9c347":78,"61ad1519":78,"819c4185":78,"ba69b06b":78,"7d2a2cb4":78,"4f62491c":78,"70b4c438":78,"71ed93db":78,"c92efaa8":78,"c241ac7e":78,"62a45672":78,"210e507a":78,"ac6e268b":78,"742238e8":78
1601327058107,"7800e7ce":79,"77869ff0":79,"4b8f7b16":79,"89f75690":79,"cb363e2f":79,"cd802f02":79,"d3cca7eb":79,"e866a899":79,"5690e712":79,"0b92d2a9":79,"070bed95":79,"67e5d108":79,"3d37b94b":79,"842c97c2":79,"c4cef92b":79,"0eecdc5b":79,"b7e495ea":79,"45ec63c0":79,"0ddfde2c":79,"a8b41774":79,"81f0da2d":79,"1fcc8ba4":79,"75a9c117":79,"12ba54ec":79,"be391c1a":79,"37d8a5b7":79,"d5ab81c4":79,"2ecde685":79,"f0bd52d3":79,"dcc20f76":79,"666a8ef0":79,"c5b609f1":79,"4dc5849a":79,"d605c755":79,"8a8c1d67":79,"cc6b3306":79,"8c2dfd9a":79,"f11267b9":79,"a483b15e":79,"f80ab49d":79,"18c73816":79,"e491161e":79,"b5087677":79,"16f60bed":79,"cb0c3481":79,"7664512c":79,"df9a53b8":79,"f6c27b2b":79,"95eaed39":79,"a5ba0ebb":79,"f53362a9":79,"1901ef7e":79,"960c2e6b":79,"3515e999":79,"d11f8f1b":79,"9d9eb027":79,"325f9a29":79,"503aafe5":79,"945f6c24":79,"f1daea7e":79,"b8fb90e3":79,"56227e35":79,"0d6bf22a":79,"b87321d0":79,"43205b5d":79,"8982905a":79,"f6fe1ad7":79,"230064fa":79,"764e0abb":79,"bba6d88e":79,"ea3479ec":79,"32266fa3":79,"50b090c3":79,"8be24763":79,"eb4800b2":79,"6e0ce9dc":79,"87d9bec4":79,"e30dfa0c":79,"6da34174":79,"bfb849fa":79,"0a10b423":79,"9ef7cee7":79,"49f1a0d1":79,"5f04aa76":79,"ba297382":79,"0287db2a":79,"96abe4a9":79,"753b10b1":79,"cf14bd99":79,"782022f4":79,"322e833f":79,"ab3619e4":79,"106006ad":79,"c8237be9":79,"080d5d42":79,"5d03f5dc":79,"f0a01341":79,"1ee4d9f9":79,"0d6e45e7":79,"0da97151":79,"e829038c":79,"4987cfb5":79,"ba90687c":79,"77f2cf92":79,"037e2be4":79,"9e7dbd20":79,"0c086273":79,"ac13c3b0":79,"b4d9c57f":79,"5d53c964":79,"8ee9cc91":79,"4cc0af91":79,"55f6a2ba":79,"9559ea96":79,"9cb044bf":79,"16b25add":79,"80ee333e":79,"3b329af2":79,"1cd662bf":79,"72992b35":79,"47589344":79,"593b1533":79,"e9f6e5ce":79,"ed6bead5":79,"96f594b9":79,"94dfcfc5":79,"8301986e":79,"830ecfec":79,"a8bae791":79,"1416e8f5":79,"dde2eed5":79,"312009ee":79,"c98759fd":79,"e8b6d676":79,"45ee5840":79,"76f04033":79,"43480b19":79,"fd955858":79,"69798d15":79,"efea71fa":79,"fb3aa867":79,"c9cf710b":79,"fcacdeb3":79,"0ea055ed":79,"e3b1bdf8":79,"644b45fb":79,"a208caa8":79,"16605353":79,"77b39e15":79,"f1726edb":79,"b9a21017":79,"e47705d3":79,"3cae4115":79,"0ccf4731":79,"c7c6782d":79,"54346574":79,"b12cbf87":79,"81942d9b":79,"699b90c1":79,"d9b5a7a8":79,"1e7914d2":79,"e5d8fdb2":79,"3412ab75":79,"bcac5daf":79,"62d028cc":79,"0af2cf39":79,"27491297":79,"d041ea86":79,"1eda11b2":79,"fc442678":79,"d5d94481":79,"ffe48500":79,"c7a45a33":79,"faffe099":79,"e99490cd":79,"3b830769":79,"583f0305":79,"1557c50a":79,"249e80ab":79,"f52a3d94":79,"eb74d3dd":79,"3bcbc28d":79,"3c0455e7":79,"df203c79":79,"df1e1ac0":79,"491708eb":79,"e421caaa":79,"2d2ecf27":79,"d38a4953":79,"eba5efdd":79,"a5463f93":79,"c85ac4f8":79,"bc253f4f":79,"0d9d2bf8":79,"846b7f11":79,"d3411467":79,"1df0ce7f":79,"a08171d0":79,"c8bc5677":79,"dfca0518":79,"92b72493":79,"d3e58903":79,"4481c4be":79,"7954891b":79,"4afd60a9":79,"d44c0ea3":79,"68f87858":79,"533bac6b":79,"41634dba":79,"43fd1327":79,"113e7f4b":79,"8cce569a":79,"ce6401b6":79,"6f57824c":79,"28bd7aa1":79,"1d52fb0d":79,"cde0d748":79,"535ed444":79,"710f0d0e":79,"0905f1fb":79,"a20e529c":79,"1ae76fcc":79,"35b161d3":79,"344cd1a3":79,"77ea1236":79,"96d2a118":79,"23a0e41f":79,"b32a1080":79,"a2c4b591":79,"6dfa57be":79,"1854ce44":79,"f92b22f1":79,"ece12664":79,"36f4ecde":79,"568a0d58":79,"5fd569d2":79,"10c8fd03":79,"bd4ccb49":79,"e773d697":79,"7e8c11e7":79,"077eb15a":79,"5337c279":79,"8d256cb6":79,"7021c619":79,"32ae00db":79,"bf2defb2":79,"bc733a28":79,"30d32d34":79,"886c16d3":79,"e8d09b62":79,"590ce3d3":79,"1802d7ce":79,"0a49914b":79,"5d3f5cad":79,"cf347cba":79,"fc0c23f7":79,"641f9b9e":79,"c92edec5":79,"9f03c1e7":79,"06c24a8d":79,"2f35e75f":79,"3eddf7c8":79,"77970f8b":79,"efd594d5":79,"4718294d":79,"5352cf45":79,"e0ffe8ff":79,"ae14d6b5":79,"721f5f42":79,"0b50bca6":79,"bf2ca266":79,"5d8d9641":79,"0de67c6c":79,"2311399f":79,"5e3ebf5e":79,"9f6ca218":79,"6213799d":79,"44cb1fd2":79,"baf19c25":79,"24a79a6e":79,"edde30af":79,"4d949e11":79,"df12f689":79,"1da10cbf":79,"832c48e4":79,"3b3569f6":79,"5b09e53e":79,"da5bb0f7":79,"6d925c84":79,"50b23ab2":79,"edfa56d4":79,"899c16eb":79,"41c76041":79,"6bb1fa99":79,"d73ff72e":79,"61c0ca91":79,"d2fda7be":79,"ce20ca3c":79,"dc90a44c":79,"1ad7c45b":79,"5566c17c":79,"86a22252":79,"0000dece":79,"ce5efdbe":79,"58ace2b5":79,"d379fd96":79,"7b819458":79,"7f8024cd":79,"ae562513":79,"7b66dacd":79,"9ab137d7":79,"7191d1cd":79,"005354dd":79,"1d2d958b":79,"81fb6a01":79,"7f5b27c8":79,"fb3444d9":79,"f05de640":79,"86a68967":79,"56cd4dca":79,"7f469f4c":79,"f92dedfc":79,"355d1489":79,"f96fc1af":79,"06713bac":79,"61aca924":79,"d97fb857":79,"59ff5ec6":79,"ef04e64e":79,"6e2d04de":79,"2fca1798":79,"05028839":79,"5488826c":79,"84fff5c1":79,"c649992d":79,"d5ad3ed6":79,"8e5f7187":79,"55ba7579":79,"b7769ca6":79,"9c27de51":79,"38a75b48":79,"1792bfa3":79,"426f1904":79,"7c0f1ca9":79,"b2f820ac":79,"25d4f65d":79,"eddb6a2a":79,"ff8a00aa":79,"c146560b":79,"985068e7":79,"d543ba6f":79,"272e7d0d":79,"f92596ee":79,"68831ea9":79,"9713d076":79,"fd098272":79,"6ee788a7":79,"8249641d":79,"45b0968f":79,"6a9bb182":79,"1f1afd4f":79,"25fb8826":79,"0dc5da58":79,"2874a625":79,"e61ae828":79,"f7ac3883":79,"ccd01528":79,"dab8cf68":79,"00f2a9cb":79,"916fe082":79,"b64dba8e":79,"c3bb30ce":79,"86219c70":79,"601990d8":79,"5c662c19":79,"d2a5d2fd":79,"89d220c2":79,"b01ab62a":79,"76da16fa":79,"bffee581":79,"07150038":79,"080fa362":79,"7b6945ad":79,"a40d08e1":79,"cec79bc2":79,"d2eff358":79,"e70aebb5":79,"a488b2f1":79,"4caa87d6":79,"f7076e21":79,"69e653b6":79,"98d2991b":79,"3b411d6a":79,"83826ef3":79,"595609d5":79,"b47f1b89":79,"8e6caf71":79,"9a3433b8":79,"f1e86522":79,"b89112cb":79,"fa03f48f":79,"5298dafa":79,"66736d5e":79,"25f7f918":79,"30de89a7":79,"06aaa33f":79,"c5311ebb":79,"320c65bf":79,"105bb3f6":79,"1fa1e7c2":79,"58de5462":79,"646af2b9":79,"f01c896d":79,"1f2670d0":79,"659389ad":79,"962c9c8f":79,"240c8679":79,"0718c3be":79,"aec0bf28":79,"8b503f7b":79,"a017a323":79,"8801c469":79,"87a8523c":79,"b6281f1a":79,"c416baa6":79,"3e10c9cb":79,"5500a3e8":79,"3c0e87ac":79,"a891461f":79,"a246cdab":79,"117c7f0b":79,"0d21cf99":79,"14e6fe14":79,"37ec5e73":79,"bfff7913":79,"f8636899":79,"37724339":79,"d45d9727":79,"ee5ff2a3":79,"44322dfd":79,"295e4d1d":79,"8cf6570a":79,"403064a0":79,"312af46e":79,"b5a9f8c3":79,"fcbc0ae8":79,"2ff6b6a8":79,"66a71cc1":79,"bf4b58e4":79,"ae350a07":79,"48c6df81":79,"680a32a6":79,"5e165f43":79,"83ba647d":79,"f8785b71":79,"ab4a411a":79,"cb0bd6b7":79,"d7a4b24c":79,"8e426e39":79,"51909df8":79,"686d5c0b":79,"f15eb1c5":79,"e22b0973":79,"23646ff9":79,"71789493":79,"5ac72353":79,"3abb827b":79,"d1b14d06":79,"0c73c293":79,"88929b06":79,"f6c074a7":79,"08c4692e":79,"ffd6849d":79,"5b2479ef":79,"962fca02":79,"1d882c36":79,"75968179":79,"bc8bdc23":79,"eb62e8f2":79,"a71f3f70":79,"1f7aa83c":79,"732d62ee":79,"808bc372":79,"d4b0751c":79,"c792a7c1":79,"5b01444b":79,"79995b62":79,"5a7da061":79,"97160db8":79,"06a94514":79,"73c420df":79,"589f0d6e":79,"51b4016a":79,"0700da70":79,"ff591765":79,"46bf9112":79,"93f12198":79,"092ad3d6":79,"62e270e5":79,"bf940089":79,"66b1b6d7":79,"01f34f98":79,"b062adc4":79,"1670b0d3":79,"4aae5133":79,"ec97d63e":79,"63a3af32":79,"94208a41":79,"2cbcad17":79,"3fec4b0b":79,"faa3de3e":79,"4dccb5ca":79,"83268abf":79,"44983d13":79,"9666b973":79,"653b27c7":79,"83b37fd6":79,"4d852788":79,"e43a9448":79,"3542b748":79,"379c53ab":79,"e396d80d":79,"7da61f27":79,"dc874a97":79,"85a220de":79,"40a7cdd2":79,"ac033c7b":79,"87759976":79,"4df3f62e":79,"c881a53e":79,"80c1c8b1":79,"cf52acd8":79,"a63cb4ce":79,"d3b3492b":79,"7580cfa4":79,"22a96386":79,"5c672b50":79,"5df16440":79,"b666e56d":79,"8db378ff":79,"784d6375":79,"578c4c95":79,"80999122":79,"c606b472":79,"72af9198":79,"e39e9552":79,"81c1b70d":79,"e72f0f82":79,"88374b72":79,"fdfaf1ed":79,"ea981bed":79,"5e197575":79,"e587c4d0":79,"525b2635":79,"caa38a45":79,"a9987a58":79,"b6b8e5c7":79,"e82177d3":79,"89914b94":79,"04bdf5e1":79,"da8b42be":79,"3b0576bf":79,"9458934f":79,"1dcc489c":79,"945badf3":79,"1327775b":79,"bdd40125":79,"75fd47f7":79,"1c52a07e":79,"e70ccc25":79,"afd1494f":79,"ca6bffd3":79,"829c44a4":79,"e76e2617":79,"2b4fd52e":79,"57162572":79,"d1d50cfe":79,"f7ffcbb8":79,"5728f934":79,"00b26865":79,"c333337d":79,"815c56bc":79,"5bd61a68":79,"8582c5cf":79,"0c353665":79,"231e8700":79,"1f9fbd85":79,"43f24679":79,"a1c0dfc4":79,"78f71162":79,"4b27a9a4":79,"163f4d19":79,"1d043d5a":79,"b2f82e06":79,"5b0b43e6":79,"b5474d69":79,"5a938eeb":79,"4fe0dedf":79,"951fc6d0":79,"61892a4c":79,"f096219e":79,"a3f0a6ec":79,"01051f84":79,"aa7e370d":79,"f995eeab":79,"4006e709":79,"0dedf63e":79,"4541bf85":79,"a6b13f20":79,"2459c882":79,"3df97186":79,"ef0490de":79,"e0f47ced":79,"309bbf54":79,"cc537772":79,"6618390c":79,"99cc0813":79,"dc32c4e1":79,"239c636e":79,"6ee160ff":79,"c55d40ca":79,"22c177a8":79,"00ae883f":79,"f416ee62":79,"0d2b182d":79,"320754c3":79,"232b2f64":79,"3171b6e7":79,"3b25460f":79,"d2064756":79,"a9d5374b":79,"4321f02d":79,"089b3f8f":79,"7698d0dc":79,"784414ce":79,"2df3efdb":79,"d0f1b7bd":79,"e7799883":79,"4f9456cf":79,"6e260ee8":79,"f4f84279":79,"b0950de5":79,"6f873999":79,"1f4e0e22":79,"60d69311":79,"3b09f1de":79,"b371f44a":79,"8b6180ff":79,"8819ac24":79,"dbbf7f69":79,"a8edfe84":79,"2ed19b1e":79,"959e16ea":79,"02f76c64":79,"5c6d1f33":79,"dfe4a061":79,"c2bf7d51":79,"781afef6":79,"de9229a0":79,"99a5feef":79,"f6266388":79,"e64fd39c":79,"e1b3ce36":79,"625fa164":79,"0c6ae551":79,"e8f4c1dd":79,"cede8b8c":79,"ad95ff4a":79,"893a99c5":79,"d8bf32b5":79,"0eb42efe":79,"b4801cae":79,"c3c2fd05":79,"f8c97147":79,"c2526ff3":79,"cc386067":79,"a22ffd8f":79,"3cd28a4d":79,"44a12c31":79,"45a961ca":79,"5ca978fd":79,"668e601b":79,"7552d86c":79,"02ebf3b6":79,"bb17a968":79,"4abcb85d":79,"cba26072":79,"2a718dcc":79,"c6a9a8e1":79,"88854fd0":79,"8dc27d2a":79,"41d7f05d":79,"2b851827":79,"9f428a03":79,"4d504d96":79,"0533ece1":79,"bcee2ef3":79,"0afba00c":79,"04ff8100":79,"6c00d8d6":79,"ac9a02bc":79,"acfe69ed":79,"426603ff":79,"2db2f252":79,"2e84193b":79,"c55683c9":79,"51233daf":79,"02791635":79,"03c4ab87":79,"4e3d3af7":79,"3a4803a8":79,"f7a7de5d":79,"d4e56c3e":79,"0c045c2d":79,"8efd4801":79,"7eb8f268":79,"20236d3e":79,"36ae8cd8":79,"3ddd5391":79,"07f69c6d":79,"2254f0f5":79,"ea282e84":79,"6653c83b":79,"c896052c":79,"287ecd1c":79,"f9376d3e":79,"07a94e8c":79,"bb017b49":79,"37b52fe4":79,"61ad1519":79,"819c4185":79,"ba69b06b":79,"7d2a2cb4":79,"4f62491c":79,"70b4c438":79,"71ed93db":79,"c92efaa8":79,"c241ac7e":79,"62a45672":79,"210e507a":79,"ac6e268b":79,"742238e8":79,"be081247":79,"5cc47d1b":79,"678b846f":79,"b4bd39d8":79,"b4cdbe5d":79,"fa0386f3":79,"b95d0f17":79,"cee9c347":79
1601327059586,"7800e7ce":80,"77869ff0":80,"4b8f7b16":80,"89f75690":80,"cb363e2f":80,"cd802f02":80,"d3cca7eb":80,"e866a899":80,"5690e712":80,"0b92d2a9":80,"070bed95":80,"67e5d108":80,"3d37b94b":80,"842c97c2":80,"c4cef92b":80,"0eecdc5b":80,"b7e495ea":80,"45ec63c0":80,"0ddfde2c":80,"a8b41774":80,"81f0da2d":80,"1fcc8ba4":80,"75a9c117":80,"12ba54ec":80,"be391c1a":80,"37d8a5b7":80,"d5ab81c4":80,"2ecde685":80,"f0bd52d3":80,"dcc20f76":80,"666a8ef0":80,"c5b609f1":80,"4dc5849a":80,"d605c755":80,"8a8c1d67":80,"cc6b3306":80,"8c2dfd9a":80,"f11267b9":80,"a483b15e":80,"f80ab49d":80,"95eaed39":80,"a5ba0ebb":80,"f53362a9":80,"1901ef7e":80,"960c2e6b":80,"3515e999":80,"d11f8f1b":80,"9d9eb027":80,"325f9a29":80,"503aafe5":80,"080d5d42":80
1601327060224,"d5d94481":80,"ffe48500":80,"c7a45a33":80,"faffe099":80,"e99490cd":80,"3b830769":80,"583f0305":80,"1557c50a":80,"249e80ab":80,"f52a3d94":80,"eb74d3dd":80,"3bcbc28d":80,"3c0455e7":80,"df203c79":80,"df1e1ac0":80,"491708eb":80,"e421caaa":80,"2d2ecf27":80,"d38a4953":80,"eba5efdd":80,"a5463f93":80,"c85ac4f8":80,"bc253f4f":80,"0d9d2bf8":80,"846b7f11":80,"d3411467":80,"1df0ce7f":80,"a08171d0":80,"c8bc5677":80,"dfca0518":80,"b9a21017":80,"e47705d3":80,"3cae4115":80,"0ccf4731":80,"c7c6782d":80,"54346574":80,"b12cbf87":80,"81942d9b":80,"699b90c1":80,"d9b5a7a8":80,"1e7914d2":80,"e5d8fdb2":80,"3412ab75":80,"bcac5daf":80,"62d028cc":80,"0af2cf39":80,"27491297":80,"d041ea86":80,"1eda11b2":80,"fc442678":80,"e9f6e5ce":80,"ed6bead5":80,"96f594b9":80,"94dfcfc5":80,"8301986e":80,"830ecfec":80,"a8bae791":80,"312009ee":80,"c98759fd":80,"e8b6d676":80,"45ee5840":80,"76f04033":80,"43480b19":80,"fd955858":80,"69798d15":80,"efea71fa":80,"fb3aa867":80,"c9cf710b":80,"fcacdeb3":80,"0ea055ed":80,"e3b1bdf8":80,"644b45fb":80,"5d03f5dc":80,"f0a01341":80,"1ee4d9f9":80,"0d6e45e7":80,"0da97151":80,"e829038c":80,"4987cfb5":80,"ba90687c":80,"77f2cf92":80,"037e2be4":80,"9e7dbd20":80,"0c086273":80,"ac13c3b0":80,"b4d9c57f":80,"5d53c964":80,"8ee9cc91":80,"4cc0af91":80,"55f6a2ba":80,"9559ea96":80,"9cb044bf":80,"16b25add":80,"80ee333e":80,"3b329af2":80,"1cd662bf":80,"72992b35":80,"47589344":80,"593b1533":80,"5b09e53e":80,"da5bb0f7":80,"6d925c84":80,"50b23ab2":80,"edfa56d4":80,"899c16eb":80,"41c76041":80,"6bb1fa99":80,"d73ff72e":80,"61c0ca91":80,"d2fda7be":80,"ce20ca3c":80,"1d2d958b":80,"81fb6a01":80,"7f5b27c8":80,"fb3444d9":80,"96abe4a9":80,"753b10b1":80,"cf14bd99":80,"782022f4":80,"322e833f":80,"ab3619e4":80,"106006ad":80,"c8237be9":80,"1416e8f5":80,"dde2eed5":80,"a208caa8":80,"16605353":80,"77b39e15":80,"f1726edb":80,"f05de640":80,"86a68967":80,"56cd4dca":80,"7f469f4c":80,"f92dedfc":80,"18c73816":80,"e491161e":80,"b5087677":80,"16f60bed":80,"cb0c3481":80,"7664512c":80,"df9a53b8":80,"f6c27b2b":80,"945f6c24":80,"f1daea7e":80,"b8fb90e3":80,"56227e35":80,"0d6bf22a":80,"b87321d0":80,"43205b5d":80,"8982905a":80,"f6fe1ad7":80,"230064fa":80,"764e0abb":80,"bba6d88e":80,"ea3479ec":80,"32266fa3":80,"50b090c3":80,"8be24763":80,"eb4800b2":80,"6e0ce9dc":80,"87d9bec4":80,"e30dfa0c":80,"6da34174":80,"bfb849fa":80,"0a10b423":80,"9ef7cee7":80,"49f1a0d1":80,"5f04aa76":80,"ba297382":80,"0287db2a":80,"355d1489":80,"f96fc1af":80,"06713bac":80,"3b3569f6":80,"b01ab62a":80,"76da16fa":80,"bffee581":80,"07150038":80,"080fa362":80,"7b6945ad":80,"a40d08e1":80,"cec79bc2":80,"d2eff358":80,"e70aebb5":80,"61aca924":80,"d97fb857":80,"59ff5ec6":80,"ef04e64e":80,"6e2d04de":80,"2fca1798":80,"05028839":80,"5488826c":80,"84fff5c1":80,"92b72493":80,"d3e58903":80,"4481c4be":80,"7954891b":80,"4afd60a9":80,"d44c0ea3":80,"68f87858":80,"533bac6b":80,"41634dba":80,"43fd1327":80,"113e7f4b":80,"8cce569a":80,"ce6401b6":80,"6f57824c":80,"28bd7aa1":80,"1d52fb0d":80,"cde0d748":80,"535ed444":80,"710f0d0e":80,"0905f1fb":80,"a20e529c":80,"1ae76fcc":80,"35b161d3":80,"344cd1a3":80,"77ea1236":80,"96d2a118":80,"23a0e41f":80,"b32a1080":80,"a2c4b591":80,"6dfa57be":80,"1854ce44":80,"f92b22f1":80,"c649992d":80,"d5ad3ed6":80,"8e5f7187":80,"55ba7579":80,"b7769ca6":80,"9c27de51":80,"38a75b48":80,"1792bfa3":80,"426f1904":80,"590ce3d3":80,"1802d7ce":80,"0a49914b":80,"5d3f5cad":80,"cf347cba":80,"fc0c23f7":80,"641f9b9e":80,"c92edec5":80,"9f03c1e7":80,"06c24a8d":80,"2f35e75f":80,"3eddf7c8":80,"77970f8b":80,"efd594d5":80,"4718294d":80,"5352cf45":80,"e0ffe8ff":80,"ae14d6b5":80,"721f5f42":80,"0b50bca6":80,"bf2ca266":80,"5d8d9641":80,"0de67c6c":80,"2311399f":80,"5e3ebf5e":80,"9f6ca218":80,"6213799d":80,"44cb1fd2":80,"7c0f1ca9":80,"b2f820ac":80,"25d4f65d":80,"eddb6a2a":80,"ff8a00aa":80,"c146560b":80,"985068e7":80,"d543ba6f":80,"ece12664":80,"36f4ecde":80,"568a0d58":80,"5fd569d2":80,"10c8fd03":80,"bd4ccb49":80,"e773d697":80,"7e8c11e7":80,"077eb15a":80,"5337c279":80,"8d256cb6":80,"7021c619":80,"32ae00db":80,"bf2defb2":80,"bc733a28":80,"30d32d34":80,"886c16d3":80,"e8d09b62":80,"baf19c25":80,"24a79a6e":80,"edde30af":80,"4d949e11":80,"df12f689":80,"1da10cbf":80,"832c48e4":80,"dc90a44c":80,"1ad7c45b":80,"5566c17c":80,"86a22252":80,"0000dece":80,"ce5efdbe":80,"58ace2b5":80,"d379fd96":80,"7b819458":80,"7f8024cd":80,"ae562513":80,"7b66dacd":80,"9ab137d7":80,"7191d1cd":80,"005354dd":80,"a488b2f1":80,"4caa87d6":80,"f7076e21":80,"69e653b6":80,"f1e86522":80,"fa03f48f":80,"98d2991b":80,"5298dafa":80,"3b411d6a":80,"25f7f918":80,"83826ef3":80,"c5311ebb":80,"595609d5":80,"b47f1b89":80,"105bb3f6":80,"58de5462":80,"8e6caf71":80,"9a3433b8":80,"f01c896d":80,"b89112cb":80,"1f2670d0":80,"66736d5e":80,"962c9c8f":80,"30de89a7":80,"aec0bf28":80,"06aaa33f":80,"a017a323":80,"320c65bf":80,"8801c469":80,"b6281f1a":80,"1fa1e7c2":80,"646af2b9":80,"48c6df81":80,"5e165f43":80,"659389ad":80,"f8785b71":80,"240c8679":80,"ab4a411a":80,"0718c3be":80,"d7a4b24c":80,"8b503f7b":80,"686d5c0b":80,"87a8523c":80,"f15eb1c5":80,"c416baa6":80,"71789493":80,"ae350a07":80,"5ac72353":80,"680a32a6":80,"d1b14d06":80,"83ba647d":80,"f6c074a7":80,"cb0bd6b7":80,"ffd6849d":80,"8e426e39":80,"962fca02":80,"51909df8":80,"75968179":80,"e22b0973":80,"bc8bdc23":80,"23646ff9":80,"a71f3f70":80,"3abb827b":80,"1f7aa83c":80,"0c73c293":80,"732d62ee":80,"d4b0751c":80,"88929b06":80,"808bc372":80,"08c4692e":80,"c792a7c1":80,"5b01444b":80,"5b2479ef":80,"5a7da061":80,"79995b62":80,"06a94514":80,"97160db8":80,"1d882c36":80,"589f0d6e":80,"73c420df":80,"eb62e8f2":80,"0700da70":80,"51b4016a":80,"46bf9112":80,"ff591765":80,"092ad3d6":80,"93f12198":80,"62e270e5":80,"bf940089":80,"66b1b6d7":80,"01f34f98":80,"1670b0d3":80,"b062adc4":80,"4aae5133":80,"ec97d63e":80,"63a3af32":80,"94208a41":80,"2cbcad17":80,"3fec4b0b":80,"4dccb5ca":80,"faa3de3e":80,"44983d13":80,"83268abf":80,"80999122":80,"578c4c95":80,"72af9198":80,"c606b472":80,"e39e9552":80,"81c1b70d":80,"e72f0f82":80,"88374b72":80,"fdfaf1ed":80,"ea981bed":80,"5e197575":80,"e587c4d0":80,"525b2635":80,"caa38a45":80,"a9987a58":80,"b6b8e5c7":80,"e82177d3":80,"9666b973":80,"653b27c7":80,"83b37fd6":80,"4d852788":80,"e43a9448":80,"3542b748":80,"379c53ab":80,"e396d80d":80,"7da61f27":80,"89914b94":80,"04bdf5e1":80,"da8b42be":80,"3b0576bf":80,"9458934f":80,"1dcc489c":80,"945badf3":80,"1327775b":80,"bdd40125":80,"75fd47f7":80,"1c52a07e":80,"e70ccc25":80,"afd1494f":80,"ca6bffd3":80,"829c44a4":80,"e76e2617":80,"2b4fd52e":80,"57162572":80,"d1d50cfe":80,"dc874a97":80,"85a220de":80,"40a7cdd2":80,"ac033c7b":80,"87759976":80,"4df3f62e":80,"c881a53e":80,"80c1c8b1":80,"cf52acd8":80,"a63cb4ce":80,"d3b3492b":80,"7580cfa4":80,"22a96386":80,"5c672b50":80,"5df16440":80,"b666e56d":80,"8db378ff":80,"784d6375":80,"4541bf85":80,"a6b13f20":80,"2459c882":80,"3df97186":80,"ef0490de":80,"e0f47ced":80,"309bbf54":80,"cc537772":80,"6618390c":80,"99cc0813":80,"dc32c4e1":80,"239c636e":80,"6ee160ff":80,"c55d40ca":80,"22c177a8":80,"00ae883f":80,"f416ee62":80,"0d2b182d":80,"320754c3":80,"232b2f64":80,"3171b6e7":80,"3b25460f":80,"d2064756":80,"272e7d0d":80,"f92596ee":80,"68831ea9":80,"9713d076":80,"fd098272":80,"6ee788a7":80,"8249641d":80,"45b0968f":80,"6a9bb182":80,"1f1afd4f":80,"25fb8826":80,"0dc5da58":80,"2874a625":80,"e61ae828":80,"f7ac3883":80,"ccd01528":80,"dab8cf68":80,"00f2a9cb":80,"916fe082":80,"b64dba8e":80,"c3bb30ce":80,"86219c70":80,"601990d8":80,"5c662c19":80,"d2a5d2fd":80,"89d220c2":80,"3e10c9cb":80,"5500a3e8":80,"3c0e87ac":80,"a891461f":80,"a246cdab":80,"f7ffcbb8":80,"5728f934":80,"00b26865":80,"c333337d":80,"815c56bc":80,"5bd61a68":80,"8582c5cf":80,"0c353665":80,"231e8700":80,"1f9fbd85":80,"43f24679":80,"a1c0dfc4":80,"78f71162":80,"4b27a9a4":80,"163f4d19":80,"1d043d5a":80,"b2f82e06":80,"117c7f0b":80,"0d21cf99":80,"14e6fe14":80,"37ec5e73":80,"bfff7913":80,"f8636899":80,"37724339":80,"d45d9727":80,"ee5ff2a3":80,"44322dfd":80,"295e4d1d":80,"8cf6570a":80,"403064a0":80,"312af46e":80,"b5a9f8c3":80,"fcbc0ae8":80,"2ff6b6a8":80,"66a71cc1":80,"bf4b58e4":80,"5b0b43e6":80,"b5474d69":80,"5a938eeb":80,"4fe0dedf":80,"951fc6d0":80,"61892a4c":80,"f096219e":80,"a3f0a6ec":80,"01051f84":80,"aa7e370d":80,"f995eeab":80,"4006e709":80,"0dedf63e":80,"a9d5374b":80,"4321f02d":80,"089b3f8f":80,"7698d0dc":80,"784414ce":80,"2df3efdb":80,"d0f1b7bd":80,"e7799883":80,"4f9456cf":80,"6e260ee8":80,"f4f84279":80,"b0950de5":80,"6f873999":80,"1f4e0e22":80,"60d69311":80,"3b09f1de":80,"b371f44a":80,"8b6180ff":80,"8819ac24":80,"dbbf7f69":80
1601327061325,"a8edfe84":80,"2ed19b1e":80,"959e16ea":80,"02f76c64":80,"5c6d1f33":80,"b4801cae":80,"c3c2fd05":80,"f8c97147":80,"c2526ff3":80,"cc386067":80,"a22ffd8f":80,"3cd28a4d":80,"44a12c31":80,"45a961ca":80,"5ca978fd":80,"668e601b":80,"dfe4a061":80,"c2bf7d51":80,"781afef6":80,"de9229a0":80,"99a5feef":80,"f6266388":80,"e64fd39c":80,"e1b3ce36":80,"625fa164":80,"0c6ae551":80,"e8f4c1dd":80,"cede8b8c":80,"7552d86c":80,"02ebf3b6":80,"bb17a968":80,"4abcb85d":80,"cba26072":80,"2a718dcc":80,"c6a9a8e1":80,"88854fd0":80,"8dc27d2a":80,"41d7f05d":80,"2b851827":80,"9f428a03":80,"4d504d96":80,"0533ece1":80,"bcee2ef3":80,"0afba00c":80,"04ff8100":80,"6c00d8d6":80,"ac9a02bc":80,"acfe69ed":80,"426603ff":80,"2db2f252":80,"2e84193b":80,"c55683c9":80,"51233daf":80,"02791635":80,"be081247":80,"5cc47d1b":80,"678b846f":80,"b4bd39d8":80,"b4cdbe5d":80,"fa0386f3":80,"b95d0f17":80,"cee9c347":80,"ad95ff4a":80,"893a99c5":80,"d8bf32b5":80,"0eb42efe":80,"03c4ab87":80,"4e3d3af7":80,"3a4803a8":80,"f7a7de5d":80,"d4e56c3e":80,"0c045c2d":80,"8efd4801":80,"7eb8f268":80,"20236d3e":80,"36ae8cd8":80,"3ddd5391":80,"07f69c6d":80,"2254f0f5":80,"ea282e84":80,"6653c83b":80,"c896052c":80,"287ecd1c":80,"f9376d3e":80,"07a94e8c":80,"bb017b49":80,"37b52fe4":80,"61ad1519":80,"819c4185":80,"ba69b06b":80,"7d2a2cb4":80,"4f62491c":80,"70b4c438":80,"71ed93db":80,"c92efaa8":80,"c241ac7e":80,"62a45672":80,"210e507a":80,"ac6e268b":80,"742238e8":80
1601327062454,"d5d94481":81,"ffe48500":81,"c7a45a33":81,"faffe099":81,"e99490cd":81,"3b830769":81,"583f0305":81,"1557c50a":81,"249e80ab":81,"f52a3d94":81,"eb74d3dd":81,"3bcbc28d":81,"3c0455e7":81,"df203c79":81,"df1e1ac0":81,"491708eb":81,"e421caaa":81,"2d2ecf27":81,"d38a4953":81,"eba5efdd":81,"a5463f93":81,"c85ac4f8":81,"bc253f4f":81,"0d9d2bf8":81,"846b7f11":81,"d3411467":81,"cc6b3306":81,"8c2dfd9a":81,"f11267b9":81,"a483b15e":81,"f80ab49d":81,"95eaed39":81,"a5ba0ebb":81,"f53362a9":81,"1901ef7e":81,"960c2e6b":81,"3515e999":81,"d11f8f1b":81,"9d9eb027":81,"325f9a29":81,"503aafe5":81,"18c73816":81,"e491161e":81,"b5087677":81,"16f60bed":81,"cb0c3481":81,"7664512c":81,"080d5d42":81,"5d03f5dc":81,"f0a01341":81,"1ee4d9f9":81,"0d6e45e7":81,"0da97151":81,"e829038c":81,"4987cfb5":81,"ba90687c":81,"77f2cf92":81,"037e2be4":81,"9e7dbd20":81,"0c086273":81,"ac13c3b0":81,"b4d9c57f":81,"5d53c964":81,"8ee9cc91":81,"4cc0af91":81,"55f6a2ba":81,"9559ea96":81,"9cb044bf":81,"16b25add":81,"80ee333e":81,"3b329af2":81,"1cd662bf":81,"72992b35":81,"47589344":81,"593b1533":81,"e9f6e5ce":81,"7800e7ce":81,"77869ff0":81,"4b8f7b16":81,"89f75690":81,"cb363e2f":81,"cd802f02":81,"d3cca7eb":81,"e866a899":81,"5690e712":81,"0b92d2a9":81,"070bed95":81,"67e5d108":81,"3d37b94b":81,"842c97c2":81,"c4cef92b":81,"0eecdc5b":81,"b7e495ea":81,"45ec63c0":81,"0ddfde2c":81,"a8b41774":81,"81f0da2d":81,"1fcc8ba4":81,"75a9c117":81,"12ba54ec":81,"be391c1a":81,"37d8a5b7":81,"d5ab81c4":81,"2ecde685":81,"f0bd52d3":81,"dcc20f76":81,"666a8ef0":81,"c5b609f1":81,"4dc5849a":81,"d605c755":81,"8a8c1d67":81,"df9a53b8":81,"f6c27b2b":81,"945f6c24":81,"f1daea7e":81,"b8fb90e3":81,"56227e35":81,"0d6bf22a":81,"b87321d0":81,"43205b5d":81,"8982905a":81,"f6fe1ad7":81,"230064fa":81,"764e0abb":81,"bba6d88e":81,"ea3479ec":81,"32266fa3":81,"50b090c3":81,"8be24763":81,"eb4800b2":81,"6e0ce9dc":81,"87d9bec4":81,"e30dfa0c":81,"1df0ce7f":81,"a08171d0":81,"c8bc5677":81,"dfca0518":81,"b9a21017":81,"e47705d3":81,"3cae4115":81,"0ccf4731":81,"c7c6782d":81,"54346574":81,"b12cbf87":81,"81942d9b":81,"699b90c1":81,"d9b5a7a8":81,"1e7914d2":81,"e5d8fdb2":81,"3412ab75":81,"bcac5daf":81,"62d028cc":81,"0af2cf39":81,"27491297":81,"d041ea86":81,"1eda11b2":81,"fc442678":81,"6da34174":81,"bfb849fa":81,"0a10b423":81,"9ef7cee7":81,"49f1a0d1":81,"5f04aa76":81,"ba297382":81,"0287db2a":81,"96abe4a9":81,"753b10b1":81,"cf14bd99":81,"782022f4":81,"322e833f":81,"ab3619e4":81,"106006ad":81,"c8237be9":81,"1416e8f5":81,"dde2eed5":81,"a208caa8":81,"16605353":81,"77b39e15":81,"f1726edb":81,"92b72493":81,"d3e58903":81,"ed6bead5":81,"96f594b9":81,"94dfcfc5":81,"8301986e":81,"830ecfec":81,"a8bae791":81,"312009ee":81,"c98759fd":81,"e8b6d676":81,"45ee5840":81,"76f04033":81,"43480b19":81,"fd955858":81,"69798d15":81,"efea71fa":81,"fb3aa867":81,"c9cf710b":81,"fcacdeb3":81,"0ea055ed":81,"e3b1bdf8":81,"644b45fb":81,"4481c4be":81,"7954891b":81,"4afd60a9":81,"d44c0ea3":81,"68f87858":81,"533bac6b":81,"41634dba":81,"43fd1327":81,"113e7f4b":81,"8cce569a":81,"ce6401b6":81,"6f57824c":81,"28bd7aa1":81,"1d52fb0d":81,"cde0d748":81,"535ed444":81,"710f0d0e":81,"0905f1fb":81,"a20e529c":81,"1ae76fcc":81,"35b161d3":81,"344cd1a3":81,"77ea1236":81,"96d2a118":81,"23a0e41f":81,"b32a1080":81,"a2c4b591":81,"6dfa57be":81,"1854ce44":81,"f92b22f1":81,"ece12664":81,"36f4ecde":81
1601327063049,"5b09e53e":81,"da5bb0f7":81,"6d925c84":81,"50b23ab2":81,"edfa56d4":81,"899c16eb":81,"41c76041":81,"6bb1fa99":81,"d73ff72e":81,"61c0ca91":81,"d2fda7be":81,"ce20ca3c":81,"1d2d958b":81,"81fb6a01":81,"7f5b27c8":81,"fb3444d9":81,"f05de640":81,"86a68967":81,"56cd4dca":81,"7f469f4c":81,"f92dedfc":81,"355d1489":81,"f96fc1af":81,"06713bac":81,"61aca924":81,"d97fb857":81,"3b3569f6":81,"b01ab62a":81,"76da16fa":81,"bffee581":81,"07150038":81,"080fa362":81,"7b6945ad":81,"a40d08e1":81,"cec79bc2":81,"d2eff358":81,"e70aebb5":81,"a488b2f1":81,"4caa87d6":81,"f7076e21":81,"69e653b6":81,"59ff5ec6":81,"ef04e64e":81,"6e2d04de":81,"2fca1798":81,"05028839":81,"5488826c":81,"84fff5c1":81,"c649992d":81,"d5ad3ed6":81,"8e5f7187":81,"55ba7579":81,"b7769ca6":81,"9c27de51":81,"38a75b48":81,"1792bfa3":81,"426f1904":81,"7c0f1ca9":81,"b2f820ac":81,"590ce3d3":81,"1802d7ce":81,"0a49914b":81,"5d3f5cad":81,"cf347cba":81,"fc0c23f7":81,"641f9b9e":81,"c92edec5":81,"9f03c1e7":81,"06c24a8d":81,"2f35e75f":81,"3eddf7c8":81,"77970f8b":81,"efd594d5":81,"4718294d":81,"5352cf45":81,"e0ffe8ff":81,"ae14d6b5":81,"721f5f42":81,"0b50bca6":81,"bf2ca266":81,"5d8d9641":81,"0de67c6c":81,"2311399f":81,"5e3ebf5e":81,"9f6ca218":81,"25d4f65d":81,"eddb6a2a":81,"ff8a00aa":81,"c146560b":81,"985068e7":81,"d543ba6f":81,"6213799d":81,"44cb1fd2":81,"baf19c25":81,"24a79a6e":81,"edde30af":81,"4d949e11":81,"df12f689":81,"1da10cbf":81,"832c48e4":81,"dc90a44c":81,"1ad7c45b":81,"5566c17c":81,"86a22252":81,"0000dece":81,"ce5efdbe":81,"58ace2b5":81,"d379fd96":81,"7b819458":81,"7f8024cd":81,"ae562513":81,"7b66dacd":81,"9ab137d7":81,"7191d1cd":81,"005354dd":81,"98d2991b":81,"3b411d6a":81,"83826ef3":81,"f1e86522":81,"fa03f48f":81,"595609d5":81,"b47f1b89":81,"5298dafa":81,"8e6caf71":81,"25f7f918":81,"c5311ebb":81,"9a3433b8":81,"b89112cb":81,"105bb3f6":81,"58de5462":81,"66736d5e":81,"f01c896d":81,"30de89a7":81,"1f2670d0":81,"06aaa33f":81,"962c9c8f":81,"320c65bf":81,"aec0bf28":81,"1fa1e7c2":81,"a017a323":81,"646af2b9":81,"8801c469":81,"659389ad":81,"b6281f1a":81,"240c8679":81,"48c6df81":81,"0718c3be":81,"5e165f43":81,"8b503f7b":81,"f8785b71":81,"87a8523c":81,"ab4a411a":81,"c416baa6":81,"ae350a07":81,"d7a4b24c":81,"686d5c0b":81,"680a32a6":81,"83ba647d":81,"f15eb1c5":81,"cb0bd6b7":81,"71789493":81,"8e426e39":81,"5ac72353":81,"d1b14d06":81,"51909df8":81,"e22b0973":81,"f6c074a7":81,"ffd6849d":81,"23646ff9":81,"3abb827b":81,"962fca02":81,"75968179":81,"0c73c293":81,"bc8bdc23":81,"88929b06":81,"08c4692e":81,"a71f3f70":81,"1f7aa83c":81,"5b2479ef":81,"732d62ee":81,"1d882c36":81,"eb62e8f2":81,"d4b0751c":81,"5b01444b":81,"79995b62":81,"808bc372":81,"97160db8":81,"c792a7c1":81,"589f0d6e":81,"5a7da061":81,"51b4016a":81,"06a94514":81,"46bf9112":81,"73c420df":81,"092ad3d6":81,"0700da70":81,"bf940089":81,"ff591765":81,"93f12198":81,"01f34f98":81,"1670b0d3":81,"62e270e5":81,"66b1b6d7":81,"ec97d63e":81,"b062adc4":81,"94208a41":81,"2cbcad17":81,"4aae5133":81,"4dccb5ca":81,"63a3af32":81,"3fec4b0b":81,"83268abf":81,"578c4c95":81,"faa3de3e":81,"c606b472":81,"44983d13":81,"80999122":81,"72af9198":81,"e39e9552":81,"81c1b70d":81,"e72f0f82":81,"88374b72":81,"fdfaf1ed":81,"ea981bed":81,"5e197575":81,"e587c4d0":81,"525b2635":81,"caa38a45":81,"a9987a58":81,"b6b8e5c7":81,"e82177d3":81,"89914b94":81,"04bdf5e1":81,"9666b973":81,"653b27c7":81,"83b37fd6":81,"4d852788":81,"e43a9448":81,"3542b748":81,"379c53ab":81,"e396d80d":81,"7da61f27":81,"dc874a97":81,"85a220de":81,"40a7cdd2":81,"ac033c7b":81,"da8b42be":81,"3b0576bf":81,"9458934f":81,"1dcc489c":81,"945badf3":81,"1327775b":81,"bdd40125":81,"75fd47f7":81,"1c52a07e":81,"e70ccc25":81,"afd1494f":81,"ca6bffd3":81,"829c44a4":81,"e76e2617":81,"2b4fd52e":81,"57162572":81,"d1d50cfe":81,"87759976":81,"4df3f62e":81,"c881a53e":81,"80c1c8b1":81,"cf52acd8":81,"a63cb4ce":81,"d3b3492b":81,"7580cfa4":81,"22a96386":81,"5c672b50":81,"5df16440":81,"b666e56d":81,"8db378ff":81,"784d6375":81,"4541bf85":81,"a6b13f20":81,"2459c882":81,"3df97186":81,"ef0490de":81,"e0f47ced":81,"309bbf54":81,"cc537772":81,"6618390c":81,"568a0d58":81,"5fd569d2":81,"10c8fd03":81,"bd4ccb49":81,"e773d697":81,"7e8c11e7":81,"077eb15a":81,"5337c279":81,"8d256cb6":81,"7021c619":81,"32ae00db":81,"bf2defb2":81,"bc733a28":81,"30d32d34":81,"886c16d3":81,"e8d09b62":81,"99cc0813":81,"dc32c4e1":81,"239c636e":81,"6ee160ff":81,"c55d40ca":81,"22c177a8":81,"00ae883f":81,"f416ee62":81,"0d2b182d":81,"320754c3":81,"232b2f64":81,"3171b6e7":81,"3b25460f":81,"d2064756":81,"272e7d0d":81,"f92596ee":81,"68831ea9":81,"9713d076":81,"fd098272":81,"6ee788a7":81,"8249641d":81,"45b0968f":81,"6a9bb182":81,"1f1afd4f":81,"25fb8826":81,"0dc5da58":81,"2874a625":81,"e61ae828":81,"f7ac3883":81,"ccd01528":81,"dab8cf68":81,"00f2a9cb":81,"916fe082":81,"b64dba8e":81,"c3bb30ce":81,"86219c70":81,"601990d8":81,"5c662c19":81,"d2a5d2fd":81,"89d220c2":81,"3e10c9cb":81,"5500a3e8":81,"3c0e87ac":81,"a891461f":81,"a246cdab":81,"117c7f0b":81,"0d21cf99":81,"14e6fe14":81,"37ec5e73":81,"bfff7913":81,"f7ffcbb8":81,"5728f934":81,"00b26865":81,"c333337d":81,"815c56bc":81,"5bd61a68":81,"8582c5cf":81,"0c353665":81,"231e8700":81,"1f9fbd85":81,"43f24679":81,"a1c0dfc4":81,"78f71162":81,"4b27a9a4":81,"163f4d19":81,"1d043d5a":81,"b2f82e06":81,"f8636899":81,"37724339":81,"d45d9727":81,"ee5ff2a3":81,"44322dfd":81,"295e4d1d":81,"8cf6570a":81,"403064a0":81,"312af46e":81,"b5a9f8c3":81,"fcbc0ae8":81,"2ff6b6a8":81,"66a71cc1":81,"bf4b58e4":81,"5b0b43e6":81,"b5474d69":81,"5a938eeb":81,"4fe0dedf":81,"951fc6d0":81,"61892a4c":81,"f096219e":81,"a3f0a6ec":81,"01051f84":81,"aa7e370d":81,"f995eeab":81,"4006e709":81,"0dedf63e":81,"a9d5374b":81,"4321f02d":81,"089b3f8f":81,"7698d0dc":81,"784414ce":81,"2df3efdb":81,"d0f1b7bd":81,"e7799883":81,"4f9456cf":81,"6e260ee8":81,"f4f84279":81,"b0950de5":81,"6f873999":81,"1f4e0e22":81,"60d69311":81,"3b09f1de":81,"b371f44a":81,"8b6180ff":81,"8819ac24":81,"dbbf7f69":81,"dfe4a061":81,"c2bf7d51":81,"781afef6":81,"de9229a0":81,"99a5feef":81,"f6266388":81,"e64fd39c":81,"e1b3ce36":81,"625fa164":81,"0c6ae551":81,"e8f4c1dd":81,"cede8b8c":81,"a8edfe84":81,"2ed19b1e":81,"959e16ea":81,"02f76c64":81,"5c6d1f33":81,"b4801cae":81,"c3c2fd05":81,"f8c97147":81,"c2526ff3":81,"cc386067":81,"a22ffd8f":81,"3cd28a4d":81,"44a12c31":81,"45a961ca":81,"5ca978fd":81,"668e601b":81,"7552d86c":81,"02ebf3b6":81,"bb17a968":81,"4abcb85d":81,"cba26072":81,"2a718dcc":81,"c6a9a8e1":81,"88854fd0":81,"8dc27d2a":81,"41d7f05d":81,"2b851827":81,"9f428a03":81,"4d504d96":81,"0533ece1":81,"bcee2ef3":81,"ad95ff4a":81,"893a99c5":81,"d8bf32b5":81,"0eb42efe":81,"03c4ab87":81,"4e3d3af7":81,"3a4803a8":81,"f7a7de5d":81,"d4e56c3e":81,"0c045c2d":81,"8efd4801":81,"7eb8f268":81,"20236d3e":81,"36ae8cd8":81,"3ddd5391":81,"07f69c6d":81,"2254f0f5":81,"ea282e84":81,"6653c83b":81,"c896052c":81,"287ecd1c":81,"f9376d3e":81,"07a94e8c":81,"bb017b49":81,"37b52fe4":81,"61ad1519":81,"819c4185":81,"ba69b06b":81,"7d2a2cb4":81,"4f62491c":81,"70b4c438":81,"71ed93db":81,"c92efaa8":81,"c241ac7e":81,"62a45672":81,"210e507a":81,"ac6e268b":81,"742238e8":81,"0afba00c":81,"04ff8100":81,"6c00d8d6":81,"ac9a02bc":81,"acfe69ed":81,"426603ff":81,"2db2f252":81,"2e84193b":81,"c55683c9":81,"51233daf":81,"02791635":81,"be081247":81,"5cc47d1b":81,"678b846f":81,"b4bd39d8":81,"b4cdbe5d":81,"fa0386f3":81,"b95d0f17":81,"cee9c347":81
1601327064626,"7800e7ce":82,"77869ff0":82,"4b8f7b16":82,"89f75690":82,"cb363e2f":82,"cd802f02":82,"d3cca7eb":82,"e866a899":82,"5690e712":82,"0b92d2a9":82,"070bed95":82,"67e5d108":82,"3d37b94b":82,"842c97c2":82,"c4cef92b":82,"0eecdc5b":82,"b7e495ea":82,"45ec63c0":82,"0ddfde2c":82,"a8b41774":82,"81f0da2d":82,"1fcc8ba4":82,"75a9c117":82,"12ba54ec":82,"be391c1a":82,"37d8a5b7":82,"d5ab81c4":82,"2ecde685":82,"f0bd52d3":82,"dcc20f76":82,"666a8ef0":82,"c5b609f1":82,"4dc5849a":82,"d605c755":82,"8a8c1d67":82,"cc6b3306":82,"8c2dfd9a":82,"f11267b9":82,"a483b15e":82,"f80ab49d":82,"95eaed39":82,"a5ba0ebb":82,"f53362a9":82,"1901ef7e":82,"960c2e6b":82,"3515e999":82,"d11f8f1b":82,"9d9eb027":82,"325f9a29":82,"503aafe5":82,"080d5d42":82,"5d03f5dc":82,"f0a01341":82,"1ee4d9f9":82,"0d6e45e7":82,"0da97151":82,"e829038c":82,"4987cfb5":82,"ba90687c":82,"77f2cf92":82,"037e2be4":82,"9e7dbd20":82,"0c086273":82,"ac13c3b0":82,"b4d9c57f":82,"5d53c964":82,"8ee9cc91":82,"4cc0af91":82,"55f6a2ba":82,"9559ea96":82,"9cb044bf":82,"16b25add":82,"80ee333e":82,"3b329af2":82,"1cd662bf":82,"72992b35":82,"47589344":82,"593b1533":82,"e9f6e5ce":82,"ed6bead5":82,"96f594b9":82,"94dfcfc5":82,"8301986e":82,"830ecfec":82,"a8bae791":82,"312009ee":82,"c98759fd":82,"e8b6d676":82,"45ee5840":82,"76f04033":82,"43480b19":82,"fd955858":82,"69798d15":82,"efea71fa":82,"fb3aa867":82,"c9cf710b":82,"fcacdeb3":82,"0ea055ed":82,"e3b1bdf8":82,"644b45fb":82,"d5d94481":82,"ffe48500":82,"c7a45a33":82,"faffe099":82,"e99490cd":82,"3b830769":82,"583f0305":82,"1557c50a":82,"249e80ab":82,"f52a3d94":82,"eb74d3dd":82,"3bcbc28d":82,"3c0455e7":82,"df203c79":82,"df1e1ac0":82,"491708eb":82,"e421caaa":82,"2d2ecf27":82,"d38a4953":82,"eba5efdd":82,"a5463f93":82,"c85ac4f8":82,"bc253f4f":82,"0d9d2bf8":82,"846b7f11":82,"d3411467":82,"1df0ce7f":82,"a08171d0":82,"c8bc5677":82,"dfca0518":82,"b9a21017":82,"e47705d3":82,"3cae4115":82,"0ccf4731":82,"c7c6782d":82,"54346574":82,"b12cbf87":82,"81942d9b":82,"699b90c1":82,"d9b5a7a8":82,"1e7914d2":82,"e5d8fdb2":82,"3412ab75":82,"bcac5daf":82,"62d028cc":82,"0af2cf39":82,"27491297":82,"d041ea86":82,"1eda11b2":82,"fc442678":82,"590ce3d3":82,"1802d7ce":82,"0a49914b":82,"5d3f5cad":82,"cf347cba":82,"fc0c23f7":82,"641f9b9e":82,"c92edec5":82,"9f03c1e7":82,"06c24a8d":82,"2f35e75f":82,"3eddf7c8":82,"77970f8b":82,"efd594d5":82,"4718294d":82,"5352cf45":82,"e0ffe8ff":82,"ae14d6b5":82,"721f5f42":82,"0b50bca6":82,"bf2ca266":82,"5d8d9641":82,"0de67c6c":82,"2311399f":82,"5e3ebf5e":82,"9f6ca218":82,"6213799d":82,"44cb1fd2":82,"baf19c25":82,"24a79a6e":82,"edde30af":82,"4d949e11":82,"df12f689":82,"1da10cbf":82,"18c73816":82,"e491161e":82,"b5087677":82,"16f60bed":82,"cb0c3481":82,"7664512c":82,"df9a53b8":82,"f6c27b2b":82,"945f6c24":82,"f1daea7e":82,"b8fb90e3":82,"56227e35":82,"0d6bf22a":82,"b87321d0":82,"43205b5d":82,"8982905a":82,"f6fe1ad7":82,"230064fa":82,"764e0abb":82,"bba6d88e":82,"ea3479ec":82,"32266fa3":82,"50b090c3":82,"8be24763":82,"eb4800b2":82,"6e0ce9dc":82,"87d9bec4":82,"e30dfa0c":82,"6da34174":82,"bfb849fa":82,"0a10b423":82,"9ef7cee7":82,"49f1a0d1":82,"5f04aa76":82,"ba297382":82,"0287db2a":82
1601327065315,"96abe4a9":82,"753b10b1":82,"cf14bd99":82,"782022f4":82,"322e833f":82,"ab3619e4":82,"106006ad":82,"c8237be9":82,"1416e8f5":82,"dde2eed5":82,"a208caa8":82,"16605353":82,"77b39e15":82,"f1726edb":82,"92b72493":82,"d3e58903":82,"4481c4be":82,"7954891b":82,"4afd60a9":82,"d44c0ea3":82,"68f87858":82,"533bac6b":82,"41634dba":82,"43fd1327":82,"113e7f4b":82,"8cce569a":82,"ce6401b6":82,"6f57824c":82,"28bd7aa1":82,"1d52fb0d":82,"cde0d748":82,"535ed444":82,"710f0d0e":82,"0905f1fb":82,"a20e529c":82,"1ae76fcc":82,"35b161d3":82,"344cd1a3":82,"77ea1236":82,"96d2a118":82,"23a0e41f":82,"b32a1080":82,"a2c4b591":82,"6dfa57be":82,"1854ce44":82,"f92b22f1":82,"ece12664":82,"36f4ecde":82,"568a0d58":82,"5fd569d2":82,"10c8fd03":82,"bd4ccb49":82,"e773d697":82,"7e8c11e7":82,"077eb15a":82,"5337c279":82,"8d256cb6":82,"7021c619":82,"32ae00db":82,"bf2defb2":82,"bc733a28":82,"30d32d34":82,"886c16d3":82,"e8d09b62":82,"5b09e53e":82,"da5bb0f7":82,"6d925c84":82,"50b23ab2":82,"edfa56d4":82,"899c16eb":82,"41c76041":82,"6bb1fa99":82,"d73ff72e":82,"61c0ca91":82,"d2fda7be":82,"ce20ca3c":82,"1d2d958b":82,"81fb6a01":82,"7f5b27c8":82,"fb3444d9":82,"832c48e4":82,"dc90a44c":82,"1ad7c45b":82,"5566c17c":82,"86a22252":82,"0000dece":82,"ce5efdbe":82,"58ace2b5":82,"d379fd96":82,"7b819458":82,"7f8024cd":82,"ae562513":82,"7b66dacd":82,"9ab137d7":82,"7191d1cd":82,"005354dd":82,"f05de640":82,"86a68967":82,"56cd4dca":82,"7f469f4c":82,"f92dedfc":82,"355d1489":82,"f96fc1af":82,"06713bac":82,"61aca924":82,"d97fb857":82,"59ff5ec6":82,"ef04e64e":82,"6e2d04de":82,"2fca1798":82,"05028839":82,"5488826c":82,"84fff5c1":82,"c649992d":82,"d5ad3ed6":82,"8e5f7187":82,"55ba7579":82,"b7769ca6":82,"9c27de51":82,"38a75b48":82,"1792bfa3":82,"426f1904":82,"7c0f1ca9":82,"b2f820ac":82,"25d4f65d":82,"eddb6a2a":82,"ff8a00aa":82,"c146560b":82,"985068e7":82,"d543ba6f":82,"272e7d0d":82,"f92596ee":82,"68831ea9":82,"9713d076":82,"fd098272":82,"6ee788a7":82,"8249641d":82,"45b0968f":82,"6a9bb182":82,"1f1afd4f":82,"25fb8826":82,"0dc5da58":82,"2874a625":82,"e61ae828":82,"3b3569f6":82,"b01ab62a":82,"76da16fa":82,"bffee581":82,"07150038":82,"080fa362":82,"7b6945ad":82,"a40d08e1":82,"cec79bc2":82,"d2eff358":82,"e70aebb5":82,"a488b2f1":82,"4caa87d6":82,"f7076e21":82,"69e653b6":82,"98d2991b":82,"3b411d6a":82,"83826ef3":82,"f1e86522":82,"595609d5":82,"fa03f48f":82,"b47f1b89":82,"5298dafa":82,"8e6caf71":82,"25f7f918":82,"9a3433b8":82,"b89112cb":82,"c5311ebb":82,"105bb3f6":82,"66736d5e":82,"58de5462":82,"30de89a7":82,"06aaa33f":82,"f01c896d":82,"f7ac3883":82,"ccd01528":82,"dab8cf68":82,"00f2a9cb":82,"916fe082":82,"b64dba8e":82,"c3bb30ce":82,"86219c70":82,"601990d8":82,"5c662c19":82,"d2a5d2fd":82,"89d220c2":82,"3e10c9cb":82,"5500a3e8":82,"3c0e87ac":82,"a891461f":82,"a246cdab":82,"117c7f0b":82,"0d21cf99":82,"14e6fe14":82,"37ec5e73":82,"bfff7913":82,"f8636899":82,"37724339":82,"d45d9727":82,"ee5ff2a3":82,"44322dfd":82,"295e4d1d":82,"8cf6570a":82,"403064a0":82,"312af46e":82,"b5a9f8c3":82,"fcbc0ae8":82,"2ff6b6a8":82,"66a71cc1":82,"bf4b58e4":82,"9666b973":82,"653b27c7":82,"83b37fd6":82,"4d852788":82,"e43a9448":82,"3542b748":82,"379c53ab":82,"e396d80d":82,"7da61f27":82,"dc874a97":82,"85a220de":82,"40a7cdd2":82,"ac033c7b":82,"87759976":82,"4df3f62e":82,"c881a53e":82,"80c1c8b1":82,"cf52acd8":82,"a63cb4ce":82,"d3b3492b":82,"7580cfa4":82,"22a96386":82,"5c672b50":82,"5df16440":82,"b666e56d":82,"8db378ff":82,"784d6375":82,"4541bf85":82,"a6b13f20":82,"2459c882":82,"3df97186":82,"ef0490de":82,"320c65bf":82,"1f2670d0":82,"1fa1e7c2":82,"962c9c8f":82,"aec0bf28":82,"646af2b9":82,"a017a323":82,"659389ad":82,"8801c469":82,"240c8679":82,"b6281f1a":82,"0718c3be":82,"48c6df81":82,"8b503f7b":82,"87a8523c":82,"5e165f43":82,"c416baa6":82,"f8785b71":82,"ae350a07":82,"ab4a411a":82,"d7a4b24c":82,"680a32a6":82,"686d5c0b":82,"83ba647d":82,"cb0bd6b7":82,"f15eb1c5":82,"8e426e39":82,"71789493":82,"51909df8":82,"5ac72353":82,"e22b0973":82,"d1b14d06":82,"23646ff9":82,"f6c074a7":82,"3abb827b":82,"ffd6849d":82,"962fca02":82,"0c73c293":82,"75968179":82,"88929b06":82,"08c4692e":82,"bc8bdc23":82,"5b2479ef":82,"a71f3f70":82,"1d882c36":82,"1f7aa83c":82,"732d62ee":82,"eb62e8f2":82,"d4b0751c":82,"5b01444b":82,"79995b62":82,"97160db8":82,"808bc372":82,"589f0d6e":82,"51b4016a":82,"c792a7c1":82,"5a7da061":82,"46bf9112":82,"06a94514":82,"092ad3d6":82,"1327775b":82,"bdd40125":82,"75fd47f7":82,"1c52a07e":82,"e70ccc25":82,"afd1494f":82,"ca6bffd3":82,"829c44a4":82,"e76e2617":82,"2b4fd52e":82,"57162572":82,"d1d50cfe":82,"f7ffcbb8":82,"5728f934":82,"00b26865":82,"c333337d":82,"815c56bc":82,"5bd61a68":82,"8582c5cf":82,"0c353665":82,"231e8700":82,"1f9fbd85":82,"43f24679":82,"a1c0dfc4":82,"78f71162":82,"4b27a9a4":82,"163f4d19":82,"1d043d5a":82,"b2f82e06":82,"5b0b43e6":82,"b5474d69":82,"5a938eeb":82,"4fe0dedf":82,"73c420df":82,"bf940089":82,"01f34f98":82,"0700da70":82,"1670b0d3":82,"ff591765":82,"ec97d63e":82,"93f12198":82,"62e270e5":82,"94208a41":82,"2cbcad17":82,"66b1b6d7":82,"b062adc4":82,"4dccb5ca":82,"83268abf":82,"4aae5133":82,"578c4c95":82,"63a3af32":82,"3fec4b0b":82,"c606b472":82,"faa3de3e":82,"44983d13":82,"80999122":82,"72af9198":82,"e39e9552":82,"81c1b70d":82,"e72f0f82":82,"88374b72":82,"fdfaf1ed":82,"ea981bed":82,"5e197575":82,"e587c4d0":82,"525b2635":82,"caa38a45":82,"a9987a58":82,"b6b8e5c7":82,"e82177d3":82,"89914b94":82,"04bdf5e1":82,"da8b42be":82,"3b0576bf":82,"9458934f":82,"1dcc489c":82,"945badf3":82,"e0f47ced":82,"309bbf54":82,"cc537772":82,"6618390c":82,"99cc0813":82,"dc32c4e1":82,"239c636e":82,"6ee160ff":82,"c55d40ca":82,"22c177a8":82,"00ae883f":82,"f416ee62":82,"0d2b182d":82,"320754c3":82,"232b2f64":82,"3171b6e7":82,"3b25460f":82,"d2064756":82,"951fc6d0":82,"61892a4c":82,"f096219e":82,"a3f0a6ec":82,"01051f84":82,"aa7e370d":82,"f995eeab":82,"4006e709":82,"0dedf63e":82,"a9d5374b":82,"4321f02d":82,"089b3f8f":82,"7698d0dc":82,"784414ce":82,"2df3efdb":82,"d0f1b7bd":82,"e7799883":82,"4f9456cf":82,"6e260ee8":82,"f4f84279":82,"b0950de5":82,"6f873999":82,"1f4e0e22":82,"60d69311":82,"3b09f1de":82,"b371f44a":82,"8b6180ff":82,"8819ac24":82,"dbbf7f69":82,"a8edfe84":82,"dfe4a061":82,"c2bf7d51":82,"781afef6":82,"de9229a0":82,"99a5feef":82,"f6266388":82,"e64fd39c":82,"e1b3ce36":82,"625fa164":82,"0c6ae551":82,"e8f4c1dd":82,"cede8b8c":82,"2ed19b1e":82,"959e16ea":82,"02f76c64":82,"5c6d1f33":82,"b4801cae":82,"c3c2fd05":82,"f8c97147":82,"c2526ff3":82,"cc386067":82,"a22ffd8f":82,"3cd28a4d":82,"44a12c31":82,"45a961ca":82,"5ca978fd":82,"668e601b":82,"7552d86c":82,"02ebf3b6":82,"bb17a968":82,"4abcb85d":82,"cba26072":82,"2a718dcc":82,"c6a9a8e1":82,"88854fd0":82,"8dc27d2a":82,"41d7f05d":82,"2b851827":82,"9f428a03":82,"4d504d96":82,"0533ece1":82,"bcee2ef3":82,"0afba00c":82,"04ff8100":82,"6c00d8d6":82,"ac9a02bc":82,"ad95ff4a":82,"893a99c5":82,"d8bf32b5":82,"0eb42efe":82,"03c4ab87":82,"4e3d3af7":82,"3a4803a8":82,"f7a7de5d":82,"d4e56c3e":82,"0c045c2d":82,"8efd4801":82,"7eb8f268":82,"20236d3e":82,"36ae8cd8":82,"3ddd5391":82,"07f69c6d":82,"2254f0f5":82,"ea282e84":82,"6653c83b":82,"c896052c":82,"287ecd1c":82,"f9376d3e":82,"07a94e8c":82,"bb017b49":82,"37b52fe4":82,"61ad1519":82,"819c4185":82,"ba69b06b":82,"7d2a2cb4":82,"4f62491c":82,"70b4c438":82,"acfe69ed":82,"426603ff":82,"2db2f252":82,"2e84193b":82,"c55683c9":82,"51233daf":82,"02791635":82,"be081247":82,"5cc47d1b":82,"678b846f":82,"b4bd39d8":82,"b4cdbe5d":82,"fa0386f3":82,"b95d0f17":82,"cee9c347":82,"71ed93db":82,"c92efaa8":82,"c241ac7e":82,"62a45672":82,"210e507a":82,"ac6e268b":82,"742238e8":82
1601327066788,"7800e7ce":83,"77869ff0":83,"4b8f7b16":83,"89f75690":83,"cb363e2f":83,"cd802f02":83,"d3cca7eb":83,"e866a899":83,"5690e712":83,"0b92d2a9":83,"070bed95":83,"67e5d108":83,"3d37b94b":83,"842c97c2":83,"c4cef92b":83,"0eecdc5b":83,"b7e495ea":83,"45ec63c0":83,"0ddfde2c":83,"a8b41774":83,"81f0da2d":83,"1fcc8ba4":83,"75a9c117":83,"12ba54ec":83,"be391c1a":83,"37d8a5b7":83,"d5ab81c4":83,"2ecde685":83,"d5d94481":83,"ffe48500":83,"c7a45a33":83,"faffe099":83,"e99490cd":83,"3b830769":83,"583f0305":83,"1557c50a":83,"249e80ab":83,"f52a3d94":83,"eb74d3dd":83,"3bcbc28d":83,"3c0455e7":83,"df203c79":83,"df1e1ac0":83,"491708eb":83,"e421caaa":83,"2d2ecf27":83,"d38a4953":83,"eba5efdd":83,"a5463f93":83,"c85ac4f8":83,"bc253f4f":83,"0d9d2bf8":83,"846b7f11":83,"d3411467":83,"1df0ce7f":83,"a08171d0":83,"c8bc5677":83,"dfca0518":83,"b9a21017":83,"e47705d3":83,"3cae4115":83,"0ccf4731":83,"f0bd52d3":83,"dcc20f76":83,"666a8ef0":83,"c5b609f1":83,"4dc5849a":83,"d605c755":83,"8a8c1d67":83,"cc6b3306":83,"8c2dfd9a":83,"f11267b9":83,"a483b15e":83,"f80ab49d":83,"95eaed39":83,"a5ba0ebb":83,"f53362a9":83,"1901ef7e":83,"960c2e6b":83,"3515e999":83,"d11f8f1b":83,"9d9eb027":83,"325f9a29":83,"503aafe5":83,"c7c6782d":83,"54346574":83,"b12cbf87":83,"81942d9b":83,"699b90c1":83,"d9b5a7a8":83,"1e7914d2":83,"e5d8fdb2":83,"3412ab75":83,"bcac5daf":83,"62d028cc":83,"0af2cf39":83,"27491297":83,"d041ea86":83,"1eda11b2":83,"fc442678":83,"080d5d42":83,"5d03f5dc":83,"f0a01341":83,"1ee4d9f9":83,"0d6e45e7":83,"0da97151":83,"e829038c":83,"4987cfb5":83,"ba90687c":83,"77f2cf92":83,"037e2be4":83,"9e7dbd20":83,"0c086273":83,"ac13c3b0":83,"b4d9c57f":83,"5d53c964":83,"8ee9cc91":83,"4cc0af91":83,"55f6a2ba":83,"9559ea96":83,"9cb044bf":83,"16b25add":83,"80ee333e":83,"3b329af2":83,"1cd662bf":83,"72992b35":83,"47589344":83,"593b1533":83,"e9f6e5ce":83,"ed6bead5":83,"96f594b9":83,"94dfcfc5":83,"8301986e":83,"830ecfec":83,"a8bae791":83,"312009ee":83,"c98759fd":83,"e8b6d676":83,"45ee5840":83,"76f04033":83,"43480b19":83,"fd955858":83,"69798d15":83,"efea71fa":83,"fb3aa867":83,"c9cf710b":83,"fcacdeb3":83,"0ea055ed":83,"e3b1bdf8":83,"644b45fb":83,"18c73816":83,"e491161e":83,"b5087677":83,"16f60bed":83,"cb0c3481":83,"7664512c":83,"df9a53b8":83,"f6c27b2b":83,"945f6c24":83,"f1daea7e":83,"b8fb90e3":83,"56227e35":83,"0d6bf22a":83
1601327067452,"5b09e53e":83,"92b72493":83,"d3e58903":83,"4481c4be":83,"7954891b":83,"4afd60a9":83,"d44c0ea3":83,"68f87858":83,"533bac6b":83,"41634dba":83,"43fd1327":83,"113e7f4b":83,"da5bb0f7":83,"6d925c84":83,"50b23ab2":83,"b87321d0":83,"43205b5d":83,"8982905a":83,"f6fe1ad7":83,"230064fa":83,"764e0abb":83,"bba6d88e":83,"ea3479ec":83,"32266fa3":83,"50b090c3":83,"8be24763":83,"eb4800b2":83,"6e0ce9dc":83,"87d9bec4":83,"e30dfa0c":83,"6da34174":83,"bfb849fa":83,"0a10b423":83,"9ef7cee7":83,"49f1a0d1":83,"5f04aa76":83,"ba297382":83,"0287db2a":83,"96abe4a9":83,"753b10b1":83,"cf14bd99":83,"782022f4":83,"322e833f":83,"ab3619e4":83,"106006ad":83,"c8237be9":83,"1416e8f5":83,"dde2eed5":83,"a208caa8":83,"16605353":83,"77b39e15":83,"f1726edb":83,"edfa56d4":83,"899c16eb":83,"41c76041":83,"6bb1fa99":83,"d73ff72e":83,"61c0ca91":83,"d2fda7be":83,"ce20ca3c":83,"1d2d958b":83,"81fb6a01":83,"7f5b27c8":83,"fb3444d9":83,"f05de640":83,"86a68967":83,"56cd4dca":83,"7f469f4c":83,"f92dedfc":83,"355d1489":83,"f96fc1af":83,"06713bac":83,"61aca924":83,"d97fb857":83,"59ff5ec6":83,"ef04e64e":83,"6e2d04de":83,"2fca1798":83,"05028839":83,"5488826c":83,"84fff5c1":83,"c649992d":83,"d5ad3ed6":83,"590ce3d3":83,"1802d7ce":83,"0a49914b":83,"5d3f5cad":83,"cf347cba":83,"fc0c23f7":83,"641f9b9e":83,"c92edec5":83,"9f03c1e7":83,"06c24a8d":83,"2f35e75f":83,"3eddf7c8":83,"77970f8b":83,"efd594d5":83,"4718294d":83,"5352cf45":83,"e0ffe8ff":83,"ae14d6b5":83,"721f5f42":83,"0b50bca6":83,"bf2ca266":83,"5d8d9641":83,"0de67c6c":83,"2311399f":83,"5e3ebf5e":83,"9f6ca218":83,"6213799d":83,"44cb1fd2":83,"baf19c25":83,"24a79a6e":83,"edde30af":83,"4d949e11":83,"df12f689":83,"1da10cbf":83,"832c48e4":83,"8e5f7187":83,"55ba7579":83,"b7769ca6":83,"9c27de51":83,"8cce569a":83,"ce6401b6":83,"6f57824c":83,"28bd7aa1":83,"1d52fb0d":83,"cde0d748":83,"535ed444":83,"710f0d0e":83,"0905f1fb":83,"a20e529c":83,"1ae76fcc":83,"35b161d3":83,"344cd1a3":83,"77ea1236":83,"96d2a118":83,"23a0e41f":83,"b32a1080":83,"a2c4b591":83,"6dfa57be":83,"1854ce44":83,"f92b22f1":83,"ece12664":83,"36f4ecde":83,"568a0d58":83,"5fd569d2":83,"10c8fd03":83,"bd4ccb49":83,"e773d697":83,"7e8c11e7":83,"077eb15a":83,"5337c279":83,"38a75b48":83,"1792bfa3":83,"426f1904":83,"7c0f1ca9":83,"b2f820ac":83,"25d4f65d":83,"eddb6a2a":83,"ff8a00aa":83,"c146560b":83,"985068e7":83,"d543ba6f":83,"3b3569f6":83,"b01ab62a":83,"76da16fa":83,"bffee581":83,"07150038":83,"080fa362":83,"7b6945ad":83,"a40d08e1":83,"cec79bc2":83,"d2eff358":83,"e70aebb5":83,"a488b2f1":83,"4caa87d6":83,"f7076e21":83,"69e653b6":83,"f1e86522":83,"98d2991b":83,"fa03f48f":83,"3b411d6a":83,"5298dafa":83,"83826ef3":83,"25f7f918":83,"595609d5":83,"c5311ebb":83,"b47f1b89":83,"105bb3f6":83,"8e6caf71":83,"58de5462":83,"9a3433b8":83,"b89112cb":83,"f01c896d":83,"8d256cb6":83,"7021c619":83,"32ae00db":83,"bf2defb2":83,"bc733a28":83,"30d32d34":83,"886c16d3":83,"e8d09b62":83,"dc90a44c":83,"1ad7c45b":83,"5566c17c":83,"86a22252":83,"0000dece":83,"ce5efdbe":83,"58ace2b5":83,"d379fd96":83,"7b819458":83,"7f8024cd":83,"ae562513":83,"7b66dacd":83,"9ab137d7":83,"7191d1cd":83,"005354dd":83,"1f2670d0":83,"66736d5e":83,"962c9c8f":83,"30de89a7":83,"aec0bf28":83,"06aaa33f":83,"320c65bf":83,"a017a323":83,"8801c469":83,"1fa1e7c2":83,"b6281f1a":83,"646af2b9":83,"659389ad":83,"48c6df81":83,"5e165f43":83,"240c8679":83,"0718c3be":83,"f8785b71":83,"ab4a411a":83,"8b503f7b":83,"d7a4b24c":83,"87a8523c":83,"c416baa6":83,"686d5c0b":83,"ae350a07":83,"f15eb1c5":83,"71789493":83,"680a32a6":83,"83ba647d":83,"5ac72353":83,"cb0bd6b7":83,"d1b14d06":83,"f6c074a7":83,"8e426e39":83,"ffd6849d":83,"51909df8":83,"962fca02":83,"e22b0973":83,"75968179":83,"23646ff9":83,"3abb827b":83,"bc8bdc23":83,"a71f3f70":83,"0c73c293":83,"88929b06":83,"1f7aa83c":83,"08c4692e":83,"808bc372":83,"732d62ee":83,"5b2479ef":83,"c792a7c1":83,"1d882c36":83,"d4b0751c":83,"5a7da061":83,"5b01444b":83,"eb62e8f2":83,"79995b62":83,"06a94514":83,"97160db8":83,"73c420df":83,"589f0d6e":83,"0700da70":83,"51b4016a":83,"ff591765":83,"93f12198":83,"46bf9112":83,"62e270e5":83,"092ad3d6":83,"66b1b6d7":83,"bf940089":83,"b062adc4":83,"01f34f98":83,"4aae5133":83,"1670b0d3":83,"63a3af32":83,"ec97d63e":83,"3fec4b0b":83,"94208a41":83,"2cbcad17":83,"faa3de3e":83,"4dccb5ca":83,"44983d13":83,"80999122":83,"83268abf":83,"578c4c95":83,"72af9198":83,"c606b472":83,"e39e9552":83,"81c1b70d":83,"e72f0f82":83,"88374b72":83,"fdfaf1ed":83,"ea981bed":83,"5e197575":83,"e587c4d0":83,"525b2635":83,"caa38a45":83,"a9987a58":83,"b6b8e5c7":83,"e82177d3":83,"89914b94":83,"04bdf5e1":83,"da8b42be":83,"3b0576bf":83,"9666b973":83,"653b27c7":83,"83b37fd6":83,"4d852788":83,"e43a9448":83,"3542b748":83,"379c53ab":83,"e396d80d":83,"7da61f27":83,"dc874a97":83,"85a220de":83,"40a7cdd2":83,"ac033c7b":83,"87759976":83,"4df3f62e":83,"c881a53e":83,"80c1c8b1":83,"cf52acd8":83,"a63cb4ce":83,"d3b3492b":83,"7580cfa4":83,"22a96386":83,"9458934f":83,"1dcc489c":83,"945badf3":83,"1327775b":83,"bdd40125":83,"75fd47f7":83,"1c52a07e":83,"e70ccc25":83,"afd1494f":83,"ca6bffd3":83,"829c44a4":83,"e76e2617":83,"2b4fd52e":83,"57162572":83,"d1d50cfe":83,"5c672b50":83,"5df16440":83,"b666e56d":83,"8db378ff":83,"784d6375":83,"4541bf85":83,"a6b13f20":83,"2459c882":83,"3df97186":83,"ef0490de":83,"e0f47ced":83,"309bbf54":83,"cc537772":83,"6618390c":83,"99cc0813":83,"dc32c4e1":83,"239c636e":83,"6ee160ff":83,"c55d40ca":83,"22c177a8":83,"00ae883f":83,"272e7d0d":83,"f92596ee":83,"68831ea9":83,"9713d076":83,"fd098272":83,"6ee788a7":83,"8249641d":83,"45b0968f":83,"6a9bb182":83,"1f1afd4f":83,"25fb8826":83,"0dc5da58":83,"2874a625":83,"e61ae828":83,"f416ee62":83,"0d2b182d":83,"320754c3":83,"232b2f64":83,"3171b6e7":83,"3b25460f":83,"d2064756":83,"f7ac3883":83,"ccd01528":83,"dab8cf68":83,"00f2a9cb":83,"916fe082":83,"b64dba8e":83,"c3bb30ce":83,"86219c70":83,"601990d8":83,"5c662c19":83,"d2a5d2fd":83,"89d220c2":83,"3e10c9cb":83,"5500a3e8":83,"3c0e87ac":83,"a891461f":83,"a246cdab":83,"117c7f0b":83,"0d21cf99":83,"14e6fe14":83,"37ec5e73":83,"bfff7913":83,"f8636899":83,"37724339":83,"d45d9727":83,"ee5ff2a3":83,"44322dfd":83,"295e4d1d":83,"8cf6570a":83,"403064a0":83,"312af46e":83,"f7ffcbb8":83,"5728f934":83,"00b26865":83,"c333337d":83,"815c56bc":83,"5bd61a68":83,"8582c5cf":83,"0c353665":83,"231e8700":83,"1f9fbd85":83,"43f24679":83,"a1c0dfc4":83,"78f71162":83,"4b27a9a4":83,"163f4d19":83,"1d043d5a":83,"b2f82e06":83,"5b0b43e6":83,"b5474d69":83,"5a938eeb":83,"4fe0dedf":83,"951fc6d0":83,"61892a4c":83,"f096219e":83,"a3f0a6ec":83,"01051f84":83,"aa7e370d":83,"f995eeab":83,"4006e709":83,"b5a9f8c3":83,"fcbc0ae8":83,"2ff6b6a8":83,"66a71cc1":83,"bf4b58e4":83,"0dedf63e":83,"a9d5374b":83,"4321f02d":83,"089b3f8f":83,"7698d0dc":83,"784414ce":83,"2df3efdb":83,"d0f1b7bd":83,"e7799883":83,"4f9456cf":83,"6e260ee8":83,"f4f84279":83,"b0950de5":83,"6f873999":83,"1f4e0e22":83,"60d69311":83,"3b09f1de":83,"b371f44a":83,"8b6180ff":83,"8819ac24":83,"dbbf7f69":83,"a8edfe84":83,"2ed19b1e":83,"959e16ea":83,"02f76c64":83,"5c6d1f33":83,"b4801cae":83,"c3c2fd05":83,"f8c97147":83,"c2526ff3":83,"cc386067":83,"a22ffd8f":83,"3cd28a4d":83,"44a12c31":83,"45a961ca":83,"5ca978fd":83,"668e601b":83,"dfe4a061":83,"c2bf7d51":83,"781afef6":83,"de9229a0":83,"99a5feef":83,"f6266388":83,"e64fd39c":83,"e1b3ce36":83,"625fa164":83,"0c6ae551":83,"e8f4c1dd":83,"cede8b8c":83,"ad95ff4a":83,"893a99c5":83,"d8bf32b5":83,"0eb42efe":83,"7552d86c":83,"02ebf3b6":83,"bb17a968":83,"4abcb85d":83,"cba26072":83,"2a718dcc":83,"c6a9a8e1":83,"88854fd0":83,"8dc27d2a":83,"41d7f05d":83,"2b851827":83,"9f428a03":83,"4d504d96":83,"0533ece1":83,"bcee2ef3":83,"0afba00c":83,"04ff8100":83,"6c00d8d6":83,"ac9a02bc":83,"acfe69ed":83,"426603ff":83,"2db2f252":83,"2e84193b":83,"c55683c9":83,"51233daf":83,"02791635":83,"be081247":83,"5cc47d1b":83,"678b846f":83,"b4bd39d8":83,"b4cdbe5d":83,"fa0386f3":83,"b95d0f17":83,"cee9c347":83,"03c4ab87":83,"4e3d3af7":83,"3a4803a8":83,"f7a7de5d":83,"d4e56c3e":83,"0c045c2d":83,"8efd4801":83,"7eb8f268":83,"20236d3e":83,"36ae8cd8":83,"3ddd5391":83,"07f69c6d":83,"2254f0f5":83,"ea282e84":83,"6653c83b":83,"c896052c":83,"287ecd1c":83,"f9376d3e":83,"07a94e8c":83,"bb017b49":83,"37b52fe4":83,"61ad1519":83,"819c4185":83,"ba69b06b":83,"7d2a2cb4":83,"4f62491c":83,"70b4c438":83,"71ed93db":83,"c92efaa8":83,"c241ac7e":83,"62a45672":83,"210e507a":83,"ac6e268b":83,"742238e8":83
1601327068744,"7800e7ce":84,"77869ff0":84,"4b8f7b16":84,"89f75690":84,"cb363e2f":84,"cd802f02":84,"d3cca7eb":84,"e866a899":84,"5690e712":84,"0b92d2a9":84,"070bed95":84,"67e5d108":84,"3d37b94b":84,"842c97c2":84,"c4cef92b":84,"0eecdc5b":84,"b7e495ea":84,"45ec63c0":84,"0ddfde2c":84
1601327069223,"a8b41774":84,"81f0da2d":84,"1fcc8ba4":84,"75a9c117":84,"12ba54ec":84,"be391c1a":84,"37d8a5b7":84,"d5ab81c4":84,"2ecde685":84,"f0bd52d3":84,"dcc20f76":84,"666a8ef0":84,"c5b609f1":84,"4dc5849a":84,"d605c755":84,"8a8c1d67":84,"cc6b3306":84,"8c2dfd9a":84,"f11267b9":84,"a483b15e":84,"f80ab49d":84,"95eaed39":84,"a5ba0ebb":84,"f53362a9":84,"1901ef7e":84,"960c2e6b":84,"3515e999":84,"d11f8f1b":84,"9d9eb027":84,"325f9a29":84,"503aafe5":84,"080d5d42":84,"5d03f5dc":84,"f0a01341":84,"1ee4d9f9":84,"0d6e45e7":84,"0da97151":84,"e829038c":84,"4987cfb5":84,"ba90687c":84,"77f2cf92":84,"037e2be4":84,"9e7dbd20":84,"0c086273":84,"ac13c3b0":84,"b4d9c57f":84,"5d53c964":84,"8ee9cc91":84,"4cc0af91":84,"55f6a2ba":84,"9559ea96":84,"9cb044bf":84,"16b25add":84,"80ee333e":84,"3b329af2":84,"1cd662bf":84,"72992b35":84,"47589344":84,"593b1533":84,"e9f6e5ce":84,"ed6bead5":84,"96f594b9":84,"94dfcfc5":84,"8301986e":84,"830ecfec":84,"a8bae791":84,"312009ee":84,"c98759fd":84,"e8b6d676":84,"45ee5840":84,"76f04033":84,"43480b19":84,"fd955858":84,"69798d15":84,"efea71fa":84,"fb3aa867":84,"c9cf710b":84,"fcacdeb3":84,"0ea055ed":84,"e3b1bdf8":84,"644b45fb":84,"d5d94481":84,"ffe48500":84,"c7a45a33":84,"faffe099":84,"e99490cd":84,"3b830769":84,"583f0305":84,"1557c50a":84,"249e80ab":84,"f52a3d94":84,"eb74d3dd":84,"3bcbc28d":84,"3c0455e7":84,"df203c79":84,"df1e1ac0":84,"491708eb":84,"e421caaa":84,"2d2ecf27":84,"d38a4953":84,"eba5efdd":84,"a5463f93":84,"c85ac4f8":84,"bc253f4f":84,"0d9d2bf8":84,"846b7f11":84,"d3411467":84,"1df0ce7f":84,"a08171d0":84,"c8bc5677":84,"dfca0518":84,"b9a21017":84,"e47705d3":84,"3cae4115":84,"0ccf4731":84,"c7c6782d":84,"54346574":84,"b12cbf87":84,"81942d9b":84,"699b90c1":84,"d9b5a7a8":84,"1e7914d2":84,"e5d8fdb2":84,"3412ab75":84,"bcac5daf":84,"62d028cc":84,"0af2cf39":84,"27491297":84,"d041ea86":84,"1eda11b2":84,"fc442678":84,"18c73816":84,"590ce3d3":84,"1802d7ce":84,"0a49914b":84,"5d3f5cad":84,"cf347cba":84,"fc0c23f7":84,"641f9b9e":84,"c92edec5":84,"9f03c1e7":84,"06c24a8d":84,"2f35e75f":84,"3eddf7c8":84,"77970f8b":84,"efd594d5":84,"4718294d":84,"e491161e":84,"b5087677":84,"16f60bed":84,"cb0c3481":84,"7664512c":84,"df9a53b8":84,"f6c27b2b":84,"945f6c24":84,"f1daea7e":84,"b8fb90e3":84,"56227e35":84,"0d6bf22a":84,"b87321d0":84,"43205b5d":84,"8982905a":84,"f6fe1ad7":84,"230064fa":84,"764e0abb":84,"bba6d88e":84,"ea3479ec":84,"32266fa3":84,"50b090c3":84,"8be24763":84,"eb4800b2":84,"6e0ce9dc":84,"87d9bec4":84,"e30dfa0c":84,"6da34174":84,"bfb849fa":84,"0a10b423":84,"9ef7cee7":84,"49f1a0d1":84,"5f04aa76":84,"ba297382":84,"0287db2a":84,"5352cf45":84,"e0ffe8ff":84,"ae14d6b5":84,"721f5f42":84,"0b50bca6":84,"bf2ca266":84,"5d8d9641":84,"0de67c6c":84,"2311399f":84,"5e3ebf5e":84,"9f6ca218":84,"6213799d":84,"44cb1fd2":84,"baf19c25":84,"24a79a6e":84,"edde30af":84,"4d949e11":84,"df12f689":84,"1da10cbf":84,"832c48e4":84,"dc90a44c":84,"1ad7c45b":84,"5566c17c":84,"86a22252":84,"0000dece":84,"96abe4a9":84,"753b10b1":84,"cf14bd99":84,"782022f4":84,"322e833f":84,"ab3619e4":84,"106006ad":84,"c8237be9":84,"1416e8f5":84,"dde2eed5":84,"a208caa8":84,"16605353":84,"77b39e15":84,"f1726edb":84,"92b72493":84,"d3e58903":84,"4481c4be":84,"7954891b":84,"4afd60a9":84,"d44c0ea3":84,"68f87858":84,"533bac6b":84,"41634dba":84,"43fd1327":84,"113e7f4b":84,"8cce569a":84,"ce6401b6":84,"6f57824c":84,"28bd7aa1":84,"1d52fb0d":84,"cde0d748":84,"535ed444":84,"710f0d0e":84,"0905f1fb":84,"a20e529c":84,"1ae76fcc":84,"35b161d3":84,"ce5efdbe":84,"58ace2b5":84,"d379fd96":84,"7b819458":84,"7f8024cd":84,"ae562513":84,"7b66dacd":84,"9ab137d7":84,"7191d1cd":84,"005354dd":84,"3b3569f6":84,"b01ab62a":84,"76da16fa":84,"bffee581":84,"344cd1a3":84,"77ea1236":84,"96d2a118":84,"23a0e41f":84,"b32a1080":84,"a2c4b591":84,"6dfa57be":84,"1854ce44":84,"f92b22f1":84,"ece12664":84,"36f4ecde":84,"568a0d58":84,"5fd569d2":84,"10c8fd03":84,"bd4ccb49":84,"e773d697":84,"7e8c11e7":84,"077eb15a":84,"5337c279":84,"8d256cb6":84,"7021c619":84,"32ae00db":84,"bf2defb2":84,"bc733a28":84,"30d32d34":84,"886c16d3":84,"e8d09b62":84
1601327069830,"5b09e53e":84,"da5bb0f7":84,"6d925c84":84,"50b23ab2":84,"edfa56d4":84,"899c16eb":84,"07150038":84,"080fa362":84,"7b6945ad":84,"a40d08e1":84,"cec79bc2":84,"d2eff358":84,"e70aebb5":84,"a488b2f1":84,"4caa87d6":84,"f7076e21":84,"69e653b6":84,"f1e86522":84,"98d2991b":84,"fa03f48f":84,"3b411d6a":84,"5298dafa":84,"83826ef3":84,"25f7f918":84,"595609d5":84,"c5311ebb":84,"b47f1b89":84,"105bb3f6":84,"8e6caf71":84,"58de5462":84,"9a3433b8":84,"f01c896d":84,"b89112cb":84,"1f2670d0":84,"962c9c8f":84,"66736d5e":84,"aec0bf28":84,"30de89a7":84,"a017a323":84,"06aaa33f":84,"320c65bf":84,"8801c469":84,"b6281f1a":84,"1fa1e7c2":84,"48c6df81":84,"646af2b9":84,"41c76041":84,"6bb1fa99":84,"d73ff72e":84,"61c0ca91":84,"d2fda7be":84,"ce20ca3c":84,"1d2d958b":84,"81fb6a01":84,"7f5b27c8":84,"fb3444d9":84,"f05de640":84,"86a68967":84,"56cd4dca":84,"7f469f4c":84,"f92dedfc":84,"355d1489":84,"f96fc1af":84,"06713bac":84,"61aca924":84,"d97fb857":84,"59ff5ec6":84,"ef04e64e":84,"6e2d04de":84,"2fca1798":84,"05028839":84,"5488826c":84,"84fff5c1":84,"c649992d":84,"d5ad3ed6":84,"8e5f7187":84,"55ba7579":84,"b7769ca6":84,"9c27de51":84,"38a75b48":84,"5e165f43":84,"659389ad":84,"240c8679":84,"f8785b71":84,"ab4a411a":84,"0718c3be":84,"d7a4b24c":84,"8b503f7b":84,"686d5c0b":84,"87a8523c":84,"f15eb1c5":84,"c416baa6":84,"71789493":84,"ae350a07":84,"5ac72353":84,"680a32a6":84,"83ba647d":84,"d1b14d06":84,"cb0bd6b7":84,"f6c074a7":84,"8e426e39":84,"ffd6849d":84,"51909df8":84,"962fca02":84,"e22b0973":84,"75968179":84,"bc8bdc23":84,"23646ff9":84,"3abb827b":84,"808bc372":84,"a71f3f70":84,"1f7aa83c":84,"c792a7c1":84,"0c73c293":84,"732d62ee":84,"5a7da061":84,"88929b06":84,"08c4692e":84,"06a94514":84,"d4b0751c":84,"5b2479ef":84,"73c420df":84,"5b01444b":84,"79995b62":84,"1d882c36":84,"0700da70":84,"eb62e8f2":84,"97160db8":84,"ff591765":84,"93f12198":84,"589f0d6e":84,"62e270e5":84,"51b4016a":84,"46bf9112":84,"66b1b6d7":84,"b062adc4":84,"092ad3d6":84,"1792bfa3":84,"426f1904":84,"7c0f1ca9":84,"b2f820ac":84,"25d4f65d":84,"eddb6a2a":84,"ff8a00aa":84,"c146560b":84,"985068e7":84,"d543ba6f":84,"bf940089":84,"4aae5133":84,"63a3af32":84,"01f34f98":84,"3fec4b0b":84,"1670b0d3":84,"faa3de3e":84,"ec97d63e":84,"94208a41":84,"44983d13":84,"2cbcad17":84,"80999122":84,"72af9198":84,"4dccb5ca":84,"e39e9552":84,"83268abf":84,"81c1b70d":84,"578c4c95":84,"e72f0f82":84,"c606b472":84,"88374b72":84,"fdfaf1ed":84,"ea981bed":84,"5e197575":84,"e587c4d0":84,"525b2635":84,"caa38a45":84,"a9987a58":84,"b6b8e5c7":84,"e82177d3":84,"89914b94":84,"04bdf5e1":84,"da8b42be":84,"3b0576bf":84,"9458934f":84,"1dcc489c":84,"945badf3":84,"1327775b":84,"bdd40125":84,"75fd47f7":84,"1c52a07e":84,"e70ccc25":84,"afd1494f":84,"ca6bffd3":84,"829c44a4":84,"e76e2617":84,"2b4fd52e":84,"57162572":84,"d1d50cfe":84,"9666b973":84,"653b27c7":84,"83b37fd6":84,"4d852788":84,"e43a9448":84,"3542b748":84,"379c53ab":84,"e396d80d":84,"7da61f27":84,"dc874a97":84,"85a220de":84,"40a7cdd2":84,"ac033c7b":84,"87759976":84,"4df3f62e":84,"c881a53e":84,"80c1c8b1":84,"cf52acd8":84,"a63cb4ce":84,"d3b3492b":84,"7580cfa4":84,"22a96386":84,"5c672b50":84,"5df16440":84,"b666e56d":84,"8db378ff":84,"784d6375":84,"4541bf85":84,"a6b13f20":84,"2459c882":84,"3df97186":84,"ef0490de":84,"e0f47ced":84,"309bbf54":84,"cc537772":84,"6618390c":84,"99cc0813":84,"dc32c4e1":84,"239c636e":84,"272e7d0d":84,"f92596ee":84,"68831ea9":84,"9713d076":84,"fd098272":84,"6ee788a7":84,"8249641d":84,"45b0968f":84,"6a9bb182":84,"1f1afd4f":84,"25fb8826":84,"0dc5da58":84,"2874a625":84,"e61ae828":84,"f7ac3883":84,"ccd01528":84,"dab8cf68":84,"00f2a9cb":84,"916fe082":84,"b64dba8e":84,"f7ffcbb8":84,"5728f934":84,"00b26865":84,"c333337d":84,"815c56bc":84,"5bd61a68":84,"8582c5cf":84,"0c353665":84,"231e8700":84,"1f9fbd85":84,"43f24679":84,"a1c0dfc4":84,"78f71162":84,"4b27a9a4":84,"163f4d19":84,"6ee160ff":84,"c55d40ca":84,"22c177a8":84,"00ae883f":84,"f416ee62":84,"0d2b182d":84,"320754c3":84,"232b2f64":84,"3171b6e7":84,"3b25460f":84,"d2064756":84,"c3bb30ce":84,"86219c70":84,"601990d8":84,"5c662c19":84,"d2a5d2fd":84,"89d220c2":84,"3e10c9cb":84,"5500a3e8":84,"3c0e87ac":84,"a891461f":84,"a246cdab":84,"117c7f0b":84,"0d21cf99":84,"14e6fe14":84,"37ec5e73":84,"bfff7913":84,"f8636899":84,"37724339":84,"d45d9727":84,"ee5ff2a3":84,"44322dfd":84,"295e4d1d":84,"8cf6570a":84,"403064a0":84,"312af46e":84,"b5a9f8c3":84,"fcbc0ae8":84,"2ff6b6a8":84,"66a71cc1":84,"bf4b58e4":84,"1d043d5a":84,"b2f82e06":84,"5b0b43e6":84,"b5474d69":84,"5a938eeb":84,"4fe0dedf":84,"951fc6d0":84,"61892a4c":84,"f096219e":84,"a3f0a6ec":84,"01051f84":84,"aa7e370d":84,"f995eeab":84,"4006e709":84,"0dedf63e":84,"a9d5374b":84,"4321f02d":84,"089b3f8f":84,"7698d0dc":84,"784414ce":84,"2df3efdb":84,"d0f1b7bd":84,"e7799883":84,"4f9456cf":84,"6e260ee8":84,"f4f84279":84,"b0950de5":84,"6f873999":84,"1f4e0e22":84,"60d69311":84,"3b09f1de":84,"b371f44a":84,"8b6180ff":84,"8819ac24":84,"dbbf7f69":84,"a8edfe84":84,"2ed19b1e":84,"959e16ea":84,"02f76c64":84,"5c6d1f33":84,"b4801cae":84,"c3c2fd05":84,"f8c97147":84,"c2526ff3":84,"dfe4a061":84,"c2bf7d51":84,"781afef6":84,"de9229a0":84,"99a5feef":84,"f6266388":84,"e64fd39c":84,"e1b3ce36":84,"625fa164":84,"0c6ae551":84,"e8f4c1dd":84,"cede8b8c":84,"ad95ff4a":84,"893a99c5":84,"d8bf32b5":84,"0eb42efe":84,"03c4ab87":84,"4e3d3af7":84,"3a4803a8":84,"f7a7de5d":84,"d4e56c3e":84,"0c045c2d":84,"8efd4801":84,"7eb8f268":84,"20236d3e":84,"36ae8cd8":84,"3ddd5391":84,"07f69c6d":84,"cc386067":84,"a22ffd8f":84,"3cd28a4d":84,"44a12c31":84,"45a961ca":84,"5ca978fd":84,"668e601b":84,"7552d86c":84,"02ebf3b6":84,"bb17a968":84,"4abcb85d":84,"cba26072":84,"2a718dcc":84,"c6a9a8e1":84,"88854fd0":84,"8dc27d2a":84,"41d7f05d":84,"2b851827":84,"9f428a03":84,"4d504d96":84,"0533ece1":84,"bcee2ef3":84,"0afba00c":84,"04ff8100":84,"6c00d8d6":84,"ac9a02bc":84,"2254f0f5":84,"ea282e84":84,"6653c83b":84,"c896052c":84,"287ecd1c":84,"f9376d3e":84,"07a94e8c":84,"bb017b49":84,"37b52fe4":84,"61ad1519":84,"819c4185":84,"ba69b06b":84,"7d2a2cb4":84,"4f62491c":84,"70b4c438":84,"71ed93db":84,"c92efaa8":84,"c241ac7e":84,"62a45672":84,"210e507a":84,"ac6e268b":84,"742238e8":84,"acfe69ed":84,"426603ff":84,"2db2f252":84,"2e84193b":84,"c55683c9":84,"51233daf":84,"02791635":84,"be081247":84,"5cc47d1b":84,"678b846f":84,"b4bd39d8":84,"b4cdbe5d":84,"fa0386f3":84,"b95d0f17":84,"cee9c347":84
1601327071457,"7800e7ce":85,"77869ff0":85,"4b8f7b16":85,"89f75690":85,"cb363e2f":85,"cd802f02":85,"d3cca7eb":85,"e866a899":85,"5690e712":85,"0b92d2a9":85,"070bed95":85,"67e5d108":85,"3d37b94b":85,"842c97c2":85,"c4cef92b":85,"0eecdc5b":85,"b7e495ea":85,"45ec63c0":85,"0ddfde2c":85,"a8b41774":85,"81f0da2d":85,"1fcc8ba4":85,"75a9c117":85,"12ba54ec":85,"be391c1a":85,"37d8a5b7":85,"d5ab81c4":85,"2ecde685":85,"f0bd52d3":85,"dcc20f76":85,"666a8ef0":85,"c5b609f1":85,"4dc5849a":85,"d605c755":85,"8a8c1d67":85,"cc6b3306":85,"8c2dfd9a":85,"f11267b9":85,"a483b15e":85,"f80ab49d":85,"95eaed39":85,"a5ba0ebb":85,"f53362a9":85,"1901ef7e":85,"960c2e6b":85,"3515e999":85,"d11f8f1b":85,"9d9eb027":85,"325f9a29":85,"503aafe5":85
1601327071872,"d5d94481":85,"ffe48500":85,"c7a45a33":85,"faffe099":85,"e99490cd":85,"3b830769":85,"583f0305":85,"1557c50a":85,"249e80ab":85,"f52a3d94":85,"eb74d3dd":85,"3bcbc28d":85,"3c0455e7":85,"df203c79":85,"df1e1ac0":85,"491708eb":85,"e421caaa":85,"2d2ecf27":85,"d38a4953":85,"080d5d42":85,"5d03f5dc":85,"f0a01341":85,"1ee4d9f9":85,"0d6e45e7":85,"0da97151":85,"e829038c":85,"4987cfb5":85,"ba90687c":85,"77f2cf92":85,"037e2be4":85,"9e7dbd20":85,"0c086273":85,"ac13c3b0":85,"b4d9c57f":85,"5d53c964":85,"8ee9cc91":85,"4cc0af91":85,"55f6a2ba":85,"9559ea96":85,"9cb044bf":85,"16b25add":85,"80ee333e":85,"3b329af2":85,"1cd662bf":85,"72992b35":85,"47589344":85,"593b1533":85,"e9f6e5ce":85,"ed6bead5":85,"96f594b9":85,"18c73816":85,"e491161e":85,"b5087677":85,"16f60bed":85,"cb0c3481":85,"7664512c":85,"df9a53b8":85,"f6c27b2b":85,"945f6c24":85,"f1daea7e":85,"b8fb90e3":85,"56227e35":85,"0d6bf22a":85,"b87321d0":85,"43205b5d":85,"8982905a":85,"f6fe1ad7":85,"230064fa":85,"764e0abb":85,"bba6d88e":85,"ea3479ec":85,"32266fa3":85,"50b090c3":85,"8be24763":85,"eb4800b2":85,"6e0ce9dc":85,"87d9bec4":85,"e30dfa0c":85,"6da34174":85,"bfb849fa":85,"0a10b423":85,"9ef7cee7":85,"49f1a0d1":85,"5f04aa76":85,"ba297382":85,"0287db2a":85,"96abe4a9":85,"753b10b1":85,"cf14bd99":85,"782022f4":85,"322e833f":85,"ab3619e4":85,"106006ad":85,"c8237be9":85,"1416e8f5":85,"dde2eed5":85,"a208caa8":85,"16605353":85,"77b39e15":85,"f1726edb":85,"eba5efdd":85,"a5463f93":85,"c85ac4f8":85,"bc253f4f":85,"0d9d2bf8":85,"846b7f11":85,"d3411467":85,"1df0ce7f":85,"a08171d0":85,"c8bc5677":85,"dfca0518":85,"b9a21017":85,"e47705d3":85,"3cae4115":85,"0ccf4731":85,"c7c6782d":85,"54346574":85,"b12cbf87":85,"81942d9b":85,"699b90c1":85,"d9b5a7a8":85,"1e7914d2":85,"e5d8fdb2":85,"3412ab75":85,"bcac5daf":85,"62d028cc":85,"0af2cf39":85,"27491297":85,"d041ea86":85,"1eda11b2":85,"fc442678":85,"94dfcfc5":85,"8301986e":85,"830ecfec":85,"a8bae791":85,"312009ee":85,"c98759fd":85,"e8b6d676":85,"45ee5840":85,"76f04033":85,"43480b19":85,"fd955858":85,"69798d15":85,"efea71fa":85,"fb3aa867":85,"c9cf710b":85,"fcacdeb3":85,"0ea055ed":85,"e3b1bdf8":85,"644b45fb":85,"92b72493":85,"d3e58903":85,"4481c4be":85,"7954891b":85,"4afd60a9":85,"d44c0ea3":85,"68f87858":85,"533bac6b":85,"41634dba":85,"43fd1327":85,"113e7f4b":85,"8cce569a":85,"ce6401b6":85,"6f57824c":85,"28bd7aa1":85,"1d52fb0d":85,"cde0d748":85,"535ed444":85,"710f0d0e":85,"0905f1fb":85,"a20e529c":85,"1ae76fcc":85,"35b161d3":85,"344cd1a3":85,"77ea1236":85,"96d2a118":85,"23a0e41f":85,"b32a1080":85,"a2c4b591":85,"6dfa57be":85,"1854ce44":85,"590ce3d3":85,"f92b22f1":85,"ece12664":85,"36f4ecde":85,"568a0d58":85,"5fd569d2":85,"10c8fd03":85,"bd4ccb49":85,"e773d697":85,"7e8c11e7":85,"077eb15a":85,"5337c279":85,"8d256cb6":85,"7021c619":85,"32ae00db":85,"bf2defb2":85,"bc733a28":85,"30d32d34":85,"886c16d3":85,"e8d09b62":85,"1802d7ce":85,"0a49914b":85,"5d3f5cad":85,"cf347cba":85,"fc0c23f7":85,"641f9b9e":85,"c92edec5":85,"9f03c1e7":85,"06c24a8d":85,"2f35e75f":85,"3eddf7c8":85,"77970f8b":85,"efd594d5":85,"4718294d":85,"5352cf45":85,"e0ffe8ff":85,"ae14d6b5":85,"721f5f42":85,"0b50bca6":85,"bf2ca266":85,"5d8d9641":85,"0de67c6c":85,"2311399f":85,"5e3ebf5e":85,"9f6ca218":85,"6213799d":85,"44cb1fd2":85,"baf19c25":85,"24a79a6e":85,"edde30af":85,"4d949e11":85,"df12f689":85,"1da10cbf":85,"832c48e4":85,"dc90a44c":85,"1ad7c45b":85,"5566c17c":85,"86a22252":85,"0000dece":85,"ce5efdbe":85,"58ace2b5":85,"d379fd96":85,"7b819458":85,"7f8024cd":85,"ae562513":85,"7b66dacd":85,"9ab137d7":85,"7191d1cd":85,"005354dd":85,"5b09e53e":85,"da5bb0f7":85,"6d925c84":85,"50b23ab2":85,"edfa56d4":85,"899c16eb":85,"41c76041":85,"6bb1fa99":85,"d73ff72e":85,"61c0ca91":85,"d2fda7be":85,"ce20ca3c":85,"1d2d958b":85,"81fb6a01":85,"7f5b27c8":85,"fb3444d9":85,"f05de640":85,"86a68967":85,"56cd4dca":85,"7f469f4c":85,"f92dedfc":85,"355d1489":85,"f96fc1af":85,"06713bac":85,"61aca924":85,"d97fb857":85,"59ff5ec6":85,"ef04e64e":85,"6e2d04de":85,"2fca1798":85,"05028839":85,"5488826c":85,"84fff5c1":85,"c649992d":85,"d5ad3ed6":85,"8e5f7187":85,"55ba7579":85,"b7769ca6":85,"9c27de51":85,"38a75b48":85,"1792bfa3":85,"426f1904":85,"7c0f1ca9":85,"b2f820ac":85,"25d4f65d":85,"eddb6a2a":85,"ff8a00aa":85,"c146560b":85,"985068e7":85,"d543ba6f":85,"3b3569f6":85,"b01ab62a":85,"76da16fa":85,"bffee581":85,"07150038":85,"080fa362":85,"7b6945ad":85,"a40d08e1":85,"cec79bc2":85,"d2eff358":85,"f1e86522":85,"e70aebb5":85,"fa03f48f":85,"5298dafa":85,"a488b2f1":85,"4caa87d6":85,"25f7f918":85,"c5311ebb":85,"f7076e21":85,"105bb3f6":85,"69e653b6":85,"58de5462":85,"98d2991b":85,"f01c896d":85,"3b411d6a":85,"83826ef3":85,"1f2670d0":85,"595609d5":85,"962c9c8f":85,"b47f1b89":85,"aec0bf28":85,"272e7d0d":85,"f92596ee":85,"68831ea9":85,"9713d076":85,"fd098272":85,"6ee788a7":85,"8249641d":85,"45b0968f":85,"6a9bb182":85,"1f1afd4f":85,"25fb8826":85,"0dc5da58":85
1601327072379,"f7ffcbb8":85,"5728f934":85,"00b26865":85,"c333337d":85,"815c56bc":85,"5bd61a68":85,"8582c5cf":85,"0c353665":85,"231e8700":85,"1f9fbd85":85,"43f24679":85,"a1c0dfc4":85,"78f71162":85,"4b27a9a4":85,"163f4d19":85,"a017a323":85,"8e6caf71":85,"9a3433b8":85,"8801c469":85,"b89112cb":85,"b6281f1a":85,"48c6df81":85,"66736d5e":85,"30de89a7":85,"5e165f43":85,"06aaa33f":85,"f8785b71":85,"320c65bf":85,"ab4a411a":85,"1fa1e7c2":85,"d7a4b24c":85,"646af2b9":85,"686d5c0b":85,"659389ad":85,"f15eb1c5":85,"240c8679":85,"71789493":85,"0718c3be":85,"5ac72353":85,"8b503f7b":85,"d1b14d06":85,"87a8523c":85,"f6c074a7":85,"c416baa6":85,"ffd6849d":85,"ae350a07":85,"808bc372":85,"962fca02":85,"c792a7c1":85,"75968179":85,"680a32a6":85,"5a7da061":85,"83ba647d":85,"bc8bdc23":85,"06a94514":85,"a71f3f70":85,"cb0bd6b7":85,"8e426e39":85,"1f7aa83c":85,"73c420df":85,"51909df8":85,"732d62ee":85,"0700da70":85,"d4b0751c":85,"ff591765":85,"e22b0973":85,"23646ff9":85,"93f12198":85,"5b01444b":85,"3abb827b":85,"62e270e5":85,"79995b62":85,"1d043d5a":85,"b2f82e06":85,"5b0b43e6":85,"b5474d69":85,"5a938eeb":85,"4fe0dedf":85,"951fc6d0":85,"61892a4c":85,"f096219e":85,"a3f0a6ec":85,"01051f84":85,"aa7e370d":85,"f995eeab":85,"4006e709":85,"0dedf63e":85,"a9d5374b":85,"4321f02d":85,"089b3f8f":85,"7698d0dc":85,"784414ce":85,"2df3efdb":85,"d0f1b7bd":85,"e7799883":85,"4f9456cf":85,"6e260ee8":85,"f4f84279":85,"97160db8":85,"66b1b6d7":85,"0c73c293":85,"589f0d6e":85,"88929b06":85,"b062adc4":85,"51b4016a":85,"08c4692e":85,"4aae5133":85,"63a3af32":85,"5b2479ef":85,"46bf9112":85,"3fec4b0b":85,"1d882c36":85,"092ad3d6":85,"eb62e8f2":85,"faa3de3e":85,"bf940089":85,"01f34f98":85,"44983d13":85,"1670b0d3":85,"80999122":85,"72af9198":85,"ec97d63e":85,"94208a41":85,"e39e9552":85,"2cbcad17":85,"81c1b70d":85,"e72f0f82":85,"4dccb5ca":85,"88374b72":85,"83268abf":85,"578c4c95":85,"fdfaf1ed":85,"ea981bed":85,"c606b472":85,"5e197575":85,"e587c4d0":85,"525b2635":85,"caa38a45":85,"a9987a58":85,"b6b8e5c7":85,"e82177d3":85,"89914b94":85,"04bdf5e1":85,"da8b42be":85,"3b0576bf":85,"9458934f":85,"1dcc489c":85,"945badf3":85,"1327775b":85,"bdd40125":85,"75fd47f7":85,"1c52a07e":85,"e70ccc25":85,"b0950de5":85,"6f873999":85,"1f4e0e22":85,"60d69311":85,"9666b973":85,"653b27c7":85,"83b37fd6":85,"4d852788":85,"e43a9448":85,"3542b748":85,"379c53ab":85,"e396d80d":85,"7da61f27":85,"dc874a97":85,"85a220de":85,"40a7cdd2":85,"ac033c7b":85,"87759976":85,"4df3f62e":85,"c881a53e":85,"80c1c8b1":85,"cf52acd8":85,"a63cb4ce":85,"d3b3492b":85,"7580cfa4":85,"22a96386":85,"3b09f1de":85,"b371f44a":85,"8b6180ff":85,"8819ac24":85,"dbbf7f69":85,"afd1494f":85,"ca6bffd3":85,"829c44a4":85,"e76e2617":85,"2b4fd52e":85,"57162572":85,"d1d50cfe":85,"dfe4a061":85,"c2bf7d51":85,"781afef6":85,"5c672b50":85,"5df16440":85,"b666e56d":85,"8db378ff":85,"784d6375":85,"4541bf85":85,"a6b13f20":85,"2459c882":85,"3df97186":85,"ef0490de":85,"e0f47ced":85,"309bbf54":85,"cc537772":85,"6618390c":85,"99cc0813":85,"dc32c4e1":85,"239c636e":85,"6ee160ff":85,"c55d40ca":85,"22c177a8":85,"00ae883f":85,"f416ee62":85,"0d2b182d":85,"320754c3":85,"232b2f64":85,"3171b6e7":85,"3b25460f":85,"d2064756":85,"de9229a0":85,"99a5feef":85,"f6266388":85,"e64fd39c":85,"e1b3ce36":85,"625fa164":85,"0c6ae551":85,"e8f4c1dd":85,"cede8b8c":85,"ad95ff4a":85,"893a99c5":85,"d8bf32b5":85,"0eb42efe":85,"03c4ab87":85,"4e3d3af7":85,"3a4803a8":85,"f7a7de5d":85,"d4e56c3e":85,"0c045c2d":85,"8efd4801":85,"7eb8f268":85,"20236d3e":85,"2874a625":85,"e61ae828":85,"f7ac3883":85,"ccd01528":85,"dab8cf68":85,"00f2a9cb":85,"916fe082":85,"b64dba8e":85,"c3bb30ce":85,"86219c70":85,"601990d8":85,"5c662c19":85,"d2a5d2fd":85,"89d220c2":85,"3e10c9cb":85,"5500a3e8":85,"3c0e87ac":85,"a891461f":85,"a246cdab":85,"117c7f0b":85,"36ae8cd8":85,"3ddd5391":85,"a8edfe84":85,"2ed19b1e":85,"959e16ea":85,"02f76c64":85,"5c6d1f33":85,"b4801cae":85,"c3c2fd05":85,"f8c97147":85,"c2526ff3":85,"cc386067":85,"a22ffd8f":85,"3cd28a4d":85,"44a12c31":85,"45a961ca":85,"5ca978fd":85,"668e601b":85,"7552d86c":85,"02ebf3b6":85,"bb17a968":85,"4abcb85d":85,"cba26072":85,"2a718dcc":85,"c6a9a8e1":85,"88854fd0":85,"8dc27d2a":85,"41d7f05d":85,"2b851827":85,"9f428a03":85,"4d504d96":85,"07f69c6d":85,"2254f0f5":85,"ea282e84":85,"6653c83b":85,"c896052c":85,"287ecd1c":85,"f9376d3e":85,"07a94e8c":85,"bb017b49":85,"37b52fe4":85,"61ad1519":85,"819c4185":85,"ba69b06b":85,"7d2a2cb4":85,"4f62491c":85,"70b4c438":85,"71ed93db":85,"c92efaa8":85,"c241ac7e":85,"0d21cf99":85,"14e6fe14":85,"37ec5e73":85,"bfff7913":85,"f8636899":85,"37724339":85,"d45d9727":85,"ee5ff2a3":85,"44322dfd":85,"295e4d1d":85,"8cf6570a":85,"403064a0":85,"312af46e":85,"b5a9f8c3":85,"fcbc0ae8":85,"2ff6b6a8":85,"66a71cc1":85,"bf4b58e4":85,"62a45672":85,"210e507a":85,"ac6e268b":85,"742238e8":85,"0533ece1":85,"bcee2ef3":85,"0afba00c":85,"04ff8100":85,"6c00d8d6":85,"ac9a02bc":85,"acfe69ed":85,"426603ff":85,"2db2f252":85,"2e84193b":85,"c55683c9":85,"51233daf":85,"02791635":85,"be081247":85,"5cc47d1b":85,"678b846f":85,"b4bd39d8":85,"b4cdbe5d":85,"fa0386f3":85,"b95d0f17":85,"cee9c347":85
1601327077033,"d5d94481":86,"ffe48500":86,"c7a45a33":86,"faffe099":86,"e99490cd":86,"3b830769":86,"583f0305":86,"1557c50a":86,"249e80ab":86,"f52a3d94":86,"eb74d3dd":86,"3bcbc28d":86,"3c0455e7":86,"df203c79":86,"df1e1ac0":86,"491708eb":86,"e421caaa":86,"2d2ecf27":86,"d38a4953":86,"eba5efdd":86,"a5463f93":86,"c85ac4f8":86,"bc253f4f":86,"0d9d2bf8":86,"846b7f11":86,"d3411467":86,"1df0ce7f":86,"a08171d0":86,"c8bc5677":86,"dfca0518":86,"b9a21017":86,"e47705d3":86,"3cae4115":86,"0ccf4731":86,"c7c6782d":86,"54346574":86,"b12cbf87":86,"81942d9b":86,"699b90c1":86,"d9b5a7a8":86,"1e7914d2":86,"e5d8fdb2":86,"3412ab75":86,"bcac5daf":86,"62d028cc":86,"0af2cf39":86,"27491297":86,"d041ea86":86,"1eda11b2":86,"fc442678":86,"c5b609f1":86,"4dc5849a":86,"d605c755":86,"8a8c1d67":86,"cc6b3306":86,"8c2dfd9a":86,"f11267b9":86,"a483b15e":86,"f80ab49d":86,"95eaed39":86,"a5ba0ebb":86,"f53362a9":86,"1901ef7e":86,"960c2e6b":86,"3515e999":86,"d11f8f1b":86,"9d9eb027":86,"325f9a29":86,"503aafe5":86,"7800e7ce":86,"77869ff0":86,"4b8f7b16":86,"89f75690":86,"cb363e2f":86,"cd802f02":86,"d3cca7eb":86,"e866a899":86,"5690e712":86,"0b92d2a9":86,"070bed95":86,"67e5d108":86,"3d37b94b":86,"842c97c2":86,"c4cef92b":86,"0eecdc5b":86,"b7e495ea":86,"45ec63c0":86,"0ddfde2c":86,"a8b41774":86,"81f0da2d":86,"1fcc8ba4":86,"75a9c117":86,"12ba54ec":86,"be391c1a":86,"37d8a5b7":86,"d5ab81c4":86,"2ecde685":86,"f0bd52d3":86,"dcc20f76":86,"666a8ef0":86,"080d5d42":86,"5d03f5dc":86,"f0a01341":86,"1ee4d9f9":86,"0d6e45e7":86,"0da97151":86,"e829038c":86,"4987cfb5":86,"ba90687c":86,"77f2cf92":86,"037e2be4":86,"9e7dbd20":86,"0c086273":86,"ac13c3b0":86,"b4d9c57f":86,"5d53c964":86,"8ee9cc91":86,"4cc0af91":86,"55f6a2ba":86,"9559ea96":86,"9cb044bf":86,"16b25add":86,"80ee333e":86,"3b329af2":86,"1cd662bf":86,"72992b35":86,"47589344":86,"593b1533":86,"e9f6e5ce":86,"ed6bead5":86,"96f594b9":86,"94dfcfc5":86,"8301986e":86,"830ecfec":86,"a8bae791":86,"312009ee":86,"c98759fd":86,"e8b6d676":86,"45ee5840":86,"76f04033":86,"43480b19":86,"fd955858":86,"69798d15":86,"efea71fa":86,"fb3aa867":86,"c9cf710b":86,"fcacdeb3":86,"0ea055ed":86,"e3b1bdf8":86,"644b45fb":86
1601327077863,"18c73816":86,"e491161e":86,"b5087677":86,"16f60bed":86,"cb0c3481":86,"7664512c":86,"df9a53b8":86,"f6c27b2b":86,"945f6c24":86,"f1daea7e":86,"b8fb90e3":86,"56227e35":86,"0d6bf22a":86,"b87321d0":86,"43205b5d":86,"8982905a":86,"f6fe1ad7":86,"230064fa":86,"764e0abb":86,"bba6d88e":86,"ea3479ec":86,"32266fa3":86,"50b090c3":86,"8be24763":86,"eb4800b2":86,"6e0ce9dc":86,"87d9bec4":86,"e30dfa0c":86,"6da34174":86,"bfb849fa":86,"0a10b423":86,"9ef7cee7":86,"49f1a0d1":86,"5f04aa76":86,"ba297382":86,"0287db2a":86,"96abe4a9":86,"753b10b1":86,"cf14bd99":86,"782022f4":86,"322e833f":86,"ab3619e4":86,"106006ad":86,"c8237be9":86,"1416e8f5":86,"dde2eed5":86,"a208caa8":86,"16605353":86,"77b39e15":86,"f1726edb":86,"590ce3d3":86,"1802d7ce":86,"0a49914b":86,"5d3f5cad":86,"cf347cba":86,"fc0c23f7":86,"641f9b9e":86,"c92edec5":86,"9f03c1e7":86,"06c24a8d":86,"2f35e75f":86,"3eddf7c8":86,"77970f8b":86,"efd594d5":86,"4718294d":86,"5352cf45":86,"e0ffe8ff":86,"ae14d6b5":86,"721f5f42":86,"0b50bca6":86,"bf2ca266":86,"5d8d9641":86,"0de67c6c":86,"2311399f":86,"5e3ebf5e":86,"9f6ca218":86,"6213799d":86,"92b72493":86,"d3e58903":86,"4481c4be":86,"7954891b":86,"4afd60a9":86,"d44c0ea3":86,"68f87858":86,"533bac6b":86,"41634dba":86,"43fd1327":86,"113e7f4b":86,"8cce569a":86,"ce6401b6":86,"6f57824c":86,"44cb1fd2":86,"baf19c25":86,"24a79a6e":86,"edde30af":86,"4d949e11":86,"df12f689":86,"1da10cbf":86,"832c48e4":86,"dc90a44c":86,"1ad7c45b":86,"5566c17c":86,"86a22252":86,"0000dece":86,"ce5efdbe":86,"58ace2b5":86,"d379fd96":86,"7b819458":86,"7f8024cd":86,"ae562513":86,"7b66dacd":86,"9ab137d7":86,"7191d1cd":86,"005354dd":86,"28bd7aa1":86,"1d52fb0d":86,"cde0d748":86,"535ed444":86,"710f0d0e":86,"0905f1fb":86,"a20e529c":86,"1ae76fcc":86,"35b161d3":86,"344cd1a3":86,"77ea1236":86,"96d2a118":86,"23a0e41f":86,"b32a1080":86,"a2c4b591":86,"6dfa57be":86,"1854ce44":86,"f92b22f1":86,"ece12664":86,"36f4ecde":86,"568a0d58":86,"5fd569d2":86,"10c8fd03":86,"bd4ccb49":86,"e773d697":86,"7e8c11e7":86,"077eb15a":86,"5337c279":86,"8d256cb6":86,"7021c619":86,"32ae00db":86,"bf2defb2":86,"bc733a28":86,"30d32d34":86,"886c16d3":86,"5b09e53e":86,"da5bb0f7":86,"6d925c84":86,"50b23ab2":86,"edfa56d4":86,"899c16eb":86,"41c76041":86,"6bb1fa99":86,"d73ff72e":86,"61c0ca91":86,"d2fda7be":86,"ce20ca3c":86,"1d2d958b":86,"81fb6a01":86,"7f5b27c8":86,"fb3444d9":86,"e8d09b62":86,"3b3569f6":86,"b01ab62a":86,"76da16fa":86,"bffee581":86,"07150038":86,"080fa362":86,"7b6945ad":86,"a40d08e1":86,"cec79bc2":86,"d2eff358":86,"e70aebb5":86,"a488b2f1":86,"4caa87d6":86,"f7076e21":86,"f1e86522":86,"69e653b6":86,"fa03f48f":86,"98d2991b":86,"5298dafa":86,"25f7f918":86,"3b411d6a":86,"83826ef3":86,"c5311ebb":86,"f05de640":86,"86a68967":86,"56cd4dca":86,"7f469f4c":86,"f92dedfc":86,"355d1489":86,"f96fc1af":86,"06713bac":86,"61aca924":86,"d97fb857":86,"59ff5ec6":86,"ef04e64e":86,"6e2d04de":86,"2fca1798":86,"05028839":86,"5488826c":86,"84fff5c1":86,"c649992d":86,"d5ad3ed6":86,"8e5f7187":86,"55ba7579":86,"b7769ca6":86,"9c27de51":86,"38a75b48":86,"1792bfa3":86,"426f1904":86,"7c0f1ca9":86,"b2f820ac":86,"25d4f65d":86,"eddb6a2a":86,"ff8a00aa":86,"c146560b":86,"985068e7":86,"d543ba6f":86,"595609d5":86,"105bb3f6":86,"58de5462":86,"b47f1b89":86,"f01c896d":86,"8e6caf71":86,"1f2670d0":86,"9a3433b8":86,"962c9c8f":86,"b89112cb":86,"aec0bf28":86,"66736d5e":86,"30de89a7":86,"a017a323":86,"06aaa33f":86,"8801c469":86,"320c65bf":86,"b6281f1a":86,"1fa1e7c2":86,"48c6df81":86,"646af2b9":86,"5e165f43":86,"659389ad":86,"f8785b71":86,"ab4a411a":86,"240c8679":86,"0718c3be":86,"d7a4b24c":86,"8b503f7b":86,"686d5c0b":86,"87a8523c":86,"f15eb1c5":86,"c416baa6":86,"71789493":86,"5ac72353":86,"ae350a07":86,"d1b14d06":86,"680a32a6":86,"83ba647d":86,"f6c074a7":86,"cb0bd6b7":86,"ffd6849d":86,"962fca02":86,"8e426e39":86,"808bc372":86,"75968179":86,"c792a7c1":86,"51909df8":86,"5a7da061":86,"bc8bdc23":86,"e22b0973":86,"23646ff9":86,"a71f3f70":86,"06a94514":86,"1f7aa83c":86,"73c420df":86,"3abb827b":86,"0700da70":86,"0c73c293":86,"272e7d0d":86,"f92596ee":86,"68831ea9":86,"9713d076":86,"fd098272":86,"6ee788a7":86,"8249641d":86,"45b0968f":86,"6a9bb182":86,"1f1afd4f":86,"732d62ee":86,"88929b06":86,"ff591765":86,"d4b0751c":86,"93f12198":86,"08c4692e":86,"5b01444b":86,"5b2479ef":86,"79995b62":86,"62e270e5":86,"1d882c36":86,"97160db8":86,"66b1b6d7":86,"589f0d6e":86,"b062adc4":86,"eb62e8f2":86,"51b4016a":86,"4aae5133":86,"63a3af32":86,"46bf9112":86,"092ad3d6":86,"3fec4b0b":86,"faa3de3e":86,"bf940089":86,"44983d13":86,"01f34f98":86,"1670b0d3":86,"80999122":86,"ec97d63e":86,"72af9198":86,"94208a41":86,"e39e9552":86,"2cbcad17":86,"81c1b70d":86,"4dccb5ca":86,"e72f0f82":86,"88374b72":86,"83268abf":86,"578c4c95":86,"fdfaf1ed":86,"c606b472":86,"ea981bed":86,"5e197575":86,"e587c4d0":86,"525b2635":86,"caa38a45":86,"a9987a58":86,"b6b8e5c7":86,"e82177d3":86,"89914b94":86,"04bdf5e1":86,"da8b42be":86,"3b0576bf":86,"9458934f":86,"1dcc489c":86,"945badf3":86,"f7ffcbb8":86,"5728f934":86,"00b26865":86,"c333337d":86,"815c56bc":86,"5bd61a68":86,"8582c5cf":86,"0c353665":86,"231e8700":86,"1f9fbd85":86,"43f24679":86,"a1c0dfc4":86,"78f71162":86,"4b27a9a4":86,"163f4d19":86,"1d043d5a":86,"b2f82e06":86,"5b0b43e6":86,"b5474d69":86,"5a938eeb":86,"4fe0dedf":86,"951fc6d0":86,"61892a4c":86,"9666b973":86,"653b27c7":86,"83b37fd6":86,"4d852788":86,"e43a9448":86,"3542b748":86,"379c53ab":86,"e396d80d":86,"7da61f27":86,"dc874a97":86,"85a220de":86,"40a7cdd2":86,"ac033c7b":86,"87759976":86,"4df3f62e":86,"c881a53e":86,"80c1c8b1":86,"cf52acd8":86,"25fb8826":86,"0dc5da58":86,"2874a625":86,"e61ae828":86,"f7ac3883":86,"ccd01528":86,"dab8cf68":86,"00f2a9cb":86,"916fe082":86,"b64dba8e":86,"c3bb30ce":86,"86219c70":86,"601990d8":86,"5c662c19":86,"d2a5d2fd":86,"89d220c2":86,"3e10c9cb":86,"5500a3e8":86,"3c0e87ac":86,"a891461f":86,"1327775b":86,"bdd40125":86,"75fd47f7":86,"1c52a07e":86,"e70ccc25":86,"afd1494f":86,"ca6bffd3":86,"829c44a4":86,"e76e2617":86,"2b4fd52e":86,"57162572":86,"d1d50cfe":86,"f096219e":86,"a3f0a6ec":86,"01051f84":86,"aa7e370d":86,"f995eeab":86,"4006e709":86,"0dedf63e":86,"a9d5374b":86,"4321f02d":86,"089b3f8f":86,"7698d0dc":86,"784414ce":86,"2df3efdb":86,"d0f1b7bd":86,"e7799883":86,"4f9456cf":86,"6e260ee8":86,"f4f84279":86,"b0950de5":86,"6f873999":86,"1f4e0e22":86,"60d69311":86,"3b09f1de":86,"b371f44a":86,"8b6180ff":86,"8819ac24":86,"dbbf7f69":86,"a63cb4ce":86,"d3b3492b":86,"7580cfa4":86,"22a96386":86,"5c672b50":86,"5df16440":86,"b666e56d":86,"8db378ff":86,"784d6375":86,"4541bf85":86,"a6b13f20":86,"2459c882":86,"3df97186":86,"ef0490de":86,"e0f47ced":86,"309bbf54":86,"cc537772":86,"6618390c":86,"99cc0813":86,"dc32c4e1":86,"239c636e":86,"6ee160ff":86,"c55d40ca":86,"22c177a8":86,"00ae883f":86,"a8edfe84":86,"2ed19b1e":86,"959e16ea":86,"02f76c64":86,"5c6d1f33":86,"b4801cae":86,"c3c2fd05":86,"f8c97147":86,"c2526ff3":86,"cc386067":86,"a22ffd8f":86,"3cd28a4d":86,"44a12c31":86,"a246cdab":86,"117c7f0b":86,"0d21cf99":86,"14e6fe14":86,"37ec5e73":86,"bfff7913":86,"f8636899":86,"37724339":86,"d45d9727":86,"ee5ff2a3":86,"44322dfd":86,"295e4d1d":86,"8cf6570a":86,"403064a0":86,"312af46e":86,"b5a9f8c3":86,"fcbc0ae8":86,"2ff6b6a8":86,"66a71cc1":86,"bf4b58e4":86,"45a961ca":86,"5ca978fd":86,"668e601b":86,"7552d86c":86,"02ebf3b6":86,"bb17a968":86,"4abcb85d":86,"cba26072":86,"2a718dcc":86,"c6a9a8e1":86,"dfe4a061":86,"c2bf7d51":86,"781afef6":86,"de9229a0":86,"99a5feef":86,"f6266388":86,"e64fd39c":86,"e1b3ce36":86,"625fa164":86,"0c6ae551":86,"e8f4c1dd":86,"cede8b8c":86,"ad95ff4a":86,"88854fd0":86,"8dc27d2a":86,"41d7f05d":86,"2b851827":86,"f416ee62":86,"0d2b182d":86,"320754c3":86,"232b2f64":86,"3171b6e7":86,"3b25460f":86,"d2064756":86,"9f428a03":86,"4d504d96":86,"0533ece1":86,"bcee2ef3":86
1601327078716,"0afba00c":86,"04ff8100":86,"6c00d8d6":86,"ac9a02bc":86,"acfe69ed":86,"426603ff":86,"2db2f252":86,"2e84193b":86,"c55683c9":86,"51233daf":86,"02791635":86,"be081247":86,"5cc47d1b":86,"678b846f":86,"b4bd39d8":86,"b4cdbe5d":86,"fa0386f3":86,"b95d0f17":86,"cee9c347":86,"893a99c5":86,"d8bf32b5":86,"0eb42efe":86,"03c4ab87":86,"4e3d3af7":86,"3a4803a8":86,"f7a7de5d":86,"d4e56c3e":86,"0c045c2d":86,"8efd4801":86,"7eb8f268":86,"20236d3e":86,"36ae8cd8":86,"3ddd5391":86,"07f69c6d":86,"2254f0f5":86,"ea282e84":86,"6653c83b":86,"c896052c":86,"287ecd1c":86,"f9376d3e":86,"07a94e8c":86,"bb017b49":86,"37b52fe4":86,"61ad1519":86,"819c4185":86,"ba69b06b":86,"7d2a2cb4":86,"4f62491c":86,"70b4c438":86,"71ed93db":86,"c92efaa8":86,"c241ac7e":86,"62a45672":86,"210e507a":86,"ac6e268b":86,"742238e8":86,"7800e7ce":87,"77869ff0":87,"4b8f7b16":87,"89f75690":87,"cb363e2f":87,"cd802f02":87,"d3cca7eb":87,"e866a899":87,"5690e712":87,"0b92d2a9":87,"070bed95":87,"67e5d108":87,"3d37b94b":87,"842c97c2":87,"c4cef92b":87,"0eecdc5b":87,"b7e495ea":87,"45ec63c0":87,"0ddfde2c":87,"a8b41774":87,"81f0da2d":87,"1fcc8ba4":87,"75a9c117":87,"12ba54ec":87,"be391c1a":87,"37d8a5b7":87,"d5ab81c4":87,"2ecde685":87,"f0bd52d3":87,"dcc20f76":87,"666a8ef0":87,"c5b609f1":87,"4dc5849a":87,"d605c755":87,"8a8c1d67":87,"cc6b3306":87,"8c2dfd9a":87,"f11267b9":87,"a483b15e":87,"f80ab49d":87,"95eaed39":87,"a5ba0ebb":87,"f53362a9":87,"1901ef7e":87,"960c2e6b":87,"3515e999":87,"d11f8f1b":87,"9d9eb027":87,"325f9a29":87,"503aafe5":87,"080d5d42":87,"5d03f5dc":87,"f0a01341":87,"1ee4d9f9":87,"0d6e45e7":87,"0da97151":87,"e829038c":87,"4987cfb5":87,"ba90687c":87,"77f2cf92":87,"037e2be4":87,"9e7dbd20":87,"0c086273":87,"ac13c3b0":87,"b4d9c57f":87,"5d53c964":87,"8ee9cc91":87,"4cc0af91":87,"55f6a2ba":87,"9559ea96":87,"9cb044bf":87,"16b25add":87,"80ee333e":87,"3b329af2":87,"1cd662bf":87,"72992b35":87,"47589344":87,"593b1533":87,"e9f6e5ce":87,"ed6bead5":87,"96f594b9":87,"94dfcfc5":87,"8301986e":87,"830ecfec":87,"a8bae791":87,"312009ee":87,"c98759fd":87,"e8b6d676":87,"45ee5840":87,"76f04033":87,"43480b19":87,"fd955858":87,"d5d94481":87,"ffe48500":87,"c7a45a33":87,"faffe099":87,"e99490cd":87,"3b830769":87,"583f0305":87,"1557c50a":87,"249e80ab":87,"f52a3d94":87,"eb74d3dd":87,"3bcbc28d":87,"69798d15":87,"efea71fa":87,"fb3aa867":87,"c9cf710b":87,"fcacdeb3":87,"0ea055ed":87,"e3b1bdf8":87,"644b45fb":87,"3c0455e7":87,"df203c79":87,"df1e1ac0":87,"491708eb":87,"e421caaa":87,"2d2ecf27":87,"d38a4953":87,"eba5efdd":87,"a5463f93":87,"c85ac4f8":87,"bc253f4f":87,"0d9d2bf8":87,"846b7f11":87,"d3411467":87,"1df0ce7f":87,"a08171d0":87,"c8bc5677":87,"dfca0518":87,"b9a21017":87,"e47705d3":87,"3cae4115":87,"0ccf4731":87,"c7c6782d":87,"54346574":87,"b12cbf87":87,"81942d9b":87,"699b90c1":87,"d9b5a7a8":87,"1e7914d2":87,"e5d8fdb2":87,"3412ab75":87,"bcac5daf":87,"62d028cc":87,"0af2cf39":87,"27491297":87,"d041ea86":87,"1eda11b2":87,"fc442678":87,"18c73816":87,"e491161e":87,"b5087677":87,"16f60bed":87,"cb0c3481":87,"7664512c":87,"df9a53b8":87,"f6c27b2b":87,"945f6c24":87,"f1daea7e":87,"b8fb90e3":87,"56227e35":87,"0d6bf22a":87,"b87321d0":87,"43205b5d":87,"8982905a":87,"f6fe1ad7":87,"230064fa":87,"764e0abb":87,"590ce3d3":87,"1802d7ce":87,"0a49914b":87,"5d3f5cad":87,"cf347cba":87,"fc0c23f7":87,"641f9b9e":87,"c92edec5":87,"9f03c1e7":87,"06c24a8d":87,"2f35e75f":87,"3eddf7c8":87,"77970f8b":87,"efd594d5":87,"4718294d":87,"5352cf45":87,"e0ffe8ff":87,"ae14d6b5":87,"721f5f42":87,"0b50bca6":87,"bf2ca266":87,"5d8d9641":87,"0de67c6c":87,"2311399f":87,"5e3ebf5e":87,"9f6ca218":87,"6213799d":87,"44cb1fd2":87,"baf19c25":87,"24a79a6e":87,"edde30af":87,"4d949e11":87,"df12f689":87,"1da10cbf":87,"832c48e4":87,"dc90a44c":87,"1ad7c45b":87,"5566c17c":87,"86a22252":87,"bba6d88e":87,"ea3479ec":87,"32266fa3":87,"50b090c3":87,"8be24763":87,"eb4800b2":87,"6e0ce9dc":87,"87d9bec4":87,"e30dfa0c":87,"6da34174":87,"bfb849fa":87,"0a10b423":87,"9ef7cee7":87,"49f1a0d1":87,"5f04aa76":87,"ba297382":87,"0287db2a":87,"96abe4a9":87,"753b10b1":87,"cf14bd99":87,"782022f4":87,"322e833f":87,"ab3619e4":87,"106006ad":87,"c8237be9":87,"1416e8f5":87,"dde2eed5":87,"a208caa8":87,"16605353":87,"77b39e15":87,"f1726edb":87,"92b72493":87,"d3e58903":87,"4481c4be":87,"7954891b":87,"4afd60a9":87,"d44c0ea3":87,"68f87858":87,"533bac6b":87,"41634dba":87,"43fd1327":87,"113e7f4b":87,"8cce569a":87,"ce6401b6":87,"6f57824c":87,"0000dece":87,"ce5efdbe":87,"58ace2b5":87,"d379fd96":87,"7b819458":87,"7f8024cd":87,"ae562513":87,"7b66dacd":87,"9ab137d7":87,"7191d1cd":87,"005354dd":87,"28bd7aa1":87,"1d52fb0d":87,"cde0d748":87,"535ed444":87,"710f0d0e":87,"0905f1fb":87,"a20e529c":87,"1ae76fcc":87,"35b161d3":87,"344cd1a3":87,"77ea1236":87,"96d2a118":87,"23a0e41f":87,"b32a1080":87,"a2c4b591":87,"6dfa57be":87,"1854ce44":87,"f92b22f1":87,"ece12664":87,"36f4ecde":87,"568a0d58":87,"5fd569d2":87,"10c8fd03":87,"bd4ccb49":87,"e773d697":87,"7e8c11e7":87,"077eb15a":87,"5337c279":87,"8d256cb6":87,"7021c619":87,"32ae00db":87,"bf2defb2":87,"bc733a28":87,"30d32d34":87,"886c16d3":87,"e8d09b62":87,"5b09e53e":87,"da5bb0f7":87,"6d925c84":87,"50b23ab2":87,"edfa56d4":87,"899c16eb":87,"41c76041":87,"6bb1fa99":87,"d73ff72e":87,"61c0ca91":87,"d2fda7be":87,"ce20ca3c":87,"1d2d958b":87,"81fb6a01":87,"7f5b27c8":87,"fb3444d9":87,"f05de640":87,"86a68967":87,"56cd4dca":87,"7f469f4c":87,"f92dedfc":87,"355d1489":87,"f96fc1af":87,"06713bac":87,"3b3569f6":87,"b01ab62a":87,"76da16fa":87,"bffee581":87,"07150038":87,"080fa362":87,"7b6945ad":87,"a40d08e1":87,"cec79bc2":87,"d2eff358":87,"e70aebb5":87,"a488b2f1":87,"4caa87d6":87,"f7076e21":87,"69e653b6":87,"98d2991b":87,"f1e86522":87,"fa03f48f":87,"3b411d6a":87,"5298dafa":87,"83826ef3":87,"25f7f918":87,"595609d5":87,"b47f1b89":87,"c5311ebb":87,"8e6caf71":87,"105bb3f6":87,"61aca924":87,"d97fb857":87,"59ff5ec6":87,"ef04e64e":87,"6e2d04de":87,"2fca1798":87,"05028839":87,"5488826c":87,"84fff5c1":87,"c649992d":87,"d5ad3ed6":87,"8e5f7187":87,"55ba7579":87,"b7769ca6":87,"9c27de51":87,"38a75b48":87,"1792bfa3":87,"426f1904":87,"7c0f1ca9":87,"b2f820ac":87,"25d4f65d":87,"eddb6a2a":87,"ff8a00aa":87,"c146560b":87,"985068e7":87,"d543ba6f":87,"272e7d0d":87,"f92596ee":87,"68831ea9":87,"9713d076":87,"fd098272":87,"6ee788a7":87,"8249641d":87,"45b0968f":87,"6a9bb182":87,"1f1afd4f":87,"25fb8826":87,"0dc5da58":87,"f7ffcbb8":87,"5728f934":87,"00b26865":87,"c333337d":87,"815c56bc":87,"5bd61a68":87,"8582c5cf":87,"0c353665":87,"231e8700":87,"1f9fbd85":87,"43f24679":87,"a1c0dfc4":87,"78f71162":87,"4b27a9a4":87,"163f4d19":87,"1d043d5a":87,"b2f82e06":87,"5b0b43e6":87,"b5474d69":87,"5a938eeb":87,"4fe0dedf":87,"951fc6d0":87,"61892a4c":87,"f096219e":87,"a3f0a6ec":87,"01051f84":87,"aa7e370d":87,"f995eeab":87,"4006e709":87,"0dedf63e":87,"a9d5374b":87,"4321f02d":87,"9666b973":87,"653b27c7":87,"83b37fd6":87,"4d852788":87,"e43a9448":87,"3542b748":87,"379c53ab":87,"e396d80d":87,"7da61f27":87,"dc874a97":87,"85a220de":87,"40a7cdd2":87,"ac033c7b":87,"87759976":87,"4df3f62e":87,"c881a53e":87,"80c1c8b1":87,"cf52acd8":87,"a63cb4ce":87,"d3b3492b":87,"7580cfa4":87,"22a96386":87,"5c672b50":87,"5df16440":87,"b666e56d":87,"8db378ff":87,"829c44a4":87,"e76e2617":87,"2b4fd52e":87,"57162572":87,"d1d50cfe":87,"2874a625":87,"e61ae828":87,"f7ac3883":87,"ccd01528":87,"dab8cf68":87,"00f2a9cb":87,"916fe082":87,"b64dba8e":87,"c3bb30ce":87,"86219c70":87,"601990d8":87,"5c662c19":87,"d2a5d2fd":87,"89d220c2":87,"3e10c9cb":87,"5500a3e8":87,"3c0e87ac":87,"a891461f":87,"a246cdab":87,"117c7f0b":87,"0d21cf99":87,"14e6fe14":87,"37ec5e73":87,"bfff7913":87,"f8636899":87,"37724339":87,"d45d9727":87,"ee5ff2a3":87,"44322dfd":87,"295e4d1d":87,"8cf6570a":87,"403064a0":87,"312af46e":87,"b5a9f8c3":87,"fcbc0ae8":87,"2ff6b6a8":87,"93f12198":87,"092ad3d6":87,"bf940089":87,"62e270e5":87,"66b1b6d7":87,"01f34f98":87,"1670b0d3":87,"b062adc4":87,"4aae5133":87,"ec97d63e":87,"94208a41":87,"63a3af32":87,"3fec4b0b":87,"2cbcad17":87,"4dccb5ca":87,"faa3de3e":87,"44983d13":87,"83268abf":87,"578c4c95":87,"80999122":87,"72af9198":87,"c606b472":87,"e39e9552":87,"81c1b70d":87,"e72f0f82":87,"88374b72":87,"fdfaf1ed":87,"ea981bed":87,"5e197575":87,"e587c4d0":87,"525b2635":87,"caa38a45":87,"a9987a58":87,"b6b8e5c7":87,"e82177d3":87,"89914b94":87,"04bdf5e1":87,"da8b42be":87,"3b0576bf":87,"9458934f":87,"1dcc489c":87,"945badf3":87,"1327775b":87,"bdd40125":87,"75fd47f7":87,"1c52a07e":87,"e70ccc25":87,"afd1494f":87,"ca6bffd3":87,"089b3f8f":87,"7698d0dc":87,"784414ce":87,"2df3efdb":87,"d0f1b7bd":87,"e7799883":87,"4f9456cf":87,"6e260ee8":87,"f4f84279":87,"b0950de5":87,"6f873999":87,"1f4e0e22":87,"60d69311":87,"3b09f1de":87,"b371f44a":87,"8b6180ff":87,"8819ac24":87,"dbbf7f69":87,"9a3433b8":87,"58de5462":87,"f01c896d":87,"b89112cb":87,"66736d5e":87,"1f2670d0":87,"30de89a7":87,"962c9c8f":87,"aec0bf28":87,"06aaa33f":87,"a017a323":87,"320c65bf":87,"8801c469":87,"1fa1e7c2":87,"646af2b9":87,"b6281f1a":87,"659389ad":87,"48c6df81":87,"5e165f43":87,"240c8679":87,"f8785b71":87,"0718c3be":87,"8b503f7b":87,"ab4a411a":87,"d7a4b24c":87,"87a8523c":87,"686d5c0b":87,"c416baa6":87,"ae350a07":87,"f15eb1c5":87,"680a32a6":87,"71789493":87,"5ac72353":87,"83ba647d":87,"d1b14d06":87,"cb0bd6b7":87,"8e426e39":87,"f6c074a7":87,"51909df8":87,"ffd6849d":87,"962fca02":87,"e22b0973":87,"23646ff9":87,"75968179":87,"bc8bdc23":87,"3abb827b":87,"a71f3f70":87,"0c73c293":87,"1f7aa83c":87,"88929b06":87,"732d62ee":87,"08c4692e":87,"d4b0751c":87,"5b2479ef":87,"808bc372":87,"5b01444b":87,"1d882c36":87,"c792a7c1":87,"79995b62":87,"5a7da061":87,"eb62e8f2":87,"97160db8":87,"06a94514":87,"73c420df":87,"589f0d6e":87,"0700da70":87,"51b4016a":87,"ff591765":87,"46bf9112":87,"784d6375":87,"4541bf85":87,"a6b13f20":87,"2459c882":87,"3df97186":87,"ef0490de":87,"e0f47ced":87,"309bbf54":87,"cc537772":87,"6618390c":87,"99cc0813":87,"dc32c4e1":87,"239c636e":87,"6ee160ff":87,"c55d40ca":87,"22c177a8":87,"00ae883f":87,"f416ee62":87,"0d2b182d":87,"320754c3":87,"232b2f64":87,"3171b6e7":87,"3b25460f":87,"d2064756":87,"a8edfe84":87,"66a71cc1":87,"bf4b58e4":87,"2ed19b1e":87,"959e16ea":87,"02f76c64":87,"5c6d1f33":87,"b4801cae":87,"c3c2fd05":87,"f8c97147":87,"c2526ff3":87,"cc386067":87,"a22ffd8f":87,"3cd28a4d":87,"44a12c31":87,"45a961ca":87,"5ca978fd":87,"668e601b":87,"7552d86c":87,"02ebf3b6":87,"dfe4a061":87,"c2bf7d51":87,"781afef6":87,"de9229a0":87,"99a5feef":87,"f6266388":87,"e64fd39c":87,"e1b3ce36":87,"625fa164":87,"0c6ae551":87,"e8f4c1dd":87,"cede8b8c":87,"ad95ff4a":87,"893a99c5":87,"bb17a968":87,"4abcb85d":87,"cba26072":87,"2a718dcc":87,"c6a9a8e1":87,"88854fd0":87,"8dc27d2a":87,"41d7f05d":87,"2b851827":87,"9f428a03":87,"4d504d96":87,"0533ece1":87,"bcee2ef3":87,"0afba00c":87,"04ff8100":87,"6c00d8d6":87,"ac9a02bc":87,"acfe69ed":87,"426603ff":87,"2db2f252":87,"2e84193b":87,"c55683c9":87,"51233daf":87,"02791635":87,"be081247":87,"5cc47d1b":87,"678b846f":87,"b4bd39d8":87,"b4cdbe5d":87,"fa0386f3":87,"b95d0f17":87,"cee9c347":87,"d8bf32b5":87,"0eb42efe":87,"03c4ab87":87,"4e3d3af7":87,"3a4803a8":87,"f7a7de5d":87,"d4e56c3e":87,"0c045c2d":87,"8efd4801":87,"7eb8f268":87,"20236d3e":87,"36ae8cd8":87,"3ddd5391":87,"07f69c6d":87,"2254f0f5":87,"ea282e84":87,"6653c83b":87,"c896052c":87,"287ecd1c":87,"f9376d3e":87,"07a94e8c":87,"bb017b49":87,"37b52fe4":87,"61ad1519":87,"819c4185":87,"ba69b06b":87,"7d2a2cb4":87,"4f62491c":87,"70b4c438":87,"71ed93db":87,"c92efaa8":87,"c241ac7e":87,"62a45672":87,"210e507a":87,"ac6e268b":87,"742238e8":87
1601327079204,"7800e7ce":88,"77869ff0":88,"4b8f7b16":88,"89f75690":88,"cb363e2f":88,"cd802f02":88,"d3cca7eb":88,"e866a899":88,"5690e712":88,"0b92d2a9":88,"070bed95":88,"67e5d108":88,"3d37b94b":88,"842c97c2":88,"c4cef92b":88,"0eecdc5b":88,"b7e495ea":88,"45ec63c0":88,"0ddfde2c":88,"a8b41774":88,"81f0da2d":88,"1fcc8ba4":88,"75a9c117":88,"12ba54ec":88,"be391c1a":88,"37d8a5b7":88,"d5ab81c4":88,"2ecde685":88,"f0bd52d3":88,"dcc20f76":88,"666a8ef0":88,"c5b609f1":88,"4dc5849a":88,"d605c755":88,"8a8c1d67":88,"cc6b3306":88,"8c2dfd9a":88,"f11267b9":88,"a483b15e":88,"f80ab49d":88,"95eaed39":88,"a5ba0ebb":88,"f53362a9":88,"1901ef7e":88,"960c2e6b":88,"3515e999":88,"d11f8f1b":88,"9d9eb027":88,"325f9a29":88,"503aafe5":88,"080d5d42":88,"5d03f5dc":88,"f0a01341":88,"1ee4d9f9":88,"0d6e45e7":88,"0da97151":88,"e829038c":88,"4987cfb5":88,"ba90687c":88,"77f2cf92":88,"037e2be4":88,"9e7dbd20":88,"0c086273":88,"ac13c3b0":88,"d5d94481":88,"ffe48500":88,"c7a45a33":88,"faffe099":88,"e99490cd":88,"3b830769":88,"583f0305":88,"1557c50a":88,"249e80ab":88,"f52a3d94":88,"eb74d3dd":88,"3bcbc28d":88,"3c0455e7":88,"df203c79":88,"df1e1ac0":88,"491708eb":88,"e421caaa":88,"2d2ecf27":88,"d38a4953":88,"eba5efdd":88,"a5463f93":88,"b4d9c57f":88,"5d53c964":88,"8ee9cc91":88,"4cc0af91":88,"55f6a2ba":88,"9559ea96":88,"9cb044bf":88,"16b25add":88,"80ee333e":88,"3b329af2":88,"1cd662bf":88,"72992b35":88,"47589344":88,"593b1533":88,"e9f6e5ce":88,"ed6bead5":88,"96f594b9":88,"94dfcfc5":88,"8301986e":88,"830ecfec":88,"a8bae791":88,"312009ee":88,"c98759fd":88,"e8b6d676":88,"45ee5840":88,"76f04033":88,"43480b19":88,"fd955858":88,"69798d15":88,"efea71fa":88,"fb3aa867":88,"c9cf710b":88,"fcacdeb3":88,"0ea055ed":88,"e3b1bdf8":88,"644b45fb":88
1601327080056,"c85ac4f8":88,"bc253f4f":88,"0d9d2bf8":88,"846b7f11":88,"d3411467":88,"1df0ce7f":88,"a08171d0":88,"c8bc5677":88,"dfca0518":88,"b9a21017":88,"e47705d3":88,"3cae4115":88,"0ccf4731":88,"c7c6782d":88,"54346574":88,"b12cbf87":88,"81942d9b":88,"699b90c1":88,"d9b5a7a8":88,"1e7914d2":88,"e5d8fdb2":88,"3412ab75":88,"bcac5daf":88,"62d028cc":88,"0af2cf39":88,"27491297":88,"d041ea86":88,"1eda11b2":88,"fc442678":88,"18c73816":88,"e491161e":88,"b5087677":88,"16f60bed":88,"cb0c3481":88,"7664512c":88,"df9a53b8":88,"f6c27b2b":88,"945f6c24":88,"f1daea7e":88,"b8fb90e3":88,"56227e35":88,"0d6bf22a":88,"b87321d0":88,"43205b5d":88,"8982905a":88,"f6fe1ad7":88,"230064fa":88,"764e0abb":88,"bba6d88e":88,"ea3479ec":88,"32266fa3":88,"590ce3d3":88,"1802d7ce":88,"0a49914b":88,"5d3f5cad":88,"cf347cba":88,"fc0c23f7":88,"641f9b9e":88,"c92edec5":88,"9f03c1e7":88,"06c24a8d":88,"2f35e75f":88,"3eddf7c8":88,"77970f8b":88,"efd594d5":88,"4718294d":88,"5352cf45":88,"e0ffe8ff":88,"ae14d6b5":88,"721f5f42":88,"0b50bca6":88,"bf2ca266":88,"5d8d9641":88,"0de67c6c":88,"2311399f":88,"5e3ebf5e":88,"9f6ca218":88,"6213799d":88,"44cb1fd2":88,"baf19c25":88,"24a79a6e":88,"edde30af":88,"4d949e11":88,"df12f689":88,"1da10cbf":88,"832c48e4":88,"dc90a44c":88,"1ad7c45b":88,"5566c17c":88,"86a22252":88,"0000dece":88,"ce5efdbe":88,"58ace2b5":88,"d379fd96":88,"7b819458":88,"50b090c3":88,"8be24763":88,"eb4800b2":88,"6e0ce9dc":88,"87d9bec4":88,"e30dfa0c":88,"6da34174":88,"bfb849fa":88,"0a10b423":88,"9ef7cee7":88,"49f1a0d1":88,"5f04aa76":88,"ba297382":88,"0287db2a":88,"96abe4a9":88,"753b10b1":88,"cf14bd99":88,"782022f4":88,"322e833f":88,"ab3619e4":88,"106006ad":88,"c8237be9":88,"1416e8f5":88,"dde2eed5":88,"a208caa8":88,"16605353":88,"77b39e15":88,"f1726edb":88,"92b72493":88,"d3e58903":88,"4481c4be":88,"7954891b":88,"4afd60a9":88,"d44c0ea3":88,"68f87858":88,"533bac6b":88,"41634dba":88,"43fd1327":88,"113e7f4b":88,"8cce569a":88,"ce6401b6":88,"6f57824c":88,"28bd7aa1":88,"1d52fb0d":88,"cde0d748":88,"535ed444":88,"7f8024cd":88,"ae562513":88,"7b66dacd":88,"9ab137d7":88,"7191d1cd":88,"005354dd":88,"710f0d0e":88,"0905f1fb":88,"a20e529c":88,"1ae76fcc":88,"35b161d3":88,"344cd1a3":88,"77ea1236":88,"96d2a118":88,"23a0e41f":88,"b32a1080":88,"a2c4b591":88,"6dfa57be":88,"1854ce44":88,"f92b22f1":88,"ece12664":88,"36f4ecde":88,"568a0d58":88,"5fd569d2":88,"10c8fd03":88,"bd4ccb49":88,"e773d697":88,"7e8c11e7":88,"077eb15a":88,"5337c279":88,"8d256cb6":88,"7021c619":88,"32ae00db":88,"bf2defb2":88,"bc733a28":88,"30d32d34":88,"886c16d3":88,"e8d09b62":88,"5b09e53e":88,"da5bb0f7":88,"6d925c84":88,"50b23ab2":88,"edfa56d4":88,"899c16eb":88,"41c76041":88,"6bb1fa99":88,"d73ff72e":88,"61c0ca91":88,"d2fda7be":88,"ce20ca3c":88,"1d2d958b":88,"81fb6a01":88,"7f5b27c8":88,"fb3444d9":88,"f05de640":88,"86a68967":88,"56cd4dca":88,"7f469f4c":88,"f92dedfc":88,"355d1489":88,"f96fc1af":88,"06713bac":88,"61aca924":88,"d97fb857":88,"59ff5ec6":88,"ef04e64e":88,"6e2d04de":88,"2fca1798":88,"05028839":88,"5488826c":88,"84fff5c1":88,"c649992d":88,"d5ad3ed6":88,"8e5f7187":88,"55ba7579":88,"b7769ca6":88,"9c27de51":88,"38a75b48":88,"1792bfa3":88,"426f1904":88,"7c0f1ca9":88,"b2f820ac":88,"25d4f65d":88,"eddb6a2a":88,"ff8a00aa":88,"c146560b":88,"985068e7":88,"d543ba6f":88,"3b3569f6":88,"b01ab62a":88,"76da16fa":88,"bffee581":88,"07150038":88,"080fa362":88,"7b6945ad":88,"a40d08e1":88,"cec79bc2":88,"d2eff358":88,"e70aebb5":88,"a488b2f1":88,"4caa87d6":88,"f7076e21":88,"69e653b6":88,"f1e86522":88,"98d2991b":88,"fa03f48f":88,"3b411d6a":88,"5298dafa":88,"83826ef3":88,"25f7f918":88,"c5311ebb":88,"595609d5":88,"b47f1b89":88,"105bb3f6":88,"58de5462":88,"8e6caf71":88,"f01c896d":88,"9a3433b8":88,"1f2670d0":88,"b89112cb":88,"66736d5e":88,"962c9c8f":88,"aec0bf28":88,"30de89a7":88,"06aaa33f":88,"a017a323":88,"f7ffcbb8":88,"5728f934":88,"00b26865":88,"320c65bf":88,"8801c469":88,"b6281f1a":88,"1fa1e7c2":88,"48c6df81":88,"646af2b9":88,"659389ad":88,"5e165f43":88,"240c8679":88,"f8785b71":88,"ab4a411a":88,"0718c3be":88,"8b503f7b":88,"d7a4b24c":88,"686d5c0b":88,"87a8523c":88,"c416baa6":88,"f15eb1c5":88,"ae350a07":88,"71789493":88,"5ac72353":88,"680a32a6":88,"d1b14d06":88,"83ba647d":88,"cb0bd6b7":88,"f6c074a7":88,"ffd6849d":88,"8e426e39":88,"51909df8":88,"962fca02":88,"e22b0973":88,"75968179":88,"23646ff9":88,"bc8bdc23":88,"a71f3f70":88,"3abb827b":88,"0c73c293":88,"1f7aa83c":88,"732d62ee":88,"88929b06":88,"08c4692e":88,"d4b0751c":88,"5b01444b":88,"808bc372":88,"5b2479ef":88,"79995b62":88,"1d882c36":88,"c792a7c1":88,"eb62e8f2":88,"97160db8":88,"5a7da061":88,"06a94514":88,"589f0d6e":88,"73c420df":88,"51b4016a":88,"46bf9112":88,"0700da70":88,"ff591765":88,"092ad3d6":88,"bf940089":88,"93f12198":88,"01f34f98":88,"62e270e5":88,"1670b0d3":88,"66b1b6d7":88,"b062adc4":88,"ec97d63e":88,"272e7d0d":88,"f92596ee":88,"68831ea9":88,"9713d076":88,"fd098272":88,"6ee788a7":88,"8249641d":88,"45b0968f":88,"6a9bb182":88,"1f1afd4f":88,"25fb8826":88,"c333337d":88,"815c56bc":88,"5bd61a68":88,"8582c5cf":88,"0c353665":88,"231e8700":88,"1f9fbd85":88,"43f24679":88,"a1c0dfc4":88,"78f71162":88,"4b27a9a4":88,"163f4d19":88,"1d043d5a":88,"b2f82e06":88,"5b0b43e6":88,"b5474d69":88,"5a938eeb":88,"4fe0dedf":88,"951fc6d0":88,"61892a4c":88,"f096219e":88,"a3f0a6ec":88,"01051f84":88,"aa7e370d":88,"f995eeab":88,"4006e709":88,"0dedf63e":88,"a9d5374b":88,"4321f02d":88,"089b3f8f":88,"7698d0dc":88,"784414ce":88,"2df3efdb":88,"d0f1b7bd":88,"e7799883":88,"4f9456cf":88,"9666b973":88,"653b27c7":88,"83b37fd6":88,"4d852788":88,"e43a9448":88,"3542b748":88,"379c53ab":88,"e396d80d":88,"7da61f27":88,"dc874a97":88,"85a220de":88,"40a7cdd2":88,"ac033c7b":88,"87759976":88,"4df3f62e":88,"c881a53e":88,"80c1c8b1":88,"cf52acd8":88,"a63cb4ce":88,"d3b3492b":88,"7580cfa4":88,"22a96386":88,"5c672b50":88,"5df16440":88,"b666e56d":88,"8db378ff":88,"784d6375":88,"4541bf85":88,"a6b13f20":88,"2459c882":88,"3df97186":88,"ef0490de":88,"e0f47ced":88,"57162572":88,"d1d50cfe":88,"0dc5da58":88,"2874a625":88,"e61ae828":88,"f7ac3883":88,"ccd01528":88,"dab8cf68":88,"00f2a9cb":88,"916fe082":88,"b64dba8e":88,"c3bb30ce":88,"86219c70":88,"601990d8":88,"5c662c19":88,"d2a5d2fd":88,"89d220c2":88,"3e10c9cb":88,"5500a3e8":88,"3c0e87ac":88,"a891461f":88,"a246cdab":88,"117c7f0b":88,"0d21cf99":88,"14e6fe14":88,"37ec5e73":88,"bfff7913":88,"f8636899":88,"37724339":88,"d45d9727":88,"ee5ff2a3":88,"44322dfd":88,"295e4d1d":88,"8cf6570a":88,"403064a0":88,"312af46e":88,"b5a9f8c3":88,"94208a41":88,"4aae5133":88,"63a3af32":88,"2cbcad17":88,"3fec4b0b":88,"4dccb5ca":88,"faa3de3e":88,"83268abf":88,"578c4c95":88,"44983d13":88,"c606b472":88,"80999122":88,"72af9198":88,"e39e9552":88,"81c1b70d":88,"e72f0f82":88,"88374b72":88,"fdfaf1ed":88,"ea981bed":88,"5e197575":88,"e587c4d0":88,"525b2635":88,"caa38a45":88,"a9987a58":88,"b6b8e5c7":88,"e82177d3":88,"89914b94":88,"04bdf5e1":88,"da8b42be":88,"3b0576bf":88,"9458934f":88,"1dcc489c":88,"945badf3":88,"1327775b":88,"bdd40125":88,"75fd47f7":88,"1c52a07e":88,"e70ccc25":88,"afd1494f":88,"ca6bffd3":88,"829c44a4":88,"e76e2617":88,"2b4fd52e":88,"6e260ee8":88,"f4f84279":88,"b0950de5":88,"6f873999":88,"1f4e0e22":88,"60d69311":88,"3b09f1de":88,"b371f44a":88,"8b6180ff":88,"8819ac24":88,"dbbf7f69":88,"a8edfe84":88,"2ed19b1e":88,"309bbf54":88,"cc537772":88,"6618390c":88,"99cc0813":88,"dc32c4e1":88,"239c636e":88,"6ee160ff":88,"c55d40ca":88,"22c177a8":88,"00ae883f":88,"f416ee62":88,"0d2b182d":88,"320754c3":88,"232b2f64":88,"3171b6e7":88,"3b25460f":88,"d2064756":88,"959e16ea":88,"02f76c64":88,"5c6d1f33":88,"b4801cae":88,"c3c2fd05":88,"fcbc0ae8":88,"2ff6b6a8":88,"66a71cc1":88,"bf4b58e4":88,"f8c97147":88,"c2526ff3":88,"cc386067":88,"a22ffd8f":88,"3cd28a4d":88,"44a12c31":88,"45a961ca":88,"5ca978fd":88,"668e601b":88,"7552d86c":88,"02ebf3b6":88,"bb17a968":88,"4abcb85d":88,"cba26072":88,"2a718dcc":88,"c6a9a8e1":88,"88854fd0":88,"8dc27d2a":88,"dfe4a061":88,"c2bf7d51":88,"781afef6":88,"de9229a0":88,"99a5feef":88,"f6266388":88,"e64fd39c":88,"e1b3ce36":88,"625fa164":88,"0c6ae551":88,"e8f4c1dd":88,"cede8b8c":88,"ad95ff4a":88,"893a99c5":88,"d8bf32b5":88,"0eb42efe":88,"03c4ab87":88,"4e3d3af7":88,"3a4803a8":88,"f7a7de5d":88,"d4e56c3e":88,"41d7f05d":88,"2b851827":88,"9f428a03":88,"4d504d96":88,"0533ece1":88,"bcee2ef3":88,"0afba00c":88,"04ff8100":88,"6c00d8d6":88,"ac9a02bc":88,"acfe69ed":88,"426603ff":88,"2db2f252":88,"2e84193b":88,"c55683c9":88,"51233daf":88,"02791635":88,"be081247":88,"5cc47d1b":88,"678b846f":88,"b4bd39d8":88,"b4cdbe5d":88,"fa0386f3":88,"b95d0f17":88,"cee9c347":88,"0c045c2d":88,"8efd4801":88,"7eb8f268":88,"20236d3e":88,"36ae8cd8":88,"3ddd5391":88,"07f69c6d":88,"2254f0f5":88,"ea282e84":88,"6653c83b":88,"c896052c":88,"287ecd1c":88,"f9376d3e":88,"07a94e8c":88,"bb017b49":88,"37b52fe4":88,"61ad1519":88,"819c4185":88,"ba69b06b":88,"7d2a2cb4":88,"4f62491c":88,"70b4c438":88,"71ed93db":88,"c92efaa8":88,"c241ac7e":88,"62a45672":88,"210e507a":88,"ac6e268b":88,"742238e8":88
1601327081092,"7800e7ce":89,"77869ff0":89,"d5d94481":89,"ffe48500":89,"c7a45a33":89,"faffe099":89,"e99490cd":89,"4b8f7b16":89,"89f75690":89,"cb363e2f":89,"cd802f02":89,"d3cca7eb":89,"e866a899":89,"5690e712":89,"0b92d2a9":89,"070bed95":89,"67e5d108":89,"3d37b94b":89,"842c97c2":89,"c4cef92b":89,"0eecdc5b":89,"b7e495ea":89,"45ec63c0":89,"0ddfde2c":89,"a8b41774":89,"81f0da2d":89,"1fcc8ba4":89,"75a9c117":89,"12ba54ec":89,"be391c1a":89,"37d8a5b7":89,"d5ab81c4":89,"2ecde685":89,"f0bd52d3":89,"dcc20f76":89,"666a8ef0":89,"c5b609f1":89,"4dc5849a":89,"d605c755":89,"8a8c1d67":89,"cc6b3306":89,"8c2dfd9a":89,"f11267b9":89,"a483b15e":89,"f80ab49d":89,"95eaed39":89,"a5ba0ebb":89
1601327081875,"f53362a9":89,"1901ef7e":89,"960c2e6b":89,"3515e999":89,"d11f8f1b":89,"9d9eb027":89,"325f9a29":89,"503aafe5":89,"080d5d42":89,"5d03f5dc":89,"f0a01341":89,"1ee4d9f9":89,"0d6e45e7":89,"0da97151":89,"e829038c":89,"4987cfb5":89,"ba90687c":89,"77f2cf92":89,"037e2be4":89,"9e7dbd20":89,"0c086273":89,"ac13c3b0":89,"b4d9c57f":89,"5d53c964":89,"8ee9cc91":89,"4cc0af91":89,"55f6a2ba":89,"9559ea96":89,"9cb044bf":89,"16b25add":89,"80ee333e":89,"3b329af2":89,"1cd662bf":89,"72992b35":89,"47589344":89,"593b1533":89,"e9f6e5ce":89,"ed6bead5":89,"96f594b9":89,"94dfcfc5":89,"8301986e":89,"830ecfec":89,"a8bae791":89,"312009ee":89,"c98759fd":89,"e8b6d676":89,"45ee5840":89,"76f04033":89,"43480b19":89,"fd955858":89,"69798d15":89,"efea71fa":89,"fb3aa867":89,"c9cf710b":89,"fcacdeb3":89,"0ea055ed":89,"e3b1bdf8":89,"644b45fb":89,"3b830769":89,"583f0305":89,"1557c50a":89,"249e80ab":89,"f52a3d94":89,"eb74d3dd":89,"3bcbc28d":89,"3c0455e7":89,"df203c79":89,"df1e1ac0":89,"491708eb":89,"e421caaa":89,"2d2ecf27":89,"d38a4953":89,"eba5efdd":89,"a5463f93":89,"c85ac4f8":89,"bc253f4f":89,"0d9d2bf8":89,"846b7f11":89,"d3411467":89,"1df0ce7f":89,"a08171d0":89,"c8bc5677":89,"dfca0518":89,"b9a21017":89,"e47705d3":89,"3cae4115":89,"0ccf4731":89,"c7c6782d":89,"54346574":89,"b12cbf87":89,"81942d9b":89,"699b90c1":89,"d9b5a7a8":89,"1e7914d2":89,"590ce3d3":89,"1802d7ce":89,"0a49914b":89,"e5d8fdb2":89,"3412ab75":89,"bcac5daf":89,"62d028cc":89,"0af2cf39":89,"27491297":89,"d041ea86":89,"1eda11b2":89,"fc442678":89,"5d3f5cad":89,"cf347cba":89,"fc0c23f7":89,"641f9b9e":89,"c92edec5":89,"9f03c1e7":89,"06c24a8d":89,"2f35e75f":89,"3eddf7c8":89,"77970f8b":89,"efd594d5":89,"4718294d":89,"5352cf45":89,"e0ffe8ff":89,"ae14d6b5":89,"721f5f42":89,"0b50bca6":89,"bf2ca266":89,"5d8d9641":89,"0de67c6c":89,"2311399f":89,"5e3ebf5e":89,"9f6ca218":89,"6213799d":89,"44cb1fd2":89,"baf19c25":89,"24a79a6e":89,"edde30af":89,"4d949e11":89,"df12f689":89,"1da10cbf":89,"832c48e4":89,"dc90a44c":89,"1ad7c45b":89,"5566c17c":89,"86a22252":89,"0000dece":89,"ce5efdbe":89,"58ace2b5":89,"d379fd96":89,"7b819458":89,"7f8024cd":89,"ae562513":89,"7b66dacd":89,"9ab137d7":89,"7191d1cd":89,"005354dd":89,"782022f4":89,"322e833f":89,"ab3619e4":89,"106006ad":89,"c8237be9":89,"1416e8f5":89,"dde2eed5":89,"a208caa8":89,"16605353":89,"77b39e15":89,"f1726edb":89,"18c73816":89,"e491161e":89,"b5087677":89,"16f60bed":89,"cb0c3481":89,"7664512c":89,"df9a53b8":89,"f6c27b2b":89,"945f6c24":89,"f1daea7e":89,"b8fb90e3":89,"56227e35":89,"0d6bf22a":89,"b87321d0":89,"43205b5d":89,"8982905a":89,"f6fe1ad7":89,"230064fa":89,"764e0abb":89,"bba6d88e":89,"ea3479ec":89,"32266fa3":89,"50b090c3":89,"8be24763":89,"eb4800b2":89,"6e0ce9dc":89,"87d9bec4":89,"e30dfa0c":89,"6da34174":89,"bfb849fa":89,"0a10b423":89,"9ef7cee7":89,"49f1a0d1":89,"5f04aa76":89,"ba297382":89,"0287db2a":89,"96abe4a9":89,"753b10b1":89,"cf14bd99":89,"92b72493":89,"d3e58903":89,"4481c4be":89,"7954891b":89,"4afd60a9":89,"d44c0ea3":89,"68f87858":89,"533bac6b":89,"41634dba":89,"43fd1327":89,"113e7f4b":89,"8cce569a":89,"ce6401b6":89,"6f57824c":89,"28bd7aa1":89,"1d52fb0d":89,"cde0d748":89,"535ed444":89,"710f0d0e":89,"0905f1fb":89,"a20e529c":89,"1ae76fcc":89,"35b161d3":89,"344cd1a3":89,"77ea1236":89,"96d2a118":89,"23a0e41f":89,"b32a1080":89,"a2c4b591":89,"6dfa57be":89,"1854ce44":89,"f92b22f1":89,"5b09e53e":89,"da5bb0f7":89,"6d925c84":89,"50b23ab2":89,"edfa56d4":89,"899c16eb":89,"41c76041":89,"6bb1fa99":89,"d73ff72e":89,"61c0ca91":89,"3b3569f6":89,"b01ab62a":89,"76da16fa":89,"bffee581":89,"07150038":89,"ece12664":89,"36f4ecde":89,"568a0d58":89,"5fd569d2":89,"10c8fd03":89,"bd4ccb49":89,"e773d697":89,"7e8c11e7":89,"077eb15a":89,"5337c279":89,"8d256cb6":89,"7021c619":89,"32ae00db":89,"bf2defb2":89,"bc733a28":89,"30d32d34":89,"886c16d3":89,"e8d09b62":89,"d2fda7be":89,"ce20ca3c":89,"1d2d958b":89,"81fb6a01":89,"7f5b27c8":89,"fb3444d9":89,"f05de640":89,"86a68967":89,"56cd4dca":89,"7f469f4c":89,"f92dedfc":89,"355d1489":89,"f96fc1af":89,"06713bac":89,"61aca924":89,"d97fb857":89,"59ff5ec6":89,"ef04e64e":89,"6e2d04de":89,"2fca1798":89,"05028839":89,"5488826c":89,"84fff5c1":89,"c649992d":89,"d5ad3ed6":89,"8e5f7187":89,"55ba7579":89,"b7769ca6":89,"9c27de51":89,"080fa362":89,"7b6945ad":89,"a40d08e1":89,"cec79bc2":89,"d2eff358":89,"e70aebb5":89,"a488b2f1":89,"4caa87d6":89,"f7076e21":89,"69e653b6":89,"98d2991b":89,"3b411d6a":89,"83826ef3":89,"595609d5":89,"b47f1b89":89,"8e6caf71":89,"f1e86522":89,"fa03f48f":89,"9a3433b8":89,"5298dafa":89,"b89112cb":89,"25f7f918":89,"66736d5e":89,"30de89a7":89,"c5311ebb":89,"105bb3f6":89,"06aaa33f":89,"320c65bf":89,"58de5462":89,"f01c896d":89,"1fa1e7c2":89,"646af2b9":89,"1f2670d0":89,"962c9c8f":89,"659389ad":89,"240c8679":89,"aec0bf28":89,"0718c3be":89,"a017a323":89,"8801c469":89,"8b503f7b":89,"87a8523c":89,"b6281f1a":89,"c416baa6":89,"48c6df81":89,"ae350a07":89,"5e165f43":89,"680a32a6":89,"f8785b71":89,"83ba647d":89,"ab4a411a":89,"cb0bd6b7":89,"d7a4b24c":89,"686d5c0b":89,"8e426e39":89,"38a75b48":89,"1792bfa3":89,"426f1904":89,"7c0f1ca9":89,"b2f820ac":89,"25d4f65d":89,"eddb6a2a":89,"ff8a00aa":89,"c146560b":89,"985068e7":89,"d543ba6f":89,"f7ffcbb8":89,"5728f934":89,"00b26865":89,"c333337d":89,"815c56bc":89,"5bd61a68":89,"8582c5cf":89,"0c353665":89,"231e8700":89,"1f9fbd85":89,"43f24679":89,"a1c0dfc4":89,"78f71162":89,"4b27a9a4":89,"163f4d19":89,"1d043d5a":89,"a9987a58":89,"b6b8e5c7":89,"e82177d3":89,"89914b94":89,"04bdf5e1":89,"da8b42be":89,"3b0576bf":89,"9458934f":89,"1dcc489c":89,"945badf3":89,"1327775b":89,"bdd40125":89,"75fd47f7":89,"1c52a07e":89,"e70ccc25":89,"afd1494f":89,"ca6bffd3":89,"829c44a4":89,"e76e2617":89,"2b4fd52e":89,"57162572":89,"d1d50cfe":89,"b2f82e06":89,"5b0b43e6":89,"b5474d69":89,"5a938eeb":89,"4fe0dedf":89,"951fc6d0":89,"51909df8":89,"f15eb1c5":89,"71789493":89,"e22b0973":89,"5ac72353":89,"23646ff9":89,"3abb827b":89,"d1b14d06":89,"f6c074a7":89,"0c73c293":89,"88929b06":89,"ffd6849d":89,"808bc372":89,"962fca02":89,"08c4692e":89,"5b2479ef":89,"c792a7c1":89,"75968179":89,"5a7da061":89,"bc8bdc23":89,"1d882c36":89,"eb62e8f2":89,"a71f3f70":89,"06a94514":89,"1f7aa83c":89,"73c420df":89,"0700da70":89,"732d62ee":89,"d4b0751c":89,"ff591765":89,"93f12198":89,"5b01444b":89,"62e270e5":89,"79995b62":89,"66b1b6d7":89,"97160db8":89,"589f0d6e":89,"b062adc4":89,"4aae5133":89,"51b4016a":89,"63a3af32":89,"46bf9112":89,"092ad3d6":89,"3fec4b0b":89,"bf940089":89,"faa3de3e":89,"44983d13":89,"01f34f98":89,"1670b0d3":89,"80999122":89,"72af9198":89,"ec97d63e":89,"94208a41":89,"e39e9552":89,"81c1b70d":89,"2cbcad17":89,"e72f0f82":89,"4dccb5ca":89,"88374b72":89,"83268abf":89,"fdfaf1ed":89,"578c4c95":89,"ea981bed":89,"c606b472":89,"5e197575":89,"e587c4d0":89,"525b2635":89,"caa38a45":89,"61892a4c":89,"f096219e":89,"a3f0a6ec":89,"01051f84":89,"aa7e370d":89,"f995eeab":89,"4006e709":89,"0dedf63e":89,"a9d5374b":89,"4321f02d":89,"089b3f8f":89,"7698d0dc":89,"784414ce":89,"2df3efdb":89,"d0f1b7bd":89,"9666b973":89,"653b27c7":89,"83b37fd6":89,"4d852788":89,"e43a9448":89,"3542b748":89,"379c53ab":89,"e396d80d":89,"7da61f27":89,"dc874a97":89,"85a220de":89,"40a7cdd2":89,"ac033c7b":89,"87759976":89,"4df3f62e":89,"c881a53e":89,"80c1c8b1":89,"cf52acd8":89,"e7799883":89,"272e7d0d":89,"f92596ee":89,"68831ea9":89,"9713d076":89,"fd098272":89,"6ee788a7":89,"8249641d":89,"45b0968f":89,"6a9bb182":89,"1f1afd4f":89,"25fb8826":89,"0dc5da58":89,"2874a625":89,"e61ae828":89,"f7ac3883":89,"ccd01528":89,"dab8cf68":89,"00f2a9cb":89,"916fe082":89,"b64dba8e":89,"c3bb30ce":89,"86219c70":89,"4f9456cf":89,"6e260ee8":89,"f4f84279":89,"b0950de5":89,"6f873999":89,"1f4e0e22":89,"60d69311":89,"3b09f1de":89,"b371f44a":89,"8b6180ff":89,"8819ac24":89,"dbbf7f69":89,"a63cb4ce":89,"d3b3492b":89,"7580cfa4":89,"22a96386":89,"5c672b50":89,"5df16440":89,"b666e56d":89,"8db378ff":89,"784d6375":89,"4541bf85":89,"a6b13f20":89,"2459c882":89,"3df97186":89,"ef0490de":89,"e0f47ced":89,"309bbf54":89,"cc537772":89,"6618390c":89,"99cc0813":89,"dc32c4e1":89,"239c636e":89,"6ee160ff":89,"c55d40ca":89,"22c177a8":89,"00ae883f":89,"f416ee62":89,"0d2b182d":89,"320754c3":89,"232b2f64":89,"3171b6e7":89,"3b25460f":89,"d2064756":89,"601990d8":89,"5c662c19":89,"d2a5d2fd":89,"89d220c2":89,"3e10c9cb":89,"5500a3e8":89,"3c0e87ac":89,"a891461f":89,"a246cdab":89,"117c7f0b":89,"0d21cf99":89,"14e6fe14":89,"37ec5e73":89,"bfff7913":89,"f8636899":89,"37724339":89,"d45d9727":89,"ee5ff2a3":89,"44322dfd":89,"295e4d1d":89,"8cf6570a":89,"403064a0":89,"312af46e":89,"b5a9f8c3":89,"fcbc0ae8":89,"2ff6b6a8":89,"66a71cc1":89,"bf4b58e4":89,"dfe4a061":89,"c2bf7d51":89,"781afef6":89,"de9229a0":89,"99a5feef":89,"f6266388":89,"e64fd39c":89,"e1b3ce36":89,"625fa164":89
1601327082390,"0c6ae551":89,"e8f4c1dd":89,"cede8b8c":89,"ad95ff4a":89,"893a99c5":89,"d8bf32b5":89,"0eb42efe":89,"03c4ab87":89,"4e3d3af7":89,"3a4803a8":89,"f7a7de5d":89,"d4e56c3e":89,"0c045c2d":89,"8efd4801":89,"7eb8f268":89,"20236d3e":89,"36ae8cd8":89,"a8edfe84":89,"2ed19b1e":89,"959e16ea":89,"02f76c64":89,"5c6d1f33":89,"b4801cae":89,"c3c2fd05":89,"f8c97147":89,"c2526ff3":89,"cc386067":89,"a22ffd8f":89,"3cd28a4d":89,"44a12c31":89,"45a961ca":89,"5ca978fd":89,"668e601b":89,"7552d86c":89,"02ebf3b6":89,"bb17a968":89,"4abcb85d":89,"3ddd5391":89,"07f69c6d":89,"2254f0f5":89,"ea282e84":89,"6653c83b":89,"c896052c":89,"287ecd1c":89,"f9376d3e":89,"07a94e8c":89,"bb017b49":89,"37b52fe4":89,"61ad1519":89,"819c4185":89,"ba69b06b":89,"7d2a2cb4":89,"4f62491c":89,"70b4c438":89,"71ed93db":89,"c92efaa8":89,"c241ac7e":89,"62a45672":89,"210e507a":89,"ac6e268b":89,"742238e8":89,"cba26072":89,"2a718dcc":89,"c6a9a8e1":89,"88854fd0":89,"8dc27d2a":89,"41d7f05d":89,"2b851827":89,"9f428a03":89,"4d504d96":89,"0533ece1":89,"bcee2ef3":89,"0afba00c":89,"04ff8100":89,"6c00d8d6":89,"ac9a02bc":89,"acfe69ed":89,"426603ff":89,"2db2f252":89,"2e84193b":89,"c55683c9":89,"51233daf":89,"02791635":89,"be081247":89,"5cc47d1b":89,"678b846f":89,"b4bd39d8":89,"b4cdbe5d":89,"fa0386f3":89,"b95d0f17":89,"cee9c347":89
1601327083324,"d5d94481":90,"ffe48500":90,"c7a45a33":90,"faffe099":90,"e99490cd":90,"3b830769":90,"583f0305":90,"1557c50a":90,"249e80ab":90,"f52a3d94":90,"eb74d3dd":90,"3bcbc28d":90,"3c0455e7":90,"df203c79":90,"df1e1ac0":90,"491708eb":90,"e421caaa":90,"2d2ecf27":90,"d38a4953":90,"eba5efdd":90,"a5463f93":90,"c85ac4f8":90,"bc253f4f":90,"0d9d2bf8":90,"846b7f11":90,"d3411467":90,"1df0ce7f":90,"a08171d0":90,"c8bc5677":90,"dfca0518":90,"b9a21017":90,"e47705d3":90,"3cae4115":90,"0ccf4731":90,"c7c6782d":90,"54346574":90,"b12cbf87":90,"81942d9b":90,"699b90c1":90,"d9b5a7a8":90,"1e7914d2":90,"e5d8fdb2":90,"3412ab75":90,"bcac5daf":90,"62d028cc":90,"0af2cf39":90,"27491297":90,"d041ea86":90,"1eda11b2":90,"fc442678":90,"8a8c1d67":90,"cc6b3306":90,"8c2dfd9a":90,"f11267b9":90,"a483b15e":90,"f80ab49d":90,"95eaed39":90,"a5ba0ebb":90,"f53362a9":90,"1901ef7e":90,"960c2e6b":90,"3515e999":90,"d11f8f1b":90,"9d9eb027":90,"325f9a29":90,"503aafe5":90,"080d5d42":90,"5d03f5dc":90,"f0a01341":90,"1ee4d9f9":90,"0d6e45e7":90,"0da97151":90,"e829038c":90,"4987cfb5":90,"ba90687c":90,"77f2cf92":90,"037e2be4":90,"9e7dbd20":90,"0c086273":90,"ac13c3b0":90,"b4d9c57f":90,"5d53c964":90,"8ee9cc91":90,"4cc0af91":90,"55f6a2ba":90,"9559ea96":90,"9cb044bf":90,"16b25add":90,"80ee333e":90,"3b329af2":90,"1cd662bf":90,"72992b35":90,"47589344":90,"593b1533":90,"e9f6e5ce":90,"ed6bead5":90,"7800e7ce":90,"77869ff0":90,"4b8f7b16":90,"89f75690":90,"cb363e2f":90,"cd802f02":90,"d3cca7eb":90,"e866a899":90,"5690e712":90,"0b92d2a9":90,"070bed95":90,"67e5d108":90,"3d37b94b":90,"842c97c2":90,"c4cef92b":90,"0eecdc5b":90,"b7e495ea":90,"45ec63c0":90,"0ddfde2c":90,"a8b41774":90,"81f0da2d":90,"1fcc8ba4":90,"75a9c117":90,"12ba54ec":90,"be391c1a":90,"37d8a5b7":90,"d5ab81c4":90,"2ecde685":90,"f0bd52d3":90,"dcc20f76":90,"666a8ef0":90,"c5b609f1":90,"4dc5849a":90,"d605c755":90
1601327084125,"96f594b9":90,"94dfcfc5":90,"8301986e":90,"830ecfec":90,"a8bae791":90,"312009ee":90,"c98759fd":90,"e8b6d676":90,"45ee5840":90,"76f04033":90,"43480b19":90,"fd955858":90,"69798d15":90,"efea71fa":90,"fb3aa867":90,"c9cf710b":90,"fcacdeb3":90,"0ea055ed":90,"e3b1bdf8":90,"644b45fb":90,"18c73816":90,"e491161e":90,"b5087677":90,"16f60bed":90,"cb0c3481":90,"7664512c":90,"df9a53b8":90,"f6c27b2b":90,"945f6c24":90,"f1daea7e":90,"b8fb90e3":90,"56227e35":90,"0d6bf22a":90,"b87321d0":90,"43205b5d":90,"8982905a":90,"590ce3d3":90,"1802d7ce":90,"0a49914b":90,"5d3f5cad":90,"cf347cba":90,"fc0c23f7":90,"641f9b9e":90,"c92edec5":90,"9f03c1e7":90,"06c24a8d":90,"2f35e75f":90,"3eddf7c8":90,"77970f8b":90,"efd594d5":90,"4718294d":90,"5352cf45":90,"e0ffe8ff":90,"ae14d6b5":90,"721f5f42":90,"0b50bca6":90,"bf2ca266":90,"5d8d9641":90,"0de67c6c":90,"2311399f":90,"5e3ebf5e":90,"9f6ca218":90,"6213799d":90,"44cb1fd2":90,"baf19c25":90,"24a79a6e":90,"edde30af":90,"4d949e11":90,"df12f689":90,"1da10cbf":90,"832c48e4":90,"dc90a44c":90,"1ad7c45b":90,"5566c17c":90,"92b72493":90,"d3e58903":90,"4481c4be":90,"7954891b":90,"4afd60a9":90,"d44c0ea3":90,"68f87858":90,"533bac6b":90,"41634dba":90,"43fd1327":90,"113e7f4b":90,"8cce569a":90,"ce6401b6":90,"6f57824c":90,"f6fe1ad7":90,"230064fa":90,"764e0abb":90,"bba6d88e":90,"ea3479ec":90,"32266fa3":90,"50b090c3":90,"8be24763":90,"eb4800b2":90,"6e0ce9dc":90,"87d9bec4":90,"e30dfa0c":90,"6da34174":90,"bfb849fa":90,"0a10b423":90,"9ef7cee7":90,"49f1a0d1":90,"5f04aa76":90,"ba297382":90,"0287db2a":90,"96abe4a9":90,"753b10b1":90,"cf14bd99":90,"782022f4":90,"322e833f":90,"ab3619e4":90,"106006ad":90,"c8237be9":90,"1416e8f5":90,"dde2eed5":90,"a208caa8":90,"16605353":90,"77b39e15":90,"f1726edb":90,"86a22252":90,"0000dece":90,"ce5efdbe":90,"58ace2b5":90,"d379fd96":90,"7b819458":90,"7f8024cd":90,"ae562513":90,"7b66dacd":90,"9ab137d7":90,"7191d1cd":90,"005354dd":90,"28bd7aa1":90,"1d52fb0d":90,"cde0d748":90,"535ed444":90,"710f0d0e":90,"0905f1fb":90,"a20e529c":90,"1ae76fcc":90,"35b161d3":90,"344cd1a3":90,"77ea1236":90,"96d2a118":90,"23a0e41f":90,"b32a1080":90,"a2c4b591":90,"6dfa57be":90,"1854ce44":90,"f92b22f1":90,"ece12664":90,"36f4ecde":90,"568a0d58":90,"5fd569d2":90,"10c8fd03":90,"bd4ccb49":90,"e773d697":90,"7e8c11e7":90,"077eb15a":90,"5337c279":90,"8d256cb6":90,"7021c619":90,"32ae00db":90,"bf2defb2":90,"bc733a28":90,"30d32d34":90,"886c16d3":90,"e8d09b62":90,"5b09e53e":90,"da5bb0f7":90,"6d925c84":90,"50b23ab2":90,"edfa56d4":90,"899c16eb":90,"41c76041":90,"6bb1fa99":90,"d73ff72e":90,"61c0ca91":90,"d2fda7be":90,"ce20ca3c":90,"1d2d958b":90,"81fb6a01":90,"7f5b27c8":90,"fb3444d9":90,"f05de640":90,"86a68967":90,"56cd4dca":90,"7f469f4c":90,"f92dedfc":90,"3b3569f6":90,"b01ab62a":90,"76da16fa":90,"bffee581":90,"07150038":90,"080fa362":90,"7b6945ad":90,"a40d08e1":90,"cec79bc2":90,"d2eff358":90,"e70aebb5":90,"a488b2f1":90,"4caa87d6":90,"f7076e21":90,"69e653b6":90,"98d2991b":90,"3b411d6a":90,"83826ef3":90,"595609d5":90,"b47f1b89":90,"8e6caf71":90,"f1e86522":90,"9a3433b8":90,"fa03f48f":90,"355d1489":90,"f96fc1af":90,"06713bac":90,"61aca924":90,"d97fb857":90,"59ff5ec6":90,"ef04e64e":90,"6e2d04de":90,"2fca1798":90,"05028839":90,"5488826c":90,"84fff5c1":90,"c649992d":90,"d5ad3ed6":90,"8e5f7187":90,"55ba7579":90,"b7769ca6":90,"9c27de51":90,"38a75b48":90,"1792bfa3":90,"426f1904":90,"7c0f1ca9":90,"b2f820ac":90,"25d4f65d":90,"eddb6a2a":90,"ff8a00aa":90,"c146560b":90,"985068e7":90,"d543ba6f":90,"b89112cb":90,"5298dafa":90,"66736d5e":90,"25f7f918":90,"30de89a7":90,"c5311ebb":90,"06aaa33f":90,"105bb3f6":90,"320c65bf":90,"58de5462":90,"1fa1e7c2":90,"f01c896d":90,"646af2b9":90,"1f2670d0":90,"659389ad":90,"962c9c8f":90,"240c8679":90,"aec0bf28":90,"a017a323":90,"0718c3be":90,"8801c469":90,"8b503f7b":90,"b6281f1a":90,"87a8523c":90,"c416baa6":90,"48c6df81":90,"ae350a07":90,"5e165f43":90,"680a32a6":90,"f8785b71":90,"ab4a411a":90,"83ba647d":90,"cb0bd6b7":90,"d7a4b24c":90,"686d5c0b":90,"8e426e39":90,"f15eb1c5":90,"51909df8":90,"e22b0973":90,"71789493":90,"5ac72353":90,"23646ff9":90,"d1b14d06":90,"3abb827b":90,"f6c074a7":90,"ffd6849d":90,"962fca02":90,"0c73c293":90,"75968179":90,"88929b06":90,"08c4692e":90,"bc8bdc23":90,"a71f3f70":90,"5b2479ef":90,"1d882c36":90,"1f7aa83c":90,"808bc372":90,"eb62e8f2":90,"732d62ee":90,"d4b0751c":90,"c792a7c1":90,"5b01444b":90,"5a7da061":90,"79995b62":90,"06a94514":90,"97160db8":90,"73c420df":90,"589f0d6e":90,"0700da70":90,"51b4016a":90,"ff591765":90,"93f12198":90,"46bf9112":90,"62e270e5":90,"092ad3d6":90,"66b1b6d7":90,"bf940089":90,"01f34f98":90,"b062adc4":90,"1670b0d3":90,"4aae5133":90,"63a3af32":90,"ec97d63e":90,"94208a41":90,"3fec4b0b":90,"2cbcad17":90,"faa3de3e":90,"44983d13":90,"4dccb5ca":90,"80999122":90,"83268abf":90,"578c4c95":90,"72af9198":90,"e39e9552":90,"c606b472":90,"81c1b70d":90,"e72f0f82":90,"88374b72":90,"fdfaf1ed":90,"ea981bed":90,"5e197575":90,"e587c4d0":90,"525b2635":90,"caa38a45":90,"a9987a58":90,"b6b8e5c7":90,"e82177d3":90,"89914b94":90,"04bdf5e1":90,"da8b42be":90,"3b0576bf":90,"9458934f":90,"1dcc489c":90,"945badf3":90,"1327775b":90,"bdd40125":90,"75fd47f7":90,"1c52a07e":90,"e70ccc25":90,"afd1494f":90,"ca6bffd3":90,"829c44a4":90,"e76e2617":90,"2b4fd52e":90,"57162572":90,"d1d50cfe":90,"f7ffcbb8":90,"5728f934":90,"00b26865":90,"c333337d":90,"815c56bc":90,"5bd61a68":90,"8582c5cf":90,"0c353665":90,"231e8700":90,"1f9fbd85":90,"43f24679":90,"a1c0dfc4":90,"78f71162":90,"4b27a9a4":90,"163f4d19":90,"1d043d5a":90,"b2f82e06":90,"5b0b43e6":90,"b5474d69":90,"5a938eeb":90,"4fe0dedf":90,"951fc6d0":90,"61892a4c":90,"f096219e":90,"a3f0a6ec":90,"01051f84":90,"aa7e370d":90,"f995eeab":90,"4006e709":90,"0dedf63e":90,"9666b973":90,"653b27c7":90,"83b37fd6":90,"4d852788":90,"e43a9448":90,"3542b748":90,"379c53ab":90,"e396d80d":90,"7da61f27":90,"dc874a97":90,"85a220de":90,"40a7cdd2":90,"ac033c7b":90,"87759976":90,"4df3f62e":90,"c881a53e":90,"80c1c8b1":90,"cf52acd8":90,"a63cb4ce":90,"d3b3492b":90,"7580cfa4":90,"22a96386":90,"5c672b50":90,"5df16440":90,"b666e56d":90,"8db378ff":90,"272e7d0d":90,"f92596ee":90,"68831ea9":90,"9713d076":90,"fd098272":90,"6ee788a7":90,"8249641d":90,"45b0968f":90,"6a9bb182":90,"1f1afd4f":90,"25fb8826":90,"0dc5da58":90,"2874a625":90,"e61ae828":90,"f7ac3883":90,"ccd01528":90,"dab8cf68":90,"00f2a9cb":90,"916fe082":90,"b64dba8e":90,"c3bb30ce":90,"86219c70":90,"601990d8":90,"5c662c19":90,"d2a5d2fd":90,"89d220c2":90,"3e10c9cb":90,"5500a3e8":90,"3c0e87ac":90,"a891461f":90,"a246cdab":90,"117c7f0b":90,"a9d5374b":90,"4321f02d":90,"089b3f8f":90,"7698d0dc":90,"784414ce":90,"2df3efdb":90,"d0f1b7bd":90,"e7799883":90,"4f9456cf":90,"6e260ee8":90,"f4f84279":90,"b0950de5":90,"6f873999":90,"1f4e0e22":90,"60d69311":90,"3b09f1de":90,"b371f44a":90,"8b6180ff":90,"8819ac24":90,"dbbf7f69":90,"a8edfe84":90,"784d6375":90,"4541bf85":90,"a6b13f20":90,"2459c882":90,"3df97186":90,"ef0490de":90,"e0f47ced":90,"309bbf54":90,"cc537772":90,"6618390c":90,"99cc0813":90,"dc32c4e1":90,"239c636e":90,"6ee160ff":90,"c55d40ca":90,"22c177a8":90,"00ae883f":90,"f416ee62":90,"0d2b182d":90,"320754c3":90,"232b2f64":90,"3171b6e7":90,"3b25460f":90,"d2064756":90,"2ed19b1e":90,"959e16ea":90,"0d21cf99":90,"14e6fe14":90,"37ec5e73":90,"bfff7913":90,"f8636899":90,"37724339":90,"d45d9727":90,"ee5ff2a3":90,"44322dfd":90,"295e4d1d":90,"8cf6570a":90,"403064a0":90,"312af46e":90,"b5a9f8c3":90,"fcbc0ae8":90,"2ff6b6a8":90,"66a71cc1":90,"bf4b58e4":90,"02f76c64":90,"5c6d1f33":90,"b4801cae":90,"c3c2fd05":90,"f8c97147":90,"c2526ff3":90,"cc386067":90,"a22ffd8f":90,"3cd28a4d":90,"44a12c31":90,"45a961ca":90,"5ca978fd":90,"dfe4a061":90,"c2bf7d51":90,"781afef6":90,"de9229a0":90,"99a5feef":90,"f6266388":90,"e64fd39c":90,"e1b3ce36":90,"625fa164":90,"0c6ae551":90,"e8f4c1dd":90,"cede8b8c":90,"668e601b":90,"7552d86c":90,"02ebf3b6":90,"bb17a968":90,"4abcb85d":90,"cba26072":90,"2a718dcc":90,"c6a9a8e1":90,"88854fd0":90,"8dc27d2a":90,"41d7f05d":90,"2b851827":90,"9f428a03":90,"4d504d96":90,"0533ece1":90,"bcee2ef3":90,"0afba00c":90,"04ff8100":90,"6c00d8d6":90,"ac9a02bc":90,"acfe69ed":90,"426603ff":90,"2db2f252":90,"2e84193b":90,"c55683c9":90,"51233daf":90,"02791635":90,"be081247":90,"5cc47d1b":90,"678b846f":90,"b4bd39d8":90,"b4cdbe5d":90,"fa0386f3":90,"b95d0f17":90,"cee9c347":90,"ad95ff4a":90,"893a99c5":90,"d8bf32b5":90,"0eb42efe":90,"03c4ab87":90,"4e3d3af7":90,"3a4803a8":90,"f7a7de5d":90,"d4e56c3e":90,"0c045c2d":90,"8efd4801":90,"7eb8f268":90,"20236d3e":90,"36ae8cd8":90,"3ddd5391":90,"07f69c6d":90,"2254f0f5":90,"ea282e84":90,"6653c83b":90,"c896052c":90,"287ecd1c":90,"f9376d3e":90,"07a94e8c":90,"bb017b49":90,"37b52fe4":90,"61ad1519":90,"819c4185":90,"ba69b06b":90,"7d2a2cb4":90,"4f62491c":90,"70b4c438":90,"71ed93db":90,"c92efaa8":90,"c241ac7e":90,"62a45672":90,"210e507a":90,"ac6e268b":90,"742238e8":90
1601327085366,"7800e7ce":91,"77869ff0":91,"4b8f7b16":91,"89f75690":91,"cb363e2f":91,"cd802f02":91,"d3cca7eb":91,"e866a899":91,"5690e712":91,"0b92d2a9":91,"070bed95":91,"67e5d108":91,"3d37b94b":91,"842c97c2":91,"c4cef92b":91,"d5d94481":91,"ffe48500":91,"c7a45a33":91,"faffe099":91,"e99490cd":91,"3b830769":91,"583f0305":91,"1557c50a":91,"249e80ab":91,"f52a3d94":91,"eb74d3dd":91,"0eecdc5b":91,"b7e495ea":91,"45ec63c0":91,"0ddfde2c":91,"a8b41774":91,"81f0da2d":91,"1fcc8ba4":91,"75a9c117":91,"12ba54ec":91,"be391c1a":91,"37d8a5b7":91,"d5ab81c4":91,"2ecde685":91,"f0bd52d3":91,"dcc20f76":91,"666a8ef0":91,"c5b609f1":91,"4dc5849a":91,"d605c755":91,"8a8c1d67":91,"cc6b3306":91,"8c2dfd9a":91,"f11267b9":91,"a483b15e":91,"f80ab49d":91,"95eaed39":91,"a5ba0ebb":91,"f53362a9":91,"1901ef7e":91,"960c2e6b":91,"3515e999":91,"d11f8f1b":91,"9d9eb027":91,"325f9a29":91,"503aafe5":91,"3bcbc28d":91,"3c0455e7":91,"df203c79":91,"df1e1ac0":91,"491708eb":91,"e421caaa":91,"2d2ecf27":91,"d38a4953":91,"eba5efdd":91,"a5463f93":91,"c85ac4f8":91,"bc253f4f":91,"0d9d2bf8":91,"846b7f11":91,"d3411467":91,"1df0ce7f":91,"a08171d0":91,"c8bc5677":91,"dfca0518":91,"b9a21017":91,"e47705d3":91,"3cae4115":91,"0ccf4731":91,"c7c6782d":91,"54346574":91,"b12cbf87":91,"81942d9b":91,"699b90c1":91,"d9b5a7a8":91,"1e7914d2":91,"e5d8fdb2":91,"3412ab75":91,"bcac5daf":91,"62d028cc":91,"0af2cf39":91,"27491297":91,"d041ea86":91,"080d5d42":91,"5d03f5dc":91,"f0a01341":91,"1ee4d9f9":91,"0d6e45e7":91,"0da97151":91,"e829038c":91,"4987cfb5":91,"ba90687c":91,"77f2cf92":91,"037e2be4":91,"9e7dbd20":91,"0c086273":91,"ac13c3b0":91,"b4d9c57f":91,"5d53c964":91,"8ee9cc91":91
1601327086150,"18c73816":91,"e491161e":91,"b5087677":91,"16f60bed":91,"cb0c3481":91,"7664512c":91,"df9a53b8":91,"f6c27b2b":91,"945f6c24":91,"f1daea7e":91,"b8fb90e3":91,"56227e35":91,"0d6bf22a":91,"b87321d0":91,"43205b5d":91,"8982905a":91,"f6fe1ad7":91,"230064fa":91,"764e0abb":91,"bba6d88e":91,"ea3479ec":91,"32266fa3":91,"50b090c3":91,"8be24763":91,"eb4800b2":91,"6e0ce9dc":91,"87d9bec4":91,"e30dfa0c":91,"6da34174":91,"bfb849fa":91,"0a10b423":91,"9ef7cee7":91,"49f1a0d1":91,"5f04aa76":91,"ba297382":91,"0287db2a":91,"1eda11b2":91,"fc442678":91,"96abe4a9":91,"753b10b1":91,"cf14bd99":91,"782022f4":91,"322e833f":91,"ab3619e4":91,"106006ad":91,"c8237be9":91,"1416e8f5":91,"dde2eed5":91,"a208caa8":91,"16605353":91,"77b39e15":91,"f1726edb":91,"4cc0af91":91,"55f6a2ba":91,"9559ea96":91,"9cb044bf":91,"16b25add":91,"80ee333e":91,"3b329af2":91,"1cd662bf":91,"72992b35":91,"47589344":91,"593b1533":91,"e9f6e5ce":91,"ed6bead5":91,"96f594b9":91,"94dfcfc5":91,"8301986e":91,"830ecfec":91,"a8bae791":91,"312009ee":91,"c98759fd":91,"e8b6d676":91,"45ee5840":91,"76f04033":91,"43480b19":91,"fd955858":91,"69798d15":91,"efea71fa":91,"fb3aa867":91,"c9cf710b":91,"fcacdeb3":91,"0ea055ed":91,"e3b1bdf8":91,"644b45fb":91,"92b72493":91,"d3e58903":91,"4481c4be":91,"7954891b":91,"4afd60a9":91,"d44c0ea3":91,"68f87858":91,"533bac6b":91,"41634dba":91,"43fd1327":91,"113e7f4b":91,"8cce569a":91,"ce6401b6":91,"6f57824c":91,"28bd7aa1":91,"1d52fb0d":91,"cde0d748":91,"535ed444":91,"710f0d0e":91,"0905f1fb":91,"a20e529c":91,"1ae76fcc":91,"35b161d3":91,"344cd1a3":91,"77ea1236":91,"96d2a118":91,"23a0e41f":91,"b32a1080":91,"a2c4b591":91,"6dfa57be":91,"1854ce44":91,"f92b22f1":91,"ece12664":91,"36f4ecde":91,"568a0d58":91,"5fd569d2":91,"10c8fd03":91,"bd4ccb49":91,"e773d697":91,"7e8c11e7":91,"077eb15a":91,"5337c279":91,"8d256cb6":91,"7021c619":91,"32ae00db":91,"bf2defb2":91,"bc733a28":91,"30d32d34":91,"886c16d3":91,"e8d09b62":91,"590ce3d3":91,"1802d7ce":91,"0a49914b":91,"5d3f5cad":91,"cf347cba":91,"fc0c23f7":91,"641f9b9e":91,"c92edec5":91,"9f03c1e7":91,"06c24a8d":91,"2f35e75f":91,"3eddf7c8":91,"77970f8b":91,"efd594d5":91,"4718294d":91,"5352cf45":91,"e0ffe8ff":91,"ae14d6b5":91,"721f5f42":91,"0b50bca6":91,"bf2ca266":91,"5d8d9641":91,"0de67c6c":91,"2311399f":91,"5b09e53e":91,"da5bb0f7":91,"6d925c84":91,"50b23ab2":91,"edfa56d4":91,"3b3569f6":91,"b01ab62a":91,"76da16fa":91,"bffee581":91,"07150038":91,"080fa362":91,"7b6945ad":91,"a40d08e1":91,"5e3ebf5e":91,"9f6ca218":91,"6213799d":91,"44cb1fd2":91,"baf19c25":91,"24a79a6e":91,"edde30af":91,"4d949e11":91,"df12f689":91,"1da10cbf":91,"832c48e4":91,"dc90a44c":91,"1ad7c45b":91,"5566c17c":91,"86a22252":91,"0000dece":91,"ce5efdbe":91,"58ace2b5":91,"d379fd96":91,"7b819458":91,"7f8024cd":91,"ae562513":91,"7b66dacd":91,"9ab137d7":91,"7191d1cd":91,"005354dd":91,"899c16eb":91,"41c76041":91,"6bb1fa99":91,"d73ff72e":91,"61c0ca91":91,"d2fda7be":91,"ce20ca3c":91,"1d2d958b":91,"81fb6a01":91,"7f5b27c8":91,"fb3444d9":91,"f05de640":91,"86a68967":91,"56cd4dca":91,"7f469f4c":91,"f92dedfc":91,"355d1489":91,"f96fc1af":91,"06713bac":91,"61aca924":91,"d97fb857":91,"59ff5ec6":91,"ef04e64e":91,"6e2d04de":91,"2fca1798":91,"05028839":91,"5488826c":91,"84fff5c1":91,"c649992d":91,"d5ad3ed6":91,"8e5f7187":91,"cec79bc2":91,"d2eff358":91,"e70aebb5":91,"a488b2f1":91,"4caa87d6":91,"f7076e21":91,"69e653b6":91,"98d2991b":91,"3b411d6a":91,"83826ef3":91,"595609d5":91,"b47f1b89":91,"8e6caf71":91,"9a3433b8":91,"b89112cb":91,"66736d5e":91,"30de89a7":91,"06aaa33f":91,"f1e86522":91,"fa03f48f":91,"320c65bf":91,"1fa1e7c2":91,"5298dafa":91,"646af2b9":91,"25f7f918":91,"c5311ebb":91,"659389ad":91,"105bb3f6":91,"58de5462":91,"f01c896d":91,"1f2670d0":91,"240c8679":91,"0718c3be":91,"962c9c8f":91,"aec0bf28":91,"8b503f7b":91,"55ba7579":91,"b7769ca6":91,"9c27de51":91,"38a75b48":91,"1792bfa3":91,"426f1904":91,"7c0f1ca9":91,"b2f820ac":91,"25d4f65d":91,"eddb6a2a":91,"ff8a00aa":91,"c146560b":91,"985068e7":91,"d543ba6f":91,"272e7d0d":91,"f92596ee":91,"87a8523c":91,"a017a323":91,"c416baa6":91,"8801c469":91,"b6281f1a":91,"ae350a07":91,"48c6df81":91,"680a32a6":91,"5e165f43":91,"83ba647d":91,"f8785b71":91,"cb0bd6b7":91,"ab4a411a":91,"8e426e39":91,"d7a4b24c":91,"51909df8":91,"e22b0973":91,"686d5c0b":91,"f15eb1c5":91,"23646ff9":91,"71789493":91,"3abb827b":91,"5ac72353":91,"0c73c293":91,"808bc372":91,"88929b06":91,"c792a7c1":91,"d1b14d06":91,"08c4692e":91,"5a7da061":91,"f6c074a7":91,"06a94514":91,"ffd6849d":91,"5b2479ef":91,"1d882c36":91,"962fca02":91,"73c420df":91,"0700da70":91,"75968179":91,"eb62e8f2":91,"ff591765":91,"bc8bdc23":91,"93f12198":91,"a71f3f70":91,"1f7aa83c":91,"62e270e5":91,"732d62ee":91,"66b1b6d7":91,"d4b0751c":91,"b062adc4":91,"5b01444b":91,"4aae5133":91,"79995b62":91,"63a3af32":91,"97160db8":91,"3fec4b0b":91,"589f0d6e":91,"faa3de3e":91,"51b4016a":91,"44983d13":91,"46bf9112":91,"80999122":91,"092ad3d6":91,"72af9198":91,"e39e9552":91,"bf940089":91,"68831ea9":91,"9713d076":91,"fd098272":91,"6ee788a7":91,"8249641d":91,"45b0968f":91,"6a9bb182":91,"1f1afd4f":91,"25fb8826":91,"0dc5da58":91,"2874a625":91,"e61ae828":91,"f7ac3883":91,"ccd01528":91,"dab8cf68":91,"00f2a9cb":91,"916fe082":91,"b64dba8e":91,"c3bb30ce":91,"86219c70":91,"601990d8":91,"5c662c19":91,"01f34f98":91,"81c1b70d":91,"e72f0f82":91,"1670b0d3":91,"88374b72":91,"ec97d63e":91,"94208a41":91,"fdfaf1ed":91,"ea981bed":91,"2cbcad17":91,"5e197575":91,"4dccb5ca":91,"83268abf":91,"e587c4d0":91,"578c4c95":91,"525b2635":91,"caa38a45":91,"c606b472":91,"a9987a58":91,"b6b8e5c7":91,"e82177d3":91,"89914b94":91,"04bdf5e1":91,"da8b42be":91,"3b0576bf":91,"9458934f":91,"1dcc489c":91,"945badf3":91,"1327775b":91,"bdd40125":91,"75fd47f7":91,"1c52a07e":91,"e70ccc25":91,"afd1494f":91,"ca6bffd3":91,"829c44a4":91,"e76e2617":91,"2b4fd52e":91,"57162572":91,"d1d50cfe":91,"d2a5d2fd":91,"89d220c2":91,"3e10c9cb":91,"5500a3e8":91,"3c0e87ac":91,"a891461f":91,"a246cdab":91,"117c7f0b":91,"0d21cf99":91,"14e6fe14":91,"9666b973":91,"653b27c7":91,"83b37fd6":91,"4d852788":91,"e43a9448":91,"3542b748":91,"379c53ab":91,"e396d80d":91,"7da61f27":91,"dc874a97":91,"37ec5e73":91,"bfff7913":91,"f8636899":91,"37724339":91,"d45d9727":91,"ee5ff2a3":91,"44322dfd":91,"295e4d1d":91,"8cf6570a":91,"403064a0":91,"312af46e":91,"b5a9f8c3":91,"fcbc0ae8":91,"2ff6b6a8":91,"66a71cc1":91,"bf4b58e4":91,"f7ffcbb8":91,"5728f934":91,"00b26865":91,"c333337d":91,"815c56bc":91,"5bd61a68":91,"8582c5cf":91,"0c353665":91,"231e8700":91,"1f9fbd85":91,"43f24679":91,"85a220de":91,"40a7cdd2":91,"ac033c7b":91,"87759976":91,"4df3f62e":91,"c881a53e":91,"80c1c8b1":91,"cf52acd8":91,"a63cb4ce":91,"d3b3492b":91,"7580cfa4":91,"22a96386":91,"5c672b50":91,"5df16440":91,"b666e56d":91,"8db378ff":91,"784d6375":91,"4541bf85":91,"a6b13f20":91,"2459c882":91,"3df97186":91,"ef0490de":91,"e0f47ced":91,"309bbf54":91,"cc537772":91,"6618390c":91,"99cc0813":91,"dc32c4e1":91,"239c636e":91,"6ee160ff":91,"c55d40ca":91,"22c177a8":91,"00ae883f":91,"f416ee62":91,"0d2b182d":91,"a1c0dfc4":91,"78f71162":91,"4b27a9a4":91,"163f4d19":91,"1d043d5a":91,"b2f82e06":91,"5b0b43e6":91,"b5474d69":91,"5a938eeb":91,"4fe0dedf":91,"951fc6d0":91,"61892a4c":91,"f096219e":91,"a3f0a6ec":91,"01051f84":91,"aa7e370d":91,"f995eeab":91,"4006e709":91,"0dedf63e":91,"a9d5374b":91,"4321f02d":91,"089b3f8f":91,"7698d0dc":91,"784414ce":91,"2df3efdb":91,"d0f1b7bd":91,"e7799883":91,"4f9456cf":91,"6e260ee8":91,"f4f84279":91,"b0950de5":91,"6f873999":91,"1f4e0e22":91,"320754c3":91,"232b2f64":91,"3171b6e7":91,"3b25460f":91,"d2064756":91,"60d69311":91,"3b09f1de":91,"b371f44a":91,"8b6180ff":91,"8819ac24":91,"dbbf7f69":91,"dfe4a061":91
1601327086697,"a8edfe84":91,"2ed19b1e":91,"959e16ea":91,"02f76c64":91,"5c6d1f33":91,"b4801cae":91,"c3c2fd05":91,"f8c97147":91,"c2526ff3":91,"cc386067":91,"a22ffd8f":91,"3cd28a4d":91,"44a12c31":91,"45a961ca":91,"5ca978fd":91,"668e601b":91,"7552d86c":91,"02ebf3b6":91,"bb17a968":91,"4abcb85d":91,"cba26072":91,"2a718dcc":91,"c6a9a8e1":91,"88854fd0":91,"8dc27d2a":91,"41d7f05d":91,"2b851827":91,"9f428a03":91,"4d504d96":91,"0533ece1":91,"bcee2ef3":91,"0afba00c":91,"04ff8100":91,"c2bf7d51":91,"781afef6":91,"de9229a0":91,"99a5feef":91,"f6266388":91,"e64fd39c":91,"e1b3ce36":91,"625fa164":91,"0c6ae551":91,"e8f4c1dd":91,"cede8b8c":91,"ad95ff4a":91,"893a99c5":91,"d8bf32b5":91,"0eb42efe":91,"03c4ab87":91,"4e3d3af7":91,"3a4803a8":91,"f7a7de5d":91,"d4e56c3e":91,"0c045c2d":91,"8efd4801":91,"7eb8f268":91,"20236d3e":91,"36ae8cd8":91,"3ddd5391":91,"07f69c6d":91,"2254f0f5":91,"ea282e84":91,"6653c83b":91,"c896052c":91,"287ecd1c":91,"f9376d3e":91,"07a94e8c":91,"6c00d8d6":91,"ac9a02bc":91,"acfe69ed":91,"426603ff":91,"2db2f252":91,"2e84193b":91,"c55683c9":91,"51233daf":91,"02791635":91,"be081247":91,"5cc47d1b":91,"678b846f":91,"b4bd39d8":91,"b4cdbe5d":91,"fa0386f3":91,"b95d0f17":91,"cee9c347":91,"bb017b49":91,"37b52fe4":91,"61ad1519":91,"819c4185":91,"ba69b06b":91,"7d2a2cb4":91,"4f62491c":91,"70b4c438":91,"71ed93db":91,"c92efaa8":91,"c241ac7e":91,"62a45672":91,"210e507a":91,"ac6e268b":91,"742238e8":91
1601327087450,"7800e7ce":92,"77869ff0":92,"4b8f7b16":92,"89f75690":92,"cb363e2f":92,"cd802f02":92,"d3cca7eb":92,"e866a899":92,"5690e712":92,"0b92d2a9":92,"070bed95":92,"67e5d108":92,"3d37b94b":92,"842c97c2":92,"c4cef92b":92,"0eecdc5b":92
1601327087864,"d5d94481":92,"ffe48500":92,"c7a45a33":92,"faffe099":92,"e99490cd":92,"3b830769":92,"583f0305":92,"1557c50a":92,"249e80ab":92,"f52a3d94":92,"eb74d3dd":92,"3bcbc28d":92,"3c0455e7":92,"df203c79":92,"df1e1ac0":92,"491708eb":92,"e421caaa":92,"2d2ecf27":92,"d38a4953":92,"eba5efdd":92,"a5463f93":92,"c85ac4f8":92,"bc253f4f":92,"0d9d2bf8":92,"846b7f11":92,"d3411467":92,"1df0ce7f":92,"a08171d0":92,"c8bc5677":92,"dfca0518":92,"b9a21017":92,"e47705d3":92,"3cae4115":92,"0ccf4731":92,"c7c6782d":92,"54346574":92,"b12cbf87":92,"81942d9b":92,"699b90c1":92,"d9b5a7a8":92,"1e7914d2":92,"d11f8f1b":92,"9d9eb027":92,"325f9a29":92,"503aafe5":92,"080d5d42":92,"5d03f5dc":92,"f0a01341":92,"1ee4d9f9":92,"0d6e45e7":92,"0da97151":92,"e829038c":92,"b7e495ea":92,"45ec63c0":92,"0ddfde2c":92,"a8b41774":92,"81f0da2d":92,"1fcc8ba4":92,"75a9c117":92,"12ba54ec":92,"be391c1a":92,"37d8a5b7":92,"d5ab81c4":92,"2ecde685":92,"f0bd52d3":92,"dcc20f76":92,"666a8ef0":92,"c5b609f1":92,"4dc5849a":92,"d605c755":92,"8a8c1d67":92,"cc6b3306":92,"8c2dfd9a":92,"f11267b9":92,"a483b15e":92,"f80ab49d":92,"95eaed39":92,"a5ba0ebb":92,"f53362a9":92,"1901ef7e":92,"960c2e6b":92,"3515e999":92,"e5d8fdb2":92,"3412ab75":92,"bcac5daf":92,"62d028cc":92,"0af2cf39":92,"27491297":92,"d041ea86":92,"1eda11b2":92,"fc442678":92,"c9cf710b":92,"fcacdeb3":92,"0ea055ed":92,"e3b1bdf8":92,"644b45fb":92,"4987cfb5":92,"ba90687c":92,"77f2cf92":92,"037e2be4":92,"9e7dbd20":92,"0c086273":92,"ac13c3b0":92,"b4d9c57f":92,"5d53c964":92,"8ee9cc91":92,"4cc0af91":92,"55f6a2ba":92,"9559ea96":92,"9cb044bf":92,"16b25add":92,"80ee333e":92,"3b329af2":92,"1cd662bf":92,"72992b35":92,"47589344":92,"593b1533":92,"e9f6e5ce":92,"ed6bead5":92,"96f594b9":92,"94dfcfc5":92,"8301986e":92,"830ecfec":92,"a8bae791":92,"312009ee":92,"c98759fd":92,"e8b6d676":92,"45ee5840":92,"76f04033":92,"43480b19":92,"fd955858":92,"69798d15":92,"efea71fa":92,"fb3aa867":92,"18c73816":92,"e491161e":92,"b5087677":92,"16f60bed":92,"cb0c3481":92,"7664512c":92,"df9a53b8":92,"f6c27b2b":92,"945f6c24":92,"f1daea7e":92,"b8fb90e3":92,"56227e35":92,"0d6bf22a":92,"b87321d0":92,"43205b5d":92,"8982905a":92,"f6fe1ad7":92,"230064fa":92,"764e0abb":92,"bba6d88e":92,"ea3479ec":92,"32266fa3":92,"50b090c3":92,"8be24763":92,"eb4800b2":92,"6e0ce9dc":92,"87d9bec4":92,"e30dfa0c":92,"6da34174":92,"bfb849fa":92,"0a10b423":92,"9ef7cee7":92,"49f1a0d1":92,"5f04aa76":92,"ba297382":92,"0287db2a":92,"96abe4a9":92,"753b10b1":92,"cf14bd99":92,"782022f4":92,"322e833f":92,"ab3619e4":92,"106006ad":92,"c8237be9":92,"1416e8f5":92,"dde2eed5":92,"a208caa8":92,"16605353":92,"77b39e15":92,"f1726edb":92,"590ce3d3":92,"1802d7ce":92,"0a49914b":92,"5d3f5cad":92,"cf347cba":92,"fc0c23f7":92,"641f9b9e":92,"c92edec5":92,"9f03c1e7":92,"06c24a8d":92,"2f35e75f":92,"3eddf7c8":92,"77970f8b":92,"efd594d5":92,"4718294d":92,"5352cf45":92,"e0ffe8ff":92,"ae14d6b5":92,"3b3569f6":92,"b01ab62a":92,"92b72493":92,"d3e58903":92,"4481c4be":92,"7954891b":92,"4afd60a9":92,"d44c0ea3":92,"68f87858":92,"533bac6b":92,"41634dba":92,"43fd1327":92,"113e7f4b":92,"8cce569a":92,"ce6401b6":92,"6f57824c":92,"28bd7aa1":92,"1d52fb0d":92,"cde0d748":92,"535ed444":92,"710f0d0e":92,"0905f1fb":92,"a20e529c":92,"1ae76fcc":92,"35b161d3":92,"344cd1a3":92,"77ea1236":92,"96d2a118":92,"23a0e41f":92,"b32a1080":92,"76da16fa":92,"bffee581":92,"07150038":92,"080fa362":92,"7b6945ad":92,"a40d08e1":92,"cec79bc2":92,"d2eff358":92,"e70aebb5":92,"a488b2f1":92,"4caa87d6":92,"f7076e21":92,"69e653b6":92,"98d2991b":92,"3b411d6a":92,"83826ef3":92,"595609d5":92,"b47f1b89":92,"8e6caf71":92,"9a3433b8":92,"f1e86522":92,"b89112cb":92,"fa03f48f":92,"66736d5e":92,"5298dafa":92,"30de89a7":92,"25f7f918":92,"06aaa33f":92,"c5311ebb":92,"320c65bf":92,"105bb3f6":92,"1fa1e7c2":92,"58de5462":92,"646af2b9":92,"f01c896d":92,"659389ad":92,"5b09e53e":92,"da5bb0f7":92,"6d925c84":92,"50b23ab2":92,"edfa56d4":92,"899c16eb":92,"41c76041":92,"6bb1fa99":92,"d73ff72e":92,"61c0ca91":92,"d2fda7be":92,"ce20ca3c":92,"1d2d958b":92,"81fb6a01":92,"7f5b27c8":92,"fb3444d9":92,"f05de640":92,"86a68967":92,"56cd4dca":92,"7f469f4c":92,"f92dedfc":92,"355d1489":92,"f96fc1af":92,"06713bac":92,"61aca924":92,"d97fb857":92,"59ff5ec6":92,"ef04e64e":92,"6e2d04de":92,"2fca1798":92,"05028839":92,"5488826c":92,"84fff5c1":92,"c649992d":92,"d5ad3ed6":92,"240c8679":92,"1f2670d0":92,"962c9c8f":92,"0718c3be":92,"8b503f7b":92,"aec0bf28":92,"a017a323":92,"87a8523c":92,"a2c4b591":92,"6dfa57be":92,"1854ce44":92,"f92b22f1":92,"ece12664":92,"36f4ecde":92,"568a0d58":92,"5fd569d2":92,"10c8fd03":92,"bd4ccb49":92,"e773d697":92,"7e8c11e7":92,"077eb15a":92,"5337c279":92,"8d256cb6":92,"7021c619":92,"32ae00db":92,"bf2defb2":92,"bc733a28":92,"30d32d34":92,"886c16d3":92,"e8d09b62":92,"c416baa6":92,"8801c469":92,"ae350a07":92,"b6281f1a":92,"48c6df81":92,"680a32a6":92
1601327088231,"721f5f42":92,"0b50bca6":92,"bf2ca266":92,"5d8d9641":92,"0de67c6c":92,"2311399f":92,"5e3ebf5e":92,"9f6ca218":92,"6213799d":92,"44cb1fd2":92,"baf19c25":92,"24a79a6e":92,"edde30af":92,"4d949e11":92,"df12f689":92,"1da10cbf":92,"832c48e4":92,"dc90a44c":92,"1ad7c45b":92,"5566c17c":92,"86a22252":92,"0000dece":92,"ce5efdbe":92,"58ace2b5":92,"d379fd96":92,"7b819458":92,"7f8024cd":92,"ae562513":92,"7b66dacd":92,"9ab137d7":92,"7191d1cd":92,"005354dd":92,"8e5f7187":92,"55ba7579":92,"b7769ca6":92,"9c27de51":92,"38a75b48":92,"1792bfa3":92,"426f1904":92,"7c0f1ca9":92,"b2f820ac":92,"25d4f65d":92,"eddb6a2a":92,"ff8a00aa":92,"c146560b":92,"985068e7":92,"d543ba6f":92,"f7ffcbb8":92,"5728f934":92,"00b26865":92,"c333337d":92,"815c56bc":92,"5bd61a68":92,"8582c5cf":92,"0c353665":92,"231e8700":92,"9666b973":92,"653b27c7":92,"83b37fd6":92,"4d852788":92,"e43a9448":92,"272e7d0d":92,"f92596ee":92,"68831ea9":92,"9713d076":92,"fd098272":92,"6ee788a7":92,"8249641d":92,"45b0968f":92,"6a9bb182":92,"1f1afd4f":92,"25fb8826":92,"1f9fbd85":92,"43f24679":92,"a1c0dfc4":92,"78f71162":92,"4b27a9a4":92,"163f4d19":92,"1d043d5a":92,"b2f82e06":92,"5b0b43e6":92,"b5474d69":92,"5a938eeb":92,"4fe0dedf":92,"951fc6d0":92,"61892a4c":92,"f096219e":92,"a3f0a6ec":92,"01051f84":92,"aa7e370d":92,"f995eeab":92,"4006e709":92,"0dedf63e":92,"a9d5374b":92,"4321f02d":92,"089b3f8f":92,"7698d0dc":92,"784414ce":92,"2df3efdb":92,"d0f1b7bd":92,"e7799883":92,"4f9456cf":92,"6e260ee8":92,"f4f84279":92,"b0950de5":92,"6f873999":92,"1f4e0e22":92,"60d69311":92,"3542b748":92,"379c53ab":92,"e396d80d":92,"7da61f27":92,"dc874a97":92,"85a220de":92,"40a7cdd2":92,"ac033c7b":92,"87759976":92,"4df3f62e":92,"c881a53e":92,"80c1c8b1":92,"cf52acd8":92,"a63cb4ce":92,"d3b3492b":92,"7580cfa4":92,"22a96386":92,"5c672b50":92,"5df16440":92,"b666e56d":92,"8db378ff":92,"784d6375":92,"4541bf85":92,"a6b13f20":92,"2459c882":92,"3df97186":92,"ef0490de":92,"e0f47ced":92,"309bbf54":92,"cc537772":92,"6618390c":92,"99cc0813":92,"dc32c4e1":92,"0dc5da58":92,"2874a625":92,"e61ae828":92,"f7ac3883":92,"ccd01528":92,"dab8cf68":92,"00f2a9cb":92,"916fe082":92,"b64dba8e":92,"c3bb30ce":92,"86219c70":92,"601990d8":92,"5c662c19":92,"d2a5d2fd":92,"89d220c2":92,"3e10c9cb":92,"5500a3e8":92,"3c0e87ac":92,"a891461f":92,"a246cdab":92,"117c7f0b":92,"0d21cf99":92,"14e6fe14":92,"37ec5e73":92,"bfff7913":92,"f8636899":92,"37724339":92,"d45d9727":92,"ee5ff2a3":92,"44322dfd":92,"295e4d1d":92,"8cf6570a":92,"403064a0":92,"312af46e":92,"a8edfe84":92,"2ed19b1e":92,"959e16ea":92,"02f76c64":92,"3b09f1de":92,"b371f44a":92,"8b6180ff":92,"8819ac24":92,"dbbf7f69":92,"dfe4a061":92,"5c6d1f33":92,"b4801cae":92,"c3c2fd05":92,"f8c97147":92,"c2526ff3":92,"cc386067":92,"a22ffd8f":92,"3cd28a4d":92,"44a12c31":92,"45a961ca":92,"5ca978fd":92,"668e601b":92,"7552d86c":92,"02ebf3b6":92,"bb17a968":92,"239c636e":92,"6ee160ff":92,"c55d40ca":92,"22c177a8":92,"00ae883f":92,"f416ee62":92,"0d2b182d":92,"320754c3":92,"232b2f64":92,"3171b6e7":92,"3b25460f":92,"d2064756":92,"4abcb85d":92,"cba26072":92,"2a718dcc":92,"c6a9a8e1":92,"88854fd0":92,"8dc27d2a":92,"41d7f05d":92,"2b851827":92,"b5a9f8c3":92,"fcbc0ae8":92,"2ff6b6a8":92,"66a71cc1":92,"bf4b58e4":92,"9f428a03":92,"4d504d96":92,"0533ece1":92,"bcee2ef3":92,"0afba00c":92,"04ff8100":92,"6c00d8d6":92,"ac9a02bc":92,"acfe69ed":92,"426603ff":92,"2db2f252":92,"2e84193b":92,"c55683c9":92,"51233daf":92,"02791635":92,"be081247":92,"5cc47d1b":92,"c2bf7d51":92,"781afef6":92,"de9229a0":92,"99a5feef":92,"f6266388":92,"e64fd39c":92,"e1b3ce36":92,"625fa164":92,"0c6ae551":92,"e8f4c1dd":92,"cede8b8c":92,"ad95ff4a":92,"893a99c5":92,"d8bf32b5":92,"0eb42efe":92,"03c4ab87":92,"4e3d3af7":92,"3a4803a8":92,"f7a7de5d":92,"d4e56c3e":92,"0c045c2d":92,"8efd4801":92,"7eb8f268":92,"20236d3e":92,"36ae8cd8":92,"3ddd5391":92,"07f69c6d":92,"2254f0f5":92,"ea282e84":92,"6653c83b":92,"c896052c":92,"287ecd1c":92,"f9376d3e":92,"07a94e8c":92,"bb017b49":92,"37b52fe4":92,"61ad1519":92,"678b846f":92,"b4bd39d8":92,"b4cdbe5d":92,"fa0386f3":92,"b95d0f17":92,"cee9c347":92,"80999122":92,"83268abf":92,"578c4c95":92,"72af9198":92,"e39e9552":92,"c606b472":92,"81c1b70d":92,"e72f0f82":92,"88374b72":92,"fdfaf1ed":92,"ea981bed":92,"5e197575":92,"e587c4d0":92,"525b2635":92,"caa38a45":92,"a9987a58":92,"b6b8e5c7":92,"e82177d3":92,"89914b94":92,"04bdf5e1":92,"da8b42be":92,"3b0576bf":92,"9458934f":92,"1dcc489c":92,"945badf3":92,"1327775b":92,"bdd40125":92,"75fd47f7":92,"1c52a07e":92,"e70ccc25":92,"afd1494f":92,"ca6bffd3":92,"829c44a4":92,"e76e2617":92,"2b4fd52e":92,"57162572":92,"d1d50cfe":92,"5e165f43":92,"83ba647d":92,"cb0bd6b7":92,"f8785b71":92,"8e426e39":92,"ab4a411a":92,"d7a4b24c":92,"51909df8":92,"686d5c0b":92,"e22b0973":92,"f15eb1c5":92,"23646ff9":92,"71789493":92,"3abb827b":92,"0c73c293":92,"5ac72353":92,"88929b06":92,"d1b14d06":92,"08c4692e":92,"f6c074a7":92,"5b2479ef":92,"ffd6849d":92,"1d882c36":92,"962fca02":92,"eb62e8f2":92,"75968179":92,"bc8bdc23":92,"a71f3f70":92,"1f7aa83c":92,"808bc372":92,"732d62ee":92,"d4b0751c":92,"c792a7c1":92,"5b01444b":92,"5a7da061":92,"06a94514":92,"79995b62":92,"97160db8":92,"73c420df":92,"589f0d6e":92,"0700da70":92,"ff591765":92,"51b4016a":92,"46bf9112":92,"93f12198":92,"092ad3d6":92,"62e270e5":92,"66b1b6d7":92,"bf940089":92,"01f34f98":92,"b062adc4":92,"1670b0d3":92,"4aae5133":92,"ec97d63e":92,"63a3af32":92,"94208a41":92,"3fec4b0b":92,"faa3de3e":92,"2cbcad17":92,"4dccb5ca":92,"44983d13":92,"819c4185":92,"ba69b06b":92,"7d2a2cb4":92,"4f62491c":92,"70b4c438":92,"71ed93db":92,"c92efaa8":92,"c241ac7e":92,"62a45672":92,"210e507a":92,"ac6e268b":92,"742238e8":92
1601327089888,"7800e7ce":93,"77869ff0":93,"4b8f7b16":93,"89f75690":93,"cb363e2f":93,"cd802f02":93,"d3cca7eb":93,"e866a899":93,"5690e712":93,"d5d94481":93,"ffe48500":93,"c7a45a33":93,"faffe099":93,"e99490cd":93,"3b830769":93,"583f0305":93,"1557c50a":93,"249e80ab":93,"f52a3d94":93,"eb74d3dd":93,"3bcbc28d":93,"3c0455e7":93,"df203c79":93,"df1e1ac0":93,"491708eb":93,"e421caaa":93,"2d2ecf27":93,"d38a4953":93,"eba5efdd":93,"0b92d2a9":93,"070bed95":93,"67e5d108":93,"3d37b94b":93,"842c97c2":93,"c4cef92b":93,"0eecdc5b":93,"b7e495ea":93,"45ec63c0":93,"0ddfde2c":93,"a8b41774":93,"81f0da2d":93,"1fcc8ba4":93,"75a9c117":93,"12ba54ec":93,"be391c1a":93,"37d8a5b7":93,"d5ab81c4":93,"2ecde685":93,"f0bd52d3":93,"dcc20f76":93,"666a8ef0":93,"c5b609f1":93,"4dc5849a":93,"d605c755":93,"8a8c1d67":93,"cc6b3306":93,"8c2dfd9a":93,"f11267b9":93,"a483b15e":93,"f80ab49d":93,"95eaed39":93,"a5ba0ebb":93,"f53362a9":93,"1901ef7e":93,"960c2e6b":93,"3515e999":93,"a5463f93":93,"c85ac4f8":93,"bc253f4f":93,"0d9d2bf8":93,"846b7f11":93,"d3411467":93,"1df0ce7f":93,"a08171d0":93,"c8bc5677":93,"dfca0518":93,"b9a21017":93,"e47705d3":93,"3cae4115":93,"0ccf4731":93,"c7c6782d":93,"54346574":93,"b12cbf87":93,"81942d9b":93,"699b90c1":93,"d9b5a7a8":93,"1e7914d2":93,"e5d8fdb2":93,"3412ab75":93,"bcac5daf":93,"62d028cc":93,"0af2cf39":93,"27491297":93,"d041ea86":93,"1eda11b2":93,"fc442678":93,"d11f8f1b":93,"9d9eb027":93,"325f9a29":93,"503aafe5":93,"080d5d42":93,"5d03f5dc":93,"f0a01341":93,"1ee4d9f9":93,"0d6e45e7":93,"0da97151":93,"e829038c":93,"4987cfb5":93,"ba90687c":93,"77f2cf92":93,"037e2be4":93,"9e7dbd20":93,"0c086273":93,"ac13c3b0":93,"b4d9c57f":93,"5d53c964":93,"8ee9cc91":93,"4cc0af91":93,"55f6a2ba":93,"9559ea96":93,"9cb044bf":93,"16b25add":93,"80ee333e":93,"3b329af2":93,"1cd662bf":93,"72992b35":93,"47589344":93,"593b1533":93,"e9f6e5ce":93,"ed6bead5":93,"96f594b9":93,"94dfcfc5":93,"8301986e":93,"830ecfec":93,"a8bae791":93,"312009ee":93,"c98759fd":93,"e8b6d676":93,"45ee5840":93,"76f04033":93
1601327090331,"43480b19":93,"fd955858":93,"69798d15":93,"efea71fa":93,"fb3aa867":93,"c9cf710b":93,"fcacdeb3":93,"0ea055ed":93,"e3b1bdf8":93,"644b45fb":93,"590ce3d3":93,"1802d7ce":93,"0a49914b":93,"5d3f5cad":93,"cf347cba":93,"fc0c23f7":93,"641f9b9e":93,"c92edec5":93,"9f03c1e7":93,"06c24a8d":93,"2f35e75f":93,"3eddf7c8":93,"77970f8b":93,"efd594d5":93,"4718294d":93,"5352cf45":93,"e0ffe8ff":93,"ae14d6b5":93,"721f5f42":93,"0b50bca6":93,"bf2ca266":93,"49f1a0d1":93,"5f04aa76":93,"ba297382":93,"0287db2a":93,"96abe4a9":93,"753b10b1":93,"cf14bd99":93,"782022f4":93,"322e833f":93,"ab3619e4":93,"106006ad":93,"c8237be9":93,"1416e8f5":93,"dde2eed5":93,"a208caa8":93,"16605353":93,"77b39e15":93,"f1726edb":93,"18c73816":93,"e491161e":93,"b5087677":93,"16f60bed":93,"cb0c3481":93,"7664512c":93,"df9a53b8":93,"f6c27b2b":93,"945f6c24":93,"f1daea7e":93,"b8fb90e3":93,"56227e35":93,"0d6bf22a":93,"b87321d0":93,"43205b5d":93,"8982905a":93,"f6fe1ad7":93,"230064fa":93,"764e0abb":93,"bba6d88e":93,"ea3479ec":93,"32266fa3":93,"50b090c3":93,"8be24763":93,"eb4800b2":93,"6e0ce9dc":93,"87d9bec4":93,"e30dfa0c":93,"6da34174":93,"bfb849fa":93,"0a10b423":93,"9ef7cee7":93,"92b72493":93,"d3e58903":93,"4481c4be":93,"7954891b":93,"4afd60a9":93,"d44c0ea3":93,"68f87858":93,"533bac6b":93,"41634dba":93,"43fd1327":93,"113e7f4b":93,"8cce569a":93,"ce6401b6":93,"6f57824c":93,"28bd7aa1":93,"1d52fb0d":93,"cde0d748":93,"535ed444":93,"710f0d0e":93,"0905f1fb":93,"a20e529c":93,"1ae76fcc":93,"35b161d3":93,"344cd1a3":93,"77ea1236":93,"96d2a118":93,"23a0e41f":93,"b32a1080":93,"a2c4b591":93,"6dfa57be":93,"1854ce44":93,"3b3569f6":93,"b01ab62a":93,"76da16fa":93,"bffee581":93,"07150038":93,"080fa362":93,"7b6945ad":93,"a40d08e1":93,"cec79bc2":93,"d2eff358":93,"e70aebb5":93,"a488b2f1":93,"4caa87d6":93,"f7076e21":93,"69e653b6":93,"98d2991b":93,"3b411d6a":93,"83826ef3":93,"595609d5":93,"b47f1b89":93,"8e6caf71":93,"f1e86522":93,"9a3433b8":93,"fa03f48f":93,"b89112cb":93,"5298dafa":93,"25f7f918":93,"66736d5e":93,"c5311ebb":93,"30de89a7":93,"105bb3f6":93,"5b09e53e":93,"da5bb0f7":93,"6d925c84":93,"50b23ab2":93,"edfa56d4":93,"899c16eb":93,"41c76041":93,"6bb1fa99":93,"d73ff72e":93,"61c0ca91":93,"d2fda7be":93,"ce20ca3c":93,"1d2d958b":93,"81fb6a01":93,"7f5b27c8":93,"fb3444d9":93,"f05de640":93,"86a68967":93,"56cd4dca":93,"7f469f4c":93,"f92dedfc":93,"355d1489":93,"f96fc1af":93,"06713bac":93,"61aca924":93,"d97fb857":93,"59ff5ec6":93,"ef04e64e":93,"6e2d04de":93,"2fca1798":93,"05028839":93,"5488826c":93,"06aaa33f":93,"58de5462":93,"320c65bf":93,"1fa1e7c2":93,"f01c896d":93,"646af2b9":93,"1f2670d0":93,"962c9c8f":93,"659389ad":93,"aec0bf28":93,"240c8679":93,"0718c3be":93,"a017a323":93,"8b503f7b":93,"8801c469":93,"87a8523c":93,"b6281f1a":93,"48c6df81":93,"c416baa6":93,"ae350a07":93,"5e165f43":93,"680a32a6":93,"f8785b71":93,"83ba647d":93,"ab4a411a":93,"d7a4b24c":93,"cb0bd6b7":93,"686d5c0b":93,"8e426e39":93,"51909df8":93,"f15eb1c5":93,"e22b0973":93,"71789493":93,"23646ff9":93,"5ac72353":93,"d1b14d06":93,"3abb827b":93,"5d8d9641":93,"0de67c6c":93,"2311399f":93,"5e3ebf5e":93,"9f6ca218":93,"6213799d":93,"44cb1fd2":93,"baf19c25":93,"24a79a6e":93,"edde30af":93,"4d949e11":93,"df12f689":93,"1da10cbf":93,"832c48e4":93,"dc90a44c":93,"1ad7c45b":93,"5566c17c":93,"86a22252":93,"0000dece":93,"ce5efdbe":93,"58ace2b5":93,"d379fd96":93,"7b819458":93,"7f8024cd":93,"ae562513":93,"7b66dacd":93,"9ab137d7":93,"7191d1cd":93,"005354dd":93,"0c73c293":93,"f6c074a7":93,"ffd6849d":93,"88929b06":93,"08c4692e":93,"962fca02":93,"75968179":93,"5b2479ef":93,"bc8bdc23":93,"1d882c36":93,"a71f3f70":93,"eb62e8f2":93,"808bc372":93,"1f7aa83c":93,"c792a7c1":93,"732d62ee":93,"5a7da061":93,"d4b0751c":93,"84fff5c1":93,"c649992d":93,"d5ad3ed6":93,"8e5f7187":93,"55ba7579":93,"b7769ca6":93,"9c27de51":93,"38a75b48":93,"1792bfa3":93,"426f1904":93,"7c0f1ca9":93,"b2f820ac":93,"25d4f65d":93,"eddb6a2a":93,"ff8a00aa":93,"c146560b":93,"985068e7":93,"d543ba6f":93,"06a94514":93,"5b01444b":93,"79995b62":93,"73c420df":93,"f92b22f1":93,"ece12664":93,"36f4ecde":93,"568a0d58":93,"5fd569d2":93,"10c8fd03":93,"bd4ccb49":93,"e773d697":93,"7e8c11e7":93,"077eb15a":93,"5337c279":93,"8d256cb6":93,"7021c619":93,"32ae00db":93,"bf2defb2":93,"bc733a28":93,"30d32d34":93,"886c16d3":93,"e8d09b62":93,"0700da70":93,"97160db8":93,"ff591765":93,"589f0d6e":93,"51b4016a":93,"93f12198":93,"62e270e5":93,"46bf9112":93,"66b1b6d7":93,"092ad3d6":93,"b062adc4":93,"bf940089":93,"01f34f98":93,"4aae5133":93,"1670b0d3":93,"63a3af32":93,"3fec4b0b":93,"ec97d63e":93,"faa3de3e":93,"94208a41":93,"44983d13":93,"2cbcad17":93,"80999122":93,"4dccb5ca":93,"83268abf":93,"72af9198":93,"578c4c95":93,"e39e9552":93,"c606b472":93,"81c1b70d":93,"e72f0f82":93,"88374b72":93,"fdfaf1ed":93,"ea981bed":93,"5e197575":93,"e587c4d0":93,"525b2635":93,"caa38a45":93,"a9987a58":93,"b6b8e5c7":93,"e82177d3":93,"89914b94":93,"04bdf5e1":93,"da8b42be":93,"3b0576bf":93,"9458934f":93,"1dcc489c":93,"945badf3":93,"1327775b":93,"bdd40125":93,"75fd47f7":93,"1c52a07e":93,"e70ccc25":93,"afd1494f":93,"ca6bffd3":93,"829c44a4":93,"e76e2617":93,"2b4fd52e":93,"57162572":93,"d1d50cfe":93,"9666b973":93,"653b27c7":93,"83b37fd6":93,"4d852788":93,"e43a9448":93,"3542b748":93,"379c53ab":93,"e396d80d":93,"7da61f27":93,"dc874a97":93,"85a220de":93,"40a7cdd2":93,"ac033c7b":93,"87759976":93,"4df3f62e":93,"c881a53e":93,"80c1c8b1":93,"cf52acd8":93,"a63cb4ce":93,"d3b3492b":93,"7580cfa4":93,"22a96386":93,"5c672b50":93,"5df16440":93,"b666e56d":93,"8db378ff":93,"784d6375":93,"4541bf85":93,"a6b13f20":93,"2459c882":93,"3df97186":93,"ef0490de":93,"e0f47ced":93,"309bbf54":93,"cc537772":93,"6618390c":93,"99cc0813":93,"dc32c4e1":93,"239c636e":93,"6ee160ff":93,"272e7d0d":93,"f92596ee":93,"68831ea9":93,"9713d076":93,"fd098272":93,"6ee788a7":93,"8249641d":93,"45b0968f":93,"6a9bb182":93,"1f1afd4f":93,"25fb8826":93,"0dc5da58":93,"f7ffcbb8":93,"5728f934":93,"00b26865":93,"c333337d":93,"815c56bc":93,"5bd61a68":93,"8582c5cf":93,"0c353665":93,"231e8700":93,"1f9fbd85":93,"43f24679":93,"a1c0dfc4":93,"78f71162":93,"4b27a9a4":93
1601327090531,"c55d40ca":93,"22c177a8":93,"00ae883f":93,"f416ee62":93,"0d2b182d":93,"320754c3":93,"232b2f64":93,"3171b6e7":93,"3b25460f":93,"d2064756":93,"2874a625":93,"e61ae828":93,"f7ac3883":93,"ccd01528":93,"dab8cf68":93,"00f2a9cb":93,"916fe082":93,"b64dba8e":93,"c3bb30ce":93,"86219c70":93,"601990d8":93,"5c662c19":93,"d2a5d2fd":93,"89d220c2":93,"3e10c9cb":93,"5500a3e8":93,"3c0e87ac":93,"a891461f":93,"a246cdab":93,"117c7f0b":93,"0d21cf99":93,"14e6fe14":93,"37ec5e73":93,"bfff7913":93,"f8636899":93,"37724339":93,"d45d9727":93,"ee5ff2a3":93,"44322dfd":93,"295e4d1d":93,"8cf6570a":93,"403064a0":93,"312af46e":93,"b5a9f8c3":93,"fcbc0ae8":93,"2ff6b6a8":93,"66a71cc1":93,"bf4b58e4":93,"163f4d19":93,"1d043d5a":93,"b2f82e06":93,"5b0b43e6":93,"b5474d69":93,"5a938eeb":93,"4fe0dedf":93,"951fc6d0":93,"61892a4c":93,"f096219e":93,"a3f0a6ec":93,"01051f84":93,"aa7e370d":93,"f995eeab":93,"4006e709":93,"0dedf63e":93,"a9d5374b":93,"4321f02d":93,"089b3f8f":93,"7698d0dc":93,"784414ce":93,"2df3efdb":93,"d0f1b7bd":93,"e7799883":93,"4f9456cf":93,"6e260ee8":93,"f4f84279":93,"b0950de5":93,"6f873999":93,"1f4e0e22":93,"60d69311":93,"3b09f1de":93,"b371f44a":93,"8b6180ff":93,"8819ac24":93,"dbbf7f69":93,"dfe4a061":93,"c2bf7d51":93,"781afef6":93,"de9229a0":93,"99a5feef":93,"f6266388":93,"e64fd39c":93,"a8edfe84":93,"2ed19b1e":93,"959e16ea":93,"02f76c64":93,"5c6d1f33":93,"b4801cae":93,"c3c2fd05":93,"f8c97147":93,"c2526ff3":93,"cc386067":93,"a22ffd8f":93,"3cd28a4d":93,"44a12c31":93,"45a961ca":93,"5ca978fd":93,"668e601b":93,"7552d86c":93,"02ebf3b6":93,"bb17a968":93,"4abcb85d":93,"cba26072":93,"2a718dcc":93,"c6a9a8e1":93,"88854fd0":93,"8dc27d2a":93,"41d7f05d":93,"2b851827":93,"9f428a03":93,"e1b3ce36":93,"625fa164":93,"0c6ae551":93,"e8f4c1dd":93,"cede8b8c":93,"ad95ff4a":93,"893a99c5":93,"d8bf32b5":93,"0eb42efe":93,"03c4ab87":93,"4e3d3af7":93,"3a4803a8":93,"f7a7de5d":93,"d4e56c3e":93,"0c045c2d":93,"8efd4801":93,"7eb8f268":93,"20236d3e":93,"36ae8cd8":93,"3ddd5391":93,"07f69c6d":93,"2254f0f5":93,"ea282e84":93,"6653c83b":93,"c896052c":93,"287ecd1c":93,"f9376d3e":93,"07a94e8c":93,"bb017b49":93,"37b52fe4":93,"61ad1519":93,"4d504d96":93,"0533ece1":93,"bcee2ef3":93,"0afba00c":93,"04ff8100":93,"6c00d8d6":93,"ac9a02bc":93,"acfe69ed":93,"426603ff":93,"2db2f252":93,"2e84193b":93,"c55683c9":93,"51233daf":93,"02791635":93,"be081247":93,"5cc47d1b":93,"678b846f":93,"b4bd39d8":93,"b4cdbe5d":93,"fa0386f3":93,"b95d0f17":93,"cee9c347":93,"819c4185":93,"ba69b06b":93,"7d2a2cb4":93,"4f62491c":93,"70b4c438":93,"71ed93db":93,"c92efaa8":93,"c241ac7e":93,"62a45672":93,"210e507a":93,"ac6e268b":93,"742238e8":93
1601327092112,"7800e7ce":94,"77869ff0":94,"4b8f7b16":94,"89f75690":94,"cb363e2f":94,"cd802f02":94,"d3cca7eb":94,"e866a899":94,"5690e712":94,"0b92d2a9":94,"070bed95":94,"67e5d108":94,"3d37b94b":94,"842c97c2":94,"c4cef92b":94,"0eecdc5b":94,"b7e495ea":94,"45ec63c0":94,"0ddfde2c":94,"a8b41774":94,"d5d94481":94,"ffe48500":94,"c7a45a33":94,"faffe099":94,"e99490cd":94
1601327092469,"81f0da2d":94,"1fcc8ba4":94,"75a9c117":94,"12ba54ec":94,"be391c1a":94,"37d8a5b7":94,"d5ab81c4":94,"2ecde685":94,"f0bd52d3":94,"dcc20f76":94,"666a8ef0":94,"c5b609f1":94,"4dc5849a":94,"d605c755":94,"8a8c1d67":94,"cc6b3306":94,"8c2dfd9a":94,"f11267b9":94,"a483b15e":94,"f80ab49d":94,"95eaed39":94,"a5ba0ebb":94,"f53362a9":94,"1901ef7e":94,"960c2e6b":94,"3515e999":94,"d11f8f1b":94,"9d9eb027":94,"325f9a29":94,"503aafe5":94,"080d5d42":94,"5d03f5dc":94,"f0a01341":94,"1ee4d9f9":94,"0d6e45e7":94,"0da97151":94,"e829038c":94,"4987cfb5":94,"ba90687c":94,"77f2cf92":94,"037e2be4":94,"9e7dbd20":94,"0c086273":94,"ac13c3b0":94,"b4d9c57f":94,"5d53c964":94,"8ee9cc91":94,"4cc0af91":94,"55f6a2ba":94,"9559ea96":94,"9cb044bf":94,"16b25add":94,"80ee333e":94,"3b329af2":94,"1cd662bf":94,"72992b35":94,"47589344":94,"593b1533":94,"e9f6e5ce":94,"ed6bead5":94,"96f594b9":94,"94dfcfc5":94,"8301986e":94,"830ecfec":94,"a8bae791":94,"312009ee":94,"c98759fd":94,"e8b6d676":94,"45ee5840":94,"76f04033":94,"43480b19":94,"fd955858":94,"69798d15":94,"efea71fa":94,"fb3aa867":94,"c9cf710b":94,"fcacdeb3":94,"0ea055ed":94,"e3b1bdf8":94,"644b45fb":94,"3b830769":94,"583f0305":94,"1557c50a":94,"249e80ab":94,"f52a3d94":94,"eb74d3dd":94,"3bcbc28d":94,"3c0455e7":94,"df203c79":94,"df1e1ac0":94,"491708eb":94,"e421caaa":94,"2d2ecf27":94,"d38a4953":94,"eba5efdd":94,"a5463f93":94,"c85ac4f8":94,"bc253f4f":94,"0d9d2bf8":94,"846b7f11":94,"d3411467":94,"1df0ce7f":94,"a08171d0":94,"c8bc5677":94,"dfca0518":94,"b9a21017":94,"e47705d3":94,"3cae4115":94,"0ccf4731":94,"c7c6782d":94,"54346574":94,"b12cbf87":94,"81942d9b":94,"699b90c1":94,"d9b5a7a8":94,"1e7914d2":94,"e5d8fdb2":94,"3412ab75":94,"bcac5daf":94,"62d028cc":94,"0af2cf39":94,"27491297":94,"d041ea86":94,"1eda11b2":94,"fc442678":94,"18c73816":94,"e491161e":94,"b5087677":94,"16f60bed":94,"cb0c3481":94,"7664512c":94,"df9a53b8":94,"f6c27b2b":94,"945f6c24":94,"f1daea7e":94,"b8fb90e3":94,"56227e35":94,"0d6bf22a":94,"b87321d0":94,"43205b5d":94,"8982905a":94,"f6fe1ad7":94,"230064fa":94,"764e0abb":94,"bba6d88e":94,"ea3479ec":94,"32266fa3":94,"50b090c3":94,"8be24763":94,"eb4800b2":94,"6e0ce9dc":94,"87d9bec4":94,"e30dfa0c":94,"6da34174":94,"bfb849fa":94,"0a10b423":94,"9ef7cee7":94,"49f1a0d1":94,"5f04aa76":94,"ba297382":94,"0287db2a":94,"96abe4a9":94,"590ce3d3":94,"1802d7ce":94,"0a49914b":94,"5d3f5cad":94,"cf347cba":94,"fc0c23f7":94,"641f9b9e":94,"c92edec5":94,"9f03c1e7":94,"06c24a8d":94,"2f35e75f":94,"3eddf7c8":94,"77970f8b":94,"efd594d5":94,"4718294d":94,"753b10b1":94,"cf14bd99":94,"782022f4":94,"322e833f":94,"ab3619e4":94,"106006ad":94,"c8237be9":94,"1416e8f5":94,"dde2eed5":94,"a208caa8":94,"16605353":94,"77b39e15":94,"f1726edb":94,"5352cf45":94,"e0ffe8ff":94,"ae14d6b5":94,"721f5f42":94,"0b50bca6":94,"bf2ca266":94,"5d8d9641":94,"0de67c6c":94,"2311399f":94,"5e3ebf5e":94,"9f6ca218":94,"6213799d":94,"44cb1fd2":94,"baf19c25":94,"24a79a6e":94,"edde30af":94,"4d949e11":94,"df12f689":94,"1da10cbf":94,"832c48e4":94,"dc90a44c":94,"1ad7c45b":94,"5566c17c":94,"86a22252":94,"0000dece":94,"ce5efdbe":94,"58ace2b5":94,"d379fd96":94,"7b819458":94,"7f8024cd":94,"ae562513":94,"7b66dacd":94,"9ab137d7":94,"7191d1cd":94,"92b72493":94,"d3e58903":94,"4481c4be":94,"7954891b":94,"4afd60a9":94,"d44c0ea3":94,"68f87858":94,"533bac6b":94,"41634dba":94,"43fd1327":94,"113e7f4b":94,"8cce569a":94,"ce6401b6":94,"6f57824c":94,"28bd7aa1":94,"1d52fb0d":94,"cde0d748":94,"535ed444":94,"710f0d0e":94,"0905f1fb":94,"a20e529c":94,"1ae76fcc":94,"35b161d3":94,"344cd1a3":94,"77ea1236":94,"96d2a118":94,"23a0e41f":94,"005354dd":94,"5b09e53e":94,"da5bb0f7":94
1601327093046,"b32a1080":94,"a2c4b591":94,"6dfa57be":94,"1854ce44":94,"f92b22f1":94,"ece12664":94,"36f4ecde":94,"568a0d58":94,"5fd569d2":94,"10c8fd03":94,"bd4ccb49":94,"e773d697":94,"7e8c11e7":94,"077eb15a":94,"5337c279":94,"8d256cb6":94,"7021c619":94,"32ae00db":94,"bf2defb2":94,"bc733a28":94,"30d32d34":94,"886c16d3":94,"e8d09b62":94,"6d925c84":94,"50b23ab2":94,"edfa56d4":94,"899c16eb":94,"41c76041":94,"6bb1fa99":94,"d73ff72e":94,"61c0ca91":94,"d2fda7be":94,"ce20ca3c":94,"1d2d958b":94,"81fb6a01":94,"7f5b27c8":94,"fb3444d9":94,"f05de640":94,"86a68967":94,"56cd4dca":94,"7f469f4c":94,"f92dedfc":94,"355d1489":94,"f96fc1af":94,"06713bac":94,"61aca924":94,"d97fb857":94,"59ff5ec6":94,"ef04e64e":94,"6e2d04de":94,"2fca1798":94,"05028839":94,"5488826c":94,"84fff5c1":94,"c649992d":94,"d5ad3ed6":94,"8e5f7187":94,"55ba7579":94,"3b3569f6":94,"b01ab62a":94,"76da16fa":94,"bffee581":94,"07150038":94,"080fa362":94,"7b6945ad":94,"a40d08e1":94,"cec79bc2":94,"d2eff358":94,"e70aebb5":94,"a488b2f1":94,"4caa87d6":94,"f7076e21":94,"69e653b6":94,"98d2991b":94,"3b411d6a":94,"83826ef3":94,"595609d5":94,"b47f1b89":94,"8e6caf71":94,"9a3433b8":94,"b89112cb":94,"f1e86522":94,"66736d5e":94,"30de89a7":94,"fa03f48f":94,"06aaa33f":94,"5298dafa":94,"320c65bf":94,"25f7f918":94,"1fa1e7c2":94,"c5311ebb":94,"646af2b9":94,"105bb3f6":94,"659389ad":94,"58de5462":94,"f01c896d":94,"240c8679":94,"1f2670d0":94,"0718c3be":94,"8b503f7b":94,"962c9c8f":94,"aec0bf28":94,"87a8523c":94,"b7769ca6":94,"9c27de51":94,"38a75b48":94,"1792bfa3":94,"426f1904":94,"7c0f1ca9":94,"b2f820ac":94,"25d4f65d":94,"eddb6a2a":94,"ff8a00aa":94,"c146560b":94,"985068e7":94,"d543ba6f":94,"f7ffcbb8":94,"5728f934":94,"00b26865":94,"c333337d":94,"815c56bc":94,"5bd61a68":94,"c416baa6":94,"a017a323":94,"ae350a07":94,"8801c469":94,"b6281f1a":94,"680a32a6":94,"48c6df81":94,"83ba647d":94,"cb0bd6b7":94,"5e165f43":94,"f8785b71":94,"8e426e39":94,"ab4a411a":94,"51909df8":94,"e22b0973":94,"d7a4b24c":94,"23646ff9":94,"686d5c0b":94,"f15eb1c5":94,"3abb827b":94,"0c73c293":94,"71789493":94,"5ac72353":94,"88929b06":94,"08c4692e":94,"d1b14d06":94,"5b2479ef":94,"f6c074a7":94,"ffd6849d":94,"1d882c36":94,"eb62e8f2":94,"962fca02":94,"75968179":94,"bc8bdc23":94,"a71f3f70":94,"1f7aa83c":94,"732d62ee":94,"d4b0751c":94,"808bc372":94,"c792a7c1":94,"5b01444b":94,"79995b62":94,"5a7da061":94,"97160db8":94,"06a94514":94,"73c420df":94,"589f0d6e":94,"51b4016a":94,"0700da70":94,"46bf9112":94,"ff591765":94,"092ad3d6":94,"93f12198":94,"62e270e5":94,"bf940089":94,"66b1b6d7":94,"01f34f98":94,"1670b0d3":94,"b062adc4":94,"8582c5cf":94,"0c353665":94,"231e8700":94,"1f9fbd85":94,"43f24679":94,"a1c0dfc4":94,"78f71162":94,"4b27a9a4":94,"163f4d19":94,"1d043d5a":94,"ec97d63e":94,"4aae5133":94,"63a3af32":94,"94208a41":94,"3fec4b0b":94,"2cbcad17":94,"4dccb5ca":94,"faa3de3e":94,"83268abf":94,"44983d13":94,"80999122":94,"578c4c95":94,"c606b472":94,"72af9198":94,"e39e9552":94,"81c1b70d":94,"e72f0f82":94,"88374b72":94,"fdfaf1ed":94,"ea981bed":94,"5e197575":94,"e587c4d0":94,"525b2635":94,"caa38a45":94,"a9987a58":94,"b6b8e5c7":94,"e82177d3":94,"89914b94":94,"04bdf5e1":94,"da8b42be":94,"3b0576bf":94,"9458934f":94,"1dcc489c":94,"945badf3":94,"1327775b":94,"bdd40125":94,"75fd47f7":94,"1c52a07e":94,"e70ccc25":94,"afd1494f":94,"b2f82e06":94,"5b0b43e6":94,"b5474d69":94,"5a938eeb":94,"4fe0dedf":94,"951fc6d0":94,"61892a4c":94,"f096219e":94,"a3f0a6ec":94,"01051f84":94,"aa7e370d":94,"f995eeab":94,"4006e709":94,"0dedf63e":94,"a9d5374b":94,"272e7d0d":94,"f92596ee":94,"68831ea9":94,"9713d076":94,"fd098272":94,"6ee788a7":94,"4321f02d":94,"089b3f8f":94,"7698d0dc":94,"784414ce":94,"2df3efdb":94,"d0f1b7bd":94,"e7799883":94,"4f9456cf":94,"6e260ee8":94,"f4f84279":94,"b0950de5":94,"6f873999":94,"1f4e0e22":94,"60d69311":94,"3b09f1de":94,"b371f44a":94,"8b6180ff":94,"8819ac24":94,"dbbf7f69":94,"9666b973":94,"653b27c7":94,"83b37fd6":94,"4d852788":94,"e43a9448":94,"3542b748":94,"379c53ab":94,"e396d80d":94,"7da61f27":94,"dc874a97":94,"85a220de":94,"40a7cdd2":94,"ac033c7b":94,"87759976":94,"4df3f62e":94,"c881a53e":94,"80c1c8b1":94,"cf52acd8":94,"a63cb4ce":94,"d3b3492b":94,"7580cfa4":94,"22a96386":94,"5c672b50":94,"5df16440":94,"b666e56d":94,"8db378ff":94,"784d6375":94,"4541bf85":94,"a6b13f20":94,"2459c882":94,"3df97186":94,"ef0490de":94,"e0f47ced":94,"ca6bffd3":94,"829c44a4":94,"e76e2617":94,"2b4fd52e":94,"57162572":94,"d1d50cfe":94,"dfe4a061":94,"8249641d":94,"45b0968f":94,"6a9bb182":94,"1f1afd4f":94,"25fb8826":94,"0dc5da58":94,"2874a625":94,"e61ae828":94,"f7ac3883":94,"ccd01528":94,"dab8cf68":94,"00f2a9cb":94,"916fe082":94,"b64dba8e":94,"c3bb30ce":94,"86219c70":94,"601990d8":94,"5c662c19":94,"d2a5d2fd":94,"89d220c2":94,"3e10c9cb":94,"5500a3e8":94,"3c0e87ac":94,"a891461f":94,"a246cdab":94,"117c7f0b":94,"0d21cf99":94,"14e6fe14":94,"37ec5e73":94,"bfff7913":94,"f8636899":94,"37724339":94,"d45d9727":94,"c2bf7d51":94,"781afef6":94,"de9229a0":94,"99a5feef":94,"f6266388":94,"e64fd39c":94,"e1b3ce36":94,"625fa164":94,"0c6ae551":94,"e8f4c1dd":94,"cede8b8c":94,"ad95ff4a":94,"893a99c5":94,"d8bf32b5":94,"0eb42efe":94,"03c4ab87":94,"4e3d3af7":94,"3a4803a8":94,"f7a7de5d":94,"309bbf54":94,"cc537772":94,"6618390c":94,"99cc0813":94,"dc32c4e1":94,"239c636e":94,"6ee160ff":94,"c55d40ca":94,"22c177a8":94,"00ae883f":94,"f416ee62":94,"0d2b182d":94,"320754c3":94,"232b2f64":94,"3171b6e7":94,"3b25460f":94,"d2064756":94,"d4e56c3e":94,"0c045c2d":94,"8efd4801":94,"7eb8f268":94,"20236d3e":94,"ee5ff2a3":94,"44322dfd":94,"295e4d1d":94,"8cf6570a":94,"403064a0":94,"312af46e":94,"b5a9f8c3":94,"fcbc0ae8":94,"2ff6b6a8":94,"66a71cc1":94,"bf4b58e4":94,"36ae8cd8":94,"3ddd5391":94,"07f69c6d":94,"2254f0f5":94,"ea282e84":94,"6653c83b":94,"c896052c":94,"287ecd1c":94,"f9376d3e":94,"07a94e8c":94,"a8edfe84":94,"2ed19b1e":94,"959e16ea":94,"02f76c64":94,"5c6d1f33":94,"b4801cae":94,"c3c2fd05":94,"f8c97147":94,"c2526ff3":94,"cc386067":94,"a22ffd8f":94,"3cd28a4d":94,"44a12c31":94,"45a961ca":94,"5ca978fd":94,"668e601b":94,"7552d86c":94,"02ebf3b6":94,"bb17a968":94,"4abcb85d":94,"cba26072":94,"2a718dcc":94,"c6a9a8e1":94,"88854fd0":94,"8dc27d2a":94,"bb017b49":94,"37b52fe4":94,"61ad1519":94,"819c4185":94,"ba69b06b":94,"7d2a2cb4":94,"4f62491c":94,"70b4c438":94,"71ed93db":94,"c92efaa8":94,"c241ac7e":94,"62a45672":94,"210e507a":94,"ac6e268b":94,"742238e8":94,"41d7f05d":94,"2b851827":94,"9f428a03":94,"4d504d96":94,"0533ece1":94,"bcee2ef3":94,"0afba00c":94,"04ff8100":94,"6c00d8d6":94,"ac9a02bc":94,"acfe69ed":94,"426603ff":94,"2db2f252":94,"2e84193b":94,"c55683c9":94,"51233daf":94,"02791635":94,"be081247":94,"5cc47d1b":94,"678b846f":94,"b4bd39d8":94,"b4cdbe5d":94,"fa0386f3":94,"b95d0f17":94,"cee9c347":94
1601327094341,"7800e7ce":95,"77869ff0":95,"4b8f7b16":95,"89f75690":95,"cb363e2f":95,"cd802f02":95,"d3cca7eb":95,"e866a899":95,"5690e712":95,"0b92d2a9":95,"070bed95":95,"67e5d108":95,"3d37b94b":95,"842c97c2":95,"c4cef92b":95,"0eecdc5b":95,"b7e495ea":95,"45ec63c0":95,"0ddfde2c":95,"a8b41774":95,"81f0da2d":95,"1fcc8ba4":95,"75a9c117":95,"12ba54ec":95,"be391c1a":95,"37d8a5b7":95,"d5ab81c4":95,"2ecde685":95,"f0bd52d3":95,"dcc20f76":95,"666a8ef0":95,"c5b609f1":95,"4dc5849a":95,"d605c755":95,"8a8c1d67":95,"cc6b3306":95,"8c2dfd9a":95,"f11267b9":95,"a483b15e":95,"f80ab49d":95,"95eaed39":95,"a5ba0ebb":95,"f53362a9":95,"1901ef7e":95,"960c2e6b":95,"3515e999":95,"d11f8f1b":95,"9d9eb027":95,"325f9a29":95,"503aafe5":95
1601327094675,"080d5d42":95,"5d03f5dc":95,"f0a01341":95,"1ee4d9f9":95,"0d6e45e7":95,"0da97151":95,"e829038c":95,"4987cfb5":95,"ba90687c":95,"77f2cf92":95,"037e2be4":95,"9e7dbd20":95,"d5d94481":95,"ffe48500":95,"c7a45a33":95,"faffe099":95,"e99490cd":95,"3b830769":95,"583f0305":95,"1557c50a":95,"249e80ab":95,"f52a3d94":95,"eb74d3dd":95,"3bcbc28d":95,"3c0455e7":95,"df203c79":95,"df1e1ac0":95,"491708eb":95,"e421caaa":95,"0c086273":95,"ac13c3b0":95,"b4d9c57f":95,"5d53c964":95,"8ee9cc91":95,"4cc0af91":95,"55f6a2ba":95,"9559ea96":95,"9cb044bf":95,"16b25add":95,"80ee333e":95,"3b329af2":95,"1cd662bf":95,"72992b35":95,"47589344":95,"593b1533":95,"e9f6e5ce":95,"ed6bead5":95,"96f594b9":95,"94dfcfc5":95,"8301986e":95,"830ecfec":95,"a8bae791":95,"312009ee":95,"c98759fd":95,"e8b6d676":95,"45ee5840":95,"76f04033":95,"43480b19":95,"fd955858":95,"69798d15":95,"efea71fa":95,"fb3aa867":95,"c9cf710b":95,"fcacdeb3":95,"0ea055ed":95,"e3b1bdf8":95,"644b45fb":95,"2d2ecf27":95,"d38a4953":95,"eba5efdd":95,"a5463f93":95,"c85ac4f8":95,"bc253f4f":95,"0d9d2bf8":95,"846b7f11":95,"d3411467":95,"1df0ce7f":95,"a08171d0":95,"c8bc5677":95,"dfca0518":95,"b9a21017":95,"e47705d3":95,"3cae4115":95,"0ccf4731":95,"c7c6782d":95,"54346574":95,"b12cbf87":95,"81942d9b":95,"699b90c1":95,"d9b5a7a8":95,"1e7914d2":95,"e5d8fdb2":95,"3412ab75":95,"bcac5daf":95,"62d028cc":95,"0af2cf39":95,"27491297":95,"d041ea86":95,"1eda11b2":95,"fc442678":95,"18c73816":95,"e491161e":95,"b5087677":95,"16f60bed":95,"cb0c3481":95,"7664512c":95,"df9a53b8":95,"f6c27b2b":95,"945f6c24":95,"f1daea7e":95,"b8fb90e3":95,"56227e35":95,"0d6bf22a":95,"b87321d0":95,"590ce3d3":95,"1802d7ce":95,"0a49914b":95,"5d3f5cad":95,"cf347cba":95,"fc0c23f7":95,"641f9b9e":95,"c92edec5":95,"9f03c1e7":95,"06c24a8d":95,"2f35e75f":95,"3eddf7c8":95,"77970f8b":95,"efd594d5":95,"4718294d":95,"5352cf45":95,"e0ffe8ff":95,"ae14d6b5":95,"721f5f42":95,"0b50bca6":95,"bf2ca266":95,"5d8d9641":95,"0de67c6c":95,"2311399f":95,"5e3ebf5e":95,"9f6ca218":95,"6213799d":95,"44cb1fd2":95,"baf19c25":95,"24a79a6e":95,"edde30af":95,"4d949e11":95,"df12f689":95,"1da10cbf":95,"832c48e4":95,"dc90a44c":95,"1ad7c45b":95,"5566c17c":95,"86a22252":95,"0000dece":95,"ce5efdbe":95,"58ace2b5":95,"d379fd96":95,"7b819458":95,"7f8024cd":95,"ae562513":95,"7b66dacd":95,"9ab137d7":95,"7191d1cd":95,"005354dd":95,"43205b5d":95,"8982905a":95,"f6fe1ad7":95,"230064fa":95,"764e0abb":95,"bba6d88e":95,"ea3479ec":95,"32266fa3":95,"50b090c3":95,"8be24763":95,"eb4800b2":95,"6e0ce9dc":95,"87d9bec4":95,"e30dfa0c":95,"6da34174":95,"bfb849fa":95,"0a10b423":95,"9ef7cee7":95,"49f1a0d1":95,"5f04aa76":95,"ba297382":95,"0287db2a":95,"96abe4a9":95,"753b10b1":95,"cf14bd99":95,"782022f4":95,"322e833f":95,"ab3619e4":95,"106006ad":95,"c8237be9":95,"1416e8f5":95,"dde2eed5":95,"a208caa8":95,"16605353":95,"77b39e15":95,"f1726edb":95,"92b72493":95,"d3e58903":95,"4481c4be":95,"7954891b":95,"4afd60a9":95,"d44c0ea3":95,"68f87858":95,"533bac6b":95,"41634dba":95,"5b09e53e":95,"da5bb0f7":95,"6d925c84":95,"50b23ab2":95,"edfa56d4":95,"899c16eb":95,"41c76041":95,"6bb1fa99":95,"d73ff72e":95,"43fd1327":95,"113e7f4b":95,"8cce569a":95,"ce6401b6":95,"6f57824c":95,"28bd7aa1":95,"1d52fb0d":95,"cde0d748":95,"535ed444":95,"710f0d0e":95,"0905f1fb":95,"a20e529c":95,"1ae76fcc":95,"35b161d3":95,"344cd1a3":95,"77ea1236":95,"96d2a118":95,"23a0e41f":95,"b32a1080":95,"a2c4b591":95,"6dfa57be":95,"1854ce44":95,"f92b22f1":95,"ece12664":95,"36f4ecde":95,"568a0d58":95,"5fd569d2":95,"10c8fd03":95,"bd4ccb49":95,"e773d697":95,"7e8c11e7":95,"077eb15a":95,"5337c279":95,"8d256cb6":95,"7021c619":95,"32ae00db":95,"bf2defb2":95,"bc733a28":95,"30d32d34":95,"886c16d3":95,"e8d09b62":95,"3b3569f6":95,"b01ab62a":95,"76da16fa":95,"bffee581":95,"07150038":95,"080fa362":95,"7b6945ad":95,"a40d08e1":95,"cec79bc2":95,"d2eff358":95,"e70aebb5":95,"61c0ca91":95,"d2fda7be":95,"ce20ca3c":95,"1d2d958b":95,"81fb6a01":95,"7f5b27c8":95,"fb3444d9":95,"f05de640":95,"86a68967":95,"56cd4dca":95,"7f469f4c":95,"f92dedfc":95,"355d1489":95,"f96fc1af":95,"06713bac":95,"61aca924":95,"d97fb857":95,"59ff5ec6":95,"ef04e64e":95,"6e2d04de":95,"2fca1798":95,"05028839":95,"5488826c":95,"84fff5c1":95,"c649992d":95,"d5ad3ed6":95,"8e5f7187":95,"55ba7579":95,"b7769ca6":95,"9c27de51":95,"38a75b48":95,"1792bfa3":95,"426f1904":95,"7c0f1ca9":95,"b2f820ac":95
1601327095084,"25d4f65d":95,"eddb6a2a":95,"ff8a00aa":95,"c146560b":95,"985068e7":95,"d543ba6f":95,"f7ffcbb8":95,"5728f934":95,"00b26865":95,"c333337d":95,"815c56bc":95,"5bd61a68":95,"8582c5cf":95,"0c353665":95,"231e8700":95,"1f9fbd85":95,"43f24679":95,"a1c0dfc4":95,"78f71162":95,"4b27a9a4":95,"163f4d19":95,"1d043d5a":95,"b2f82e06":95,"a488b2f1":95,"4caa87d6":95,"f7076e21":95,"69e653b6":95,"98d2991b":95,"3b411d6a":95,"83826ef3":95,"595609d5":95,"f1e86522":95,"b47f1b89":95,"fa03f48f":95,"5298dafa":95,"8e6caf71":95,"9a3433b8":95,"25f7f918":95,"c5311ebb":95,"b89112cb":95,"105bb3f6":95,"66736d5e":95,"58de5462":95,"30de89a7":95,"f01c896d":95,"06aaa33f":95,"1f2670d0":95,"320c65bf":95,"1fa1e7c2":95,"962c9c8f":95,"646af2b9":95,"aec0bf28":95,"a017a323":95,"659389ad":95,"8801c469":95,"240c8679":95,"0718c3be":95,"b6281f1a":95,"48c6df81":95,"8b503f7b":95,"5e165f43":95,"87a8523c":95,"f8785b71":95,"c416baa6":95,"ae350a07":95,"ab4a411a":95,"d7a4b24c":95,"680a32a6":95,"686d5c0b":95,"83ba647d":95,"cb0bd6b7":95,"f15eb1c5":95,"71789493":95,"8e426e39":95,"51909df8":95,"5ac72353":95,"d1b14d06":95,"e22b0973":95,"f6c074a7":95,"23646ff9":95,"3abb827b":95,"ffd6849d":95,"0c73c293":95,"962fca02":95,"9666b973":95,"653b27c7":95,"83b37fd6":95,"4d852788":95,"e43a9448":95,"3542b748":95,"379c53ab":95,"e396d80d":95,"7da61f27":95,"dc874a97":95,"272e7d0d":95,"f92596ee":95,"68831ea9":95,"9713d076":95,"fd098272":95,"6ee788a7":95,"8249641d":95,"45b0968f":95,"6a9bb182":95,"1f1afd4f":95,"25fb8826":95,"0dc5da58":95,"2874a625":95,"e61ae828":95,"f7ac3883":95,"b6b8e5c7":95,"e82177d3":95,"89914b94":95,"04bdf5e1":95,"da8b42be":95,"3b0576bf":95,"9458934f":95,"1dcc489c":95,"945badf3":95,"1327775b":95,"bdd40125":95,"75fd47f7":95,"1c52a07e":95,"e70ccc25":95,"afd1494f":95,"ca6bffd3":95,"829c44a4":95,"e76e2617":95,"2b4fd52e":95,"57162572":95,"d1d50cfe":95,"75968179":95,"88929b06":95,"08c4692e":95,"bc8bdc23":95,"a71f3f70":95,"5b2479ef":95,"1f7aa83c":95,"1d882c36":95,"eb62e8f2":95,"732d62ee":95,"d4b0751c":95,"5b01444b":95,"79995b62":95,"808bc372":95,"c792a7c1":95,"97160db8":95,"589f0d6e":95,"5a7da061":95,"51b4016a":95,"06a94514":95,"73c420df":95,"46bf9112":95,"092ad3d6":95,"0700da70":95,"bf940089":95,"ff591765":95,"93f12198":95,"01f34f98":95,"1670b0d3":95,"62e270e5":95,"66b1b6d7":95,"ec97d63e":95,"b062adc4":95,"94208a41":95,"4aae5133":95,"2cbcad17":95,"63a3af32":95,"4dccb5ca":95,"83268abf":95,"3fec4b0b":95,"578c4c95":95,"faa3de3e":95,"44983d13":95,"c606b472":95,"80999122":95,"72af9198":95,"e39e9552":95,"81c1b70d":95,"e72f0f82":95,"88374b72":95,"fdfaf1ed":95,"ea981bed":95,"5e197575":95,"e587c4d0":95,"525b2635":95,"caa38a45":95,"a9987a58":95,"5b0b43e6":95,"b5474d69":95,"5a938eeb":95,"4fe0dedf":95,"951fc6d0":95,"61892a4c":95,"f096219e":95,"a3f0a6ec":95,"01051f84":95,"aa7e370d":95,"f995eeab":95,"4006e709":95,"0dedf63e":95,"a9d5374b":95,"4321f02d":95,"089b3f8f":95,"7698d0dc":95,"784414ce":95,"2df3efdb":95,"d0f1b7bd":95,"e7799883":95,"4f9456cf":95,"6e260ee8":95,"f4f84279":95,"b0950de5":95,"6f873999":95,"1f4e0e22":95,"60d69311":95,"3b09f1de":95,"b371f44a":95,"8b6180ff":95,"85a220de":95,"40a7cdd2":95,"ac033c7b":95,"87759976":95,"4df3f62e":95,"c881a53e":95,"80c1c8b1":95,"cf52acd8":95,"a63cb4ce":95,"d3b3492b":95,"7580cfa4":95,"22a96386":95,"5c672b50":95,"5df16440":95,"b666e56d":95,"8db378ff":95,"784d6375":95,"4541bf85":95,"a6b13f20":95,"2459c882":95,"3df97186":95,"ef0490de":95,"e0f47ced":95,"309bbf54":95,"cc537772":95,"6618390c":95,"99cc0813":95,"dc32c4e1":95,"239c636e":95,"6ee160ff":95,"c55d40ca":95,"22c177a8":95,"00ae883f":95,"a8edfe84":95,"2ed19b1e":95,"959e16ea":95,"02f76c64":95,"5c6d1f33":95,"b4801cae":95,"c3c2fd05":95,"ccd01528":95,"dab8cf68":95,"00f2a9cb":95,"916fe082":95,"b64dba8e":95,"c3bb30ce":95,"86219c70":95,"601990d8":95,"5c662c19":95,"d2a5d2fd":95,"89d220c2":95,"3e10c9cb":95,"5500a3e8":95,"3c0e87ac":95,"a891461f":95,"a246cdab":95,"117c7f0b":95,"0d21cf99":95,"14e6fe14":95,"37ec5e73":95,"bfff7913":95,"f8636899":95,"37724339":95,"d45d9727":95,"ee5ff2a3":95,"44322dfd":95,"295e4d1d":95,"8cf6570a":95,"403064a0":95,"312af46e":95,"b5a9f8c3":95,"fcbc0ae8":95,"2ff6b6a8":95,"66a71cc1":95,"bf4b58e4":95,"f8c97147":95,"c2526ff3":95,"cc386067":95,"a22ffd8f":95,"3cd28a4d":95,"44a12c31":95,"8819ac24":95,"dbbf7f69":95,"dfe4a061":95,"c2bf7d51":95,"781afef6":95,"de9229a0":95,"99a5feef":95,"f6266388":95,"e64fd39c":95,"e1b3ce36":95,"625fa164":95,"0c6ae551":95,"e8f4c1dd":95,"cede8b8c":95,"ad95ff4a":95,"893a99c5":95,"d8bf32b5":95,"0eb42efe":95,"03c4ab87":95,"4e3d3af7":95,"45a961ca":95,"5ca978fd":95,"668e601b":95,"7552d86c":95,"02ebf3b6":95,"bb17a968":95,"4abcb85d":95,"cba26072":95,"2a718dcc":95,"c6a9a8e1":95,"f416ee62":95,"0d2b182d":95,"320754c3":95,"232b2f64":95,"3171b6e7":95,"3b25460f":95,"d2064756":95,"88854fd0":95,"8dc27d2a":95,"41d7f05d":95,"2b851827":95,"9f428a03":95,"4d504d96":95,"0533ece1":95,"bcee2ef3":95,"0afba00c":95,"04ff8100":95,"6c00d8d6":95,"ac9a02bc":95,"acfe69ed":95,"426603ff":95,"2db2f252":95,"2e84193b":95,"c55683c9":95,"51233daf":95,"02791635":95,"be081247":95,"5cc47d1b":95,"678b846f":95,"b4bd39d8":95,"b4cdbe5d":95,"fa0386f3":95,"b95d0f17":95,"3a4803a8":95,"f7a7de5d":95,"d4e56c3e":95,"0c045c2d":95,"8efd4801":95,"7eb8f268":95,"20236d3e":95,"36ae8cd8":95,"3ddd5391":95,"07f69c6d":95,"2254f0f5":95,"ea282e84":95,"6653c83b":95,"c896052c":95,"287ecd1c":95,"f9376d3e":95,"07a94e8c":95,"bb017b49":95,"37b52fe4":95,"61ad1519":95,"819c4185":95,"ba69b06b":95,"7d2a2cb4":95,"4f62491c":95,"70b4c438":95,"71ed93db":95,"c92efaa8":95,"c241ac7e":95,"62a45672":95,"210e507a":95,"ac6e268b":95,"cee9c347":95,"742238e8":95
1601327096779,"7800e7ce":96,"77869ff0":96,"4b8f7b16":96,"89f75690":96,"cb363e2f":96,"cd802f02":96,"d3cca7eb":96,"e866a899":96,"5690e712":96,"0b92d2a9":96,"070bed95":96,"67e5d108":96,"3d37b94b":96,"842c97c2":96,"c4cef92b":96,"0eecdc5b":96,"b7e495ea":96,"45ec63c0":96,"0ddfde2c":96,"a8b41774":96,"81f0da2d":96,"1fcc8ba4":96,"75a9c117":96,"12ba54ec":96,"be391c1a":96,"37d8a5b7":96,"d5ab81c4":96,"2ecde685":96,"f0bd52d3":96,"dcc20f76":96,"666a8ef0":96,"c5b609f1":96,"4dc5849a":96,"d605c755":96,"8a8c1d67":96,"cc6b3306":96,"8c2dfd9a":96,"f11267b9":96,"a483b15e":96,"f80ab49d":96,"95eaed39":96,"a5ba0ebb":96,"f53362a9":96,"1901ef7e":96,"960c2e6b":96,"3515e999":96,"d11f8f1b":96,"9d9eb027":96,"325f9a29":96,"503aafe5":96,"080d5d42":96,"5d03f5dc":96,"f0a01341":96,"1ee4d9f9":96,"0d6e45e7":96,"0da97151":96,"e829038c":96,"4987cfb5":96,"ba90687c":96,"77f2cf92":96,"037e2be4":96,"9e7dbd20":96,"0c086273":96,"ac13c3b0":96,"b4d9c57f":96,"5d53c964":96,"8ee9cc91":96,"4cc0af91":96,"55f6a2ba":96,"9559ea96":96,"9cb044bf":96,"16b25add":96,"80ee333e":96,"3b329af2":96,"1cd662bf":96,"72992b35":96,"47589344":96,"593b1533":96,"e9f6e5ce":96,"ed6bead5":96,"96f594b9":96,"94dfcfc5":96,"8301986e":96,"830ecfec":96,"a8bae791":96,"312009ee":96,"c98759fd":96,"e8b6d676":96,"45ee5840":96,"76f04033":96,"43480b19":96,"fd955858":96,"69798d15":96,"efea71fa":96,"fb3aa867":96,"c9cf710b":96,"fcacdeb3":96,"0ea055ed":96,"e3b1bdf8":96,"644b45fb":96
1601327097516,"0ccf4731":96,"c7c6782d":96,"54346574":96,"b12cbf87":96,"81942d9b":96,"699b90c1":96,"d9b5a7a8":96,"1e7914d2":96,"e5d8fdb2":96,"3412ab75":96,"bcac5daf":96,"62d028cc":96,"0af2cf39":96,"27491297":96,"d041ea86":96,"1eda11b2":96,"fc442678":96,"d5d94481":96,"ffe48500":96,"c7a45a33":96,"faffe099":96,"e99490cd":96,"3b830769":96,"583f0305":96,"1557c50a":96,"249e80ab":96,"f52a3d94":96,"eb74d3dd":96,"3bcbc28d":96,"3c0455e7":96,"df203c79":96,"df1e1ac0":96,"491708eb":96,"e421caaa":96,"2d2ecf27":96,"d38a4953":96,"eba5efdd":96,"a5463f93":96,"c85ac4f8":96,"bc253f4f":96,"0d9d2bf8":96,"846b7f11":96,"d3411467":96,"1df0ce7f":96,"a08171d0":96,"c8bc5677":96,"dfca0518":96,"b9a21017":96,"e47705d3":96,"3cae4115":96,"590ce3d3":96,"1802d7ce":96,"0a49914b":96,"5d3f5cad":96,"cf347cba":96,"fc0c23f7":96,"641f9b9e":96,"c92edec5":96,"9f03c1e7":96,"06c24a8d":96,"2f35e75f":96,"3eddf7c8":96,"77970f8b":96,"efd594d5":96,"4718294d":96,"5352cf45":96,"e0ffe8ff":96,"ae14d6b5":96,"721f5f42":96,"0b50bca6":96,"bf2ca266":96,"5d8d9641":96,"0de67c6c":96,"2311399f":96,"5e3ebf5e":96,"9f6ca218":96,"6213799d":96,"44cb1fd2":96,"baf19c25":96,"24a79a6e":96,"edde30af":96,"4d949e11":96,"df12f689":96,"1da10cbf":96,"832c48e4":96,"dc90a44c":96,"1ad7c45b":96,"5566c17c":96,"86a22252":96,"0000dece":96,"ce5efdbe":96,"58ace2b5":96,"d379fd96":96,"7b819458":96,"7f8024cd":96,"ae562513":96,"7b66dacd":96,"9ab137d7":96,"7191d1cd":96,"005354dd":96,"cf14bd99":96,"782022f4":96,"322e833f":96,"ab3619e4":96,"106006ad":96,"c8237be9":96,"1416e8f5":96,"dde2eed5":96,"a208caa8":96,"16605353":96,"77b39e15":96,"f1726edb":96,"18c73816":96,"e491161e":96,"b5087677":96,"16f60bed":96,"cb0c3481":96,"7664512c":96,"df9a53b8":96,"f6c27b2b":96,"945f6c24":96,"f1daea7e":96,"b8fb90e3":96,"56227e35":96,"0d6bf22a":96,"b87321d0":96,"43205b5d":96,"8982905a":96,"f6fe1ad7":96,"230064fa":96,"764e0abb":96,"bba6d88e":96,"ea3479ec":96,"32266fa3":96,"50b090c3":96,"8be24763":96,"eb4800b2":96,"6e0ce9dc":96,"87d9bec4":96,"e30dfa0c":96,"6da34174":96,"bfb849fa":96,"0a10b423":96,"9ef7cee7":96,"49f1a0d1":96,"5f04aa76":96,"ba297382":96,"0287db2a":96,"96abe4a9":96,"753b10b1":96,"92b72493":96,"d3e58903":96,"4481c4be":96,"7954891b":96,"4afd60a9":96,"d44c0ea3":96,"68f87858":96,"533bac6b":96,"41634dba":96,"43fd1327":96,"113e7f4b":96,"8cce569a":96,"ce6401b6":96,"6f57824c":96,"28bd7aa1":96,"1d52fb0d":96,"cde0d748":96,"535ed444":96,"710f0d0e":96,"0905f1fb":96,"a20e529c":96,"1ae76fcc":96,"35b161d3":96,"344cd1a3":96,"77ea1236":96,"96d2a118":96,"23a0e41f":96,"b32a1080":96,"a2c4b591":96,"6dfa57be":96,"1854ce44":96,"f92b22f1":96,"ece12664":96,"36f4ecde":96,"568a0d58":96,"5fd569d2":96,"10c8fd03":96,"bd4ccb49":96,"e773d697":96,"7e8c11e7":96,"077eb15a":96,"5337c279":96,"8d256cb6":96,"7021c619":96,"32ae00db":96,"bf2defb2":96,"bc733a28":96,"30d32d34":96,"886c16d3":96,"e8d09b62":96,"5b09e53e":96,"da5bb0f7":96,"6d925c84":96,"50b23ab2":96,"edfa56d4":96,"899c16eb":96,"41c76041":96,"6bb1fa99":96,"d73ff72e":96,"61c0ca91":96,"d2fda7be":96,"ce20ca3c":96,"1d2d958b":96,"81fb6a01":96,"7f5b27c8":96,"fb3444d9":96,"f05de640":96,"86a68967":96,"56cd4dca":96,"7f469f4c":96,"f92dedfc":96,"355d1489":96,"f96fc1af":96,"06713bac":96,"61aca924":96,"d97fb857":96,"59ff5ec6":96,"ef04e64e":96,"6e2d04de":96,"2fca1798":96,"05028839":96,"5488826c":96,"84fff5c1":96,"c649992d":96,"d5ad3ed6":96,"8e5f7187":96,"55ba7579":96,"b7769ca6":96,"9c27de51":96,"38a75b48":96,"1792bfa3":96,"426f1904":96,"7c0f1ca9":96,"b2f820ac":96,"25d4f65d":96,"eddb6a2a":96,"ff8a00aa":96,"c146560b":96,"985068e7":96,"d543ba6f":96,"3b3569f6":96,"b01ab62a":96,"76da16fa":96,"bffee581":96,"07150038":96,"080fa362":96,"7b6945ad":96,"a40d08e1":96,"cec79bc2":96,"d2eff358":96,"e70aebb5":96,"a488b2f1":96,"4caa87d6":96,"f7076e21":96,"69e653b6":96,"98d2991b":96,"3b411d6a":96,"f1e86522":96,"83826ef3":96,"fa03f48f":96,"595609d5":96,"b47f1b89":96,"5298dafa":96,"8e6caf71":96,"25f7f918":96,"9a3433b8":96,"c5311ebb":96,"b89112cb":96,"105bb3f6":96,"f7ffcbb8":96,"5728f934":96,"00b26865":96,"c333337d":96,"815c56bc":96,"5bd61a68":96,"8582c5cf":96,"0c353665":96,"231e8700":96,"1f9fbd85":96,"43f24679":96,"a1c0dfc4":96,"78f71162":96,"4b27a9a4":96,"163f4d19":96,"1d043d5a":96,"b2f82e06":96,"5b0b43e6":96,"b5474d69":96,"5a938eeb":96,"4fe0dedf":96,"951fc6d0":96,"61892a4c":96,"f096219e":96,"a3f0a6ec":96,"01051f84":96,"aa7e370d":96,"f995eeab":96,"4006e709":96,"0dedf63e":96,"a9d5374b":96,"4321f02d":96,"089b3f8f":96,"7698d0dc":96,"784414ce":96,"2df3efdb":96,"d0f1b7bd":96,"e7799883":96,"4f9456cf":96,"6e260ee8":96,"f4f84279":96,"b0950de5":96,"9666b973":96,"653b27c7":96,"83b37fd6":96,"4d852788":96,"e43a9448":96,"3542b748":96,"379c53ab":96,"e396d80d":96,"7da61f27":96,"dc874a97":96,"85a220de":96,"40a7cdd2":96,"ac033c7b":96,"87759976":96,"4df3f62e":96,"c881a53e":96,"6f873999":96,"1f4e0e22":96,"ca6bffd3":96,"829c44a4":96,"e76e2617":96,"2b4fd52e":96,"57162572":96,"d1d50cfe":96,"60d69311":96,"3b09f1de":96,"b371f44a":96,"8b6180ff":96,"8819ac24":96,"dbbf7f69":96,"272e7d0d":96,"f92596ee":96,"68831ea9":96,"9713d076":96,"fd098272":96,"6ee788a7":96,"8249641d":96,"45b0968f":96,"6a9bb182":96,"1f1afd4f":96,"25fb8826":96,"0dc5da58":96,"2874a625":96,"e61ae828":96,"f7ac3883":96,"ccd01528":96,"dab8cf68":96,"00f2a9cb":96,"916fe082":96,"b64dba8e":96,"c3bb30ce":96,"86219c70":96,"601990d8":96,"5c662c19":96,"d2a5d2fd":96,"89d220c2":96,"3e10c9cb":96,"5500a3e8":96,"3c0e87ac":96,"a891461f":96,"a246cdab":96,"117c7f0b":96,"0d21cf99":96,"14e6fe14":96,"37ec5e73":96,"bfff7913":96,"092ad3d6":96,"62e270e5":96,"66b1b6d7":96,"bf940089":96,"01f34f98":96,"b062adc4":96,"1670b0d3":96,"4aae5133":96,"ec97d63e":96,"63a3af32":96,"94208a41":96,"3fec4b0b":96,"faa3de3e":96,"2cbcad17":96,"4dccb5ca":96,"44983d13":96,"80999122":96,"83268abf":96,"578c4c95":96,"72af9198":96,"e39e9552":96,"c606b472":96,"81c1b70d":96,"e72f0f82":96,"88374b72":96,"fdfaf1ed":96,"ea981bed":96,"5e197575":96,"e587c4d0":96,"525b2635":96,"caa38a45":96,"a9987a58":96,"b6b8e5c7":96,"e82177d3":96,"89914b94":96,"04bdf5e1":96,"da8b42be":96,"3b0576bf":96,"9458934f":96,"1dcc489c":96,"945badf3":96,"1327775b":96,"bdd40125":96,"75fd47f7":96,"1c52a07e":96,"e70ccc25":96,"afd1494f":96,"dfe4a061":96,"58de5462":96,"66736d5e":96,"f01c896d":96,"30de89a7":96,"1f2670d0":96,"06aaa33f":96,"320c65bf":96,"962c9c8f":96,"aec0bf28":96,"1fa1e7c2":96,"646af2b9":96,"a017a323":96,"8801c469":96,"659389ad":96,"b6281f1a":96,"240c8679":96,"48c6df81":96,"0718c3be":96,"5e165f43":96,"8b503f7b":96,"f8785b71":96,"87a8523c":96,"c416baa6":96,"ab4a411a":96,"ae350a07":96,"d7a4b24c":96,"680a32a6":96,"686d5c0b":96,"83ba647d":96,"f15eb1c5":96,"71789493":96,"cb0bd6b7":96,"8e426e39":96,"5ac72353":96,"d1b14d06":96,"51909df8":96,"e22b0973":96,"f6c074a7":96,"23646ff9":96,"ffd6849d":96,"3abb827b":96,"962fca02":96,"0c73c293":96,"75968179":96,"88929b06":96,"bc8bdc23":96,"08c4692e":96,"a71f3f70":96,"1f7aa83c":96,"5b2479ef":96,"732d62ee":96,"1d882c36":96,"808bc372":96,"eb62e8f2":96,"d4b0751c":96,"c792a7c1":96,"5a7da061":96,"5b01444b":96,"79995b62":96,"06a94514":96,"97160db8":96,"73c420df":96,"589f0d6e":96,"0700da70":96,"51b4016a":96,"ff591765":96,"93f12198":96,"46bf9112":96,"c2bf7d51":96,"781afef6":96,"de9229a0":96,"99a5feef":96,"f6266388":96,"e64fd39c":96,"e1b3ce36":96,"625fa164":96,"0c6ae551":96,"e8f4c1dd":96,"cede8b8c":96,"ad95ff4a":96,"893a99c5":96,"d8bf32b5":96,"0eb42efe":96,"03c4ab87":96,"4e3d3af7":96,"3a4803a8":96,"f7a7de5d":96,"d4e56c3e":96,"0c045c2d":96,"8efd4801":96,"7eb8f268":96,"20236d3e":96,"36ae8cd8":96,"3ddd5391":96,"80c1c8b1":96,"cf52acd8":96,"a63cb4ce":96,"d3b3492b":96,"7580cfa4":96,"22a96386":96,"5c672b50":96,"5df16440":96,"b666e56d":96,"8db378ff":96,"784d6375":96,"4541bf85":96,"a6b13f20":96,"2459c882":96,"3df97186":96,"ef0490de":96,"e0f47ced":96,"309bbf54":96,"cc537772":96,"6618390c":96,"99cc0813":96,"dc32c4e1":96,"239c636e":96,"6ee160ff":96,"c55d40ca":96,"22c177a8":96,"00ae883f":96,"f416ee62":96,"0d2b182d":96,"320754c3":96,"232b2f64":96,"3171b6e7":96,"3b25460f":96,"d2064756":96,"07f69c6d":96,"f8636899":96,"37724339":96,"d45d9727":96,"ee5ff2a3":96,"44322dfd":96,"295e4d1d":96,"8cf6570a":96,"403064a0":96,"312af46e":96,"b5a9f8c3":96,"fcbc0ae8":96,"2ff6b6a8":96,"66a71cc1":96,"bf4b58e4":96,"2254f0f5":96,"a8edfe84":96,"2ed19b1e":96,"959e16ea":96,"02f76c64":96,"5c6d1f33":96,"b4801cae":96,"c3c2fd05":96,"f8c97147":96,"c2526ff3":96,"cc386067":96,"a22ffd8f":96,"3cd28a4d":96,"44a12c31":96,"45a961ca":96,"5ca978fd":96,"ea282e84":96,"6653c83b":96,"c896052c":96,"287ecd1c":96,"f9376d3e":96,"07a94e8c":96,"bb017b49":96,"37b52fe4":96,"61ad1519":96,"819c4185":96,"ba69b06b":96,"7d2a2cb4":96,"4f62491c":96,"70b4c438":96,"71ed93db":96,"c92efaa8":96,"c241ac7e":96,"62a45672":96,"210e507a":96,"ac6e268b":96,"742238e8":96,"668e601b":96,"7552d86c":96,"02ebf3b6":96,"bb17a968":96,"4abcb85d":96,"cba26072":96,"2a718dcc":96,"c6a9a8e1":96,"88854fd0":96,"8dc27d2a":96,"41d7f05d":96,"2b851827":96,"9f428a03":96,"4d504d96":96,"0533ece1":96,"bcee2ef3":96,"0afba00c":96,"04ff8100":96,"6c00d8d6":96,"ac9a02bc":96,"acfe69ed":96,"426603ff":96,"2db2f252":96,"2e84193b":96,"c55683c9":96,"51233daf":96,"02791635":96,"be081247":96,"5cc47d1b":96,"678b846f":96,"b4bd39d8":96,"b4cdbe5d":96,"fa0386f3":96,"b95d0f17":96,"cee9c347":96
1601327099578,"7800e7ce":97,"77869ff0":97,"4b8f7b16":97,"89f75690":97,"cb363e2f":97,"cd802f02":97,"d3cca7eb":97,"e866a899":97,"5690e712":97,"0b92d2a9":97,"070bed95":97,"67e5d108":97,"3d37b94b":97,"842c97c2":97,"c4cef92b":97,"0eecdc5b":97,"b7e495ea":97,"45ec63c0":97,"0ddfde2c":97,"a8b41774":97,"81f0da2d":97,"1fcc8ba4":97,"75a9c117":97,"12ba54ec":97,"be391c1a":97,"37d8a5b7":97,"d5ab81c4":97,"2ecde685":97,"f0bd52d3":97,"dcc20f76":97,"666a8ef0":97,"c5b609f1":97,"4dc5849a":97,"d605c755":97,"8a8c1d67":97,"cc6b3306":97,"8c2dfd9a":97,"f11267b9":97,"a483b15e":97,"f80ab49d":97,"95eaed39":97,"a5ba0ebb":97,"f53362a9":97,"1901ef7e":97,"960c2e6b":97,"3515e999":97,"d11f8f1b":97,"9d9eb027":97,"325f9a29":97,"503aafe5":97,"080d5d42":97,"5d03f5dc":97,"f0a01341":97,"1ee4d9f9":97,"0d6e45e7":97,"0da97151":97,"e829038c":97,"4987cfb5":97,"ba90687c":97,"77f2cf92":97,"037e2be4":97,"9e7dbd20":97,"0c086273":97,"ac13c3b0":97,"b4d9c57f":97,"5d53c964":97,"8ee9cc91":97,"4cc0af91":97,"55f6a2ba":97,"9559ea96":97,"9cb044bf":97,"16b25add":97,"80ee333e":97,"3b329af2":97,"1cd662bf":97,"72992b35":97,"47589344":97,"593b1533":97,"e9f6e5ce":97,"ed6bead5":97,"96f594b9":97,"94dfcfc5":97,"8301986e":97,"830ecfec":97,"a8bae791":97,"312009ee":97,"c98759fd":97,"e8b6d676":97,"45ee5840":97,"76f04033":97,"43480b19":97,"fd955858":97,"d5d94481":97,"ffe48500":97,"c7a45a33":97,"faffe099":97,"e99490cd":97,"3b830769":97,"583f0305":97,"1557c50a":97,"249e80ab":97,"f52a3d94":97,"eb74d3dd":97,"3bcbc28d":97,"3c0455e7":97,"df203c79":97,"df1e1ac0":97,"491708eb":97,"e421caaa":97,"2d2ecf27":97,"d38a4953":97,"eba5efdd":97,"a5463f93":97,"c85ac4f8":97,"bc253f4f":97,"0d9d2bf8":97,"846b7f11":97,"d3411467":97,"1df0ce7f":97,"a08171d0":97,"69798d15":97,"efea71fa":97,"fb3aa867":97,"c9cf710b":97,"fcacdeb3":97,"0ea055ed":97,"e3b1bdf8":97,"644b45fb":97,"c8bc5677":97,"dfca0518":97,"b9a21017":97,"e47705d3":97,"3cae4115":97,"0ccf4731":97,"c7c6782d":97,"54346574":97,"b12cbf87":97,"81942d9b":97,"699b90c1":97,"d9b5a7a8":97,"1e7914d2":97,"e5d8fdb2":97,"3412ab75":97,"bcac5daf":97,"62d028cc":97,"0af2cf39":97,"27491297":97,"d041ea86":97,"1eda11b2":97,"fc442678":97,"18c73816":97,"e491161e":97,"b5087677":97,"16f60bed":97,"cb0c3481":97,"7664512c":97,"df9a53b8":97,"f6c27b2b":97,"945f6c24":97,"f1daea7e":97,"b8fb90e3":97,"56227e35":97,"0d6bf22a":97,"b87321d0":97,"43205b5d":97,"8982905a":97,"f6fe1ad7":97,"590ce3d3":97,"1802d7ce":97,"0a49914b":97,"5d3f5cad":97,"cf347cba":97,"fc0c23f7":97,"641f9b9e":97,"c92edec5":97,"9f03c1e7":97,"06c24a8d":97,"2f35e75f":97,"3eddf7c8":97,"77970f8b":97,"efd594d5":97,"4718294d":97,"5352cf45":97,"e0ffe8ff":97,"ae14d6b5":97,"721f5f42":97,"0b50bca6":97,"bf2ca266":97,"5d8d9641":97,"0de67c6c":97,"2311399f":97,"5e3ebf5e":97,"9f6ca218":97,"6213799d":97,"44cb1fd2":97,"baf19c25":97,"24a79a6e":97,"edde30af":97,"4d949e11":97,"230064fa":97,"764e0abb":97,"bba6d88e":97,"ea3479ec":97,"32266fa3":97,"50b090c3":97,"8be24763":97,"eb4800b2":97,"6e0ce9dc":97,"87d9bec4":97,"e30dfa0c":97,"6da34174":97,"bfb849fa":97,"0a10b423":97,"9ef7cee7":97,"49f1a0d1":97,"5f04aa76":97,"ba297382":97,"0287db2a":97,"96abe4a9":97,"753b10b1":97,"cf14bd99":97,"782022f4":97,"322e833f":97,"ab3619e4":97,"106006ad":97,"c8237be9":97,"1416e8f5":97,"dde2eed5":97,"a208caa8":97,"16605353":97,"77b39e15":97,"f1726edb":97,"df12f689":97,"1da10cbf":97,"832c48e4":97,"dc90a44c":97,"1ad7c45b":97,"5566c17c":97,"86a22252":97,"0000dece":97,"ce5efdbe":97,"58ace2b5":97,"d379fd96":97,"7b819458":97,"7f8024cd":97,"ae562513":97,"7b66dacd":97,"9ab137d7":97,"7191d1cd":97,"005354dd":97,"92b72493":97,"d3e58903":97,"4481c4be":97,"7954891b":97,"4afd60a9":97,"d44c0ea3":97,"68f87858":97,"533bac6b":97,"41634dba":97,"43fd1327":97,"113e7f4b":97,"8cce569a":97,"ce6401b6":97,"6f57824c":97,"28bd7aa1":97,"1d52fb0d":97,"cde0d748":97,"535ed444":97,"710f0d0e":97,"0905f1fb":97,"a20e529c":97,"1ae76fcc":97,"35b161d3":97,"344cd1a3":97,"77ea1236":97,"96d2a118":97,"23a0e41f":97,"b32a1080":97,"a2c4b591":97,"6dfa57be":97,"1854ce44":97,"f92b22f1":97,"ece12664":97,"36f4ecde":97,"568a0d58":97,"5fd569d2":97,"10c8fd03":97,"bd4ccb49":97,"e773d697":97,"7e8c11e7":97,"077eb15a":97,"5337c279":97,"8d256cb6":97,"7021c619":97,"32ae00db":97,"bf2defb2":97,"bc733a28":97,"30d32d34":97
1601327099844,"5b09e53e":97,"da5bb0f7":97,"6d925c84":97,"50b23ab2":97,"edfa56d4":97,"899c16eb":97,"41c76041":97,"6bb1fa99":97,"d73ff72e":97,"61c0ca91":97,"d2fda7be":97,"ce20ca3c":97,"1d2d958b":97,"81fb6a01":97,"7f5b27c8":97,"fb3444d9":97,"f05de640":97,"86a68967":97,"886c16d3":97,"e8d09b62":97,"3b3569f6":97,"b01ab62a":97,"76da16fa":97,"bffee581":97,"07150038":97,"080fa362":97,"56cd4dca":97,"7f469f4c":97,"f92dedfc":97,"355d1489":97,"f96fc1af":97,"06713bac":97,"61aca924":97,"d97fb857":97,"59ff5ec6":97,"ef04e64e":97,"6e2d04de":97,"2fca1798":97,"05028839":97,"5488826c":97,"84fff5c1":97,"c649992d":97,"d5ad3ed6":97,"8e5f7187":97,"55ba7579":97,"b7769ca6":97,"9c27de51":97,"38a75b48":97,"1792bfa3":97,"426f1904":97,"7c0f1ca9":97,"b2f820ac":97,"25d4f65d":97,"eddb6a2a":97,"ff8a00aa":97,"c146560b":97,"985068e7":97,"d543ba6f":97,"f7ffcbb8":97,"5728f934":97,"00b26865":97,"c333337d":97,"815c56bc":97,"5bd61a68":97,"8582c5cf":97,"0c353665":97,"231e8700":97,"1f9fbd85":97,"7b6945ad":97,"a40d08e1":97,"cec79bc2":97,"d2eff358":97,"e70aebb5":97,"a488b2f1":97,"4caa87d6":97,"f1e86522":97,"f7076e21":97,"69e653b6":97,"fa03f48f":97,"5298dafa":97,"98d2991b":97,"3b411d6a":97,"25f7f918":97,"c5311ebb":97,"83826ef3":97,"595609d5":97,"105bb3f6":97,"58de5462":97,"b47f1b89":97,"f01c896d":97,"8e6caf71":97,"1f2670d0":97,"9a3433b8":97,"b89112cb":97,"962c9c8f":97,"66736d5e":97,"aec0bf28":97,"a017a323":97,"30de89a7":97,"06aaa33f":97,"8801c469":97,"320c65bf":97,"b6281f1a":97,"48c6df81":97,"1fa1e7c2":97,"646af2b9":97,"5e165f43":97,"f8785b71":97,"659389ad":97,"ab4a411a":97,"240c8679":97,"d7a4b24c":97,"0718c3be":97,"686d5c0b":97,"8b503f7b":97,"87a8523c":97,"f15eb1c5":97,"c416baa6":97,"71789493":97,"5ac72353":97,"ae350a07":97,"680a32a6":97,"d1b14d06":97,"f6c074a7":97,"83ba647d":97,"cb0bd6b7":97,"ffd6849d":97,"43f24679":97,"a1c0dfc4":97,"78f71162":97,"4b27a9a4":97,"163f4d19":97,"1d043d5a":97,"b2f82e06":97,"5b0b43e6":97,"b5474d69":97,"5a938eeb":97,"4fe0dedf":97,"951fc6d0":97,"61892a4c":97,"f096219e":97,"a3f0a6ec":97,"01051f84":97,"aa7e370d":97,"f995eeab":97,"4006e709":97,"0dedf63e":97,"a9d5374b":97,"9666b973":97,"653b27c7":97,"83b37fd6":97,"4d852788":97,"e43a9448":97,"3542b748":97,"379c53ab":97,"e396d80d":97,"4321f02d":97,"089b3f8f":97,"7698d0dc":97,"784414ce":97,"272e7d0d":97,"f92596ee":97,"68831ea9":97,"9713d076":97,"fd098272":97,"6ee788a7":97,"8249641d":97,"45b0968f":97,"6a9bb182":97,"1f1afd4f":97,"25fb8826":97,"0dc5da58":97,"2874a625":97,"e61ae828":97,"f7ac3883":97,"ccd01528":97,"dab8cf68":97,"2df3efdb":97,"d0f1b7bd":97,"e7799883":97,"4f9456cf":97,"6e260ee8":97,"962fca02":97,"8e426e39":97,"75968179":97,"51909df8":97,"e22b0973":97,"bc8bdc23":97,"23646ff9":97,"a71f3f70":97,"1f7aa83c":97,"3abb827b":97,"0c73c293":97,"732d62ee":97,"88929b06":97,"d4b0751c":97,"08c4692e":97,"5b01444b":97,"79995b62":97,"5b2479ef":97,"1d882c36":97,"97160db8":97,"589f0d6e":97,"eb62e8f2":97,"808bc372":97,"51b4016a":97,"46bf9112":97,"c792a7c1":97,"5a7da061":97,"092ad3d6":97,"06a94514":97,"bf940089":97,"73c420df":97,"01f34f98":97,"1670b0d3":97,"0700da70":97,"ff591765":97,"ec97d63e":97,"93f12198":97,"94208a41":97,"62e270e5":97,"2cbcad17":97,"66b1b6d7":97,"4dccb5ca":97,"b062adc4":97,"83268abf":97,"4aae5133":97,"578c4c95":97,"63a3af32":97,"c606b472":97,"3fec4b0b":97,"faa3de3e":97,"44983d13":97,"80999122":97,"72af9198":97,"e39e9552":97,"81c1b70d":97,"e72f0f82":97,"88374b72":97,"fdfaf1ed":97,"ea981bed":97,"f4f84279":97,"b0950de5":97,"6f873999":97,"1f4e0e22":97,"60d69311":97,"3b09f1de":97,"b371f44a":97,"8b6180ff":97,"8819ac24":97,"dbbf7f69":97,"dfe4a061":97,"c2bf7d51":97,"781afef6":97,"5e197575":97,"e587c4d0":97,"525b2635":97,"caa38a45":97,"a9987a58":97,"b6b8e5c7":97,"e82177d3":97,"89914b94":97,"04bdf5e1":97,"da8b42be":97,"3b0576bf":97,"9458934f":97,"1dcc489c":97,"945badf3":97,"1327775b":97,"bdd40125":97,"75fd47f7":97,"1c52a07e":97,"e70ccc25":97,"afd1494f":97,"ca6bffd3":97,"829c44a4":97,"e76e2617":97,"2b4fd52e":97,"57162572":97,"d1d50cfe":97,"de9229a0":97,"99a5feef":97,"7da61f27":97,"dc874a97":97,"85a220de":97,"40a7cdd2":97,"ac033c7b":97,"87759976":97,"4df3f62e":97,"c881a53e":97,"80c1c8b1":97,"cf52acd8":97,"a63cb4ce":97,"d3b3492b":97,"7580cfa4":97,"22a96386":97,"5c672b50":97,"5df16440":97,"b666e56d":97,"8db378ff":97,"784d6375":97,"4541bf85":97,"a6b13f20":97,"2459c882":97,"3df97186":97,"ef0490de":97,"e0f47ced":97,"309bbf54":97,"cc537772":97,"6618390c":97,"99cc0813":97,"dc32c4e1":97,"239c636e":97,"6ee160ff":97,"c55d40ca":97,"22c177a8":97,"00ae883f":97,"f6266388":97,"00f2a9cb":97,"916fe082":97,"b64dba8e":97,"c3bb30ce":97,"86219c70":97,"601990d8":97,"5c662c19":97,"d2a5d2fd":97,"89d220c2":97,"3e10c9cb":97,"5500a3e8":97,"3c0e87ac":97,"a891461f":97,"a246cdab":97,"117c7f0b":97,"0d21cf99":97,"14e6fe14":97,"37ec5e73":97,"bfff7913":97,"f8636899":97,"37724339":97,"d45d9727":97,"ee5ff2a3":97,"44322dfd":97,"295e4d1d":97,"8cf6570a":97,"403064a0":97,"312af46e":97,"b5a9f8c3":97,"fcbc0ae8":97,"2ff6b6a8":97,"66a71cc1":97,"bf4b58e4":97,"e64fd39c":97,"e1b3ce36":97,"625fa164":97,"0c6ae551":97,"e8f4c1dd":97,"cede8b8c":97,"ad95ff4a":97,"893a99c5":97,"d8bf32b5":97,"0eb42efe":97,"03c4ab87":97,"4e3d3af7":97,"3a4803a8":97,"f7a7de5d":97,"d4e56c3e":97,"0c045c2d":97,"8efd4801":97,"7eb8f268":97,"20236d3e":97,"36ae8cd8":97,"3ddd5391":97,"f416ee62":97,"0d2b182d":97,"320754c3":97,"232b2f64":97,"3171b6e7":97,"3b25460f":97,"d2064756":97,"07f69c6d":97,"2254f0f5":97,"ea282e84":97,"6653c83b":97,"a8edfe84":97,"2ed19b1e":97,"959e16ea":97,"02f76c64":97,"5c6d1f33":97,"b4801cae":97,"c3c2fd05":97,"f8c97147":97,"c2526ff3":97,"cc386067":97,"a22ffd8f":97,"3cd28a4d":97,"44a12c31":97,"45a961ca":97,"5ca978fd":97,"668e601b":97,"7552d86c":97,"02ebf3b6":97,"bb17a968":97,"c896052c":97,"287ecd1c":97,"f9376d3e":97,"07a94e8c":97,"bb017b49":97,"37b52fe4":97,"61ad1519":97,"819c4185":97,"ba69b06b":97,"7d2a2cb4":97,"4f62491c":97,"70b4c438":97,"71ed93db":97,"c92efaa8":97,"c241ac7e":97,"62a45672":97,"210e507a":97,"ac6e268b":97,"742238e8":97,"4abcb85d":97,"cba26072":97,"2a718dcc":97,"c6a9a8e1":97,"88854fd0":97,"8dc27d2a":97,"41d7f05d":97,"2b851827":97,"9f428a03":97,"4d504d96":97,"0533ece1":97,"bcee2ef3":97,"0afba00c":97,"04ff8100":97,"6c00d8d6":97,"ac9a02bc":97,"acfe69ed":97,"426603ff":97,"2db2f252":97,"2e84193b":97,"c55683c9":97,"51233daf":97,"02791635":97,"be081247":97,"5cc47d1b":97,"678b846f":97,"b4bd39d8":97,"b4cdbe5d":97,"fa0386f3":97,"b95d0f17":97,"cee9c347":97
1601327102215,"7800e7ce":98,"77869ff0":98,"4b8f7b16":98,"89f75690":98,"cb363e2f":98,"cd802f02":98,"d3cca7eb":98,"e866a899":98,"5690e712":98,"0b92d2a9":98,"070bed95":98,"67e5d108":98,"3d37b94b":98,"842c97c2":98,"c4cef92b":98,"0eecdc5b":98,"b7e495ea":98,"45ec63c0":98,"0ddfde2c":98,"a8b41774":98,"81f0da2d":98,"1fcc8ba4":98,"75a9c117":98,"12ba54ec":98,"be391c1a":98,"37d8a5b7":98,"d5ab81c4":98,"2ecde685":98,"f0bd52d3":98,"dcc20f76":98,"666a8ef0":98,"c5b609f1":98,"4dc5849a":98,"d605c755":98,"8a8c1d67":98,"cc6b3306":98,"8c2dfd9a":98,"f11267b9":98,"a483b15e":98,"f80ab49d":98,"95eaed39":98,"a5ba0ebb":98,"f53362a9":98,"1901ef7e":98,"960c2e6b":98,"3515e999":98,"d11f8f1b":98,"9d9eb027":98,"325f9a29":98,"503aafe5":98,"d5d94481":98,"ffe48500":98,"c7a45a33":98,"faffe099":98,"e99490cd":98,"3b830769":98,"583f0305":98,"1557c50a":98,"249e80ab":98,"f52a3d94":98,"eb74d3dd":98,"3bcbc28d":98,"3c0455e7":98,"df203c79":98,"df1e1ac0":98,"491708eb":98,"e421caaa":98,"2d2ecf27":98,"d38a4953":98,"18c73816":98,"e491161e":98,"b5087677":98,"16f60bed":98,"cb0c3481":98,"080d5d42":98,"5d03f5dc":98,"f0a01341":98,"1ee4d9f9":98,"0d6e45e7":98,"0da97151":98,"e829038c":98,"4987cfb5":98,"ba90687c":98,"77f2cf92":98,"037e2be4":98,"9e7dbd20":98,"0c086273":98,"ac13c3b0":98,"b4d9c57f":98,"5d53c964":98,"8ee9cc91":98,"4cc0af91":98,"55f6a2ba":98,"9559ea96":98,"9cb044bf":98,"16b25add":98,"80ee333e":98,"3b329af2":98,"1cd662bf":98,"72992b35":98,"7664512c":98,"df9a53b8":98,"f6c27b2b":98,"945f6c24":98,"f1daea7e":98,"b8fb90e3":98,"56227e35":98,"0d6bf22a":98,"b87321d0":98,"43205b5d":98,"8982905a":98,"f6fe1ad7":98,"230064fa":98,"764e0abb":98,"bba6d88e":98,"ea3479ec":98,"32266fa3":98,"50b090c3":98,"8be24763":98,"eb4800b2":98,"6e0ce9dc":98,"87d9bec4":98,"e30dfa0c":98,"6da34174":98,"bfb849fa":98,"0a10b423":98,"9ef7cee7":98,"49f1a0d1":98,"5f04aa76":98,"ba297382":98,"0287db2a":98,"96abe4a9":98,"753b10b1":98,"cf14bd99":98,"782022f4":98,"322e833f":98,"47589344":98,"593b1533":98,"e9f6e5ce":98,"ed6bead5":98,"96f594b9":98,"94dfcfc5":98,"8301986e":98,"830ecfec":98,"a8bae791":98,"312009ee":98,"c98759fd":98,"e8b6d676":98,"45ee5840":98,"76f04033":98,"43480b19":98,"fd955858":98,"69798d15":98,"efea71fa":98,"fb3aa867":98,"c9cf710b":98,"fcacdeb3":98,"0ea055ed":98,"e3b1bdf8":98,"644b45fb":98,"ab3619e4":98,"eba5efdd":98,"a5463f93":98,"c85ac4f8":98,"bc253f4f":98,"0d9d2bf8":98,"846b7f11":98,"d3411467":98,"1df0ce7f":98,"a08171d0":98,"c8bc5677":98,"dfca0518":98,"b9a21017":98,"e47705d3":98,"3cae4115":98,"0ccf4731":98,"c7c6782d":98,"54346574":98,"b12cbf87":98,"81942d9b":98,"699b90c1":98,"d9b5a7a8":98,"1e7914d2":98,"e5d8fdb2":98,"3412ab75":98,"bcac5daf":98,"62d028cc":98,"0af2cf39":98,"27491297":98,"d041ea86":98,"1eda11b2":98,"fc442678":98,"106006ad":98,"c8237be9":98,"1416e8f5":98,"dde2eed5":98,"a208caa8":98,"16605353":98,"77b39e15":98,"f1726edb":98,"92b72493":98,"d3e58903":98,"4481c4be":98,"7954891b":98,"4afd60a9":98,"d44c0ea3":98,"68f87858":98,"533bac6b":98,"41634dba":98,"43fd1327":98,"113e7f4b":98,"8cce569a":98,"ce6401b6":98,"6f57824c":98,"28bd7aa1":98,"1d52fb0d":98,"cde0d748":98,"535ed444":98,"710f0d0e":98,"0905f1fb":98,"a20e529c":98,"1ae76fcc":98,"35b161d3":98,"344cd1a3":98,"77ea1236":98,"96d2a118":98,"23a0e41f":98,"b32a1080":98,"a2c4b591":98,"6dfa57be":98,"1854ce44":98,"f92b22f1":98,"ece12664":98,"36f4ecde":98,"568a0d58":98,"5fd569d2":98,"10c8fd03":98,"bd4ccb49":98,"e773d697":98,"7e8c11e7":98,"077eb15a":98,"5337c279":98,"8d256cb6":98,"7021c619":98,"590ce3d3":98,"1802d7ce":98,"0a49914b":98,"5d3f5cad":98,"cf347cba":98,"fc0c23f7":98,"641f9b9e":98,"c92edec5":98,"9f03c1e7":98,"06c24a8d":98,"2f35e75f":98,"3eddf7c8":98,"77970f8b":98,"efd594d5":98,"32ae00db":98,"bf2defb2":98,"bc733a28":98,"30d32d34":98,"886c16d3":98,"e8d09b62":98,"5b09e53e":98,"da5bb0f7":98,"4718294d":98,"5352cf45":98,"e0ffe8ff":98,"ae14d6b5":98,"721f5f42":98,"0b50bca6":98,"bf2ca266":98,"5d8d9641":98,"0de67c6c":98,"2311399f":98,"5e3ebf5e":98,"9f6ca218":98,"6213799d":98,"44cb1fd2":98,"baf19c25":98,"24a79a6e":98,"edde30af":98,"4d949e11":98,"df12f689":98,"1da10cbf":98,"832c48e4":98,"dc90a44c":98,"1ad7c45b":98,"5566c17c":98,"86a22252":98,"0000dece":98,"ce5efdbe":98,"58ace2b5":98,"d379fd96":98,"7b819458":98,"7f8024cd":98,"ae562513":98,"7b66dacd":98,"9ab137d7":98,"7191d1cd":98,"005354dd":98
1601327102969,"6d925c84":98,"50b23ab2":98,"edfa56d4":98,"899c16eb":98,"41c76041":98,"6bb1fa99":98,"d73ff72e":98,"61c0ca91":98,"d2fda7be":98,"ce20ca3c":98,"1d2d958b":98,"81fb6a01":98,"7f5b27c8":98,"fb3444d9":98,"f05de640":98,"86a68967":98,"56cd4dca":98,"7f469f4c":98,"f92dedfc":98,"355d1489":98,"f96fc1af":98,"06713bac":98,"61aca924":98,"d97fb857":98,"59ff5ec6":98,"ef04e64e":98,"6e2d04de":98,"2fca1798":98,"05028839":98,"5488826c":98,"84fff5c1":98,"c649992d":98,"d5ad3ed6":98,"8e5f7187":98,"55ba7579":98,"b7769ca6":98,"9c27de51":98,"38a75b48":98,"1792bfa3":98,"426f1904":98,"7c0f1ca9":98,"b2f820ac":98,"25d4f65d":98,"eddb6a2a":98,"ff8a00aa":98,"c146560b":98,"985068e7":98,"d543ba6f":98,"3b3569f6":98,"b01ab62a":98,"76da16fa":98,"bffee581":98,"07150038":98,"080fa362":98,"7b6945ad":98,"a40d08e1":98,"cec79bc2":98,"d2eff358":98,"e70aebb5":98,"a488b2f1":98,"f1e86522":98,"4caa87d6":98,"fa03f48f":98,"f7076e21":98,"5298dafa":98,"69e653b6":98,"25f7f918":98,"c5311ebb":98,"98d2991b":98,"105bb3f6":98,"3b411d6a":98,"83826ef3":98,"58de5462":98,"595609d5":98,"f01c896d":98,"1f2670d0":98,"b47f1b89":98,"8e6caf71":98,"962c9c8f":98,"aec0bf28":98,"9a3433b8":98,"b89112cb":98,"a017a323":98,"66736d5e":98,"8801c469":98,"b6281f1a":98,"30de89a7":98,"48c6df81":98,"06aaa33f":98,"320c65bf":98,"5e165f43":98,"1fa1e7c2":98,"f8785b71":98,"646af2b9":98,"ab4a411a":98,"659389ad":98,"d7a4b24c":98,"240c8679":98,"686d5c0b":98,"f15eb1c5":98,"0718c3be":98,"8b503f7b":98,"71789493":98,"87a8523c":98,"5ac72353":98,"d1b14d06":98,"c416baa6":98,"ae350a07":98,"f6c074a7":98,"680a32a6":98,"ffd6849d":98,"83ba647d":98,"962fca02":98,"cb0bd6b7":98,"75968179":98,"bc8bdc23":98,"8e426e39":98,"a71f3f70":98,"51909df8":98,"1f7aa83c":98,"e22b0973":98,"732d62ee":98,"23646ff9":98,"d4b0751c":98,"3abb827b":98,"5b01444b":98,"0c73c293":98,"79995b62":98,"88929b06":98,"08c4692e":98,"97160db8":98,"589f0d6e":98,"5b2479ef":98,"51b4016a":98,"1d882c36":98,"eb62e8f2":98,"46bf9112":98,"092ad3d6":98,"bf940089":98,"01f34f98":98,"808bc372":98,"c792a7c1":98,"1670b0d3":98,"ec97d63e":98,"5a7da061":98,"06a94514":98,"94208a41":98,"73c420df":98,"2cbcad17":98,"0700da70":98,"4dccb5ca":98,"ff591765":98,"83268abf":98,"578c4c95":98,"93f12198":98,"c606b472":98,"62e270e5":98,"66b1b6d7":98,"b062adc4":98,"4aae5133":98,"63a3af32":98,"3fec4b0b":98,"faa3de3e":98,"44983d13":98,"80999122":98,"72af9198":98,"e39e9552":98,"81c1b70d":98,"e72f0f82":98,"88374b72":98,"fdfaf1ed":98,"ea981bed":98,"5e197575":98,"e587c4d0":98,"525b2635":98,"caa38a45":98,"a9987a58":98,"b6b8e5c7":98,"e82177d3":98,"89914b94":98,"04bdf5e1":98,"da8b42be":98,"3b0576bf":98,"9458934f":98,"1dcc489c":98,"945badf3":98,"1327775b":98,"bdd40125":98,"75fd47f7":98,"1c52a07e":98,"e70ccc25":98,"afd1494f":98,"ca6bffd3":98,"829c44a4":98,"e76e2617":98,"2b4fd52e":98,"57162572":98,"9666b973":98,"653b27c7":98,"83b37fd6":98,"4d852788":98,"e43a9448":98,"3542b748":98,"379c53ab":98,"e396d80d":98,"7da61f27":98,"dc874a97":98,"85a220de":98,"40a7cdd2":98,"ac033c7b":98,"d1d50cfe":98,"87759976":98,"4df3f62e":98,"c881a53e":98,"80c1c8b1":98,"cf52acd8":98,"a63cb4ce":98,"d3b3492b":98,"7580cfa4":98,"22a96386":98,"5c672b50":98,"5df16440":98,"b666e56d":98,"8db378ff":98,"784d6375":98,"4541bf85":98,"a6b13f20":98,"2459c882":98,"3df97186":98,"ef0490de":98,"e0f47ced":98,"309bbf54":98,"cc537772":98,"6618390c":98,"99cc0813":98,"dc32c4e1":98,"272e7d0d":98,"f92596ee":98,"68831ea9":98,"9713d076":98,"fd098272":98,"6ee788a7":98,"8249641d":98,"239c636e":98,"6ee160ff":98,"c55d40ca":98,"22c177a8":98,"00ae883f":98,"f416ee62":98,"0d2b182d":98,"320754c3":98,"232b2f64":98,"3171b6e7":98,"3b25460f":98,"d2064756":98,"f7ffcbb8":98,"5728f934":98,"45b0968f":98,"6a9bb182":98,"1f1afd4f":98,"25fb8826":98,"0dc5da58":98,"2874a625":98,"e61ae828":98,"f7ac3883":98,"ccd01528":98,"dab8cf68":98,"00f2a9cb":98,"916fe082":98,"b64dba8e":98,"c3bb30ce":98,"86219c70":98,"601990d8":98,"5c662c19":98,"d2a5d2fd":98,"89d220c2":98,"3e10c9cb":98,"5500a3e8":98,"3c0e87ac":98,"a891461f":98,"a246cdab":98,"117c7f0b":98,"0d21cf99":98,"14e6fe14":98,"37ec5e73":98,"bfff7913":98,"f8636899":98,"37724339":98,"d45d9727":98,"ee5ff2a3":98,"44322dfd":98,"295e4d1d":98,"00b26865":98,"c333337d":98,"815c56bc":98,"5bd61a68":98,"8582c5cf":98,"0c353665":98,"231e8700":98,"1f9fbd85":98,"43f24679":98,"a1c0dfc4":98,"78f71162":98,"4b27a9a4":98,"163f4d19":98,"1d043d5a":98,"b2f82e06":98,"5b0b43e6":98,"b5474d69":98,"5a938eeb":98,"4fe0dedf":98,"951fc6d0":98,"61892a4c":98,"f096219e":98,"a3f0a6ec":98,"01051f84":98,"aa7e370d":98,"f995eeab":98,"4006e709":98,"0dedf63e":98,"a9d5374b":98,"4321f02d":98,"089b3f8f":98,"7698d0dc":98,"784414ce":98,"2df3efdb":98,"d0f1b7bd":98,"8cf6570a":98,"403064a0":98,"312af46e":98,"b5a9f8c3":98,"fcbc0ae8":98,"2ff6b6a8":98,"66a71cc1":98,"bf4b58e4":98,"e7799883":98,"4f9456cf":98,"6e260ee8":98,"f4f84279":98,"b0950de5":98,"6f873999":98,"1f4e0e22":98,"60d69311":98,"3b09f1de":98,"b371f44a":98,"8b6180ff":98,"8819ac24":98,"dbbf7f69":98,"dfe4a061":98,"c2bf7d51":98,"781afef6":98,"de9229a0":98,"99a5feef":98,"f6266388":98,"e64fd39c":98,"a8edfe84":98,"2ed19b1e":98,"959e16ea":98,"02f76c64":98,"5c6d1f33":98,"b4801cae":98,"c3c2fd05":98,"f8c97147":98,"c2526ff3":98,"cc386067":98,"a22ffd8f":98,"e1b3ce36":98,"625fa164":98,"0c6ae551":98,"e8f4c1dd":98,"cede8b8c":98,"ad95ff4a":98,"893a99c5":98,"d8bf32b5":98,"0eb42efe":98,"03c4ab87":98,"4e3d3af7":98,"3a4803a8":98,"f7a7de5d":98,"d4e56c3e":98,"0c045c2d":98,"8efd4801":98,"7eb8f268":98,"20236d3e":98,"36ae8cd8":98,"3ddd5391":98,"07f69c6d":98,"2254f0f5":98,"ea282e84":98,"6653c83b":98,"c896052c":98,"287ecd1c":98,"3cd28a4d":98,"44a12c31":98,"45a961ca":98,"5ca978fd":98,"668e601b":98,"7552d86c":98,"02ebf3b6":98,"bb17a968":98,"4abcb85d":98,"cba26072":98,"2a718dcc":98,"c6a9a8e1":98,"88854fd0":98,"8dc27d2a":98,"41d7f05d":98,"2b851827":98,"9f428a03":98,"4d504d96":98,"0533ece1":98,"bcee2ef3":98,"0afba00c":98,"04ff8100":98,"6c00d8d6":98,"ac9a02bc":98,"acfe69ed":98,"426603ff":98,"2db2f252":98,"2e84193b":98,"c55683c9":98,"51233daf":98,"02791635":98,"f9376d3e":98,"07a94e8c":98,"bb017b49":98,"37b52fe4":98,"61ad1519":98,"819c4185":98,"ba69b06b":98,"7d2a2cb4":98,"4f62491c":98,"70b4c438":98,"71ed93db":98,"c92efaa8":98,"c241ac7e":98,"62a45672":98,"210e507a":98,"ac6e268b":98,"742238e8":98,"be081247":98,"5cc47d1b":98,"678b846f":98,"b4bd39d8":98,"b4cdbe5d":98,"fa0386f3":98,"b95d0f17":98,"cee9c347":98
1601327103920,"7800e7ce":99,"77869ff0":99,"4b8f7b16":99,"89f75690":99,"cb363e2f":99,"cd802f02":99,"d3cca7eb":99,"e866a899":99,"5690e712":99,"0b92d2a9":99,"070bed95":99,"67e5d108":99,"3d37b94b":99,"842c97c2":99,"c4cef92b":99,"0eecdc5b":99,"b7e495ea":99,"45ec63c0":99,"0ddfde2c":99,"a8b41774":99,"81f0da2d":99,"1fcc8ba4":99,"75a9c117":99,"12ba54ec":99,"be391c1a":99,"37d8a5b7":99,"d5ab81c4":99,"2ecde685":99,"f0bd52d3":99,"dcc20f76":99,"666a8ef0":99,"c5b609f1":99,"4dc5849a":99,"d605c755":99,"8a8c1d67":99,"cc6b3306":99,"8c2dfd9a":99,"f11267b9":99,"a483b15e":99,"f80ab49d":99,"95eaed39":99,"a5ba0ebb":99,"f53362a9":99,"1901ef7e":99,"960c2e6b":99,"3515e999":99,"d11f8f1b":99,"9d9eb027":99,"325f9a29":99,"503aafe5":99
1601327104794,"d5d94481":99,"ffe48500":99,"c7a45a33":99,"faffe099":99,"e99490cd":99,"3b830769":99,"583f0305":99,"1557c50a":99,"249e80ab":99,"f52a3d94":99,"eb74d3dd":99,"3bcbc28d":99,"3c0455e7":99,"df203c79":99,"df1e1ac0":99,"491708eb":99,"e421caaa":99,"2d2ecf27":99,"d38a4953":99,"eba5efdd":99,"a5463f93":99,"c85ac4f8":99,"bc253f4f":99,"0d9d2bf8":99,"846b7f11":99,"d3411467":99,"1df0ce7f":99,"a08171d0":99,"c8bc5677":99,"dfca0518":99,"b9a21017":99,"e47705d3":99,"3cae4115":99,"0ccf4731":99,"c7c6782d":99,"54346574":99,"b12cbf87":99,"81942d9b":99,"699b90c1":99,"d9b5a7a8":99,"1e7914d2":99,"e5d8fdb2":99,"3412ab75":99,"bcac5daf":99,"62d028cc":99,"0af2cf39":99,"27491297":99,"d041ea86":99,"1eda11b2":99,"fc442678":99,"080d5d42":99,"5d03f5dc":99,"f0a01341":99,"1ee4d9f9":99,"0d6e45e7":99,"0da97151":99,"e829038c":99,"4987cfb5":99,"ba90687c":99,"77f2cf92":99,"037e2be4":99,"9e7dbd20":99,"0c086273":99,"ac13c3b0":99,"b4d9c57f":99,"5d53c964":99,"8ee9cc91":99,"4cc0af91":99,"55f6a2ba":99,"9559ea96":99,"9cb044bf":99,"16b25add":99,"80ee333e":99,"3b329af2":99,"1cd662bf":99,"72992b35":99,"47589344":99,"593b1533":99,"e9f6e5ce":99,"ed6bead5":99,"96f594b9":99,"94dfcfc5":99,"8301986e":99,"830ecfec":99,"a8bae791":99,"312009ee":99,"c98759fd":99,"e8b6d676":99,"45ee5840":99,"76f04033":99,"43480b19":99,"fd955858":99,"69798d15":99,"efea71fa":99,"fb3aa867":99,"c9cf710b":99,"fcacdeb3":99,"0ea055ed":99,"e3b1bdf8":99,"644b45fb":99,"590ce3d3":99,"1802d7ce":99,"0a49914b":99,"5d3f5cad":99,"cf347cba":99,"5b09e53e":99,"753b10b1":99,"cf14bd99":99,"782022f4":99,"322e833f":99,"ab3619e4":99,"106006ad":99,"c8237be9":99,"1416e8f5":99,"dde2eed5":99,"a208caa8":99,"16605353":99,"77b39e15":99,"f1726edb":99,"18c73816":99,"e491161e":99,"b5087677":99,"16f60bed":99,"cb0c3481":99,"7664512c":99,"df9a53b8":99,"f6c27b2b":99,"945f6c24":99,"f1daea7e":99,"b8fb90e3":99,"56227e35":99,"0d6bf22a":99,"b87321d0":99,"43205b5d":99,"8982905a":99,"f6fe1ad7":99,"230064fa":99,"764e0abb":99,"bba6d88e":99,"ea3479ec":99,"32266fa3":99,"50b090c3":99,"8be24763":99,"eb4800b2":99,"6e0ce9dc":99,"87d9bec4":99,"e30dfa0c":99,"6da34174":99,"bfb849fa":99,"0a10b423":99,"9ef7cee7":99,"49f1a0d1":99,"5f04aa76":99,"ba297382":99,"0287db2a":99,"96abe4a9":99,"3b3569f6":99,"b01ab62a":99,"76da16fa":99,"bffee581":99,"07150038":99,"080fa362":99,"7b6945ad":99,"a40d08e1":99,"cec79bc2":99,"d2eff358":99,"f1e86522":99,"fa03f48f":99,"e70aebb5":99,"5298dafa":99,"a488b2f1":99,"25f7f918":99,"4caa87d6":99,"f7076e21":99,"c5311ebb":99,"105bb3f6":99,"69e653b6":99,"98d2991b":99,"58de5462":99,"f01c896d":99,"3b411d6a":99,"1f2670d0":99,"83826ef3":99,"962c9c8f":99,"595609d5":99,"aec0bf28":99,"b47f1b89":99,"a017a323":99,"8e6caf71":99,"92b72493":99,"d3e58903":99,"4481c4be":99,"7954891b":99,"4afd60a9":99,"d44c0ea3":99,"68f87858":99,"533bac6b":99,"41634dba":99,"43fd1327":99,"113e7f4b":99,"8cce569a":99,"ce6401b6":99,"6f57824c":99,"28bd7aa1":99,"1d52fb0d":99,"cde0d748":99,"535ed444":99,"710f0d0e":99,"0905f1fb":99,"a20e529c":99,"1ae76fcc":99,"35b161d3":99,"344cd1a3":99,"77ea1236":99,"96d2a118":99,"23a0e41f":99,"b32a1080":99,"a2c4b591":99,"6dfa57be":99,"1854ce44":99,"f92b22f1":99,"ece12664":99,"36f4ecde":99,"568a0d58":99,"5fd569d2":99,"8801c469":99,"9a3433b8":99,"b89112cb":99,"da5bb0f7":99,"6d925c84":99,"50b23ab2":99,"edfa56d4":99,"899c16eb":99,"41c76041":99,"6bb1fa99":99,"d73ff72e":99,"61c0ca91":99,"d2fda7be":99,"ce20ca3c":99,"1d2d958b":99,"81fb6a01":99,"7f5b27c8":99,"fb3444d9":99,"f05de640":99,"86a68967":99,"56cd4dca":99,"7f469f4c":99,"f92dedfc":99,"355d1489":99,"f96fc1af":99,"06713bac":99,"61aca924":99,"d97fb857":99,"59ff5ec6":99,"ef04e64e":99,"6e2d04de":99,"2fca1798":99,"05028839":99,"5488826c":99,"84fff5c1":99,"c649992d":99,"d5ad3ed6":99,"b6281f1a":99,"66736d5e":99,"48c6df81":99,"30de89a7":99,"5e165f43":99,"06aaa33f":99,"f8785b71":99,"320c65bf":99,"ab4a411a":99,"d7a4b24c":99,"1fa1e7c2":99,"646af2b9":99,"686d5c0b":99,"659389ad":99,"f15eb1c5":99,"240c8679":99,"71789493":99,"5ac72353":99,"0718c3be":99,"fc0c23f7":99,"641f9b9e":99,"c92edec5":99,"9f03c1e7":99,"06c24a8d":99,"2f35e75f":99,"3eddf7c8":99,"77970f8b":99,"efd594d5":99,"4718294d":99,"5352cf45":99,"e0ffe8ff":99,"ae14d6b5":99,"721f5f42":99,"0b50bca6":99,"bf2ca266":99,"5d8d9641":99,"0de67c6c":99,"2311399f":99,"5e3ebf5e":99,"9f6ca218":99,"6213799d":99,"44cb1fd2":99,"baf19c25":99,"24a79a6e":99,"edde30af":99,"4d949e11":99,"df12f689":99,"1da10cbf":99,"832c48e4":99,"dc90a44c":99,"1ad7c45b":99,"5566c17c":99,"86a22252":99,"0000dece":99,"ce5efdbe":99,"58ace2b5":99,"d379fd96":99,"8b503f7b":99,"d1b14d06":99,"87a8523c":99,"f6c074a7":99,"c416baa6":99,"ffd6849d":99,"ae350a07":99,"962fca02":99,"75968179":99,"680a32a6":99,"83ba647d":99,"bc8bdc23":99,"a71f3f70":99,"cb0bd6b7":99,"8e426e39":99,"1f7aa83c":99,"51909df8":99,"732d62ee":99,"e22b0973":99,"d4b0751c":99,"5b01444b":99,"23646ff9":99,"3abb827b":99,"79995b62":99,"97160db8":99,"0c73c293":99,"88929b06":99,"589f0d6e":99,"51b4016a":99,"08c4692e":99,"5b2479ef":99,"46bf9112":99,"1d882c36":99,"092ad3d6":99,"eb62e8f2":99,"bf940089":99,"01f34f98":99,"8e5f7187":99,"55ba7579":99,"b7769ca6":99,"9c27de51":99,"38a75b48":99,"1792bfa3":99,"426f1904":99,"7c0f1ca9":99,"b2f820ac":99,"25d4f65d":99,"eddb6a2a":99,"ff8a00aa":99,"c146560b":99,"985068e7":99,"d543ba6f":99,"1670b0d3":99,"ec97d63e":99,"10c8fd03":99,"bd4ccb49":99,"e773d697":99,"7e8c11e7":99,"077eb15a":99,"5337c279":99,"8d256cb6":99,"7021c619":99,"32ae00db":99,"bf2defb2":99,"bc733a28":99,"30d32d34":99,"886c16d3":99,"e8d09b62":99,"94208a41":99,"2cbcad17":99,"4dccb5ca":99,"808bc372":99,"c792a7c1":99,"83268abf":99,"578c4c95":99,"5a7da061":99,"c606b472":99,"06a94514":99,"73c420df":99,"0700da70":99,"ff591765":99,"7b819458":99,"7f8024cd":99,"ae562513":99,"7b66dacd":99,"9ab137d7":99,"7191d1cd":99,"005354dd":99,"93f12198":99,"62e270e5":99,"66b1b6d7":99,"b062adc4":99,"4aae5133":99,"63a3af32":99,"3fec4b0b":99,"faa3de3e":99,"44983d13":99,"80999122":99,"72af9198":99,"e39e9552":99,"81c1b70d":99,"e72f0f82":99,"88374b72":99,"fdfaf1ed":99,"ea981bed":99,"5e197575":99,"e587c4d0":99,"525b2635":99,"caa38a45":99,"a9987a58":99,"b6b8e5c7":99,"e82177d3":99,"89914b94":99,"04bdf5e1":99,"da8b42be":99,"3b0576bf":99,"9458934f":99,"1dcc489c":99,"945badf3":99,"1327775b":99,"bdd40125":99,"75fd47f7":99,"1c52a07e":99,"e70ccc25":99,"afd1494f":99,"ca6bffd3":99,"829c44a4":99,"e76e2617":99,"2b4fd52e":99,"57162572":99,"d1d50cfe":99,"272e7d0d":99,"f92596ee":99,"68831ea9":99,"9713d076":99,"fd098272":99,"6ee788a7":99,"8249641d":99,"45b0968f":99,"6a9bb182":99,"1f1afd4f":99,"9666b973":99,"653b27c7":99,"83b37fd6":99,"4d852788":99,"e43a9448":99,"3542b748":99,"379c53ab":99,"e396d80d":99,"7da61f27":99,"dc874a97":99,"85a220de":99,"40a7cdd2":99,"ac033c7b":99,"87759976":99,"4df3f62e":99,"c881a53e":99,"80c1c8b1":99,"cf52acd8":99,"a63cb4ce":99,"d3b3492b":99,"7580cfa4":99,"22a96386":99,"5c672b50":99,"5df16440":99,"b666e56d":99,"8db378ff":99,"784d6375":99,"4541bf85":99,"a6b13f20":99,"2459c882":99,"3df97186":99,"ef0490de":99,"e0f47ced":99,"309bbf54":99,"cc537772":99,"6618390c":99,"99cc0813":99,"dc32c4e1":99,"239c636e":99,"6ee160ff":99,"c55d40ca":99,"22c177a8":99,"00ae883f":99,"f416ee62":99,"0d2b182d":99,"320754c3":99,"232b2f64":99,"3171b6e7":99,"3b25460f":99,"d2064756":99,"25fb8826":99,"0dc5da58":99,"2874a625":99,"e61ae828":99,"f7ac3883":99,"ccd01528":99,"dab8cf68":99,"00f2a9cb":99,"916fe082":99,"b64dba8e":99,"c3bb30ce":99,"86219c70":99,"601990d8":99,"5c662c19":99,"d2a5d2fd":99,"89d220c2":99,"3e10c9cb":99,"5500a3e8":99,"3c0e87ac":99,"a891461f":99,"a246cdab":99,"117c7f0b":99,"0d21cf99":99,"14e6fe14":99,"37ec5e73":99,"bfff7913":99,"f8636899":99,"37724339":99,"d45d9727":99,"ee5ff2a3":99,"44322dfd":99,"295e4d1d":99,"8cf6570a":99,"403064a0":99,"312af46e":99,"b5a9f8c3":99,"f7ffcbb8":99,"5728f934":99,"00b26865":99,"c333337d":99,"815c56bc":99,"5bd61a68":99,"8582c5cf":99,"0c353665":99,"231e8700":99,"1f9fbd85":99,"43f24679":99,"a1c0dfc4":99,"78f71162":99,"4b27a9a4":99,"163f4d19":99,"1d043d5a":99,"b2f82e06":99,"5b0b43e6":99,"b5474d69":99,"5a938eeb":99,"4fe0dedf":99,"951fc6d0":99,"61892a4c":99,"f096219e":99,"a3f0a6ec":99,"01051f84":99,"aa7e370d":99,"f995eeab":99,"4006e709":99,"0dedf63e":99,"a9d5374b":99,"4321f02d":99,"089b3f8f":99,"7698d0dc":99,"fcbc0ae8":99,"2ff6b6a8":99,"66a71cc1":99,"bf4b58e4":99,"784414ce":99,"2df3efdb":99,"d0f1b7bd":99,"e7799883":99,"4f9456cf":99,"6e260ee8":99,"f4f84279":99,"b0950de5":99,"6f873999":99,"1f4e0e22":99,"60d69311":99,"3b09f1de":99,"b371f44a":99,"8b6180ff":99,"8819ac24":99,"dbbf7f69":99,"dfe4a061":99,"c2bf7d51":99,"781afef6":99,"de9229a0":99,"99a5feef":99,"f6266388":99,"a8edfe84":99
1601327105439,"e64fd39c":99,"e1b3ce36":99,"625fa164":99,"0c6ae551":99,"e8f4c1dd":99,"cede8b8c":99,"ad95ff4a":99,"893a99c5":99,"d8bf32b5":99,"0eb42efe":99,"03c4ab87":99,"4e3d3af7":99,"3a4803a8":99,"f7a7de5d":99,"d4e56c3e":99,"0c045c2d":99,"8efd4801":99,"7eb8f268":99,"20236d3e":99,"36ae8cd8":99,"3ddd5391":99,"07f69c6d":99,"2254f0f5":99,"ea282e84":99,"6653c83b":99,"c896052c":99,"287ecd1c":99,"f9376d3e":99,"07a94e8c":99,"bb017b49":99,"37b52fe4":99,"61ad1519":99,"819c4185":99,"ba69b06b":99,"7d2a2cb4":99,"4f62491c":99,"70b4c438":99,"2ed19b1e":99,"959e16ea":99,"02f76c64":99,"5c6d1f33":99,"b4801cae":99,"c3c2fd05":99,"f8c97147":99,"c2526ff3":99,"cc386067":99,"a22ffd8f":99,"3cd28a4d":99,"44a12c31":99,"45a961ca":99,"5ca978fd":99,"668e601b":99,"7552d86c":99,"02ebf3b6":99,"bb17a968":99,"4abcb85d":99,"cba26072":99,"2a718dcc":99,"c6a9a8e1":99,"88854fd0":99,"8dc27d2a":99,"41d7f05d":99,"2b851827":99,"9f428a03":99,"4d504d96":99,"0533ece1":99,"bcee2ef3":99,"0afba00c":99,"04ff8100":99,"6c00d8d6":99,"ac9a02bc":99,"acfe69ed":99,"426603ff":99,"2db2f252":99,"71ed93db":99,"c92efaa8":99,"c241ac7e":99,"62a45672":99,"210e507a":99,"ac6e268b":99,"742238e8":99,"2e84193b":99,"c55683c9":99,"51233daf":99,"02791635":99,"be081247":99,"5cc47d1b":99,"678b846f":99,"b4bd39d8":99,"b4cdbe5d":99,"fa0386f3":99,"b95d0f17":99,"cee9c347":99
1601327106423,"7800e7ce":100,"77869ff0":100,"4b8f7b16":100,"89f75690":100,"cb363e2f":100,"cd802f02":100,"d5d94481":100,"ffe48500":100,"c7a45a33":100,"faffe099":100,"e99490cd":100,"3b830769":100,"583f0305":100,"1557c50a":100,"249e80ab":100,"f52a3d94":100,"eb74d3dd":100,"3bcbc28d":100,"3c0455e7":100,"df203c79":100,"d3cca7eb":100,"e866a899":100,"5690e712":100,"0b92d2a9":100,"070bed95":100,"67e5d108":100,"3d37b94b":100,"842c97c2":100,"c4cef92b":100,"0eecdc5b":100,"b7e495ea":100,"45ec63c0":100,"0ddfde2c":100,"a8b41774":100,"81f0da2d":100,"1fcc8ba4":100,"75a9c117":100,"12ba54ec":100,"be391c1a":100,"37d8a5b7":100,"d5ab81c4":100,"2ecde685":100,"f0bd52d3":100,"dcc20f76":100,"666a8ef0":100,"c5b609f1":100,"4dc5849a":100,"d605c755":100,"8a8c1d67":100,"cc6b3306":100,"8c2dfd9a":100,"f11267b9":100,"a483b15e":100,"f80ab49d":100,"95eaed39":100,"a5ba0ebb":100,"f53362a9":100,"1901ef7e":100,"960c2e6b":100,"df1e1ac0":100,"491708eb":100,"e421caaa":100,"2d2ecf27":100,"d38a4953":100,"eba5efdd":100,"a5463f93":100,"c85ac4f8":100,"bc253f4f":100,"0d9d2bf8":100,"846b7f11":100,"d3411467":100,"1df0ce7f":100,"a08171d0":100,"c8bc5677":100,"dfca0518":100,"b9a21017":100,"e47705d3":100,"3cae4115":100,"0ccf4731":100,"c7c6782d":100,"54346574":100,"b12cbf87":100,"81942d9b":100,"699b90c1":100,"d9b5a7a8":100,"1e7914d2":100,"e5d8fdb2":100,"3412ab75":100,"bcac5daf":100,"62d028cc":100,"0af2cf39":100,"27491297":100,"d041ea86":100,"1eda11b2":100,"fc442678":100,"3515e999":100,"d11f8f1b":100,"9d9eb027":100,"325f9a29":100,"503aafe5":100,"080d5d42":100,"5d03f5dc":100,"f0a01341":100,"1ee4d9f9":100,"0d6e45e7":100,"0da97151":100,"e829038c":100,"4987cfb5":100,"ba90687c":100,"77f2cf92":100,"037e2be4":100,"9e7dbd20":100,"0c086273":100,"ac13c3b0":100,"b4d9c57f":100,"5d53c964":100,"8ee9cc91":100,"4cc0af91":100,"55f6a2ba":100
1601327107532,"9559ea96":100,"9cb044bf":100,"16b25add":100,"80ee333e":100,"3b329af2":100,"1cd662bf":100,"72992b35":100,"47589344":100,"593b1533":100,"e9f6e5ce":100,"ed6bead5":100,"96f594b9":100,"94dfcfc5":100,"8301986e":100,"830ecfec":100,"a8bae791":100,"312009ee":100,"c98759fd":100,"e8b6d676":100,"45ee5840":100,"76f04033":100,"43480b19":100,"fd955858":100,"69798d15":100,"efea71fa":100,"fb3aa867":100,"c9cf710b":100,"fcacdeb3":100,"0ea055ed":100,"e3b1bdf8":100,"644b45fb":100,"18c73816":100,"590ce3d3":100,"1802d7ce":100,"0a49914b":100,"5d3f5cad":100,"cf347cba":100,"fc0c23f7":100,"641f9b9e":100,"c92edec5":100,"9f03c1e7":100,"06c24a8d":100,"2f35e75f":100,"3eddf7c8":100,"77970f8b":100,"efd594d5":100,"4718294d":100,"5352cf45":100,"e0ffe8ff":100,"ae14d6b5":100,"721f5f42":100,"0b50bca6":100,"bf2ca266":100,"5d8d9641":100,"0de67c6c":100,"2311399f":100,"5e3ebf5e":100,"9f6ca218":100,"6213799d":100,"44cb1fd2":100,"baf19c25":100,"24a79a6e":100,"edde30af":100,"4d949e11":100,"df12f689":100,"1da10cbf":100,"832c48e4":100,"dc90a44c":100,"1ad7c45b":100,"5566c17c":100,"86a22252":100,"0000dece":100,"ce5efdbe":100,"58ace2b5":100,"d379fd96":100,"7b819458":100,"7f8024cd":100,"ae562513":100,"7b66dacd":100,"9ab137d7":100,"7191d1cd":100,"005354dd":100,"322e833f":100,"ab3619e4":100,"106006ad":100,"c8237be9":100,"1416e8f5":100,"dde2eed5":100,"a208caa8":100,"16605353":100,"77b39e15":100,"f1726edb":100,"e491161e":100,"b5087677":100,"16f60bed":100,"cb0c3481":100,"7664512c":100,"df9a53b8":100,"f6c27b2b":100,"945f6c24":100,"f1daea7e":100,"b8fb90e3":100,"56227e35":100,"0d6bf22a":100,"b87321d0":100,"43205b5d":100,"8982905a":100,"f6fe1ad7":100,"230064fa":100,"764e0abb":100,"bba6d88e":100,"ea3479ec":100,"32266fa3":100,"50b090c3":100,"8be24763":100,"eb4800b2":100,"6e0ce9dc":100,"87d9bec4":100,"e30dfa0c":100,"6da34174":100,"bfb849fa":100,"0a10b423":100,"9ef7cee7":100,"49f1a0d1":100,"5f04aa76":100,"ba297382":100,"0287db2a":100,"96abe4a9":100,"753b10b1":100,"cf14bd99":100,"782022f4":100,"5b09e53e":100,"da5bb0f7":100,"6d925c84":100,"50b23ab2":100,"92b72493":100,"d3e58903":100,"4481c4be":100,"7954891b":100,"4afd60a9":100,"d44c0ea3":100,"68f87858":100,"533bac6b":100,"41634dba":100,"43fd1327":100,"113e7f4b":100,"8cce569a":100,"ce6401b6":100,"6f57824c":100,"28bd7aa1":100,"1d52fb0d":100,"cde0d748":100,"535ed444":100,"710f0d0e":100,"0905f1fb":100,"a20e529c":100,"1ae76fcc":100,"35b161d3":100,"344cd1a3":100,"77ea1236":100,"96d2a118":100,"23a0e41f":100,"b32a1080":100,"a2c4b591":100,"6dfa57be":100,"1854ce44":100,"f92b22f1":100,"ece12664":100,"36f4ecde":100,"568a0d58":100,"5fd569d2":100,"10c8fd03":100,"bd4ccb49":100,"e773d697":100,"7e8c11e7":100,"077eb15a":100,"5337c279":100,"8d256cb6":100,"7021c619":100,"32ae00db":100,"bf2defb2":100,"bc733a28":100,"30d32d34":100,"886c16d3":100,"e8d09b62":100,"edfa56d4":100,"899c16eb":100,"41c76041":100,"6bb1fa99":100,"d73ff72e":100,"61c0ca91":100,"d2fda7be":100,"ce20ca3c":100,"1d2d958b":100,"81fb6a01":100,"7f5b27c8":100,"fb3444d9":100,"f05de640":100,"86a68967":100,"56cd4dca":100,"7f469f4c":100,"f92dedfc":100,"355d1489":100,"f96fc1af":100,"06713bac":100,"61aca924":100,"d97fb857":100,"59ff5ec6":100,"ef04e64e":100,"6e2d04de":100,"2fca1798":100,"05028839":100,"5488826c":100,"84fff5c1":100,"c649992d":100,"d5ad3ed6":100,"8e5f7187":100,"55ba7579":100,"b7769ca6":100,"9c27de51":100,"38a75b48":100,"3b3569f6":100,"b01ab62a":100,"76da16fa":100,"bffee581":100,"07150038":100,"080fa362":100,"7b6945ad":100,"f1e86522":100,"a40d08e1":100,"fa03f48f":100,"cec79bc2":100,"5298dafa":100,"d2eff358":100,"25f7f918":100,"e70aebb5":100,"c5311ebb":100,"a488b2f1":100,"105bb3f6":100,"4caa87d6":100,"f7076e21":100,"58de5462":100,"69e653b6":100,"f01c896d":100,"98d2991b":100,"1f2670d0":100,"962c9c8f":100,"3b411d6a":100,"aec0bf28":100,"83826ef3":100,"a017a323":100,"595609d5":100,"b47f1b89":100,"8801c469":100,"8e6caf71":100,"b6281f1a":100,"9a3433b8":100,"48c6df81":100,"5e165f43":100,"b89112cb":100,"f8785b71":100,"66736d5e":100,"30de89a7":100,"ab4a411a":100,"06aaa33f":100,"d7a4b24c":100,"686d5c0b":100,"320c65bf":100,"f15eb1c5":100,"1fa1e7c2":100,"71789493":100,"646af2b9":100,"1792bfa3":100,"426f1904":100,"7c0f1ca9":100,"b2f820ac":100,"25d4f65d":100,"eddb6a2a":100,"ff8a00aa":100,"c146560b":100,"985068e7":100,"d543ba6f":100,"659389ad":100,"5ac72353":100,"240c8679":100,"d1b14d06":100,"0718c3be":100,"f6c074a7":100,"ffd6849d":100,"8b503f7b":100,"87a8523c":100,"962fca02":100,"c416baa6":100,"75968179":100,"ae350a07":100,"bc8bdc23":100,"a71f3f70":100,"680a32a6":100,"1f7aa83c":100,"83ba647d":100,"732d62ee":100,"cb0bd6b7":100,"8e426e39":100,"d4b0751c":100,"5b01444b":100,"51909df8":100,"e22b0973":100,"79995b62":100,"97160db8":100,"23646ff9":100,"3abb827b":100,"589f0d6e":100,"0c73c293":100,"51b4016a":100,"46bf9112":100,"88929b06":100,"092ad3d6":100,"08c4692e":100,"5b2479ef":100,"bf940089":100,"01f34f98":100,"1d882c36":100,"eb62e8f2":100,"1670b0d3":100,"ec97d63e":100,"94208a41":100,"2cbcad17":100,"4dccb5ca":100,"83268abf":100,"578c4c95":100,"c606b472":100,"808bc372":100,"c792a7c1":100,"5a7da061":100,"06a94514":100,"f7ffcbb8":100,"5728f934":100,"73c420df":100,"0700da70":100,"ff591765":100,"93f12198":100,"62e270e5":100,"66b1b6d7":100,"b062adc4":100,"4aae5133":100,"63a3af32":100,"3fec4b0b":100,"faa3de3e":100,"44983d13":100,"80999122":100,"72af9198":100,"e39e9552":100,"81c1b70d":100,"e72f0f82":100,"88374b72":100,"fdfaf1ed":100,"ea981bed":100,"5e197575":100,"e587c4d0":100,"525b2635":100,"caa38a45":100,"a9987a58":100,"b6b8e5c7":100,"e82177d3":100,"89914b94":100,"04bdf5e1":100,"da8b42be":100,"3b0576bf":100,"9458934f":100,"1dcc489c":100,"945badf3":100,"1327775b":100,"bdd40125":100,"75fd47f7":100,"1c52a07e":100,"00b26865":100,"c333337d":100,"815c56bc":100,"5bd61a68":100,"8582c5cf":100,"0c353665":100,"231e8700":100,"1f9fbd85":100,"43f24679":100,"a1c0dfc4":100,"78f71162":100,"4b27a9a4":100,"163f4d19":100,"1d043d5a":100,"b2f82e06":100,"5b0b43e6":100,"b5474d69":100,"5a938eeb":100,"4fe0dedf":100,"951fc6d0":100,"61892a4c":100,"f096219e":100,"a3f0a6ec":100,"272e7d0d":100,"f92596ee":100,"68831ea9":100,"9713d076":100,"fd098272":100,"6ee788a7":100,"8249641d":100,"45b0968f":100,"6a9bb182":100,"1f1afd4f":100,"01051f84":100,"aa7e370d":100,"f995eeab":100,"4006e709":100,"0dedf63e":100,"e70ccc25":100,"afd1494f":100,"ca6bffd3":100,"829c44a4":100,"e76e2617":100,"2b4fd52e":100,"57162572":100,"d1d50cfe":100,"a9d5374b":100,"4321f02d":100,"089b3f8f":100,"7698d0dc":100,"784414ce":100,"2df3efdb":100,"d0f1b7bd":100,"e7799883":100,"4f9456cf":100,"6e260ee8":100,"f4f84279":100,"b0950de5":100,"6f873999":100,"1f4e0e22":100,"60d69311":100,"3b09f1de":100,"b371f44a":100,"8b6180ff":100,"8819ac24":100,"dbbf7f69":100,"dfe4a061":100,"c2bf7d51":100,"781afef6":100,"de9229a0":100,"99a5feef":100,"9666b973":100,"653b27c7":100,"83b37fd6":100,"4d852788":100,"e43a9448":100,"3542b748":100,"379c53ab":100,"e396d80d":100,"7da61f27":100,"dc874a97":100,"85a220de":100,"40a7cdd2":100,"ac033c7b":100,"87759976":100,"4df3f62e":100,"c881a53e":100,"80c1c8b1":100,"cf52acd8":100,"a63cb4ce":100,"d3b3492b":100,"7580cfa4":100,"22a96386":100,"5c672b50":100,"5df16440":100,"b666e56d":100,"8db378ff":100,"784d6375":100,"4541bf85":100,"25fb8826":100,"0dc5da58":100,"2874a625":100,"e61ae828":100,"f7ac3883":100,"ccd01528":100,"dab8cf68":100,"00f2a9cb":100,"916fe082":100,"b64dba8e":100,"c3bb30ce":100,"86219c70":100,"601990d8":100,"5c662c19":100,"d2a5d2fd":100,"89d220c2":100,"3e10c9cb":100,"5500a3e8":100,"3c0e87ac":100,"a891461f":100,"a246cdab":100,"117c7f0b":100,"0d21cf99":100,"14e6fe14":100,"37ec5e73":100,"bfff7913":100,"f8636899":100,"37724339":100,"d45d9727":100,"ee5ff2a3":100,"44322dfd":100,"295e4d1d":100,"f6266388":100,"e64fd39c":100,"e1b3ce36":100,"625fa164":100,"0c6ae551":100,"e8f4c1dd":100,"cede8b8c":100,"ad95ff4a":100,"893a99c5":100,"d8bf32b5":100,"0eb42efe":100,"03c4ab87":100,"4e3d3af7":100,"3a4803a8":100,"f7a7de5d":100,"d4e56c3e":100,"0c045c2d":100,"8efd4801":100,"7eb8f268":100,"20236d3e":100,"36ae8cd8":100,"3ddd5391":100,"07f69c6d":100,"2254f0f5":100,"a6b13f20":100,"2459c882":100,"3df97186":100,"ef0490de":100,"e0f47ced":100,"309bbf54":100,"cc537772":100,"6618390c":100,"99cc0813":100,"dc32c4e1":100,"239c636e":100,"6ee160ff":100,"c55d40ca":100,"22c177a8":100,"00ae883f":100,"f416ee62":100,"0d2b182d":100,"320754c3":100,"232b2f64":100,"3171b6e7":100,"3b25460f":100,"d2064756":100,"ea282e84":100,"6653c83b":100,"8cf6570a":100,"403064a0":100,"312af46e":100,"b5a9f8c3":100,"fcbc0ae8":100,"2ff6b6a8":100,"66a71cc1":100,"bf4b58e4":100,"c896052c":100,"287ecd1c":100,"f9376d3e":100,"07a94e8c":100,"bb017b49":100,"37b52fe4":100,"61ad1519":100,"819c4185":100,"ba69b06b":100,"7d2a2cb4":100,"4f62491c":100,"70b4c438":100,"71ed93db":100,"c92efaa8":100,"c241ac7e":100,"62a45672":100,"210e507a":100,"ac6e268b":100,"742238e8":100,"a8edfe84":100,"2ed19b1e":100,"959e16ea":100,"02f76c64":100,"5c6d1f33":100,"b4801cae":100,"c3c2fd05":100,"f8c97147":100,"c2526ff3":100,"cc386067":100,"a22ffd8f":100,"3cd28a4d":100,"44a12c31":100,"45a961ca":100,"5ca978fd":100,"668e601b":100,"7552d86c":100,"02ebf3b6":100,"bb17a968":100,"4abcb85d":100,"cba26072":100,"2a718dcc":100,"c6a9a8e1":100,"88854fd0":100,"8dc27d2a":100,"41d7f05d":100,"2b851827":100,"9f428a03":100,"4d504d96":100,"0533ece1":100,"bcee2ef3":100,"0afba00c":100,"04ff8100":100,"6c00d8d6":100,"ac9a02bc":100,"acfe69ed":100,"426603ff":100,"2db2f252":100,"2e84193b":100,"c55683c9":100,"51233daf":100,"02791635":100,"be081247":100,"5cc47d1b":100,"678b846f":100,"b4bd39d8":100,"b4cdbe5d":100,"fa0386f3":100,"b95d0f17":100,"cee9c347":100
1601327108434,"7800e7ce":101,"77869ff0":101,"4b8f7b16":101,"89f75690":101,"cb363e2f":101,"cd802f02":101,"d3cca7eb":101,"e866a899":101,"5690e712":101,"0b92d2a9":101,"070bed95":101
1601327109129,"d5d94481":101,"ffe48500":101,"c7a45a33":101,"faffe099":101,"e99490cd":101,"3b830769":101,"583f0305":101,"1557c50a":101,"249e80ab":101,"f52a3d94":101,"eb74d3dd":101,"3bcbc28d":101,"3c0455e7":101,"df203c79":101,"df1e1ac0":101,"491708eb":101,"e421caaa":101,"2d2ecf27":101,"503aafe5":101,"67e5d108":101,"3d37b94b":101,"842c97c2":101,"c4cef92b":101,"0eecdc5b":101,"b7e495ea":101,"45ec63c0":101,"0ddfde2c":101,"a8b41774":101,"81f0da2d":101,"1fcc8ba4":101,"75a9c117":101,"12ba54ec":101,"be391c1a":101,"37d8a5b7":101,"d5ab81c4":101,"2ecde685":101,"f0bd52d3":101,"dcc20f76":101,"666a8ef0":101,"c5b609f1":101,"4dc5849a":101,"d605c755":101,"8a8c1d67":101,"cc6b3306":101,"8c2dfd9a":101,"f11267b9":101,"a483b15e":101,"f80ab49d":101,"95eaed39":101,"a5ba0ebb":101,"f53362a9":101,"1901ef7e":101,"960c2e6b":101,"3515e999":101,"d11f8f1b":101,"9d9eb027":101,"325f9a29":101,"d38a4953":101,"eba5efdd":101,"a5463f93":101,"c85ac4f8":101,"bc253f4f":101,"0d9d2bf8":101,"846b7f11":101,"d3411467":101,"1df0ce7f":101,"a08171d0":101,"c8bc5677":101,"dfca0518":101,"b9a21017":101,"e47705d3":101,"3cae4115":101,"0ccf4731":101,"c7c6782d":101,"54346574":101,"b12cbf87":101,"81942d9b":101,"699b90c1":101,"d9b5a7a8":101,"1e7914d2":101,"e5d8fdb2":101,"3412ab75":101,"bcac5daf":101,"62d028cc":101,"0af2cf39":101,"27491297":101,"d041ea86":101,"1eda11b2":101,"fc442678":101,"080d5d42":101,"5d03f5dc":101,"f0a01341":101,"1ee4d9f9":101,"0d6e45e7":101,"0da97151":101,"e829038c":101,"4987cfb5":101,"ba90687c":101,"77f2cf92":101,"037e2be4":101,"9e7dbd20":101,"0c086273":101,"ac13c3b0":101,"b4d9c57f":101,"5d53c964":101,"8ee9cc91":101,"4cc0af91":101,"55f6a2ba":101,"9559ea96":101,"9cb044bf":101,"16b25add":101,"80ee333e":101,"3b329af2":101,"1cd662bf":101,"72992b35":101,"47589344":101,"593b1533":101,"e9f6e5ce":101,"ed6bead5":101,"96f594b9":101,"94dfcfc5":101,"8301986e":101,"830ecfec":101,"a8bae791":101,"312009ee":101,"c98759fd":101,"e8b6d676":101,"45ee5840":101,"76f04033":101,"43480b19":101,"fd955858":101,"69798d15":101,"efea71fa":101,"fb3aa867":101,"c9cf710b":101,"fcacdeb3":101,"0ea055ed":101,"e3b1bdf8":101,"644b45fb":101,"18c73816":101,"e491161e":101,"b5087677":101,"16f60bed":101,"cb0c3481":101,"7664512c":101,"df9a53b8":101,"f6c27b2b":101,"945f6c24":101,"f1daea7e":101,"b8fb90e3":101,"56227e35":101,"0d6bf22a":101,"b87321d0":101,"43205b5d":101,"8982905a":101,"f6fe1ad7":101,"230064fa":101,"764e0abb":101,"bba6d88e":101,"ea3479ec":101,"32266fa3":101,"50b090c3":101,"8be24763":101,"eb4800b2":101,"6e0ce9dc":101,"87d9bec4":101,"e30dfa0c":101,"6da34174":101,"bfb849fa":101,"0a10b423":101,"9ef7cee7":101,"49f1a0d1":101,"5f04aa76":101,"ba297382":101,"0287db2a":101,"96abe4a9":101,"753b10b1":101,"cf14bd99":101,"782022f4":101,"322e833f":101,"ab3619e4":101,"106006ad":101,"c8237be9":101,"1416e8f5":101,"dde2eed5":101,"a208caa8":101,"590ce3d3":101,"1802d7ce":101,"0a49914b":101,"5d3f5cad":101,"cf347cba":101,"fc0c23f7":101,"641f9b9e":101,"c92edec5":101,"9f03c1e7":101,"06c24a8d":101,"2f35e75f":101,"3eddf7c8":101,"77970f8b":101,"efd594d5":101,"5b09e53e":101,"da5bb0f7":101,"6d925c84":101,"50b23ab2":101,"edfa56d4":101,"899c16eb":101,"41c76041":101,"6bb1fa99":101,"d73ff72e":101,"61c0ca91":101,"d2fda7be":101,"ce20ca3c":101,"1d2d958b":101,"81fb6a01":101,"16605353":101,"77b39e15":101,"f1726edb":101,"92b72493":101,"d3e58903":101,"4481c4be":101,"3b3569f6":101,"b01ab62a":101,"76da16fa":101,"bffee581":101,"07150038":101,"f1e86522":101,"080fa362":101,"fa03f48f":101,"7b6945ad":101,"5298dafa":101,"a40d08e1":101,"25f7f918":101,"cec79bc2":101,"d2eff358":101,"c5311ebb":101,"4718294d":101,"5352cf45":101,"e0ffe8ff":101,"ae14d6b5":101,"721f5f42":101,"0b50bca6":101,"bf2ca266":101,"5d8d9641":101,"0de67c6c":101,"2311399f":101,"5e3ebf5e":101,"9f6ca218":101,"6213799d":101,"44cb1fd2":101,"baf19c25":101,"24a79a6e":101,"edde30af":101,"4d949e11":101,"df12f689":101,"1da10cbf":101,"832c48e4":101,"dc90a44c":101,"1ad7c45b":101,"5566c17c":101,"86a22252":101,"0000dece":101,"ce5efdbe":101,"58ace2b5":101,"d379fd96":101,"7b819458":101,"7f8024cd":101,"ae562513":101,"7b66dacd":101,"9ab137d7":101,"7191d1cd":101,"005354dd":101,"e70aebb5":101,"105bb3f6":101,"a488b2f1":101,"58de5462":101,"4caa87d6":101,"f01c896d":101,"1f2670d0":101,"f7076e21":101,"69e653b6":101,"962c9c8f":101,"aec0bf28":101,"98d2991b":101,"3b411d6a":101,"a017a323":101,"83826ef3":101,"8801c469":101,"b6281f1a":101,"595609d5":101,"48c6df81":101,"b47f1b89":101,"5e165f43":101,"8e6caf71":101,"9a3433b8":101,"f8785b71":101,"ab4a411a":101,"b89112cb":101,"66736d5e":101,"d7a4b24c":101,"30de89a7":101,"686d5c0b":101,"f15eb1c5":101,"06aaa33f":101,"71789493":101,"320c65bf":101,"1fa1e7c2":101,"5ac72353":101,"646af2b9":101,"d1b14d06":101,"f6c074a7":101,"5337c279":101,"8d256cb6":101,"7021c619":101,"32ae00db":101,"bf2defb2":101,"bc733a28":101,"30d32d34":101,"886c16d3":101,"e8d09b62":101,"659389ad":101,"7f5b27c8":101,"fb3444d9":101,"f05de640":101,"86a68967":101,"56cd4dca":101,"7f469f4c":101,"f92dedfc":101,"355d1489":101,"f96fc1af":101,"06713bac":101,"61aca924":101,"d97fb857":101,"59ff5ec6":101,"ef04e64e":101,"6e2d04de":101,"2fca1798":101,"05028839":101,"5488826c":101,"84fff5c1":101,"c649992d":101,"d5ad3ed6":101,"8e5f7187":101,"55ba7579":101,"b7769ca6":101,"9c27de51":101,"38a75b48":101,"1792bfa3":101,"426f1904":101,"7c0f1ca9":101,"b2f820ac":101,"25d4f65d":101,"eddb6a2a":101,"ff8a00aa":101,"c146560b":101,"985068e7":101,"240c8679":101,"ffd6849d":101,"0718c3be":101,"7954891b":101,"4afd60a9":101,"d44c0ea3":101,"68f87858":101,"533bac6b":101,"41634dba":101,"43fd1327":101,"113e7f4b":101,"8cce569a":101,"ce6401b6":101,"6f57824c":101,"28bd7aa1":101,"1d52fb0d":101,"cde0d748":101,"535ed444":101,"710f0d0e":101,"0905f1fb":101,"a20e529c":101,"1ae76fcc":101,"35b161d3":101,"344cd1a3":101,"77ea1236":101,"96d2a118":101,"23a0e41f":101,"b32a1080":101,"a2c4b591":101,"6dfa57be":101,"1854ce44":101,"f92b22f1":101,"ece12664":101,"36f4ecde":101,"568a0d58":101,"5fd569d2":101,"10c8fd03":101,"bd4ccb49":101,"e773d697":101,"7e8c11e7":101,"077eb15a":101,"962fca02":101,"8b503f7b":101,"75968179":101,"bc8bdc23":101,"87a8523c":101,"c416baa6":101,"a71f3f70":101,"1f7aa83c":101,"ae350a07":101,"732d62ee":101,"680a32a6":101,"83ba647d":101,"d4b0751c":101,"cb0bd6b7":101,"5b01444b":101,"79995b62":101,"8e426e39":101,"97160db8":101,"51909df8":101,"e22b0973":101,"589f0d6e":101,"51b4016a":101,"23646ff9":101,"46bf9112":101,"3abb827b":101,"092ad3d6":101,"0c73c293":101,"bf940089":101,"88929b06":101,"01f34f98":101,"08c4692e":101,"1670b0d3":101,"5b2479ef":101,"1d882c36":101,"ec97d63e":101,"94208a41":101,"eb62e8f2":101,"2cbcad17":101,"4dccb5ca":101,"83268abf":101,"578c4c95":101,"c606b472":101,"d543ba6f":101,"808bc372":101,"c792a7c1":101,"5a7da061":101,"06a94514":101,"73c420df":101,"0700da70":101,"ff591765":101,"93f12198":101,"62e270e5":101,"66b1b6d7":101,"b062adc4":101,"4aae5133":101,"63a3af32":101,"3fec4b0b":101,"faa3de3e":101,"44983d13":101,"80999122":101,"72af9198":101,"e39e9552":101,"81c1b70d":101,"e72f0f82":101,"88374b72":101,"fdfaf1ed":101,"ea981bed":101,"5e197575":101,"e587c4d0":101,"525b2635":101,"caa38a45":101,"a9987a58":101,"b6b8e5c7":101,"e82177d3":101,"89914b94":101,"04bdf5e1":101,"da8b42be":101,"3b0576bf":101,"9458934f":101,"1dcc489c":101,"945badf3":101,"1327775b":101,"bdd40125":101,"75fd47f7":101,"1c52a07e":101,"e70ccc25":101,"afd1494f":101,"ca6bffd3":101,"829c44a4":101,"e76e2617":101,"2b4fd52e":101,"57162572":101,"d1d50cfe":101,"9666b973":101,"653b27c7":101,"83b37fd6":101,"4d852788":101,"e43a9448":101,"272e7d0d":101,"f92596ee":101,"68831ea9":101,"9713d076":101,"fd098272":101,"6ee788a7":101,"8249641d":101,"45b0968f":101,"6a9bb182":101,"1f1afd4f":101,"25fb8826":101,"0dc5da58":101,"3542b748":101,"379c53ab":101,"e396d80d":101,"7da61f27":101,"dc874a97":101,"85a220de":101,"40a7cdd2":101,"ac033c7b":101,"87759976":101,"4df3f62e":101,"c881a53e":101,"80c1c8b1":101,"cf52acd8":101,"a63cb4ce":101,"d3b3492b":101,"7580cfa4":101,"22a96386":101,"5c672b50":101,"5df16440":101,"b666e56d":101,"8db378ff":101,"784d6375":101,"4541bf85":101,"a6b13f20":101,"2459c882":101,"3df97186":101,"ef0490de":101,"e0f47ced":101,"309bbf54":101,"cc537772":101,"6618390c":101,"99cc0813":101,"dc32c4e1":101,"239c636e":101,"6ee160ff":101,"c55d40ca":101,"f7ffcbb8":101,"22c177a8":101,"00ae883f":101,"f416ee62":101,"0d2b182d":101,"320754c3":101,"232b2f64":101,"3171b6e7":101,"3b25460f":101,"d2064756":101,"2874a625":101,"e61ae828":101,"f7ac3883":101,"ccd01528":101,"dab8cf68":101,"00f2a9cb":101,"916fe082":101,"b64dba8e":101,"c3bb30ce":101,"86219c70":101,"601990d8":101,"5c662c19":101,"d2a5d2fd":101,"89d220c2":101,"3e10c9cb":101,"5500a3e8":101,"3c0e87ac":101,"a891461f":101,"a246cdab":101,"117c7f0b":101,"0d21cf99":101,"14e6fe14":101,"37ec5e73":101,"bfff7913":101,"f8636899":101,"37724339":101,"d45d9727":101,"ee5ff2a3":101,"44322dfd":101,"295e4d1d":101,"8cf6570a":101,"403064a0":101,"312af46e":101,"b5a9f8c3":101,"fcbc0ae8":101,"2ff6b6a8":101,"5728f934":101,"00b26865":101,"c333337d":101,"815c56bc":101,"5bd61a68":101,"8582c5cf":101,"0c353665":101,"231e8700":101,"1f9fbd85":101,"43f24679":101,"a1c0dfc4":101,"78f71162":101,"4b27a9a4":101,"163f4d19":101,"1d043d5a":101,"b2f82e06":101,"5b0b43e6":101,"b5474d69":101,"5a938eeb":101,"4fe0dedf":101,"951fc6d0":101,"61892a4c":101,"f096219e":101,"a3f0a6ec":101,"01051f84":101,"aa7e370d":101,"f995eeab":101,"4006e709":101,"0dedf63e":101,"a9d5374b":101,"4321f02d":101,"089b3f8f":101,"7698d0dc":101,"784414ce":101,"66a71cc1":101,"bf4b58e4":101,"2df3efdb":101,"d0f1b7bd":101,"e7799883":101,"4f9456cf":101,"6e260ee8":101,"f4f84279":101,"b0950de5":101,"6f873999":101,"1f4e0e22":101,"60d69311":101,"3b09f1de":101,"b371f44a":101,"8b6180ff":101,"8819ac24":101,"dbbf7f69":101,"dfe4a061":101,"c2bf7d51":101,"781afef6":101,"de9229a0":101,"99a5feef":101,"f6266388":101,"e64fd39c":101,"e1b3ce36":101,"625fa164":101,"0c6ae551":101,"e8f4c1dd":101,"cede8b8c":101,"ad95ff4a":101,"893a99c5":101,"d8bf32b5":101,"0eb42efe":101,"03c4ab87":101
1601327109603,"a8edfe84":101,"2ed19b1e":101,"959e16ea":101,"02f76c64":101,"5c6d1f33":101,"b4801cae":101,"c3c2fd05":101,"f8c97147":101,"c2526ff3":101,"cc386067":101,"a22ffd8f":101,"3cd28a4d":101,"44a12c31":101,"45a961ca":101,"5ca978fd":101,"668e601b":101,"7552d86c":101,"02ebf3b6":101,"bb17a968":101,"4abcb85d":101,"cba26072":101,"2a718dcc":101,"c6a9a8e1":101,"88854fd0":101,"8dc27d2a":101,"41d7f05d":101,"2b851827":101,"9f428a03":101,"4e3d3af7":101,"3a4803a8":101,"f7a7de5d":101,"d4e56c3e":101,"0c045c2d":101,"8efd4801":101,"7eb8f268":101,"20236d3e":101,"36ae8cd8":101,"3ddd5391":101,"07f69c6d":101,"2254f0f5":101,"ea282e84":101,"6653c83b":101,"c896052c":101,"287ecd1c":101,"f9376d3e":101,"07a94e8c":101,"bb017b49":101,"37b52fe4":101,"61ad1519":101,"819c4185":101,"ba69b06b":101,"7d2a2cb4":101,"4f62491c":101,"70b4c438":101,"71ed93db":101,"c92efaa8":101,"c241ac7e":101,"62a45672":101,"210e507a":101,"ac6e268b":101,"742238e8":101,"4d504d96":101,"0533ece1":101,"bcee2ef3":101,"0afba00c":101,"04ff8100":101,"6c00d8d6":101,"ac9a02bc":101,"acfe69ed":101,"426603ff":101,"2db2f252":101,"2e84193b":101,"c55683c9":101,"51233daf":101,"02791635":101,"be081247":101,"5cc47d1b":101,"678b846f":101,"b4bd39d8":101,"b4cdbe5d":101,"fa0386f3":101,"b95d0f17":101,"cee9c347":101
1601327110435,"7800e7ce":102,"77869ff0":102,"4b8f7b16":102,"89f75690":102,"cb363e2f":102,"cd802f02":102,"d3cca7eb":102,"e866a899":102,"5690e712":102,"0b92d2a9":102,"070bed95":102,"67e5d108":102,"3d37b94b":102,"842c97c2":102,"c4cef92b":102,"0eecdc5b":102,"b7e495ea":102,"45ec63c0":102,"0ddfde2c":102,"a8b41774":102,"81f0da2d":102,"1fcc8ba4":102,"75a9c117":102,"12ba54ec":102,"be391c1a":102,"37d8a5b7":102,"d5ab81c4":102,"2ecde685":102,"f0bd52d3":102,"dcc20f76":102,"666a8ef0":102,"c5b609f1":102,"4dc5849a":102,"d605c755":102,"8a8c1d67":102,"cc6b3306":102,"8c2dfd9a":102,"f11267b9":102,"a483b15e":102,"f80ab49d":102,"95eaed39":102,"a5ba0ebb":102,"f53362a9":102,"1901ef7e":102,"960c2e6b":102,"3515e999":102,"d11f8f1b":102,"9d9eb027":102,"325f9a29":102,"503aafe5":102,"d5d94481":102,"ffe48500":102,"c7a45a33":102,"faffe099":102,"e99490cd":102,"3b830769":102,"583f0305":102,"1557c50a":102,"249e80ab":102,"f52a3d94":102,"eb74d3dd":102,"3bcbc28d":102,"3c0455e7":102,"df203c79":102,"df1e1ac0":102,"491708eb":102,"e421caaa":102,"2d2ecf27":102,"d38a4953":102,"eba5efdd":102,"a5463f93":102,"c85ac4f8":102,"bc253f4f":102,"0d9d2bf8":102,"846b7f11":102,"d3411467":102,"1df0ce7f":102,"a08171d0":102,"c8bc5677":102,"dfca0518":102,"b9a21017":102,"e47705d3":102,"3cae4115":102,"0ccf4731":102,"c7c6782d":102,"54346574":102,"b12cbf87":102,"81942d9b":102,"699b90c1":102,"d9b5a7a8":102,"1e7914d2":102,"e5d8fdb2":102,"3412ab75":102,"bcac5daf":102,"62d028cc":102,"0af2cf39":102,"27491297":102,"d041ea86":102,"1eda11b2":102,"fc442678":102
1601327111544,"080d5d42":102,"5d03f5dc":102,"f0a01341":102,"1ee4d9f9":102,"0d6e45e7":102,"0da97151":102,"e829038c":102,"4987cfb5":102,"ba90687c":102,"77f2cf92":102,"037e2be4":102,"9e7dbd20":102,"0c086273":102,"ac13c3b0":102,"b4d9c57f":102,"5d53c964":102,"8ee9cc91":102,"4cc0af91":102,"55f6a2ba":102,"9559ea96":102,"9cb044bf":102,"16b25add":102,"80ee333e":102,"3b329af2":102,"1cd662bf":102,"72992b35":102,"47589344":102,"593b1533":102,"e9f6e5ce":102,"ed6bead5":102,"96f594b9":102,"94dfcfc5":102,"8301986e":102,"830ecfec":102,"a8bae791":102,"312009ee":102,"c98759fd":102,"e8b6d676":102,"45ee5840":102,"76f04033":102,"43480b19":102,"fd955858":102,"69798d15":102,"efea71fa":102,"fb3aa867":102,"c9cf710b":102,"fcacdeb3":102,"0ea055ed":102,"e3b1bdf8":102,"644b45fb":102,"18c73816":102,"e491161e":102,"b5087677":102,"16f60bed":102,"cb0c3481":102,"7664512c":102,"df9a53b8":102,"f6c27b2b":102,"945f6c24":102,"f1daea7e":102,"b8fb90e3":102,"56227e35":102,"0d6bf22a":102,"b87321d0":102,"43205b5d":102,"8982905a":102,"f6fe1ad7":102,"230064fa":102,"764e0abb":102,"bba6d88e":102,"ea3479ec":102,"32266fa3":102,"50b090c3":102,"8be24763":102,"eb4800b2":102,"6e0ce9dc":102,"87d9bec4":102,"e30dfa0c":102,"6da34174":102,"bfb849fa":102,"0a10b423":102,"9ef7cee7":102,"49f1a0d1":102,"5f04aa76":102,"ba297382":102,"0287db2a":102,"96abe4a9":102,"753b10b1":102,"cf14bd99":102,"782022f4":102,"322e833f":102,"ab3619e4":102,"106006ad":102,"c8237be9":102,"1416e8f5":102,"dde2eed5":102,"a208caa8":102,"16605353":102,"77b39e15":102,"f1726edb":102,"92b72493":102,"d3e58903":102,"4481c4be":102,"7954891b":102,"4afd60a9":102,"d44c0ea3":102,"68f87858":102,"533bac6b":102,"41634dba":102,"43fd1327":102,"113e7f4b":102,"8cce569a":102,"ce6401b6":102,"6f57824c":102,"28bd7aa1":102,"1d52fb0d":102,"cde0d748":102,"535ed444":102,"710f0d0e":102,"0905f1fb":102,"a20e529c":102,"1ae76fcc":102,"35b161d3":102,"344cd1a3":102,"77ea1236":102,"96d2a118":102,"23a0e41f":102,"b32a1080":102,"a2c4b591":102,"5b09e53e":102,"da5bb0f7":102,"6d925c84":102,"50b23ab2":102,"edfa56d4":102,"899c16eb":102,"41c76041":102,"6bb1fa99":102,"d73ff72e":102,"61c0ca91":102,"d2fda7be":102,"ce20ca3c":102,"1d2d958b":102,"81fb6a01":102,"7f5b27c8":102,"fb3444d9":102,"f05de640":102,"86a68967":102,"3b3569f6":102,"b01ab62a":102,"76da16fa":102,"bffee581":102,"07150038":102,"080fa362":102,"7b6945ad":102,"a40d08e1":102,"f1e86522":102,"cec79bc2":102,"fa03f48f":102,"d2eff358":102,"5298dafa":102,"e70aebb5":102,"25f7f918":102,"a488b2f1":102,"4caa87d6":102,"c5311ebb":102,"105bb3f6":102,"f7076e21":102,"58de5462":102,"69e653b6":102,"f01c896d":102,"98d2991b":102,"3b411d6a":102,"1f2670d0":102,"962c9c8f":102,"83826ef3":102,"595609d5":102,"aec0bf28":102,"b47f1b89":102,"a017a323":102,"8e6caf71":102,"8801c469":102,"9a3433b8":102,"b6281f1a":102,"48c6df81":102,"b89112cb":102,"66736d5e":102,"5e165f43":102,"30de89a7":102,"f8785b71":102,"ab4a411a":102,"06aaa33f":102,"320c65bf":102,"d7a4b24c":102,"686d5c0b":102,"1fa1e7c2":102,"f15eb1c5":102,"646af2b9":102,"659389ad":102,"71789493":102,"5ac72353":102,"240c8679":102,"0718c3be":102,"d1b14d06":102,"8b503f7b":102,"f6c074a7":102,"87a8523c":102,"ffd6849d":102,"56cd4dca":102,"7f469f4c":102,"f92dedfc":102,"355d1489":102,"f96fc1af":102,"06713bac":102,"61aca924":102,"d97fb857":102,"59ff5ec6":102,"ef04e64e":102,"6e2d04de":102,"2fca1798":102,"05028839":102,"5488826c":102,"84fff5c1":102,"c649992d":102,"d5ad3ed6":102,"8e5f7187":102,"55ba7579":102,"b7769ca6":102,"9c27de51":102,"38a75b48":102,"1792bfa3":102,"426f1904":102,"7c0f1ca9":102,"b2f820ac":102,"25d4f65d":102,"eddb6a2a":102,"ff8a00aa":102,"c146560b":102,"985068e7":102,"d543ba6f":102,"962fca02":102,"c416baa6":102,"ae350a07":102,"75968179":102,"bc8bdc23":102,"680a32a6":102,"83ba647d":102,"a71f3f70":102,"cb0bd6b7":102,"1f7aa83c":102,"8e426e39":102,"732d62ee":102,"d4b0751c":102,"51909df8":102,"5b01444b":102,"e22b0973":102,"6dfa57be":102,"1854ce44":102,"f92b22f1":102,"ece12664":102,"36f4ecde":102,"568a0d58":102,"5fd569d2":102,"10c8fd03":102,"bd4ccb49":102,"e773d697":102,"7e8c11e7":102,"077eb15a":102,"5337c279":102,"8d256cb6":102,"7021c619":102,"32ae00db":102,"bf2defb2":102,"bc733a28":102,"30d32d34":102,"886c16d3":102,"e8d09b62":102,"23646ff9":102,"3abb827b":102,"24a79a6e":102,"edde30af":102,"4d949e11":102,"df12f689":102,"1da10cbf":102,"832c48e4":102,"dc90a44c":102,"1ad7c45b":102,"5566c17c":102,"86a22252":102,"0000dece":102,"ce5efdbe":102,"58ace2b5":102,"d379fd96":102,"7b819458":102,"7f8024cd":102,"ae562513":102,"7b66dacd":102,"9ab137d7":102,"7191d1cd":102,"005354dd":102,"0c73c293":102,"79995b62":102,"88929b06":102,"97160db8":102,"08c4692e":102,"590ce3d3":102,"1802d7ce":102,"0a49914b":102,"5d3f5cad":102,"cf347cba":102,"fc0c23f7":102,"641f9b9e":102,"c92edec5":102,"9f03c1e7":102,"06c24a8d":102,"2f35e75f":102,"3eddf7c8":102,"77970f8b":102,"efd594d5":102,"4718294d":102,"5352cf45":102,"e0ffe8ff":102,"ae14d6b5":102,"721f5f42":102,"0b50bca6":102,"bf2ca266":102,"5d8d9641":102,"0de67c6c":102,"2311399f":102,"5e3ebf5e":102,"9f6ca218":102,"6213799d":102,"44cb1fd2":102,"baf19c25":102,"5b2479ef":102,"589f0d6e":102,"51b4016a":102,"1d882c36":102,"eb62e8f2":102,"46bf9112":102,"092ad3d6":102,"bf940089":102,"808bc372":102,"01f34f98":102,"c792a7c1":102,"1670b0d3":102,"5a7da061":102,"ec97d63e":102,"06a94514":102,"73c420df":102,"94208a41":102,"2cbcad17":102,"0700da70":102,"4dccb5ca":102,"ff591765":102,"93f12198":102,"83268abf":102,"62e270e5":102,"578c4c95":102,"c606b472":102,"66b1b6d7":102,"b062adc4":102,"4aae5133":102,"63a3af32":102,"3fec4b0b":102,"faa3de3e":102,"44983d13":102,"80999122":102,"72af9198":102,"e39e9552":102,"81c1b70d":102,"e72f0f82":102,"88374b72":102,"fdfaf1ed":102,"ea981bed":102,"5e197575":102,"e587c4d0":102,"525b2635":102,"caa38a45":102,"a9987a58":102,"b6b8e5c7":102,"e82177d3":102,"89914b94":102,"04bdf5e1":102,"da8b42be":102,"3b0576bf":102,"9458934f":102,"1dcc489c":102,"945badf3":102,"1327775b":102,"bdd40125":102,"75fd47f7":102,"1c52a07e":102,"e70ccc25":102,"afd1494f":102,"ca6bffd3":102,"829c44a4":102,"e76e2617":102,"2b4fd52e":102,"57162572":102,"d1d50cfe":102,"9666b973":102,"653b27c7":102,"83b37fd6":102,"4d852788":102,"e43a9448":102,"3542b748":102,"379c53ab":102,"e396d80d":102,"7da61f27":102,"dc874a97":102,"85a220de":102,"40a7cdd2":102,"ac033c7b":102,"87759976":102,"4df3f62e":102,"c881a53e":102,"80c1c8b1":102,"cf52acd8":102,"a63cb4ce":102,"d3b3492b":102,"7580cfa4":102,"22a96386":102,"5c672b50":102,"5df16440":102,"b666e56d":102,"8db378ff":102,"784d6375":102,"4541bf85":102,"a6b13f20":102,"2459c882":102,"3df97186":102,"ef0490de":102,"e0f47ced":102,"309bbf54":102,"cc537772":102,"6618390c":102,"99cc0813":102,"dc32c4e1":102,"239c636e":102,"6ee160ff":102,"c55d40ca":102,"22c177a8":102,"00ae883f":102,"272e7d0d":102,"f92596ee":102,"68831ea9":102,"9713d076":102,"fd098272":102,"6ee788a7":102,"8249641d":102,"45b0968f":102,"6a9bb182":102,"1f1afd4f":102,"25fb8826":102,"0dc5da58":102,"2874a625":102,"e61ae828":102,"f7ac3883":102,"ccd01528":102,"dab8cf68":102,"00f2a9cb":102,"916fe082":102,"b64dba8e":102,"c3bb30ce":102,"86219c70":102,"601990d8":102,"5c662c19":102,"d2a5d2fd":102,"89d220c2":102,"3e10c9cb":102,"5500a3e8":102,"f7ffcbb8":102,"5728f934":102,"00b26865":102,"c333337d":102,"815c56bc":102,"5bd61a68":102,"8582c5cf":102,"0c353665":102,"231e8700":102,"1f9fbd85":102,"43f24679":102,"f416ee62":102,"0d2b182d":102,"320754c3":102,"232b2f64":102,"3171b6e7":102,"3b25460f":102,"d2064756":102,"3c0e87ac":102,"a891461f":102,"a246cdab":102,"117c7f0b":102,"0d21cf99":102,"14e6fe14":102,"37ec5e73":102,"bfff7913":102,"f8636899":102,"37724339":102,"d45d9727":102,"ee5ff2a3":102,"44322dfd":102,"295e4d1d":102,"8cf6570a":102,"403064a0":102,"312af46e":102,"b5a9f8c3":102,"fcbc0ae8":102,"2ff6b6a8":102,"66a71cc1":102,"bf4b58e4":102,"a1c0dfc4":102,"78f71162":102,"4b27a9a4":102,"163f4d19":102,"1d043d5a":102,"b2f82e06":102,"5b0b43e6":102,"b5474d69":102,"5a938eeb":102,"4fe0dedf":102,"951fc6d0":102,"61892a4c":102,"f096219e":102,"a3f0a6ec":102,"01051f84":102,"aa7e370d":102,"f995eeab":102,"4006e709":102,"0dedf63e":102,"a9d5374b":102,"4321f02d":102,"089b3f8f":102,"7698d0dc":102,"784414ce":102,"2df3efdb":102,"d0f1b7bd":102,"e7799883":102,"4f9456cf":102,"6e260ee8":102,"f4f84279":102,"b0950de5":102,"6f873999":102,"1f4e0e22":102,"60d69311":102,"3b09f1de":102,"b371f44a":102,"8b6180ff":102,"8819ac24":102,"dfe4a061":102,"dbbf7f69":102,"c2bf7d51":102,"781afef6":102,"de9229a0":102,"99a5feef":102,"f6266388":102,"e64fd39c":102,"e1b3ce36":102,"625fa164":102,"0c6ae551":102,"e8f4c1dd":102,"cede8b8c":102,"ad95ff4a":102,"893a99c5":102,"d8bf32b5":102,"0eb42efe":102,"03c4ab87":102,"4e3d3af7":102,"3a4803a8":102,"f7a7de5d":102,"d4e56c3e":102,"0c045c2d":102,"8efd4801":102,"7eb8f268":102,"20236d3e":102,"36ae8cd8":102,"3ddd5391":102,"07f69c6d":102,"2254f0f5":102,"ea282e84":102,"6653c83b":102,"c896052c":102,"a8edfe84":102,"2ed19b1e":102,"959e16ea":102,"02f76c64":102,"5c6d1f33":102,"b4801cae":102,"c3c2fd05":102,"f8c97147":102
1601327112136,"287ecd1c":102,"f9376d3e":102,"07a94e8c":102,"bb017b49":102,"37b52fe4":102,"61ad1519":102,"819c4185":102,"ba69b06b":102,"7d2a2cb4":102,"4f62491c":102,"70b4c438":102,"71ed93db":102,"c92efaa8":102,"c241ac7e":102,"62a45672":102,"210e507a":102,"ac6e268b":102,"742238e8":102,"c2526ff3":102,"cc386067":102,"a22ffd8f":102,"3cd28a4d":102,"44a12c31":102,"45a961ca":102,"5ca978fd":102,"668e601b":102,"7552d86c":102,"02ebf3b6":102,"bb17a968":102,"4abcb85d":102,"cba26072":102,"2a718dcc":102,"c6a9a8e1":102,"88854fd0":102,"8dc27d2a":102,"41d7f05d":102,"2b851827":102,"9f428a03":102,"4d504d96":102,"0533ece1":102,"bcee2ef3":102,"0afba00c":102,"04ff8100":102,"6c00d8d6":102,"ac9a02bc":102,"acfe69ed":102,"426603ff":102,"2db2f252":102,"2e84193b":102,"c55683c9":102,"51233daf":102,"02791635":102,"be081247":102,"5cc47d1b":102,"678b846f":102,"b4bd39d8":102,"b4cdbe5d":102,"fa0386f3":102,"b95d0f17":102,"cee9c347":102
1601327113102,"7800e7ce":103,"77869ff0":103,"4b8f7b16":103,"89f75690":103,"cb363e2f":103,"cd802f02":103,"d3cca7eb":103,"e866a899":103,"5690e712":103,"0b92d2a9":103,"070bed95":103,"67e5d108":103,"3d37b94b":103,"842c97c2":103,"c4cef92b":103,"0eecdc5b":103,"b7e495ea":103,"45ec63c0":103,"0ddfde2c":103,"a8b41774":103,"81f0da2d":103,"1fcc8ba4":103,"75a9c117":103,"12ba54ec":103,"be391c1a":103,"37d8a5b7":103,"d5ab81c4":103,"2ecde685":103,"f0bd52d3":103,"dcc20f76":103,"666a8ef0":103,"c5b609f1":103,"4dc5849a":103,"d605c755":103,"8a8c1d67":103,"cc6b3306":103,"8c2dfd9a":103,"f11267b9":103,"a483b15e":103,"f80ab49d":103,"95eaed39":103,"a5ba0ebb":103,"f53362a9":103,"1901ef7e":103,"960c2e6b":103,"3515e999":103,"d11f8f1b":103,"9d9eb027":103,"325f9a29":103,"503aafe5":103,"080d5d42":103,"5d03f5dc":103,"f0a01341":103,"1ee4d9f9":103,"0d6e45e7":103,"0da97151":103,"e829038c":103,"4987cfb5":103,"ba90687c":103,"77f2cf92":103,"037e2be4":103,"9e7dbd20":103,"0c086273":103,"ac13c3b0":103,"b4d9c57f":103,"5d53c964":103,"8ee9cc91":103,"4cc0af91":103,"55f6a2ba":103,"9559ea96":103,"9cb044bf":103,"16b25add":103,"d5d94481":103,"ffe48500":103,"c7a45a33":103,"faffe099":103,"e99490cd":103,"3b830769":103,"583f0305":103,"1557c50a":103,"249e80ab":103,"f52a3d94":103,"eb74d3dd":103,"80ee333e":103,"3b329af2":103,"1cd662bf":103,"72992b35":103,"47589344":103,"593b1533":103,"e9f6e5ce":103,"ed6bead5":103,"96f594b9":103,"94dfcfc5":103,"8301986e":103,"830ecfec":103,"a8bae791":103,"312009ee":103,"c98759fd":103,"e8b6d676":103,"45ee5840":103,"76f04033":103,"43480b19":103,"fd955858":103,"69798d15":103,"efea71fa":103,"fb3aa867":103,"c9cf710b":103,"fcacdeb3":103,"0ea055ed":103,"e3b1bdf8":103,"644b45fb":103,"3bcbc28d":103,"3c0455e7":103,"df203c79":103,"df1e1ac0":103,"491708eb":103,"e421caaa":103,"2d2ecf27":103,"d38a4953":103,"eba5efdd":103,"a5463f93":103,"c85ac4f8":103,"bc253f4f":103,"0d9d2bf8":103,"846b7f11":103,"d3411467":103,"1df0ce7f":103,"a08171d0":103,"c8bc5677":103,"dfca0518":103,"b9a21017":103,"e47705d3":103,"3cae4115":103,"0ccf4731":103,"c7c6782d":103,"54346574":103,"b12cbf87":103,"81942d9b":103,"699b90c1":103,"d9b5a7a8":103,"1e7914d2":103,"e5d8fdb2":103,"3412ab75":103,"bcac5daf":103,"62d028cc":103,"0af2cf39":103,"27491297":103,"d041ea86":103,"1eda11b2":103,"fc442678":103,"590ce3d3":103,"1802d7ce":103,"0a49914b":103,"5d3f5cad":103,"cf347cba":103,"fc0c23f7":103,"641f9b9e":103,"c92edec5":103,"9f03c1e7":103,"06c24a8d":103,"2f35e75f":103,"3eddf7c8":103,"77970f8b":103,"efd594d5":103,"18c73816":103,"e491161e":103,"b5087677":103,"16f60bed":103,"cb0c3481":103,"7664512c":103,"df9a53b8":103,"f6c27b2b":103,"945f6c24":103,"f1daea7e":103,"b8fb90e3":103,"56227e35":103,"0d6bf22a":103,"b87321d0":103,"43205b5d":103,"8982905a":103,"f6fe1ad7":103,"230064fa":103,"764e0abb":103,"bba6d88e":103,"ea3479ec":103,"4718294d":103,"5352cf45":103,"e0ffe8ff":103,"ae14d6b5":103,"721f5f42":103,"0b50bca6":103,"bf2ca266":103,"5d8d9641":103,"0de67c6c":103,"2311399f":103,"5e3ebf5e":103,"9f6ca218":103,"6213799d":103,"44cb1fd2":103,"baf19c25":103,"24a79a6e":103,"edde30af":103,"4d949e11":103,"df12f689":103,"1da10cbf":103,"832c48e4":103,"dc90a44c":103,"1ad7c45b":103,"5566c17c":103,"86a22252":103,"0000dece":103,"ce5efdbe":103,"58ace2b5":103,"d379fd96":103,"7b819458":103,"7f8024cd":103,"ae562513":103,"7b66dacd":103,"9ab137d7":103,"7191d1cd":103,"005354dd":103,"32266fa3":103,"50b090c3":103,"8be24763":103,"eb4800b2":103,"6e0ce9dc":103,"87d9bec4":103,"e30dfa0c":103,"6da34174":103,"bfb849fa":103,"0a10b423":103,"9ef7cee7":103,"49f1a0d1":103,"5f04aa76":103,"ba297382":103,"0287db2a":103,"96abe4a9":103,"753b10b1":103,"cf14bd99":103,"782022f4":103,"322e833f":103,"ab3619e4":103,"106006ad":103,"c8237be9":103,"1416e8f5":103,"dde2eed5":103,"a208caa8":103,"16605353":103,"77b39e15":103,"f1726edb":103,"92b72493":103,"d3e58903":103,"4481c4be":103,"7954891b":103,"4afd60a9":103,"d44c0ea3":103,"68f87858":103,"533bac6b":103,"41634dba":103,"43fd1327":103,"113e7f4b":103,"8cce569a":103,"ce6401b6":103,"6f57824c":103,"28bd7aa1":103,"1d52fb0d":103,"cde0d748":103,"535ed444":103,"710f0d0e":103,"5b09e53e":103,"0905f1fb":103,"a20e529c":103,"1ae76fcc":103,"35b161d3":103,"344cd1a3":103,"77ea1236":103,"96d2a118":103,"23a0e41f":103,"b32a1080":103,"a2c4b591":103,"6dfa57be":103,"1854ce44":103,"f92b22f1":103,"ece12664":103,"36f4ecde":103,"568a0d58":103,"5fd569d2":103,"10c8fd03":103,"bd4ccb49":103,"e773d697":103,"7e8c11e7":103,"077eb15a":103,"5337c279":103,"8d256cb6":103,"7021c619":103,"32ae00db":103,"bf2defb2":103,"bc733a28":103,"30d32d34":103,"886c16d3":103,"e8d09b62":103
1601327113809,"da5bb0f7":103,"6d925c84":103,"50b23ab2":103,"edfa56d4":103,"899c16eb":103,"41c76041":103,"6bb1fa99":103,"d73ff72e":103,"61c0ca91":103,"d2fda7be":103,"ce20ca3c":103,"1d2d958b":103,"81fb6a01":103,"7f5b27c8":103,"fb3444d9":103,"f05de640":103,"86a68967":103,"56cd4dca":103,"7f469f4c":103,"f92dedfc":103,"355d1489":103,"f96fc1af":103,"06713bac":103,"61aca924":103,"d97fb857":103,"59ff5ec6":103,"ef04e64e":103,"6e2d04de":103,"2fca1798":103,"05028839":103,"5488826c":103,"84fff5c1":103,"c649992d":103,"d5ad3ed6":103,"8e5f7187":103,"55ba7579":103,"3b3569f6":103,"b01ab62a":103,"76da16fa":103,"bffee581":103,"07150038":103,"f1e86522":103,"080fa362":103,"7b6945ad":103,"fa03f48f":103,"5298dafa":103,"a40d08e1":103,"cec79bc2":103,"25f7f918":103,"c5311ebb":103,"d2eff358":103,"e70aebb5":103,"105bb3f6":103,"a488b2f1":103,"58de5462":103,"4caa87d6":103,"f01c896d":103,"f7076e21":103,"1f2670d0":103,"962c9c8f":103,"69e653b6":103,"98d2991b":103,"aec0bf28":103,"3b411d6a":103,"a017a323":103,"83826ef3":103,"8801c469":103,"b6281f1a":103,"595609d5":103,"b47f1b89":103,"48c6df81":103,"b7769ca6":103,"9c27de51":103,"38a75b48":103,"1792bfa3":103,"426f1904":103,"7c0f1ca9":103,"b2f820ac":103,"25d4f65d":103,"eddb6a2a":103,"ff8a00aa":103,"c146560b":103,"985068e7":103,"d543ba6f":103,"578c4c95":103,"c606b472":103,"808bc372":103,"c792a7c1":103,"5a7da061":103,"06a94514":103,"73c420df":103,"0700da70":103,"ff591765":103,"93f12198":103,"62e270e5":103,"66b1b6d7":103,"b062adc4":103,"4aae5133":103,"63a3af32":103,"3fec4b0b":103,"faa3de3e":103,"44983d13":103,"80999122":103,"72af9198":103,"e39e9552":103,"81c1b70d":103,"e72f0f82":103,"88374b72":103,"fdfaf1ed":103,"ea981bed":103,"5e197575":103,"e587c4d0":103,"525b2635":103,"caa38a45":103,"a9987a58":103,"5e165f43":103,"8e6caf71":103,"9a3433b8":103,"f8785b71":103,"b89112cb":103,"ab4a411a":103,"66736d5e":103,"d7a4b24c":103,"30de89a7":103,"686d5c0b":103,"06aaa33f":103,"f15eb1c5":103,"71789493":103,"320c65bf":103,"1fa1e7c2":103,"5ac72353":103,"d1b14d06":103,"646af2b9":103,"f6c074a7":103,"659389ad":103,"ffd6849d":103,"240c8679":103,"0718c3be":103,"962fca02":103,"8b503f7b":103,"75968179":103,"bc8bdc23":103,"87a8523c":103,"a71f3f70":103,"c416baa6":103,"1f7aa83c":103,"ae350a07":103,"732d62ee":103,"680a32a6":103,"d4b0751c":103,"83ba647d":103,"5b01444b":103,"79995b62":103,"cb0bd6b7":103,"8e426e39":103,"97160db8":103,"589f0d6e":103,"51909df8":103,"51b4016a":103,"e22b0973":103,"46bf9112":103,"23646ff9":103,"3abb827b":103,"092ad3d6":103,"0c73c293":103,"bf940089":103,"88929b06":103,"01f34f98":103,"08c4692e":103,"1670b0d3":103,"5b2479ef":103,"ec97d63e":103,"1d882c36":103,"94208a41":103,"2cbcad17":103,"eb62e8f2":103,"4dccb5ca":103,"83268abf":103,"b6b8e5c7":103,"e82177d3":103,"89914b94":103,"04bdf5e1":103,"da8b42be":103,"3b0576bf":103,"9458934f":103,"1dcc489c":103,"945badf3":103,"1327775b":103,"bdd40125":103,"75fd47f7":103,"1c52a07e":103,"e70ccc25":103,"afd1494f":103,"ca6bffd3":103,"829c44a4":103,"e76e2617":103,"2b4fd52e":103,"57162572":103,"d1d50cfe":103,"f7ffcbb8":103,"5728f934":103,"00b26865":103,"c333337d":103,"815c56bc":103,"5bd61a68":103,"8582c5cf":103,"0c353665":103,"231e8700":103,"1f9fbd85":103,"43f24679":103,"a1c0dfc4":103,"78f71162":103,"4b27a9a4":103,"163f4d19":103,"1d043d5a":103,"b2f82e06":103,"5b0b43e6":103,"b5474d69":103,"5a938eeb":103,"4fe0dedf":103,"951fc6d0":103,"272e7d0d":103,"f92596ee":103,"68831ea9":103,"9713d076":103,"fd098272":103,"6ee788a7":103,"8249641d":103,"45b0968f":103,"6a9bb182":103,"1f1afd4f":103,"25fb8826":103,"0dc5da58":103,"2874a625":103,"e61ae828":103,"f7ac3883":103,"ccd01528":103,"dab8cf68":103,"00f2a9cb":103,"916fe082":103,"9666b973":103,"653b27c7":103,"83b37fd6":103,"4d852788":103,"e43a9448":103,"3542b748":103,"379c53ab":103,"e396d80d":103,"7da61f27":103,"dc874a97":103,"85a220de":103,"40a7cdd2":103,"ac033c7b":103,"87759976":103,"4df3f62e":103,"c881a53e":103,"80c1c8b1":103,"cf52acd8":103,"a63cb4ce":103,"d3b3492b":103,"7580cfa4":103,"22a96386":103,"5c672b50":103,"5df16440":103,"b666e56d":103,"8db378ff":103,"61892a4c":103,"f096219e":103,"a3f0a6ec":103,"01051f84":103,"aa7e370d":103,"f995eeab":103,"4006e709":103,"0dedf63e":103,"a9d5374b":103,"4321f02d":103,"089b3f8f":103,"7698d0dc":103,"784414ce":103,"2df3efdb":103,"dfe4a061":103,"d0f1b7bd":103,"c2bf7d51":103,"e7799883":103,"781afef6":103,"de9229a0":103,"4f9456cf":103,"99a5feef":103,"6e260ee8":103,"f6266388":103,"f4f84279":103,"b0950de5":103,"e64fd39c":103,"6f873999":103,"e1b3ce36":103,"b64dba8e":103,"c3bb30ce":103,"86219c70":103,"601990d8":103,"5c662c19":103,"d2a5d2fd":103,"89d220c2":103,"3e10c9cb":103,"5500a3e8":103,"3c0e87ac":103,"a891461f":103,"a246cdab":103,"117c7f0b":103,"0d21cf99":103,"14e6fe14":103,"37ec5e73":103,"bfff7913":103,"f8636899":103,"37724339":103,"d45d9727":103,"ee5ff2a3":103,"44322dfd":103,"295e4d1d":103,"8cf6570a":103,"403064a0":103,"312af46e":103,"b5a9f8c3":103,"fcbc0ae8":103,"2ff6b6a8":103,"66a71cc1":103,"bf4b58e4":103,"784d6375":103,"4541bf85":103,"a6b13f20":103,"2459c882":103,"3df97186":103,"ef0490de":103,"e0f47ced":103,"309bbf54":103,"cc537772":103,"6618390c":103,"99cc0813":103,"dc32c4e1":103,"239c636e":103,"6ee160ff":103,"c55d40ca":103,"22c177a8":103,"00ae883f":103,"f416ee62":103,"0d2b182d":103,"320754c3":103,"232b2f64":103,"3171b6e7":103,"3b25460f":103,"d2064756":103,"a8edfe84":103,"2ed19b1e":103,"959e16ea":103,"02f76c64":103,"5c6d1f33":103,"b4801cae":103,"c3c2fd05":103,"f8c97147":103,"c2526ff3":103,"cc386067":103,"a22ffd8f":103,"3cd28a4d":103,"44a12c31":103,"45a961ca":103,"5ca978fd":103,"668e601b":103,"7552d86c":103,"02ebf3b6":103,"bb17a968":103,"4abcb85d":103,"cba26072":103,"2a718dcc":103,"c6a9a8e1":103,"88854fd0":103,"8dc27d2a":103,"625fa164":103,"1f4e0e22":103,"60d69311":103,"0c6ae551":103,"3b09f1de":103,"e8f4c1dd":103,"cede8b8c":103,"b371f44a":103,"ad95ff4a":103,"893a99c5":103,"8b6180ff":103,"d8bf32b5":103,"8819ac24":103,"0eb42efe":103,"dbbf7f69":103,"03c4ab87":103,"4e3d3af7":103,"3a4803a8":103,"f7a7de5d":103,"d4e56c3e":103,"0c045c2d":103,"8efd4801":103,"7eb8f268":103,"20236d3e":103,"36ae8cd8":103,"3ddd5391":103,"07f69c6d":103,"2254f0f5":103,"ea282e84":103,"6653c83b":103,"c896052c":103,"287ecd1c":103,"f9376d3e":103,"07a94e8c":103,"bb017b49":103,"37b52fe4":103,"61ad1519":103,"819c4185":103,"ba69b06b":103,"7d2a2cb4":103,"4f62491c":103,"70b4c438":103,"41d7f05d":103,"2b851827":103,"9f428a03":103,"4d504d96":103,"0533ece1":103,"bcee2ef3":103,"0afba00c":103,"04ff8100":103,"6c00d8d6":103,"ac9a02bc":103,"acfe69ed":103,"426603ff":103,"2db2f252":103,"2e84193b":103,"c55683c9":103,"51233daf":103,"02791635":103,"be081247":103,"5cc47d1b":103,"678b846f":103,"b4bd39d8":103,"b4cdbe5d":103,"fa0386f3":103,"b95d0f17":103,"cee9c347":103,"71ed93db":103,"c92efaa8":103,"c241ac7e":103,"62a45672":103,"210e507a":103,"ac6e268b":103,"742238e8":103
1601327115263,"7800e7ce":104,"77869ff0":104,"4b8f7b16":104,"89f75690":104,"cb363e2f":104,"cd802f02":104,"d3cca7eb":104,"e866a899":104,"5690e712":104,"0b92d2a9":104,"070bed95":104,"67e5d108":104,"3d37b94b":104,"842c97c2":104,"c4cef92b":104,"0eecdc5b":104,"b7e495ea":104,"45ec63c0":104,"0ddfde2c":104,"a8b41774":104,"81f0da2d":104,"1fcc8ba4":104,"75a9c117":104,"12ba54ec":104,"be391c1a":104,"37d8a5b7":104,"d5ab81c4":104,"2ecde685":104,"f0bd52d3":104,"dcc20f76":104,"666a8ef0":104,"c5b609f1":104,"4dc5849a":104,"d605c755":104,"8a8c1d67":104,"cc6b3306":104,"8c2dfd9a":104,"f11267b9":104,"a483b15e":104,"f80ab49d":104,"95eaed39":104,"a5ba0ebb":104,"f53362a9":104,"1901ef7e":104,"960c2e6b":104,"3515e999":104,"d11f8f1b":104,"9d9eb027":104,"325f9a29":104,"503aafe5":104,"080d5d42":104,"5d03f5dc":104,"f0a01341":104,"1ee4d9f9":104,"0d6e45e7":104,"0da97151":104,"e829038c":104,"4987cfb5":104,"ba90687c":104,"77f2cf92":104,"037e2be4":104,"9e7dbd20":104,"0c086273":104,"ac13c3b0":104,"b4d9c57f":104,"5d53c964":104,"8ee9cc91":104,"4cc0af91":104,"55f6a2ba":104,"9559ea96":104,"9cb044bf":104,"16b25add":104,"80ee333e":104,"3b329af2":104,"1cd662bf":104,"72992b35":104,"47589344":104,"593b1533":104,"e9f6e5ce":104,"ed6bead5":104,"96f594b9":104,"94dfcfc5":104,"8301986e":104,"830ecfec":104,"a8bae791":104,"312009ee":104,"c98759fd":104,"e8b6d676":104,"45ee5840":104,"76f04033":104,"43480b19":104,"fd955858":104,"69798d15":104,"efea71fa":104,"fb3aa867":104,"c9cf710b":104,"fcacdeb3":104,"0ea055ed":104,"e3b1bdf8":104,"644b45fb":104,"d5d94481":104,"ffe48500":104,"c7a45a33":104,"faffe099":104,"e99490cd":104,"3b830769":104,"583f0305":104,"1557c50a":104,"249e80ab":104,"f52a3d94":104,"eb74d3dd":104,"3bcbc28d":104,"3c0455e7":104,"df203c79":104,"df1e1ac0":104,"491708eb":104,"e421caaa":104,"2d2ecf27":104,"d38a4953":104,"eba5efdd":104,"a5463f93":104,"c85ac4f8":104,"bc253f4f":104,"0d9d2bf8":104,"846b7f11":104,"d3411467":104,"1df0ce7f":104,"a08171d0":104,"c8bc5677":104,"dfca0518":104,"18c73816":104,"e491161e":104,"b5087677":104,"16f60bed":104,"b9a21017":104,"e47705d3":104,"3cae4115":104,"0ccf4731":104,"c7c6782d":104,"54346574":104,"b12cbf87":104,"81942d9b":104,"699b90c1":104,"d9b5a7a8":104,"1e7914d2":104,"e5d8fdb2":104,"3412ab75":104,"bcac5daf":104,"62d028cc":104,"0af2cf39":104,"27491297":104,"d041ea86":104,"1eda11b2":104,"fc442678":104,"590ce3d3":104,"1802d7ce":104,"0a49914b":104,"5d3f5cad":104,"cf347cba":104,"fc0c23f7":104,"641f9b9e":104,"c92edec5":104,"9f03c1e7":104,"06c24a8d":104,"2f35e75f":104,"3eddf7c8":104,"77970f8b":104,"efd594d5":104,"4718294d":104,"5352cf45":104,"e0ffe8ff":104,"ae14d6b5":104,"721f5f42":104,"0b50bca6":104,"bf2ca266":104,"5d8d9641":104,"0de67c6c":104,"2311399f":104,"5e3ebf5e":104,"9f6ca218":104,"6213799d":104,"44cb1fd2":104,"baf19c25":104,"24a79a6e":104,"edde30af":104,"4d949e11":104,"df12f689":104,"1da10cbf":104,"832c48e4":104,"dc90a44c":104,"1ad7c45b":104,"5566c17c":104,"86a22252":104,"0000dece":104,"ce5efdbe":104,"58ace2b5":104,"d379fd96":104,"7b819458":104,"cb0c3481":104,"7664512c":104,"df9a53b8":104,"f6c27b2b":104,"945f6c24":104,"f1daea7e":104,"b8fb90e3":104,"56227e35":104,"0d6bf22a":104,"b87321d0":104,"43205b5d":104,"8982905a":104,"f6fe1ad7":104,"230064fa":104,"764e0abb":104,"bba6d88e":104,"ea3479ec":104,"32266fa3":104,"50b090c3":104,"8be24763":104,"eb4800b2":104,"6e0ce9dc":104,"87d9bec4":104,"e30dfa0c":104,"6da34174":104,"bfb849fa":104,"0a10b423":104,"9ef7cee7":104,"49f1a0d1":104,"5f04aa76":104,"ba297382":104,"0287db2a":104,"96abe4a9":104,"753b10b1":104,"cf14bd99":104,"782022f4":104,"322e833f":104,"ab3619e4":104,"106006ad":104,"c8237be9":104,"7f8024cd":104,"ae562513":104,"7b66dacd":104,"9ab137d7":104,"7191d1cd":104,"005354dd":104,"1416e8f5":104,"dde2eed5":104,"a208caa8":104,"16605353":104,"77b39e15":104,"f1726edb":104,"92b72493":104,"d3e58903":104,"4481c4be":104,"7954891b":104
1601327115823,"4afd60a9":104,"d44c0ea3":104,"68f87858":104,"533bac6b":104,"41634dba":104,"43fd1327":104,"113e7f4b":104,"8cce569a":104,"ce6401b6":104,"6f57824c":104,"28bd7aa1":104,"1d52fb0d":104,"cde0d748":104,"535ed444":104,"710f0d0e":104,"0905f1fb":104,"a20e529c":104,"1ae76fcc":104,"35b161d3":104,"344cd1a3":104,"77ea1236":104,"96d2a118":104,"23a0e41f":104,"b32a1080":104,"a2c4b591":104,"6dfa57be":104,"1854ce44":104,"f92b22f1":104,"ece12664":104,"36f4ecde":104,"568a0d58":104,"5fd569d2":104,"10c8fd03":104,"bd4ccb49":104,"e773d697":104,"7e8c11e7":104,"077eb15a":104,"5337c279":104,"8d256cb6":104,"7021c619":104,"32ae00db":104,"bf2defb2":104,"bc733a28":104,"30d32d34":104,"886c16d3":104,"e8d09b62":104,"5b09e53e":104,"da5bb0f7":104,"6d925c84":104,"50b23ab2":104,"edfa56d4":104,"899c16eb":104,"41c76041":104,"6bb1fa99":104,"d73ff72e":104,"61c0ca91":104,"d2fda7be":104,"ce20ca3c":104,"1d2d958b":104,"81fb6a01":104,"7f5b27c8":104,"fb3444d9":104,"f05de640":104,"3b3569f6":104,"b01ab62a":104,"76da16fa":104,"bffee581":104,"f1e86522":104,"fa03f48f":104,"07150038":104,"86a68967":104,"56cd4dca":104,"7f469f4c":104,"f92dedfc":104,"355d1489":104,"f96fc1af":104,"06713bac":104,"61aca924":104,"d97fb857":104,"59ff5ec6":104,"ef04e64e":104,"6e2d04de":104,"2fca1798":104,"05028839":104,"5488826c":104,"84fff5c1":104,"c649992d":104,"d5ad3ed6":104,"8e5f7187":104,"55ba7579":104,"b7769ca6":104,"9c27de51":104,"38a75b48":104,"1792bfa3":104,"426f1904":104,"7c0f1ca9":104,"b2f820ac":104,"25d4f65d":104,"eddb6a2a":104,"ff8a00aa":104,"c146560b":104,"985068e7":104,"d543ba6f":104,"f7ffcbb8":104,"5728f934":104,"00b26865":104,"c333337d":104,"815c56bc":104,"5bd61a68":104,"5298dafa":104,"080fa362":104,"25f7f918":104,"7b6945ad":104,"a40d08e1":104,"c5311ebb":104,"cec79bc2":104,"105bb3f6":104,"d2eff358":104,"58de5462":104,"f01c896d":104,"e70aebb5":104,"a488b2f1":104,"1f2670d0":104,"4caa87d6":104,"962c9c8f":104,"aec0bf28":104,"f7076e21":104,"a017a323":104,"69e653b6":104,"98d2991b":104,"8801c469":104,"b6281f1a":104,"3b411d6a":104,"48c6df81":104,"83826ef3":104,"5e165f43":104,"595609d5":104,"f8785b71":104,"b47f1b89":104,"8e6caf71":104,"ab4a411a":104,"d7a4b24c":104,"9a3433b8":104,"b89112cb":104,"686d5c0b":104,"66736d5e":104,"f15eb1c5":104,"30de89a7":104,"71789493":104,"06aaa33f":104,"5ac72353":104,"d1b14d06":104,"320c65bf":104,"1fa1e7c2":104,"f6c074a7":104,"ffd6849d":104,"646af2b9":104,"659389ad":104,"962fca02":104,"75968179":104,"240c8679":104,"bc8bdc23":104,"0718c3be":104,"8b503f7b":104,"a71f3f70":104,"1f7aa83c":104,"87a8523c":104,"c416baa6":104,"732d62ee":104,"ae350a07":104,"d4b0751c":104,"8582c5cf":104,"0c353665":104,"231e8700":104,"1f9fbd85":104,"43f24679":104,"a1c0dfc4":104,"78f71162":104,"4b27a9a4":104,"163f4d19":104,"272e7d0d":104,"f92596ee":104,"68831ea9":104,"9713d076":104,"fd098272":104,"6ee788a7":104,"1d043d5a":104,"b2f82e06":104,"5b0b43e6":104,"9666b973":104,"653b27c7":104,"83b37fd6":104,"4d852788":104,"e43a9448":104,"3542b748":104,"379c53ab":104,"e396d80d":104,"7da61f27":104,"b5474d69":104,"5a938eeb":104,"4fe0dedf":104,"951fc6d0":104,"61892a4c":104,"f096219e":104,"a3f0a6ec":104,"01051f84":104,"aa7e370d":104,"f995eeab":104,"4006e709":104,"0dedf63e":104,"a9d5374b":104,"4321f02d":104,"089b3f8f":104,"7698d0dc":104,"784414ce":104,"2df3efdb":104,"d0f1b7bd":104,"680a32a6":104,"5b01444b":104,"79995b62":104,"83ba647d":104,"cb0bd6b7":104,"97160db8":104,"8e426e39":104,"589f0d6e":104,"51909df8":104,"51b4016a":104,"46bf9112":104,"e22b0973":104,"23646ff9":104,"092ad3d6":104,"3abb827b":104,"bf940089":104,"01f34f98":104,"0c73c293":104,"1670b0d3":104,"88929b06":104,"ec97d63e":104,"08c4692e":104,"94208a41":104,"5b2479ef":104,"2cbcad17":104,"4dccb5ca":104,"1d882c36":104,"83268abf":104,"eb62e8f2":104,"578c4c95":104,"c606b472":104,"808bc372":104,"c792a7c1":104,"5a7da061":104,"06a94514":104,"73c420df":104,"0700da70":104,"ff591765":104,"93f12198":104,"62e270e5":104,"66b1b6d7":104,"b062adc4":104,"4aae5133":104,"e7799883":104,"4f9456cf":104,"6e260ee8":104,"f4f84279":104,"b0950de5":104,"6f873999":104,"1f4e0e22":104,"60d69311":104,"3b09f1de":104,"b371f44a":104,"8b6180ff":104,"8819ac24":104,"dbbf7f69":104,"dfe4a061":104,"c2bf7d51":104,"781afef6":104,"8249641d":104,"45b0968f":104,"6a9bb182":104,"1f1afd4f":104,"25fb8826":104,"0dc5da58":104,"2874a625":104,"e61ae828":104,"f7ac3883":104,"ccd01528":104,"dab8cf68":104,"00f2a9cb":104,"916fe082":104,"b64dba8e":104,"c3bb30ce":104,"86219c70":104,"601990d8":104,"5c662c19":104,"d2a5d2fd":104,"89d220c2":104,"3e10c9cb":104,"5500a3e8":104,"3c0e87ac":104,"a891461f":104,"a246cdab":104,"117c7f0b":104,"0d21cf99":104,"14e6fe14":104,"37ec5e73":104,"bfff7913":104,"f8636899":104,"37724339":104,"d45d9727":104,"ee5ff2a3":104,"44322dfd":104,"de9229a0":104,"99a5feef":104,"f6266388":104,"dc874a97":104,"85a220de":104,"40a7cdd2":104,"ac033c7b":104,"87759976":104,"4df3f62e":104,"c881a53e":104,"80c1c8b1":104,"cf52acd8":104,"a63cb4ce":104,"d3b3492b":104,"7580cfa4":104,"22a96386":104,"5c672b50":104,"5df16440":104,"b666e56d":104,"8db378ff":104,"784d6375":104,"4541bf85":104,"a6b13f20":104,"2459c882":104,"3df97186":104,"ef0490de":104,"e0f47ced":104,"309bbf54":104,"cc537772":104,"6618390c":104,"99cc0813":104,"dc32c4e1":104,"239c636e":104,"6ee160ff":104,"c55d40ca":104,"22c177a8":104,"00ae883f":104,"f416ee62":104,"0d2b182d":104,"e64fd39c":104,"e1b3ce36":104,"625fa164":104,"0c6ae551":104,"e8f4c1dd":104,"cede8b8c":104,"ad95ff4a":104,"893a99c5":104,"d8bf32b5":104,"0eb42efe":104,"03c4ab87":104,"4e3d3af7":104,"63a3af32":104,"3fec4b0b":104,"faa3de3e":104,"44983d13":104,"80999122":104,"72af9198":104,"e39e9552":104,"81c1b70d":104,"e72f0f82":104,"88374b72":104,"fdfaf1ed":104,"ea981bed":104,"5e197575":104,"e587c4d0":104,"525b2635":104,"caa38a45":104,"a9987a58":104,"b6b8e5c7":104,"e82177d3":104,"89914b94":104,"04bdf5e1":104,"da8b42be":104,"3b0576bf":104,"9458934f":104,"1dcc489c":104,"945badf3":104,"1327775b":104,"bdd40125":104,"75fd47f7":104,"1c52a07e":104,"e70ccc25":104,"afd1494f":104,"ca6bffd3":104,"829c44a4":104,"e76e2617":104,"2b4fd52e":104,"57162572":104,"d1d50cfe":104,"3a4803a8":104,"f7a7de5d":104,"d4e56c3e":104,"0c045c2d":104,"8efd4801":104,"7eb8f268":104,"20236d3e":104,"36ae8cd8":104,"3ddd5391":104,"07f69c6d":104,"2254f0f5":104,"ea282e84":104,"6653c83b":104,"c896052c":104,"287ecd1c":104,"295e4d1d":104,"8cf6570a":104,"403064a0":104,"312af46e":104,"b5a9f8c3":104,"fcbc0ae8":104,"2ff6b6a8":104,"66a71cc1":104,"bf4b58e4":104,"f9376d3e":104,"320754c3":104,"232b2f64":104,"3171b6e7":104,"3b25460f":104,"d2064756":104,"07a94e8c":104,"bb017b49":104,"37b52fe4":104,"61ad1519":104,"819c4185":104,"ba69b06b":104,"7d2a2cb4":104,"4f62491c":104,"70b4c438":104,"71ed93db":104,"c92efaa8":104,"c241ac7e":104,"62a45672":104,"210e507a":104,"ac6e268b":104,"742238e8":104,"a8edfe84":104,"2ed19b1e":104,"959e16ea":104,"02f76c64":104,"5c6d1f33":104,"b4801cae":104,"c3c2fd05":104,"f8c97147":104,"c2526ff3":104,"cc386067":104,"a22ffd8f":104,"3cd28a4d":104,"44a12c31":104,"45a961ca":104,"5ca978fd":104,"668e601b":104,"7552d86c":104,"02ebf3b6":104,"bb17a968":104,"4abcb85d":104,"cba26072":104,"2a718dcc":104,"c6a9a8e1":104,"88854fd0":104,"8dc27d2a":104,"41d7f05d":104,"2b851827":104,"9f428a03":104,"4d504d96":104,"0533ece1":104,"bcee2ef3":104,"0afba00c":104,"04ff8100":104,"6c00d8d6":104,"ac9a02bc":104,"acfe69ed":104,"426603ff":104,"2db2f252":104,"2e84193b":104,"c55683c9":104,"51233daf":104,"02791635":104,"be081247":104,"5cc47d1b":104,"678b846f":104,"b4bd39d8":104,"b4cdbe5d":104,"fa0386f3":104,"b95d0f17":104,"cee9c347":104
1601327117547,"7800e7ce":105,"77869ff0":105,"4b8f7b16":105,"89f75690":105,"cb363e2f":105,"cd802f02":105,"d3cca7eb":105,"e866a899":105,"5690e712":105,"0b92d2a9":105,"070bed95":105,"67e5d108":105,"3d37b94b":105,"842c97c2":105,"c4cef92b":105,"d5d94481":105,"ffe48500":105,"c7a45a33":105,"faffe099":105,"e99490cd":105,"3b830769":105,"583f0305":105,"1557c50a":105,"249e80ab":105,"f52a3d94":105,"eb74d3dd":105,"3bcbc28d":105,"3c0455e7":105,"df203c79":105,"df1e1ac0":105,"491708eb":105,"e421caaa":105,"0eecdc5b":105,"b7e495ea":105,"45ec63c0":105,"0ddfde2c":105,"a8b41774":105,"81f0da2d":105,"1fcc8ba4":105,"75a9c117":105,"12ba54ec":105,"be391c1a":105,"37d8a5b7":105,"d5ab81c4":105,"2ecde685":105,"f0bd52d3":105,"dcc20f76":105,"666a8ef0":105,"c5b609f1":105,"4dc5849a":105,"d605c755":105,"8a8c1d67":105,"cc6b3306":105,"8c2dfd9a":105,"f11267b9":105,"a483b15e":105,"f80ab49d":105,"95eaed39":105,"a5ba0ebb":105,"f53362a9":105,"1901ef7e":105,"960c2e6b":105,"3515e999":105,"d11f8f1b":105,"9d9eb027":105,"325f9a29":105,"503aafe5":105,"080d5d42":105,"5d03f5dc":105,"f0a01341":105,"1ee4d9f9":105,"0d6e45e7":105,"0da97151":105,"e829038c":105,"4987cfb5":105,"ba90687c":105,"77f2cf92":105,"037e2be4":105,"9e7dbd20":105,"0c086273":105,"ac13c3b0":105,"b4d9c57f":105,"5d53c964":105,"8ee9cc91":105,"4cc0af91":105,"55f6a2ba":105,"9559ea96":105,"9cb044bf":105,"16b25add":105,"80ee333e":105,"3b329af2":105,"18c73816":105,"e491161e":105,"b5087677":105,"16f60bed":105,"cb0c3481":105,"7664512c":105,"df9a53b8":105,"f6c27b2b":105,"945f6c24":105,"f1daea7e":105,"b8fb90e3":105,"56227e35":105,"0d6bf22a":105,"b87321d0":105,"43205b5d":105,"8982905a":105,"f6fe1ad7":105,"230064fa":105,"764e0abb":105,"bba6d88e":105,"ea3479ec":105,"32266fa3":105,"50b090c3":105,"8be24763":105,"eb4800b2":105,"6e0ce9dc":105,"87d9bec4":105,"e30dfa0c":105,"6da34174":105,"bfb849fa":105,"0a10b423":105,"9ef7cee7":105,"49f1a0d1":105,"5f04aa76":105,"ba297382":105,"0287db2a":105,"96abe4a9":105,"2d2ecf27":105,"d38a4953":105,"eba5efdd":105,"a5463f93":105,"c85ac4f8":105,"bc253f4f":105,"0d9d2bf8":105,"846b7f11":105,"d3411467":105,"1df0ce7f":105,"a08171d0":105,"c8bc5677":105,"dfca0518":105,"b9a21017":105,"e47705d3":105,"3cae4115":105,"0ccf4731":105,"c7c6782d":105,"54346574":105,"b12cbf87":105,"81942d9b":105,"699b90c1":105,"d9b5a7a8":105,"1e7914d2":105,"e5d8fdb2":105,"3412ab75":105,"bcac5daf":105,"62d028cc":105,"0af2cf39":105,"27491297":105,"d041ea86":105,"1eda11b2":105,"fc442678":105,"753b10b1":105,"cf14bd99":105,"782022f4":105,"1cd662bf":105,"72992b35":105,"47589344":105,"593b1533":105,"e9f6e5ce":105,"ed6bead5":105,"96f594b9":105,"94dfcfc5":105,"8301986e":105,"830ecfec":105,"a8bae791":105,"312009ee":105,"c98759fd":105,"e8b6d676":105,"45ee5840":105,"76f04033":105,"43480b19":105,"fd955858":105,"69798d15":105,"efea71fa":105,"fb3aa867":105,"c9cf710b":105,"fcacdeb3":105,"0ea055ed":105,"e3b1bdf8":105,"644b45fb":105,"322e833f":105,"ab3619e4":105,"106006ad":105,"c8237be9":105,"1416e8f5":105,"dde2eed5":105,"a208caa8":105,"16605353":105,"77b39e15":105,"f1726edb":105,"92b72493":105,"d3e58903":105,"4481c4be":105,"7954891b":105,"4afd60a9":105,"d44c0ea3":105,"68f87858":105,"533bac6b":105,"41634dba":105,"43fd1327":105,"113e7f4b":105,"8cce569a":105,"ce6401b6":105,"6f57824c":105,"28bd7aa1":105,"1d52fb0d":105,"cde0d748":105,"535ed444":105,"710f0d0e":105,"0905f1fb":105,"a20e529c":105,"1ae76fcc":105,"35b161d3":105,"344cd1a3":105,"77ea1236":105,"96d2a118":105,"23a0e41f":105,"b32a1080":105,"a2c4b591":105,"6dfa57be":105,"1854ce44":105,"f92b22f1":105,"ece12664":105,"36f4ecde":105,"568a0d58":105,"5fd569d2":105,"10c8fd03":105,"bd4ccb49":105,"e773d697":105,"7e8c11e7":105,"077eb15a":105,"5337c279":105,"8d256cb6":105,"7021c619":105,"32ae00db":105,"bf2defb2":105,"bc733a28":105,"30d32d34":105,"886c16d3":105,"e8d09b62":105,"590ce3d3":105,"1802d7ce":105,"0a49914b":105,"5d3f5cad":105,"cf347cba":105,"fc0c23f7":105,"641f9b9e":105,"c92edec5":105,"9f03c1e7":105,"06c24a8d":105,"2f35e75f":105,"3eddf7c8":105,"77970f8b":105,"efd594d5":105,"4718294d":105,"5352cf45":105,"e0ffe8ff":105,"ae14d6b5":105,"721f5f42":105,"0b50bca6":105,"bf2ca266":105,"5d8d9641":105,"0de67c6c":105,"2311399f":105,"5e3ebf5e":105,"9f6ca218":105,"6213799d":105,"44cb1fd2":105,"baf19c25":105,"24a79a6e":105,"edde30af":105,"4d949e11":105,"df12f689":105,"1da10cbf":105,"832c48e4":105,"dc90a44c":105,"1ad7c45b":105,"5566c17c":105,"86a22252":105,"0000dece":105,"ce5efdbe":105,"58ace2b5":105,"d379fd96":105,"7b819458":105,"7f8024cd":105,"ae562513":105,"7b66dacd":105,"9ab137d7":105,"7191d1cd":105,"005354dd":105,"5b09e53e":105,"da5bb0f7":105,"6d925c84":105,"50b23ab2":105,"edfa56d4":105,"899c16eb":105,"41c76041":105,"6bb1fa99":105,"d73ff72e":105,"61c0ca91":105,"d2fda7be":105,"ce20ca3c":105,"1d2d958b":105,"81fb6a01":105,"7f5b27c8":105,"fb3444d9":105,"f05de640":105,"86a68967":105,"56cd4dca":105,"7f469f4c":105,"f92dedfc":105,"355d1489":105,"f96fc1af":105,"06713bac":105,"61aca924":105,"d97fb857":105,"59ff5ec6":105,"ef04e64e":105,"6e2d04de":105,"2fca1798":105,"05028839":105,"5488826c":105,"84fff5c1":105,"c649992d":105,"d5ad3ed6":105,"8e5f7187":105,"55ba7579":105,"b7769ca6":105,"9c27de51":105,"38a75b48":105,"1792bfa3":105,"426f1904":105,"7c0f1ca9":105,"b2f820ac":105,"25d4f65d":105,"eddb6a2a":105,"ff8a00aa":105,"c146560b":105,"985068e7":105,"d543ba6f":105,"272e7d0d":105,"f92596ee":105,"68831ea9":105,"9713d076":105,"fd098272":105,"6ee788a7":105,"8249641d":105,"45b0968f":105,"6a9bb182":105,"1f1afd4f":105,"25fb8826":105,"0dc5da58":105,"2874a625":105,"e61ae828":105,"f7ac3883":105,"ccd01528":105,"dab8cf68":105,"00f2a9cb":105,"916fe082":105,"b64dba8e":105,"3b3569f6":105,"b01ab62a":105,"76da16fa":105,"bffee581":105,"07150038":105,"f1e86522":105,"080fa362":105,"fa03f48f":105,"7b6945ad":105,"5298dafa":105,"a40d08e1":105,"25f7f918":105,"cec79bc2":105,"c5311ebb":105,"d2eff358":105,"105bb3f6":105,"e70aebb5":105,"58de5462":105,"a488b2f1":105,"f01c896d":105,"4caa87d6":105,"f7076e21":105,"1f2670d0":105,"962c9c8f":105,"69e653b6":105,"aec0bf28":105,"98d2991b":105,"a017a323":105,"3b411d6a":105,"8801c469":105,"83826ef3":105,"595609d5":105,"b6281f1a":105,"b47f1b89":105,"48c6df81":105,"5e165f43":105,"8e6caf71":105,"f8785b71":105,"9a3433b8":105,"ab4a411a":105,"b89112cb":105,"66736d5e":105,"d7a4b24c":105,"30de89a7":105,"686d5c0b":105,"f15eb1c5":105,"06aaa33f":105,"71789493":105,"320c65bf":105,"1fa1e7c2":105,"5ac72353":105,"d1b14d06":105,"646af2b9":105,"c3bb30ce":105,"86219c70":105,"601990d8":105,"5c662c19":105,"d2a5d2fd":105,"659389ad":105,"f6c074a7":105,"240c8679":105,"ffd6849d":105,"962fca02":105,"0718c3be":105,"8b503f7b":105,"75968179":105,"87a8523c":105,"bc8bdc23":105,"a71f3f70":105,"c416baa6":105,"1f7aa83c":105,"ae350a07":105,"732d62ee":105,"680a32a6":105,"83ba647d":105,"d4b0751c":105,"cb0bd6b7":105,"5b01444b":105,"79995b62":105,"8e426e39":105,"51909df8":105,"97160db8":105,"e22b0973":105,"589f0d6e":105,"51b4016a":105,"23646ff9":105,"3abb827b":105,"46bf9112":105,"092ad3d6":105,"0c73c293":105,"88929b06":105,"bf940089":105,"01f34f98":105,"08c4692e":105,"5b2479ef":105,"1670b0d3":105,"ec97d63e":105,"1d882c36":105,"eb62e8f2":105,"94208a41":105,"2cbcad17":105,"4dccb5ca":105,"83268abf":105,"578c4c95":105,"c606b472":105,"89d220c2":105,"3e10c9cb":105,"5500a3e8":105,"3c0e87ac":105,"a891461f":105,"a246cdab":105,"117c7f0b":105,"0d21cf99":105,"14e6fe14":105,"37ec5e73":105,"bfff7913":105,"f8636899":105,"37724339":105,"d45d9727":105,"ee5ff2a3":105,"44322dfd":105,"295e4d1d":105,"8cf6570a":105,"403064a0":105,"312af46e":105,"b5a9f8c3":105,"fcbc0ae8":105,"2ff6b6a8":105,"66a71cc1":105,"bf4b58e4":105
1601327118042,"f7ffcbb8":105,"5728f934":105,"00b26865":105,"c333337d":105,"815c56bc":105,"5bd61a68":105,"8582c5cf":105,"0c353665":105,"231e8700":105,"1f9fbd85":105,"43f24679":105,"a1c0dfc4":105,"78f71162":105,"4b27a9a4":105,"163f4d19":105,"1d043d5a":105,"b2f82e06":105,"5b0b43e6":105,"b5474d69":105,"9666b973":105,"653b27c7":105,"83b37fd6":105,"4d852788":105,"e43a9448":105,"3542b748":105,"379c53ab":105,"e396d80d":105,"7da61f27":105,"dc874a97":105,"85a220de":105,"40a7cdd2":105,"ac033c7b":105,"87759976":105,"4df3f62e":105,"c881a53e":105,"80c1c8b1":105,"cf52acd8":105,"a63cb4ce":105,"d3b3492b":105,"7580cfa4":105,"22a96386":105,"5c672b50":105,"5df16440":105,"b666e56d":105,"8db378ff":105,"9458934f":105,"1dcc489c":105,"945badf3":105,"1327775b":105,"bdd40125":105,"75fd47f7":105,"1c52a07e":105,"e70ccc25":105,"afd1494f":105,"ca6bffd3":105,"829c44a4":105,"e76e2617":105,"2b4fd52e":105,"57162572":105,"d1d50cfe":105,"808bc372":105,"c792a7c1":105,"5a7da061":105,"06a94514":105,"73c420df":105,"0700da70":105,"ff591765":105,"93f12198":105,"62e270e5":105,"66b1b6d7":105,"b062adc4":105,"4aae5133":105,"63a3af32":105,"3fec4b0b":105,"faa3de3e":105,"44983d13":105,"80999122":105,"72af9198":105,"e39e9552":105,"81c1b70d":105,"e72f0f82":105,"88374b72":105,"fdfaf1ed":105,"ea981bed":105,"5e197575":105,"e587c4d0":105,"525b2635":105,"caa38a45":105,"a9987a58":105,"b6b8e5c7":105,"e82177d3":105,"89914b94":105,"04bdf5e1":105,"da8b42be":105,"3b0576bf":105,"5a938eeb":105,"4fe0dedf":105,"951fc6d0":105,"61892a4c":105,"f096219e":105,"a3f0a6ec":105,"01051f84":105,"aa7e370d":105,"f995eeab":105,"4006e709":105,"0dedf63e":105,"a9d5374b":105,"4321f02d":105,"089b3f8f":105,"7698d0dc":105,"784414ce":105,"2df3efdb":105,"d0f1b7bd":105,"e7799883":105,"4f9456cf":105,"6e260ee8":105,"f4f84279":105,"dfe4a061":105,"c2bf7d51":105,"b0950de5":105,"6f873999":105,"781afef6":105,"1f4e0e22":105,"de9229a0":105,"60d69311":105,"99a5feef":105,"f6266388":105,"3b09f1de":105,"b371f44a":105,"e64fd39c":105,"e1b3ce36":105,"8b6180ff":105,"625fa164":105,"8819ac24":105,"dbbf7f69":105,"0c6ae551":105,"e8f4c1dd":105,"cede8b8c":105,"ad95ff4a":105,"784d6375":105,"4541bf85":105,"a6b13f20":105,"2459c882":105,"3df97186":105,"ef0490de":105,"e0f47ced":105,"309bbf54":105,"cc537772":105,"6618390c":105,"99cc0813":105,"dc32c4e1":105,"239c636e":105,"6ee160ff":105,"c55d40ca":105,"22c177a8":105,"00ae883f":105,"f416ee62":105,"0d2b182d":105,"320754c3":105,"232b2f64":105,"3171b6e7":105,"3b25460f":105,"d2064756":105,"a8edfe84":105,"2ed19b1e":105,"959e16ea":105,"02f76c64":105,"5c6d1f33":105,"b4801cae":105,"c3c2fd05":105,"f8c97147":105,"c2526ff3":105,"cc386067":105,"a22ffd8f":105,"3cd28a4d":105,"44a12c31":105,"893a99c5":105,"d8bf32b5":105,"0eb42efe":105,"03c4ab87":105,"4e3d3af7":105,"3a4803a8":105,"f7a7de5d":105,"d4e56c3e":105,"0c045c2d":105,"8efd4801":105,"7eb8f268":105,"20236d3e":105,"36ae8cd8":105,"3ddd5391":105,"07f69c6d":105,"2254f0f5":105,"ea282e84":105,"6653c83b":105,"c896052c":105,"287ecd1c":105,"f9376d3e":105,"07a94e8c":105,"bb017b49":105,"37b52fe4":105,"61ad1519":105,"819c4185":105,"ba69b06b":105,"7d2a2cb4":105,"4f62491c":105,"70b4c438":105,"71ed93db":105,"45a961ca":105,"5ca978fd":105,"668e601b":105,"7552d86c":105,"02ebf3b6":105,"bb17a968":105,"4abcb85d":105,"cba26072":105,"2a718dcc":105,"c6a9a8e1":105,"88854fd0":105,"8dc27d2a":105,"41d7f05d":105,"2b851827":105,"9f428a03":105,"4d504d96":105,"0533ece1":105,"bcee2ef3":105,"0afba00c":105,"04ff8100":105,"6c00d8d6":105,"ac9a02bc":105,"acfe69ed":105,"426603ff":105,"2db2f252":105,"2e84193b":105,"c55683c9":105,"51233daf":105,"02791635":105,"be081247":105,"5cc47d1b":105,"678b846f":105,"c92efaa8":105,"c241ac7e":105,"62a45672":105,"210e507a":105,"ac6e268b":105,"742238e8":105,"b4bd39d8":105,"b4cdbe5d":105,"fa0386f3":105,"b95d0f17":105,"cee9c347":105
1601327119382,"7800e7ce":106,"77869ff0":106,"4b8f7b16":106,"89f75690":106,"cb363e2f":106,"cd802f02":106,"d3cca7eb":106,"e866a899":106,"5690e712":106,"0b92d2a9":106,"070bed95":106,"67e5d108":106,"3d37b94b":106,"842c97c2":106,"c4cef92b":106,"0eecdc5b":106,"b7e495ea":106,"45ec63c0":106,"0ddfde2c":106,"a8b41774":106,"81f0da2d":106,"1fcc8ba4":106,"75a9c117":106,"12ba54ec":106,"be391c1a":106,"37d8a5b7":106,"d5ab81c4":106,"2ecde685":106,"f0bd52d3":106,"dcc20f76":106,"666a8ef0":106,"c5b609f1":106,"4dc5849a":106,"d605c755":106,"8a8c1d67":106,"cc6b3306":106,"8c2dfd9a":106,"f11267b9":106,"a483b15e":106,"f80ab49d":106,"95eaed39":106,"a5ba0ebb":106,"f53362a9":106,"1901ef7e":106,"960c2e6b":106,"3515e999":106,"d11f8f1b":106,"9d9eb027":106,"325f9a29":106,"503aafe5":106,"d5d94481":106,"ffe48500":106,"c7a45a33":106,"faffe099":106,"e99490cd":106,"3b830769":106,"583f0305":106,"1557c50a":106,"249e80ab":106,"f52a3d94":106,"eb74d3dd":106,"3bcbc28d":106,"3c0455e7":106,"df203c79":106,"080d5d42":106,"5d03f5dc":106,"f0a01341":106,"1ee4d9f9":106,"0d6e45e7":106,"0da97151":106,"e829038c":106,"4987cfb5":106,"ba90687c":106,"77f2cf92":106,"037e2be4":106,"9e7dbd20":106,"0c086273":106,"ac13c3b0":106,"b4d9c57f":106,"5d53c964":106,"8ee9cc91":106,"4cc0af91":106,"55f6a2ba":106,"9559ea96":106,"9cb044bf":106,"16b25add":106,"80ee333e":106,"3b329af2":106,"1cd662bf":106,"72992b35":106,"47589344":106,"593b1533":106,"e9f6e5ce":106,"ed6bead5":106,"96f594b9":106,"94dfcfc5":106,"8301986e":106,"830ecfec":106,"a8bae791":106,"312009ee":106,"c98759fd":106,"e8b6d676":106,"45ee5840":106,"76f04033":106,"43480b19":106,"fd955858":106,"69798d15":106,"efea71fa":106,"fb3aa867":106,"c9cf710b":106,"fcacdeb3":106,"0ea055ed":106,"e3b1bdf8":106,"644b45fb":106,"1eda11b2":106,"fc442678":106,"df1e1ac0":106,"491708eb":106,"e421caaa":106,"2d2ecf27":106,"d38a4953":106,"eba5efdd":106,"a5463f93":106,"c85ac4f8":106,"bc253f4f":106,"0d9d2bf8":106,"846b7f11":106,"d3411467":106,"1df0ce7f":106,"a08171d0":106,"c8bc5677":106,"dfca0518":106,"b9a21017":106,"e47705d3":106,"3cae4115":106,"0ccf4731":106,"c7c6782d":106,"54346574":106,"b12cbf87":106,"81942d9b":106,"699b90c1":106,"d9b5a7a8":106,"1e7914d2":106,"e5d8fdb2":106,"3412ab75":106,"bcac5daf":106,"62d028cc":106,"0af2cf39":106,"27491297":106,"d041ea86":106
1601327119762,"18c73816":106,"e491161e":106,"b5087677":106,"16f60bed":106,"cb0c3481":106,"7664512c":106,"df9a53b8":106,"f6c27b2b":106,"945f6c24":106,"f1daea7e":106,"b8fb90e3":106,"56227e35":106,"0d6bf22a":106,"b87321d0":106,"43205b5d":106,"8982905a":106,"f6fe1ad7":106,"230064fa":106,"764e0abb":106,"bba6d88e":106,"ea3479ec":106,"32266fa3":106,"50b090c3":106,"8be24763":106,"eb4800b2":106,"6e0ce9dc":106,"87d9bec4":106,"e30dfa0c":106,"6da34174":106,"bfb849fa":106,"0a10b423":106,"9ef7cee7":106,"49f1a0d1":106,"5f04aa76":106,"ba297382":106,"0287db2a":106,"96abe4a9":106,"753b10b1":106,"cf14bd99":106,"782022f4":106,"322e833f":106,"ab3619e4":106,"106006ad":106,"c8237be9":106,"1416e8f5":106,"dde2eed5":106,"a208caa8":106,"16605353":106,"77b39e15":106,"f1726edb":106,"92b72493":106,"d3e58903":106,"4481c4be":106,"7954891b":106,"4afd60a9":106,"d44c0ea3":106,"68f87858":106,"533bac6b":106,"41634dba":106,"43fd1327":106,"113e7f4b":106,"8cce569a":106,"ce6401b6":106,"3b3569f6":106,"b01ab62a":106,"76da16fa":106,"bffee581":106,"07150038":106,"080fa362":106,"f1e86522":106,"7b6945ad":106,"fa03f48f":106,"a40d08e1":106,"5298dafa":106,"cec79bc2":106,"25f7f918":106,"c5311ebb":106,"d2eff358":106,"105bb3f6":106,"e70aebb5":106,"58de5462":106,"a488b2f1":106,"4caa87d6":106,"f01c896d":106,"5b09e53e":106,"da5bb0f7":106,"6d925c84":106,"50b23ab2":106,"edfa56d4":106,"899c16eb":106,"41c76041":106,"6bb1fa99":106,"d73ff72e":106,"61c0ca91":106,"d2fda7be":106,"ce20ca3c":106,"1d2d958b":106,"81fb6a01":106,"7f5b27c8":106,"fb3444d9":106,"f05de640":106,"86a68967":106,"56cd4dca":106,"7f469f4c":106,"f92dedfc":106,"355d1489":106,"f96fc1af":106,"06713bac":106,"61aca924":106,"d97fb857":106,"59ff5ec6":106,"ef04e64e":106,"6e2d04de":106,"2fca1798":106,"05028839":106,"f7076e21":106,"1f2670d0":106,"962c9c8f":106,"69e653b6":106,"aec0bf28":106,"98d2991b":106,"3b411d6a":106,"a017a323":106,"8801c469":106,"83826ef3":106,"b6281f1a":106,"595609d5":106,"48c6df81":106,"b47f1b89":106,"5e165f43":106,"8e6caf71":106,"9a3433b8":106,"f8785b71":106,"ab4a411a":106,"b89112cb":106,"66736d5e":106,"30de89a7":106,"06aaa33f":106,"320c65bf":106,"d7a4b24c":106,"1fa1e7c2":106,"686d5c0b":106,"646af2b9":106,"f15eb1c5":106,"71789493":106,"659389ad":106,"240c8679":106,"5ac72353":106,"0718c3be":106,"d1b14d06":106,"6f57824c":106,"28bd7aa1":106,"1d52fb0d":106,"cde0d748":106,"535ed444":106,"710f0d0e":106,"0905f1fb":106,"a20e529c":106,"1ae76fcc":106,"35b161d3":106,"344cd1a3":106,"77ea1236":106,"96d2a118":106,"23a0e41f":106,"b32a1080":106,"a2c4b591":106,"6dfa57be":106,"1854ce44":106,"f92b22f1":106,"ece12664":106,"36f4ecde":106,"568a0d58":106,"5fd569d2":106,"10c8fd03":106,"bd4ccb49":106,"e773d697":106,"7e8c11e7":106,"077eb15a":106,"5337c279":106,"8d256cb6":106,"7021c619":106,"32ae00db":106,"bf2defb2":106,"bc733a28":106,"30d32d34":106,"886c16d3":106,"e8d09b62":106,"8b503f7b":106,"f6c074a7":106,"ffd6849d":106,"87a8523c":106,"c416baa6":106,"962fca02":106,"75968179":106,"ae350a07":106,"680a32a6":106,"bc8bdc23":106,"a71f3f70":106,"83ba647d":106,"1f7aa83c":106,"cb0bd6b7":106,"8e426e39":106,"732d62ee":106,"d4b0751c":106,"51909df8":106,"5b01444b":106,"e22b0973":106,"23646ff9":106,"79995b62":106,"97160db8":106,"3abb827b":106,"5488826c":106,"84fff5c1":106,"c649992d":106,"d5ad3ed6":106,"8e5f7187":106,"55ba7579":106,"b7769ca6":106,"9c27de51":106,"38a75b48":106,"1792bfa3":106,"426f1904":106,"7c0f1ca9":106,"b2f820ac":106,"25d4f65d":106,"eddb6a2a":106,"ff8a00aa":106,"c146560b":106,"985068e7":106,"d543ba6f":106,"589f0d6e":106,"0c73c293":106,"88929b06":106,"51b4016a":106,"08c4692e":106,"46bf9112":106,"092ad3d6":106,"5b2479ef":106,"1d882c36":106,"bf940089":106,"01f34f98":106,"eb62e8f2":106,"1670b0d3":106,"ec97d63e":106,"94208a41":106,"2cbcad17":106,"4dccb5ca":106,"83268abf":106,"578c4c95":106,"c606b472":106,"808bc372":106,"c792a7c1":106,"5a7da061":106,"06a94514":106,"73c420df":106,"0700da70":106,"ff591765":106,"93f12198":106,"62e270e5":106,"66b1b6d7":106,"b062adc4":106,"4aae5133":106,"63a3af32":106,"590ce3d3":106,"1802d7ce":106,"0a49914b":106,"5d3f5cad":106,"cf347cba":106,"fc0c23f7":106,"641f9b9e":106,"c92edec5":106,"9f03c1e7":106,"06c24a8d":106,"2f35e75f":106,"3eddf7c8":106,"77970f8b":106,"efd594d5":106,"4718294d":106,"5352cf45":106,"e0ffe8ff":106,"ae14d6b5":106,"3fec4b0b":106,"721f5f42":106,"0b50bca6":106,"bf2ca266":106,"5d8d9641":106,"0de67c6c":106,"2311399f":106,"5e3ebf5e":106,"9f6ca218":106,"6213799d":106,"44cb1fd2":106,"baf19c25":106,"24a79a6e":106,"edde30af":106,"4d949e11":106,"df12f689":106,"1da10cbf":106,"832c48e4":106,"dc90a44c":106,"1ad7c45b":106,"5566c17c":106,"86a22252":106,"0000dece":106,"ce5efdbe":106,"58ace2b5":106,"d379fd96":106,"7b819458":106,"7f8024cd":106,"ae562513":106,"7b66dacd":106,"9ab137d7":106,"7191d1cd":106,"005354dd":106,"faa3de3e":106,"44983d13":106,"80999122":106,"72af9198":106,"e39e9552":106,"81c1b70d":106,"e72f0f82":106,"88374b72":106,"fdfaf1ed":106,"ea981bed":106,"5e197575":106,"e587c4d0":106,"525b2635":106,"caa38a45":106,"a9987a58":106,"b6b8e5c7":106,"e82177d3":106,"89914b94":106,"04bdf5e1":106,"da8b42be":106,"3b0576bf":106,"9458934f":106,"1dcc489c":106,"945badf3":106,"1327775b":106,"bdd40125":106,"75fd47f7":106,"1c52a07e":106,"e70ccc25":106,"afd1494f":106,"ca6bffd3":106,"829c44a4":106,"e76e2617":106,"2b4fd52e":106,"57162572":106,"d1d50cfe":106,"9666b973":106,"653b27c7":106,"83b37fd6":106,"4d852788":106,"e43a9448":106,"3542b748":106,"379c53ab":106,"e396d80d":106,"7da61f27":106,"dc874a97":106,"85a220de":106,"40a7cdd2":106,"ac033c7b":106,"87759976":106,"4df3f62e":106,"c881a53e":106,"80c1c8b1":106,"cf52acd8":106,"a63cb4ce":106,"d3b3492b":106,"7580cfa4":106,"22a96386":106,"5c672b50":106,"5df16440":106,"b666e56d":106,"8db378ff":106,"272e7d0d":106,"f92596ee":106,"68831ea9":106,"9713d076":106,"fd098272":106,"6ee788a7":106,"8249641d":106,"45b0968f":106,"6a9bb182":106,"1f1afd4f":106,"25fb8826":106,"784d6375":106,"4541bf85":106,"a6b13f20":106,"2459c882":106,"3df97186":106,"ef0490de":106,"e0f47ced":106,"309bbf54":106,"cc537772":106,"6618390c":106,"99cc0813":106,"dc32c4e1":106,"239c636e":106,"6ee160ff":106,"c55d40ca":106,"22c177a8":106,"00ae883f":106,"f416ee62":106,"0d2b182d":106,"320754c3":106,"232b2f64":106,"3171b6e7":106,"3b25460f":106,"d2064756":106,"0dc5da58":106,"2874a625":106,"e61ae828":106,"f7ac3883":106,"ccd01528":106,"dab8cf68":106,"00f2a9cb":106,"916fe082":106,"b64dba8e":106,"c3bb30ce":106,"86219c70":106,"601990d8":106,"5c662c19":106,"d2a5d2fd":106,"89d220c2":106,"3e10c9cb":106,"5500a3e8":106,"3c0e87ac":106,"a891461f":106,"a246cdab":106,"117c7f0b":106,"0d21cf99":106,"14e6fe14":106,"37ec5e73":106,"bfff7913":106,"f8636899":106,"37724339":106,"d45d9727":106,"ee5ff2a3":106,"44322dfd":106,"295e4d1d":106,"8cf6570a":106,"f7ffcbb8":106,"5728f934":106,"00b26865":106,"c333337d":106,"815c56bc":106,"5bd61a68":106,"8582c5cf":106,"0c353665":106,"231e8700":106,"1f9fbd85":106,"43f24679":106,"a1c0dfc4":106,"78f71162":106,"4b27a9a4":106,"163f4d19":106,"1d043d5a":106,"b2f82e06":106,"403064a0":106,"312af46e":106,"b5a9f8c3":106,"fcbc0ae8":106,"2ff6b6a8":106,"66a71cc1":106,"bf4b58e4":106,"5b0b43e6":106,"b5474d69":106,"5a938eeb":106,"4fe0dedf":106,"951fc6d0":106,"61892a4c":106,"f096219e":106,"a3f0a6ec":106,"01051f84":106,"aa7e370d":106,"f995eeab":106,"4006e709":106,"0dedf63e":106,"a9d5374b":106,"4321f02d":106,"089b3f8f":106,"7698d0dc":106,"784414ce":106,"2df3efdb":106,"d0f1b7bd":106,"e7799883":106,"4f9456cf":106,"6e260ee8":106,"f4f84279":106,"b0950de5":106,"6f873999":106,"1f4e0e22":106,"60d69311":106,"3b09f1de":106,"b371f44a":106,"8b6180ff":106,"dfe4a061":106,"8819ac24":106,"c2bf7d51":106,"dbbf7f69":106,"781afef6":106,"de9229a0":106,"99a5feef":106,"f6266388":106,"e64fd39c":106,"e1b3ce36":106,"625fa164":106,"0c6ae551":106,"e8f4c1dd":106,"cede8b8c":106,"ad95ff4a":106,"893a99c5":106,"d8bf32b5":106,"0eb42efe":106,"03c4ab87":106,"4e3d3af7":106,"3a4803a8":106,"f7a7de5d":106,"d4e56c3e":106,"0c045c2d":106,"8efd4801":106,"7eb8f268":106,"20236d3e":106,"36ae8cd8":106,"3ddd5391":106,"07f69c6d":106,"2254f0f5":106,"ea282e84":106,"6653c83b":106,"c896052c":106,"287ecd1c":106,"f9376d3e":106,"07a94e8c":106,"bb017b49":106,"37b52fe4":106,"a8edfe84":106,"2ed19b1e":106,"959e16ea":106,"02f76c64":106,"5c6d1f33":106,"b4801cae":106,"c3c2fd05":106,"f8c97147":106,"c2526ff3":106,"cc386067":106,"a22ffd8f":106,"3cd28a4d":106,"44a12c31":106,"45a961ca":106,"5ca978fd":106,"668e601b":106,"61ad1519":106,"819c4185":106,"ba69b06b":106,"7d2a2cb4":106,"4f62491c":106,"70b4c438":106,"71ed93db":106,"c92efaa8":106,"c241ac7e":106,"62a45672":106,"210e507a":106,"ac6e268b":106,"742238e8":106
1601327120257,"7552d86c":106,"02ebf3b6":106,"bb17a968":106,"4abcb85d":106,"cba26072":106,"2a718dcc":106,"c6a9a8e1":106,"88854fd0":106,"8dc27d2a":106,"41d7f05d":106,"2b851827":106,"9f428a03":106,"4d504d96":106,"0533ece1":106,"bcee2ef3":106,"0afba00c":106,"04ff8100":106,"6c00d8d6":106,"ac9a02bc":106,"acfe69ed":106,"426603ff":106,"2db2f252":106,"2e84193b":106,"c55683c9":106,"51233daf":106,"02791635":106,"be081247":106,"5cc47d1b":106,"678b846f":106,"b4bd39d8":106,"b4cdbe5d":106,"fa0386f3":106,"b95d0f17":106,"cee9c347":106
1601327121239,"7800e7ce":107,"77869ff0":107,"4b8f7b16":107,"89f75690":107,"cb363e2f":107,"cd802f02":107,"d3cca7eb":107,"e866a899":107,"5690e712":107
1601327121617,"0b92d2a9":107,"070bed95":107,"67e5d108":107,"3d37b94b":107,"842c97c2":107,"c4cef92b":107,"0eecdc5b":107,"b7e495ea":107,"45ec63c0":107,"0ddfde2c":107,"a8b41774":107,"81f0da2d":107,"1fcc8ba4":107,"75a9c117":107,"12ba54ec":107,"be391c1a":107,"37d8a5b7":107,"d5ab81c4":107,"2ecde685":107,"f0bd52d3":107,"dcc20f76":107,"666a8ef0":107,"c5b609f1":107,"4dc5849a":107,"d605c755":107,"8a8c1d67":107,"cc6b3306":107,"8c2dfd9a":107,"f11267b9":107,"a483b15e":107,"f80ab49d":107,"95eaed39":107,"a5ba0ebb":107,"f53362a9":107,"1901ef7e":107,"960c2e6b":107,"3515e999":107,"d11f8f1b":107,"9d9eb027":107,"325f9a29":107,"503aafe5":107,"080d5d42":107,"5d03f5dc":107,"f0a01341":107,"1ee4d9f9":107,"0d6e45e7":107,"0da97151":107,"e829038c":107,"4987cfb5":107,"ba90687c":107,"77f2cf92":107,"037e2be4":107,"9e7dbd20":107,"d5d94481":107,"ffe48500":107,"c7a45a33":107,"faffe099":107,"e99490cd":107,"3b830769":107,"583f0305":107,"1557c50a":107,"249e80ab":107,"0c086273":107,"ac13c3b0":107,"b4d9c57f":107,"5d53c964":107,"8ee9cc91":107,"4cc0af91":107,"55f6a2ba":107,"9559ea96":107,"9cb044bf":107,"16b25add":107,"80ee333e":107,"3b329af2":107,"1cd662bf":107,"72992b35":107,"47589344":107,"593b1533":107,"e9f6e5ce":107,"ed6bead5":107,"96f594b9":107,"94dfcfc5":107,"8301986e":107,"830ecfec":107,"a8bae791":107,"312009ee":107,"c98759fd":107,"e8b6d676":107,"45ee5840":107,"76f04033":107,"43480b19":107,"fd955858":107,"69798d15":107,"efea71fa":107,"fb3aa867":107,"c9cf710b":107,"fcacdeb3":107,"0ea055ed":107,"e3b1bdf8":107,"644b45fb":107,"62d028cc":107,"0af2cf39":107,"27491297":107,"d041ea86":107,"1eda11b2":107,"fc442678":107,"f52a3d94":107,"eb74d3dd":107,"3bcbc28d":107,"3c0455e7":107,"df203c79":107,"df1e1ac0":107,"491708eb":107,"e421caaa":107,"2d2ecf27":107,"d38a4953":107,"eba5efdd":107,"a5463f93":107,"c85ac4f8":107,"bc253f4f":107,"0d9d2bf8":107,"846b7f11":107,"d3411467":107,"1df0ce7f":107,"a08171d0":107,"c8bc5677":107,"dfca0518":107,"b9a21017":107,"e47705d3":107,"3cae4115":107,"0ccf4731":107,"c7c6782d":107,"54346574":107,"b12cbf87":107,"81942d9b":107,"699b90c1":107,"d9b5a7a8":107,"1e7914d2":107,"e5d8fdb2":107,"3412ab75":107,"bcac5daf":107,"18c73816":107,"e491161e":107,"b5087677":107,"16f60bed":107,"cb0c3481":107,"7664512c":107,"df9a53b8":107,"f6c27b2b":107,"945f6c24":107,"f1daea7e":107,"b8fb90e3":107,"56227e35":107,"0d6bf22a":107,"b87321d0":107,"43205b5d":107,"8982905a":107,"f6fe1ad7":107,"230064fa":107,"764e0abb":107,"bba6d88e":107,"590ce3d3":107,"1802d7ce":107,"0a49914b":107,"5d3f5cad":107,"cf347cba":107,"fc0c23f7":107,"641f9b9e":107,"c92edec5":107,"9f03c1e7":107,"06c24a8d":107,"2f35e75f":107,"3eddf7c8":107,"77970f8b":107,"efd594d5":107,"4718294d":107,"5352cf45":107,"e0ffe8ff":107,"ae14d6b5":107,"ea3479ec":107,"32266fa3":107,"50b090c3":107,"8be24763":107,"eb4800b2":107,"6e0ce9dc":107,"87d9bec4":107,"e30dfa0c":107,"6da34174":107,"bfb849fa":107,"0a10b423":107,"9ef7cee7":107,"49f1a0d1":107,"5f04aa76":107,"ba297382":107,"0287db2a":107,"96abe4a9":107,"753b10b1":107,"cf14bd99":107,"782022f4":107,"322e833f":107,"ab3619e4":107,"106006ad":107,"c8237be9":107,"1416e8f5":107,"dde2eed5":107,"a208caa8":107,"16605353":107,"77b39e15":107,"f1726edb":107,"721f5f42":107,"0b50bca6":107,"bf2ca266":107,"5d8d9641":107,"0de67c6c":107,"2311399f":107,"5e3ebf5e":107,"9f6ca218":107,"6213799d":107,"44cb1fd2":107,"baf19c25":107,"24a79a6e":107,"edde30af":107,"4d949e11":107,"df12f689":107,"1da10cbf":107,"832c48e4":107,"dc90a44c":107,"1ad7c45b":107,"5566c17c":107,"86a22252":107,"0000dece":107,"ce5efdbe":107,"58ace2b5":107,"d379fd96":107,"7b819458":107,"7f8024cd":107,"ae562513":107,"7b66dacd":107,"9ab137d7":107,"7191d1cd":107,"005354dd":107,"92b72493":107,"d3e58903":107,"4481c4be":107,"7954891b":107,"4afd60a9":107,"d44c0ea3":107,"68f87858":107,"533bac6b":107,"41634dba":107,"43fd1327":107,"113e7f4b":107,"8cce569a":107,"ce6401b6":107,"6f57824c":107,"28bd7aa1":107,"1d52fb0d":107,"cde0d748":107,"535ed444":107,"710f0d0e":107,"0905f1fb":107,"a20e529c":107,"1ae76fcc":107
1601327122028,"35b161d3":107,"344cd1a3":107,"77ea1236":107,"96d2a118":107,"23a0e41f":107,"b32a1080":107,"a2c4b591":107,"6dfa57be":107,"1854ce44":107,"f92b22f1":107,"ece12664":107,"36f4ecde":107,"568a0d58":107,"5fd569d2":107,"10c8fd03":107,"bd4ccb49":107,"e773d697":107,"7e8c11e7":107,"077eb15a":107,"5337c279":107,"8d256cb6":107,"7021c619":107,"32ae00db":107,"bf2defb2":107,"bc733a28":107,"30d32d34":107,"886c16d3":107,"e8d09b62":107,"5b09e53e":107,"da5bb0f7":107,"6d925c84":107,"50b23ab2":107,"edfa56d4":107,"899c16eb":107,"41c76041":107,"6bb1fa99":107,"d73ff72e":107,"61c0ca91":107,"d2fda7be":107,"ce20ca3c":107,"1d2d958b":107,"81fb6a01":107,"7f5b27c8":107,"fb3444d9":107,"f05de640":107,"86a68967":107,"56cd4dca":107,"7f469f4c":107,"f92dedfc":107,"355d1489":107,"f96fc1af":107,"06713bac":107,"61aca924":107,"d97fb857":107,"59ff5ec6":107,"ef04e64e":107,"6e2d04de":107,"2fca1798":107,"3b3569f6":107,"b01ab62a":107,"76da16fa":107,"bffee581":107,"07150038":107,"080fa362":107,"7b6945ad":107,"a40d08e1":107,"f1e86522":107,"cec79bc2":107,"fa03f48f":107,"d2eff358":107,"5298dafa":107,"e70aebb5":107,"25f7f918":107,"a488b2f1":107,"c5311ebb":107,"4caa87d6":107,"105bb3f6":107,"f7076e21":107,"05028839":107,"5488826c":107,"84fff5c1":107,"c649992d":107,"d5ad3ed6":107,"8e5f7187":107,"55ba7579":107,"b7769ca6":107,"9c27de51":107,"38a75b48":107,"1792bfa3":107,"426f1904":107,"7c0f1ca9":107,"b2f820ac":107,"25d4f65d":107,"eddb6a2a":107,"ff8a00aa":107,"c146560b":107,"985068e7":107,"d543ba6f":107,"69e653b6":107,"58de5462":107,"f01c896d":107,"98d2991b":107,"1f2670d0":107,"3b411d6a":107,"962c9c8f":107,"83826ef3":107,"aec0bf28":107,"595609d5":107,"b47f1b89":107,"a017a323":107,"8801c469":107,"8e6caf71":107,"b6281f1a":107,"9a3433b8":107,"b89112cb":107,"48c6df81":107,"66736d5e":107,"5e165f43":107,"30de89a7":107,"f8785b71":107,"06aaa33f":107,"ab4a411a":107,"d7a4b24c":107,"320c65bf":107,"686d5c0b":107,"1fa1e7c2":107,"f15eb1c5":107,"646af2b9":107,"659389ad":107,"71789493":107,"240c8679":107,"5ac72353":107,"0718c3be":107,"d1b14d06":107,"8b503f7b":107,"f6c074a7":107,"ffd6849d":107,"87a8523c":107,"962fca02":107,"c416baa6":107,"ae350a07":107,"75968179":107,"bc8bdc23":107,"680a32a6":107,"83ba647d":107,"a71f3f70":107,"1f7aa83c":107,"cb0bd6b7":107,"8e426e39":107,"732d62ee":107,"51909df8":107,"d4b0751c":107,"e22b0973":107,"5b01444b":107,"79995b62":107,"23646ff9":107,"3abb827b":107,"97160db8":107,"0c73c293":107,"589f0d6e":107,"88929b06":107,"51b4016a":107,"08c4692e":107,"46bf9112":107,"092ad3d6":107,"5b2479ef":107,"1d882c36":107,"bf940089":107,"eb62e8f2":107,"01f34f98":107,"1670b0d3":107,"ec97d63e":107,"94208a41":107,"2cbcad17":107,"4dccb5ca":107,"83268abf":107,"578c4c95":107,"c606b472":107,"808bc372":107,"c792a7c1":107,"5a7da061":107,"06a94514":107,"73c420df":107,"0700da70":107,"ff591765":107,"93f12198":107,"62e270e5":107,"66b1b6d7":107,"b062adc4":107,"4aae5133":107,"63a3af32":107,"3fec4b0b":107,"faa3de3e":107,"44983d13":107,"80999122":107,"f7ffcbb8":107,"5728f934":107,"00b26865":107,"c333337d":107,"815c56bc":107,"5bd61a68":107,"8582c5cf":107,"0c353665":107,"72af9198":107,"e39e9552":107,"81c1b70d":107,"e72f0f82":107,"88374b72":107,"fdfaf1ed":107,"ea981bed":107,"5e197575":107,"e587c4d0":107,"525b2635":107,"caa38a45":107,"a9987a58":107,"b6b8e5c7":107,"e82177d3":107,"89914b94":107,"04bdf5e1":107,"da8b42be":107,"3b0576bf":107,"9458934f":107,"1dcc489c":107,"945badf3":107,"1327775b":107,"bdd40125":107,"75fd47f7":107,"1c52a07e":107,"e70ccc25":107,"afd1494f":107,"ca6bffd3":107,"829c44a4":107,"e76e2617":107,"2b4fd52e":107,"57162572":107,"d1d50cfe":107,"231e8700":107,"1f9fbd85":107,"43f24679":107,"a1c0dfc4":107,"78f71162":107,"4b27a9a4":107,"163f4d19":107,"1d043d5a":107,"b2f82e06":107,"5b0b43e6":107,"b5474d69":107,"5a938eeb":107,"4fe0dedf":107,"951fc6d0":107,"61892a4c":107,"f096219e":107,"272e7d0d":107,"f92596ee":107,"68831ea9":107,"9713d076":107,"fd098272":107,"6ee788a7":107,"8249641d":107,"45b0968f":107,"6a9bb182":107,"1f1afd4f":107,"25fb8826":107,"0dc5da58":107,"2874a625":107,"e61ae828":107,"f7ac3883":107,"ccd01528":107,"dab8cf68":107,"00f2a9cb":107,"916fe082":107,"b64dba8e":107,"a3f0a6ec":107,"01051f84":107,"aa7e370d":107,"f995eeab":107,"9666b973":107,"653b27c7":107,"83b37fd6":107,"4d852788":107,"e43a9448":107,"3542b748":107,"379c53ab":107,"e396d80d":107,"7da61f27":107,"dc874a97":107,"85a220de":107,"40a7cdd2":107,"ac033c7b":107,"87759976":107,"4df3f62e":107,"c881a53e":107,"80c1c8b1":107,"cf52acd8":107,"a63cb4ce":107,"d3b3492b":107,"7580cfa4":107,"22a96386":107,"5c672b50":107,"4006e709":107,"0dedf63e":107,"a9d5374b":107,"4321f02d":107,"089b3f8f":107,"7698d0dc":107,"784414ce":107,"2df3efdb":107,"d0f1b7bd":107,"e7799883":107,"4f9456cf":107,"6e260ee8":107,"f4f84279":107,"b0950de5":107,"6f873999":107,"1f4e0e22":107,"60d69311":107,"3b09f1de":107,"b371f44a":107,"8b6180ff":107,"8819ac24":107,"dbbf7f69":107,"dfe4a061":107,"c2bf7d51":107,"781afef6":107,"de9229a0":107,"99a5feef":107,"f6266388":107,"c3bb30ce":107,"86219c70":107,"601990d8":107,"5c662c19":107,"d2a5d2fd":107,"89d220c2":107,"3e10c9cb":107,"5500a3e8":107,"3c0e87ac":107,"a891461f":107,"a246cdab":107,"117c7f0b":107,"0d21cf99":107,"14e6fe14":107,"37ec5e73":107,"bfff7913":107,"f8636899":107,"37724339":107,"d45d9727":107,"ee5ff2a3":107,"44322dfd":107,"295e4d1d":107,"8cf6570a":107,"403064a0":107,"312af46e":107,"b5a9f8c3":107,"fcbc0ae8":107,"2ff6b6a8":107,"66a71cc1":107,"bf4b58e4":107,"e64fd39c":107,"e1b3ce36":107,"625fa164":107,"5df16440":107,"b666e56d":107,"8db378ff":107,"784d6375":107,"4541bf85":107,"a6b13f20":107,"2459c882":107,"3df97186":107,"ef0490de":107,"e0f47ced":107,"309bbf54":107,"cc537772":107,"6618390c":107,"99cc0813":107,"dc32c4e1":107,"239c636e":107,"6ee160ff":107,"c55d40ca":107,"22c177a8":107,"00ae883f":107,"f416ee62":107,"0d2b182d":107,"320754c3":107,"232b2f64":107,"3171b6e7":107,"3b25460f":107,"d2064756":107,"0c6ae551":107,"e8f4c1dd":107,"cede8b8c":107,"ad95ff4a":107,"893a99c5":107,"d8bf32b5":107,"0eb42efe":107,"03c4ab87":107,"4e3d3af7":107,"3a4803a8":107,"f7a7de5d":107,"d4e56c3e":107,"0c045c2d":107,"8efd4801":107,"7eb8f268":107,"20236d3e":107,"36ae8cd8":107,"3ddd5391":107,"07f69c6d":107,"2254f0f5":107,"ea282e84":107,"6653c83b":107,"c896052c":107,"287ecd1c":107,"f9376d3e":107,"07a94e8c":107,"bb017b49":107,"37b52fe4":107,"61ad1519":107,"819c4185":107,"ba69b06b":107,"7d2a2cb4":107,"4f62491c":107,"70b4c438":107,"71ed93db":107,"a8edfe84":107,"2ed19b1e":107,"959e16ea":107,"02f76c64":107,"5c6d1f33":107,"b4801cae":107,"c3c2fd05":107,"f8c97147":107,"c2526ff3":107,"cc386067":107,"a22ffd8f":107,"3cd28a4d":107,"44a12c31":107,"45a961ca":107,"5ca978fd":107,"c92efaa8":107,"c241ac7e":107,"62a45672":107,"210e507a":107,"ac6e268b":107,"742238e8":107,"668e601b":107,"7552d86c":107,"02ebf3b6":107,"bb17a968":107,"4abcb85d":107,"cba26072":107,"2a718dcc":107,"c6a9a8e1":107,"88854fd0":107,"8dc27d2a":107,"41d7f05d":107,"2b851827":107,"9f428a03":107,"4d504d96":107,"0533ece1":107,"bcee2ef3":107,"0afba00c":107,"04ff8100":107,"6c00d8d6":107,"ac9a02bc":107,"acfe69ed":107,"426603ff":107,"2db2f252":107,"2e84193b":107,"c55683c9":107,"51233daf":107,"02791635":107,"be081247":107,"5cc47d1b":107,"678b846f":107,"b4bd39d8":107,"b4cdbe5d":107,"fa0386f3":107,"b95d0f17":107,"cee9c347":107
1601327123602,"7800e7ce":108,"77869ff0":108,"4b8f7b16":108,"89f75690":108,"cb363e2f":108,"cd802f02":108,"d3cca7eb":108,"e866a899":108,"5690e712":108,"0b92d2a9":108,"070bed95":108,"67e5d108":108,"3d37b94b":108,"842c97c2":108,"c4cef92b":108
1601327123908,"0eecdc5b":108,"b7e495ea":108,"45ec63c0":108,"0ddfde2c":108,"a8b41774":108,"81f0da2d":108,"1fcc8ba4":108,"75a9c117":108,"12ba54ec":108,"be391c1a":108,"37d8a5b7":108,"d5ab81c4":108,"2ecde685":108,"f0bd52d3":108,"dcc20f76":108,"666a8ef0":108,"c5b609f1":108,"4dc5849a":108,"d605c755":108,"8a8c1d67":108,"cc6b3306":108,"8c2dfd9a":108,"f11267b9":108,"a483b15e":108,"f80ab49d":108,"95eaed39":108,"a5ba0ebb":108,"f53362a9":108,"1901ef7e":108,"960c2e6b":108,"3515e999":108,"d11f8f1b":108,"9d9eb027":108,"325f9a29":108,"503aafe5":108,"d5d94481":108,"ffe48500":108,"c7a45a33":108,"faffe099":108,"e99490cd":108,"3b830769":108,"583f0305":108,"1557c50a":108,"249e80ab":108,"f52a3d94":108,"eb74d3dd":108,"080d5d42":108,"5d03f5dc":108,"f0a01341":108,"1ee4d9f9":108,"0d6e45e7":108,"0da97151":108,"e829038c":108,"4987cfb5":108,"ba90687c":108,"77f2cf92":108,"037e2be4":108,"9e7dbd20":108,"0c086273":108,"ac13c3b0":108,"b4d9c57f":108,"5d53c964":108,"8ee9cc91":108,"4cc0af91":108,"55f6a2ba":108,"9559ea96":108,"9cb044bf":108,"16b25add":108,"80ee333e":108,"3b329af2":108,"1cd662bf":108,"72992b35":108,"47589344":108,"593b1533":108,"e9f6e5ce":108,"ed6bead5":108,"96f594b9":108,"94dfcfc5":108,"8301986e":108,"830ecfec":108,"a8bae791":108,"312009ee":108,"c98759fd":108,"e8b6d676":108,"45ee5840":108,"76f04033":108,"43480b19":108,"fd955858":108,"69798d15":108,"efea71fa":108,"fb3aa867":108,"c9cf710b":108,"fcacdeb3":108,"0ea055ed":108,"e3b1bdf8":108,"644b45fb":108,"d041ea86":108,"1eda11b2":108,"fc442678":108,"3bcbc28d":108,"3c0455e7":108,"df203c79":108,"df1e1ac0":108,"491708eb":108,"e421caaa":108,"2d2ecf27":108,"d38a4953":108,"eba5efdd":108,"a5463f93":108,"c85ac4f8":108,"bc253f4f":108,"0d9d2bf8":108,"846b7f11":108,"d3411467":108,"1df0ce7f":108,"a08171d0":108,"c8bc5677":108,"dfca0518":108,"b9a21017":108,"e47705d3":108,"3cae4115":108,"0ccf4731":108,"c7c6782d":108,"54346574":108,"b12cbf87":108,"81942d9b":108,"699b90c1":108,"d9b5a7a8":108,"1e7914d2":108,"e5d8fdb2":108,"3412ab75":108,"bcac5daf":108,"62d028cc":108,"0af2cf39":108,"27491297":108,"18c73816":108,"e491161e":108,"b5087677":108,"16f60bed":108,"cb0c3481":108,"7664512c":108,"df9a53b8":108,"f6c27b2b":108,"945f6c24":108,"f1daea7e":108,"b8fb90e3":108,"56227e35":108,"0d6bf22a":108,"b87321d0":108,"43205b5d":108,"8982905a":108,"f6fe1ad7":108,"230064fa":108,"590ce3d3":108,"1802d7ce":108,"0a49914b":108,"5d3f5cad":108,"cf347cba":108,"fc0c23f7":108,"641f9b9e":108,"c92edec5":108,"9f03c1e7":108,"06c24a8d":108,"2f35e75f":108,"3eddf7c8":108,"77970f8b":108,"efd594d5":108,"4718294d":108,"5352cf45":108,"e0ffe8ff":108,"ae14d6b5":108,"721f5f42":108,"0b50bca6":108,"bf2ca266":108,"5d8d9641":108,"0de67c6c":108,"2311399f":108,"5e3ebf5e":108,"9f6ca218":108,"764e0abb":108,"bba6d88e":108,"ea3479ec":108,"32266fa3":108,"50b090c3":108,"8be24763":108,"eb4800b2":108,"6e0ce9dc":108,"87d9bec4":108,"e30dfa0c":108,"6da34174":108,"bfb849fa":108,"0a10b423":108,"9ef7cee7":108,"49f1a0d1":108,"5f04aa76":108,"ba297382":108,"0287db2a":108,"96abe4a9":108,"753b10b1":108,"cf14bd99":108,"782022f4":108,"322e833f":108,"ab3619e4":108,"106006ad":108,"c8237be9":108,"1416e8f5":108,"dde2eed5":108,"a208caa8":108,"16605353":108,"77b39e15":108,"f1726edb":108,"6213799d":108,"44cb1fd2":108,"baf19c25":108,"24a79a6e":108,"edde30af":108,"4d949e11":108,"df12f689":108,"1da10cbf":108,"832c48e4":108,"dc90a44c":108,"1ad7c45b":108,"5566c17c":108,"86a22252":108,"0000dece":108,"ce5efdbe":108,"58ace2b5":108
1601327124406,"92b72493":108,"d3e58903":108,"4481c4be":108,"7954891b":108,"4afd60a9":108,"d44c0ea3":108,"68f87858":108,"533bac6b":108,"41634dba":108,"43fd1327":108,"3b3569f6":108,"b01ab62a":108,"76da16fa":108,"bffee581":108,"07150038":108,"080fa362":108,"f1e86522":108,"fa03f48f":108,"7b6945ad":108,"5b09e53e":108,"da5bb0f7":108,"6d925c84":108,"50b23ab2":108,"edfa56d4":108,"899c16eb":108,"41c76041":108,"6bb1fa99":108,"d73ff72e":108,"61c0ca91":108,"d2fda7be":108,"ce20ca3c":108,"1d2d958b":108,"81fb6a01":108,"7f5b27c8":108,"fb3444d9":108,"f05de640":108,"86a68967":108,"56cd4dca":108,"7f469f4c":108,"f92dedfc":108,"355d1489":108,"f96fc1af":108,"06713bac":108,"61aca924":108,"d97fb857":108,"59ff5ec6":108,"ef04e64e":108,"5298dafa":108,"a40d08e1":108,"cec79bc2":108,"25f7f918":108,"d2eff358":108,"c5311ebb":108,"105bb3f6":108,"e70aebb5":108,"a488b2f1":108,"58de5462":108,"4caa87d6":108,"f01c896d":108,"1f2670d0":108,"f7076e21":108,"69e653b6":108,"962c9c8f":108,"98d2991b":108,"aec0bf28":108,"a017a323":108,"3b411d6a":108,"83826ef3":108,"8801c469":108,"595609d5":108,"b6281f1a":108,"48c6df81":108,"b47f1b89":108,"8e6caf71":108,"5e165f43":108,"9a3433b8":108,"f8785b71":108,"886c16d3":108,"e8d09b62":108,"b89112cb":108,"ab4a411a":108,"113e7f4b":108,"8cce569a":108,"ce6401b6":108,"6f57824c":108,"28bd7aa1":108,"1d52fb0d":108,"cde0d748":108,"535ed444":108,"710f0d0e":108,"0905f1fb":108,"a20e529c":108,"1ae76fcc":108,"35b161d3":108,"344cd1a3":108,"77ea1236":108,"96d2a118":108,"23a0e41f":108,"b32a1080":108,"a2c4b591":108,"6dfa57be":108,"1854ce44":108,"f92b22f1":108,"ece12664":108,"36f4ecde":108,"568a0d58":108,"5fd569d2":108,"10c8fd03":108,"bd4ccb49":108,"e773d697":108,"7e8c11e7":108,"077eb15a":108,"5337c279":108,"8d256cb6":108,"7021c619":108,"32ae00db":108,"bf2defb2":108,"bc733a28":108,"30d32d34":108,"d7a4b24c":108,"66736d5e":108,"30de89a7":108,"686d5c0b":108,"06aaa33f":108,"f15eb1c5":108,"71789493":108,"320c65bf":108,"5ac72353":108,"1fa1e7c2":108,"646af2b9":108,"d1b14d06":108,"659389ad":108,"f6c074a7":108,"ffd6849d":108,"240c8679":108,"962fca02":108,"0718c3be":108,"8b503f7b":108,"75968179":108,"87a8523c":108,"bc8bdc23":108,"a71f3f70":108,"c416baa6":108,"ae350a07":108,"1f7aa83c":108,"6e2d04de":108,"2fca1798":108,"05028839":108,"5488826c":108,"84fff5c1":108,"c649992d":108,"d5ad3ed6":108,"8e5f7187":108,"55ba7579":108,"b7769ca6":108,"9c27de51":108,"38a75b48":108,"1792bfa3":108,"426f1904":108,"7c0f1ca9":108,"b2f820ac":108,"25d4f65d":108,"eddb6a2a":108,"ff8a00aa":108,"c146560b":108,"985068e7":108,"d543ba6f":108,"680a32a6":108,"732d62ee":108,"d4b0751c":108,"83ba647d":108,"5b01444b":108,"cb0bd6b7":108,"79995b62":108,"8e426e39":108,"97160db8":108,"51909df8":108,"e22b0973":108,"589f0d6e":108,"51b4016a":108,"23646ff9":108,"46bf9112":108,"3abb827b":108,"092ad3d6":108,"0c73c293":108,"88929b06":108,"bf940089":108,"01f34f98":108,"08c4692e":108,"1670b0d3":108,"5b2479ef":108,"1d882c36":108,"ec97d63e":108,"94208a41":108,"eb62e8f2":108,"2cbcad17":108,"4dccb5ca":108,"83268abf":108,"578c4c95":108,"c606b472":108,"808bc372":108,"c792a7c1":108,"5a7da061":108,"06a94514":108,"73c420df":108,"0700da70":108,"ff591765":108,"93f12198":108,"62e270e5":108,"66b1b6d7":108,"b062adc4":108,"4aae5133":108,"63a3af32":108,"3fec4b0b":108,"faa3de3e":108,"44983d13":108,"80999122":108,"72af9198":108,"e39e9552":108,"81c1b70d":108,"e72f0f82":108,"88374b72":108,"fdfaf1ed":108,"ea981bed":108,"5e197575":108,"e587c4d0":108,"525b2635":108,"caa38a45":108,"a9987a58":108,"b6b8e5c7":108,"e82177d3":108,"89914b94":108,"04bdf5e1":108,"da8b42be":108,"3b0576bf":108,"9458934f":108,"1dcc489c":108,"945badf3":108,"1327775b":108,"bdd40125":108,"75fd47f7":108,"1c52a07e":108,"e70ccc25":108,"afd1494f":108,"ca6bffd3":108,"829c44a4":108,"e76e2617":108,"2b4fd52e":108,"57162572":108,"d1d50cfe":108,"9666b973":108,"653b27c7":108,"83b37fd6":108,"4d852788":108,"e43a9448":108,"3542b748":108,"379c53ab":108,"e396d80d":108,"7da61f27":108,"dc874a97":108,"85a220de":108,"40a7cdd2":108,"ac033c7b":108,"87759976":108,"4df3f62e":108,"c881a53e":108,"80c1c8b1":108,"cf52acd8":108,"a63cb4ce":108,"d3b3492b":108,"7580cfa4":108,"22a96386":108,"5c672b50":108,"5df16440":108,"272e7d0d":108,"f92596ee":108,"68831ea9":108,"9713d076":108,"fd098272":108,"6ee788a7":108,"8249641d":108,"45b0968f":108,"6a9bb182":108,"1f1afd4f":108,"25fb8826":108,"0dc5da58":108,"2874a625":108,"d379fd96":108,"7b819458":108,"7f8024cd":108,"ae562513":108,"7b66dacd":108,"9ab137d7":108,"7191d1cd":108,"005354dd":108,"b666e56d":108,"8db378ff":108,"784d6375":108,"4541bf85":108,"a6b13f20":108,"2459c882":108,"3df97186":108,"ef0490de":108,"e0f47ced":108,"309bbf54":108,"cc537772":108,"6618390c":108,"99cc0813":108,"dc32c4e1":108,"239c636e":108,"6ee160ff":108,"c55d40ca":108,"22c177a8":108,"00ae883f":108,"f416ee62":108,"0d2b182d":108,"320754c3":108,"232b2f64":108,"3171b6e7":108,"3b25460f":108,"d2064756":108,"e61ae828":108,"f7ac3883":108,"ccd01528":108,"dab8cf68":108,"00f2a9cb":108,"916fe082":108,"b64dba8e":108,"c3bb30ce":108,"86219c70":108,"601990d8":108,"5c662c19":108,"d2a5d2fd":108,"89d220c2":108,"3e10c9cb":108,"5500a3e8":108,"3c0e87ac":108,"a891461f":108,"a246cdab":108,"117c7f0b":108,"0d21cf99":108,"14e6fe14":108,"37ec5e73":108,"bfff7913":108,"f8636899":108,"37724339":108,"d45d9727":108,"ee5ff2a3":108,"44322dfd":108,"295e4d1d":108,"8cf6570a":108,"403064a0":108,"f7ffcbb8":108,"5728f934":108,"00b26865":108,"c333337d":108,"815c56bc":108,"5bd61a68":108,"8582c5cf":108,"0c353665":108,"231e8700":108,"1f9fbd85":108,"43f24679":108,"a1c0dfc4":108,"78f71162":108,"4b27a9a4":108,"163f4d19":108,"1d043d5a":108,"b2f82e06":108,"312af46e":108,"b5a9f8c3":108,"fcbc0ae8":108,"2ff6b6a8":108,"66a71cc1":108,"bf4b58e4":108,"5b0b43e6":108,"b5474d69":108,"5a938eeb":108,"4fe0dedf":108,"951fc6d0":108,"61892a4c":108,"f096219e":108,"a3f0a6ec":108,"01051f84":108,"aa7e370d":108,"f995eeab":108,"4006e709":108,"0dedf63e":108,"a9d5374b":108,"4321f02d":108,"089b3f8f":108,"7698d0dc":108,"784414ce":108,"2df3efdb":108,"d0f1b7bd":108,"e7799883":108,"4f9456cf":108,"6e260ee8":108,"f4f84279":108,"b0950de5":108,"6f873999":108,"1f4e0e22":108,"60d69311":108,"3b09f1de":108,"b371f44a":108,"dfe4a061":108,"8b6180ff":108,"8819ac24":108,"c2bf7d51":108,"dbbf7f69":108,"781afef6":108,"de9229a0":108,"99a5feef":108,"f6266388":108,"e64fd39c":108,"e1b3ce36":108,"625fa164":108,"0c6ae551":108,"e8f4c1dd":108,"cede8b8c":108,"ad95ff4a":108,"893a99c5":108,"d8bf32b5":108,"0eb42efe":108,"03c4ab87":108,"4e3d3af7":108,"3a4803a8":108,"f7a7de5d":108,"d4e56c3e":108,"0c045c2d":108,"8efd4801":108,"7eb8f268":108,"20236d3e":108,"36ae8cd8":108,"3ddd5391":108,"07f69c6d":108,"2254f0f5":108,"ea282e84":108,"6653c83b":108,"c896052c":108,"287ecd1c":108,"f9376d3e":108,"07a94e8c":108,"bb017b49":108,"37b52fe4":108,"a8edfe84":108,"2ed19b1e":108,"959e16ea":108,"02f76c64":108,"5c6d1f33":108,"b4801cae":108,"c3c2fd05":108,"f8c97147":108,"c2526ff3":108,"cc386067":108,"a22ffd8f":108,"3cd28a4d":108,"44a12c31":108,"45a961ca":108,"5ca978fd":108,"668e601b":108,"7552d86c":108,"02ebf3b6":108,"bb17a968":108,"4abcb85d":108,"61ad1519":108,"819c4185":108,"ba69b06b":108,"7d2a2cb4":108,"4f62491c":108,"70b4c438":108,"71ed93db":108,"c92efaa8":108,"c241ac7e":108,"62a45672":108,"210e507a":108,"ac6e268b":108,"742238e8":108,"cba26072":108,"2a718dcc":108,"c6a9a8e1":108,"88854fd0":108,"8dc27d2a":108,"41d7f05d":108,"2b851827":108,"9f428a03":108,"4d504d96":108,"0533ece1":108,"bcee2ef3":108,"0afba00c":108,"04ff8100":108,"6c00d8d6":108,"ac9a02bc":108,"acfe69ed":108,"426603ff":108,"2db2f252":108,"2e84193b":108,"c55683c9":108,"51233daf":108,"02791635":108,"be081247":108,"5cc47d1b":108,"678b846f":108,"b4bd39d8":108,"b4cdbe5d":108,"fa0386f3":108,"b95d0f17":108,"cee9c347":108
1601327125664,"7800e7ce":109,"77869ff0":109,"4b8f7b16":109,"89f75690":109,"cb363e2f":109,"cd802f02":109,"d3cca7eb":109,"e866a899":109,"5690e712":109,"0b92d2a9":109,"070bed95":109,"67e5d108":109,"3d37b94b":109,"842c97c2":109,"c4cef92b":109,"0eecdc5b":109,"b7e495ea":109,"45ec63c0":109,"0ddfde2c":109,"a8b41774":109,"81f0da2d":109,"1fcc8ba4":109,"75a9c117":109,"12ba54ec":109,"be391c1a":109,"37d8a5b7":109,"d5ab81c4":109,"2ecde685":109,"f0bd52d3":109,"dcc20f76":109,"666a8ef0":109,"c5b609f1":109,"4dc5849a":109,"d605c755":109,"8a8c1d67":109,"cc6b3306":109,"8c2dfd9a":109,"f11267b9":109,"a483b15e":109,"f80ab49d":109,"95eaed39":109,"a5ba0ebb":109,"f53362a9":109,"1901ef7e":109,"960c2e6b":109,"3515e999":109,"d11f8f1b":109,"9d9eb027":109,"325f9a29":109,"503aafe5":109
1601327126042,"d5d94481":109,"ffe48500":109,"c7a45a33":109,"faffe099":109,"e99490cd":109,"3b830769":109,"583f0305":109,"1557c50a":109,"249e80ab":109,"f52a3d94":109,"eb74d3dd":109,"3bcbc28d":109,"3c0455e7":109,"df203c79":109,"df1e1ac0":109,"491708eb":109,"e421caaa":109,"080d5d42":109,"5d03f5dc":109,"f0a01341":109,"1ee4d9f9":109,"0d6e45e7":109,"0da97151":109,"e829038c":109,"4987cfb5":109,"ba90687c":109,"77f2cf92":109,"037e2be4":109,"9e7dbd20":109,"0c086273":109,"ac13c3b0":109,"b4d9c57f":109,"5d53c964":109,"8ee9cc91":109,"4cc0af91":109,"55f6a2ba":109,"9559ea96":109,"9cb044bf":109,"16b25add":109,"80ee333e":109,"3b329af2":109,"1cd662bf":109,"72992b35":109,"47589344":109,"593b1533":109,"e9f6e5ce":109,"ed6bead5":109,"96f594b9":109,"94dfcfc5":109,"8301986e":109,"830ecfec":109,"a8bae791":109,"312009ee":109,"c98759fd":109,"e8b6d676":109,"45ee5840":109,"76f04033":109,"43480b19":109,"fd955858":109,"69798d15":109,"efea71fa":109,"fb3aa867":109,"c9cf710b":109,"fcacdeb3":109,"0ea055ed":109,"e3b1bdf8":109,"644b45fb":109,"2d2ecf27":109,"d38a4953":109,"eba5efdd":109,"a5463f93":109,"c85ac4f8":109,"bc253f4f":109,"0d9d2bf8":109,"846b7f11":109,"d3411467":109,"1df0ce7f":109,"a08171d0":109,"c8bc5677":109,"dfca0518":109,"b9a21017":109,"e47705d3":109,"3cae4115":109,"0ccf4731":109,"c7c6782d":109,"54346574":109,"b12cbf87":109,"81942d9b":109,"699b90c1":109,"d9b5a7a8":109,"1e7914d2":109,"e5d8fdb2":109,"3412ab75":109,"bcac5daf":109,"62d028cc":109,"0af2cf39":109,"27491297":109,"d041ea86":109,"1eda11b2":109,"fc442678":109,"18c73816":109,"e491161e":109,"b5087677":109,"16f60bed":109,"cb0c3481":109,"7664512c":109,"df9a53b8":109,"f6c27b2b":109,"945f6c24":109,"f1daea7e":109,"b8fb90e3":109,"56227e35":109,"0d6bf22a":109,"b87321d0":109,"43205b5d":109,"8982905a":109,"f6fe1ad7":109,"230064fa":109,"764e0abb":109,"bba6d88e":109,"ea3479ec":109,"32266fa3":109,"50b090c3":109,"8be24763":109,"eb4800b2":109,"6e0ce9dc":109,"87d9bec4":109,"590ce3d3":109,"1802d7ce":109,"0a49914b":109,"5d3f5cad":109,"cf347cba":109,"fc0c23f7":109,"641f9b9e":109,"c92edec5":109,"9f03c1e7":109,"06c24a8d":109,"2f35e75f":109,"3eddf7c8":109,"77970f8b":109,"efd594d5":109,"4718294d":109,"5352cf45":109,"e0ffe8ff":109,"ae14d6b5":109,"721f5f42":109,"0b50bca6":109,"bf2ca266":109,"5d8d9641":109,"0de67c6c":109,"2311399f":109,"5e3ebf5e":109,"9f6ca218":109,"6213799d":109,"44cb1fd2":109,"baf19c25":109,"24a79a6e":109,"edde30af":109,"4d949e11":109,"df12f689":109,"1da10cbf":109,"832c48e4":109,"dc90a44c":109,"1ad7c45b":109,"5566c17c":109,"86a22252":109,"0000dece":109,"ce5efdbe":109,"58ace2b5":109,"d379fd96":109,"7b819458":109,"7f8024cd":109,"ae562513":109,"7b66dacd":109,"9ab137d7":109,"7191d1cd":109,"005354dd":109,"e30dfa0c":109,"6da34174":109,"bfb849fa":109,"0a10b423":109,"9ef7cee7":109,"49f1a0d1":109,"5f04aa76":109,"ba297382":109,"0287db2a":109,"96abe4a9":109,"753b10b1":109,"cf14bd99":109,"782022f4":109,"322e833f":109,"ab3619e4":109,"106006ad":109,"c8237be9":109,"1416e8f5":109,"dde2eed5":109,"a208caa8":109,"16605353":109,"77b39e15":109,"f1726edb":109,"92b72493":109,"d3e58903":109,"4481c4be":109,"7954891b":109,"4afd60a9":109,"d44c0ea3":109,"68f87858":109,"533bac6b":109,"41634dba":109,"43fd1327":109,"113e7f4b":109,"8cce569a":109,"ce6401b6":109,"6f57824c":109,"28bd7aa1":109,"1d52fb0d":109,"cde0d748":109,"535ed444":109,"710f0d0e":109,"0905f1fb":109,"a20e529c":109,"1ae76fcc":109,"35b161d3":109,"344cd1a3":109,"77ea1236":109,"96d2a118":109,"23a0e41f":109,"b32a1080":109,"a2c4b591":109,"6dfa57be":109,"1854ce44":109,"f92b22f1":109,"ece12664":109,"36f4ecde":109,"568a0d58":109,"5fd569d2":109,"10c8fd03":109,"bd4ccb49":109,"e773d697":109,"7e8c11e7":109,"077eb15a":109,"5337c279":109,"8d256cb6":109,"7021c619":109,"32ae00db":109,"bf2defb2":109,"bc733a28":109,"30d32d34":109,"886c16d3":109,"e8d09b62":109
1601327126466,"3b3569f6":109,"b01ab62a":109,"76da16fa":109,"bffee581":109,"07150038":109,"080fa362":109,"f1e86522":109,"7b6945ad":109,"5b09e53e":109,"da5bb0f7":109,"6d925c84":109,"50b23ab2":109,"edfa56d4":109,"899c16eb":109,"41c76041":109,"6bb1fa99":109,"d73ff72e":109,"61c0ca91":109,"d2fda7be":109,"ce20ca3c":109,"1d2d958b":109,"81fb6a01":109,"7f5b27c8":109,"fb3444d9":109,"f05de640":109,"86a68967":109,"56cd4dca":109,"7f469f4c":109,"f92dedfc":109,"355d1489":109,"f96fc1af":109,"06713bac":109,"61aca924":109,"d97fb857":109,"59ff5ec6":109,"ef04e64e":109,"6e2d04de":109,"2fca1798":109,"05028839":109,"5488826c":109,"84fff5c1":109,"c649992d":109,"d5ad3ed6":109,"8e5f7187":109,"a40d08e1":109,"fa03f48f":109,"5298dafa":109,"cec79bc2":109,"d2eff358":109,"25f7f918":109,"c5311ebb":109,"e70aebb5":109,"a488b2f1":109,"105bb3f6":109,"58de5462":109,"4caa87d6":109,"f01c896d":109,"f7076e21":109,"1f2670d0":109,"69e653b6":109,"98d2991b":109,"962c9c8f":109,"3b411d6a":109,"aec0bf28":109,"83826ef3":109,"a017a323":109,"595609d5":109,"8801c469":109,"b47f1b89":109,"b6281f1a":109,"8e6caf71":109,"48c6df81":109,"5e165f43":109,"9a3433b8":109,"f8785b71":109,"b89112cb":109,"ab4a411a":109,"66736d5e":109,"d7a4b24c":109,"30de89a7":109,"06aaa33f":109,"686d5c0b":109,"f15eb1c5":109,"320c65bf":109,"1fa1e7c2":109,"71789493":109,"646af2b9":109,"5ac72353":109,"659389ad":109,"d1b14d06":109,"240c8679":109,"f6c074a7":109,"0718c3be":109,"ffd6849d":109,"962fca02":109,"8b503f7b":109,"75968179":109,"87a8523c":109,"c416baa6":109,"bc8bdc23":109,"a71f3f70":109,"ae350a07":109,"680a32a6":109,"1f7aa83c":109,"83ba647d":109,"732d62ee":109,"cb0bd6b7":109,"d4b0751c":109,"55ba7579":109,"b7769ca6":109,"9c27de51":109,"38a75b48":109,"1792bfa3":109,"426f1904":109,"7c0f1ca9":109,"b2f820ac":109,"25d4f65d":109,"eddb6a2a":109,"ff8a00aa":109,"c146560b":109,"985068e7":109,"d543ba6f":109,"5b01444b":109,"8e426e39":109,"79995b62":109,"51909df8":109,"97160db8":109,"e22b0973":109,"589f0d6e":109,"23646ff9":109,"3abb827b":109,"51b4016a":109,"46bf9112":109,"0c73c293":109,"88929b06":109,"092ad3d6":109,"bf940089":109,"08c4692e":109,"01f34f98":109,"5b2479ef":109,"1670b0d3":109,"1d882c36":109,"eb62e8f2":109,"ec97d63e":109,"94208a41":109,"2cbcad17":109,"4dccb5ca":109,"83268abf":109,"578c4c95":109,"c606b472":109,"808bc372":109,"c792a7c1":109,"5a7da061":109,"06a94514":109,"73c420df":109,"0700da70":109,"ff591765":109,"93f12198":109,"62e270e5":109,"66b1b6d7":109,"b062adc4":109,"4aae5133":109,"63a3af32":109,"3fec4b0b":109,"faa3de3e":109,"44983d13":109,"80999122":109,"72af9198":109,"e39e9552":109,"81c1b70d":109,"e72f0f82":109,"88374b72":109,"fdfaf1ed":109,"ea981bed":109,"5e197575":109,"e587c4d0":109,"525b2635":109,"caa38a45":109,"a9987a58":109,"b6b8e5c7":109,"e82177d3":109,"89914b94":109,"04bdf5e1":109,"da8b42be":109,"3b0576bf":109,"9458934f":109,"1dcc489c":109,"945badf3":109,"1327775b":109,"bdd40125":109,"75fd47f7":109,"1c52a07e":109,"e70ccc25":109,"afd1494f":109,"ca6bffd3":109,"829c44a4":109,"e76e2617":109,"2b4fd52e":109,"57162572":109,"d1d50cfe":109,"f7ffcbb8":109,"5728f934":109,"00b26865":109,"c333337d":109,"815c56bc":109,"5bd61a68":109,"8582c5cf":109,"0c353665":109,"231e8700":109,"1f9fbd85":109,"43f24679":109,"a1c0dfc4":109,"78f71162":109,"4b27a9a4":109,"163f4d19":109,"1d043d5a":109,"b2f82e06":109,"5b0b43e6":109,"b5474d69":109,"5a938eeb":109,"4fe0dedf":109,"951fc6d0":109,"61892a4c":109,"272e7d0d":109,"f92596ee":109,"68831ea9":109,"9713d076":109,"fd098272":109,"6ee788a7":109,"8249641d":109,"45b0968f":109,"6a9bb182":109,"1f1afd4f":109,"25fb8826":109,"0dc5da58":109,"2874a625":109,"e61ae828":109,"f7ac3883":109,"ccd01528":109,"dab8cf68":109,"00f2a9cb":109,"916fe082":109,"b64dba8e":109,"c3bb30ce":109,"86219c70":109,"601990d8":109,"5c662c19":109,"d2a5d2fd":109,"89d220c2":109,"3e10c9cb":109,"9666b973":109,"653b27c7":109,"83b37fd6":109,"4d852788":109,"e43a9448":109,"3542b748":109,"379c53ab":109,"e396d80d":109,"7da61f27":109,"dc874a97":109,"85a220de":109,"40a7cdd2":109,"ac033c7b":109,"87759976":109,"4df3f62e":109,"c881a53e":109,"80c1c8b1":109,"cf52acd8":109,"a63cb4ce":109,"d3b3492b":109,"7580cfa4":109,"22a96386":109,"5c672b50":109,"5df16440":109,"b666e56d":109,"8db378ff":109,"784d6375":109,"4541bf85":109,"a6b13f20":109,"2459c882":109,"3df97186":109,"f096219e":109,"a3f0a6ec":109,"01051f84":109,"aa7e370d":109,"f995eeab":109,"4006e709":109,"0dedf63e":109,"a9d5374b":109,"4321f02d":109,"089b3f8f":109,"7698d0dc":109,"784414ce":109,"2df3efdb":109,"d0f1b7bd":109,"e7799883":109,"4f9456cf":109,"6e260ee8":109,"f4f84279":109,"b0950de5":109,"6f873999":109,"1f4e0e22":109,"60d69311":109,"3b09f1de":109,"b371f44a":109,"8b6180ff":109,"8819ac24":109,"dbbf7f69":109,"dfe4a061":109,"c2bf7d51":109,"781afef6":109,"5500a3e8":109,"3c0e87ac":109,"a891461f":109,"a246cdab":109,"117c7f0b":109,"0d21cf99":109,"14e6fe14":109,"37ec5e73":109,"bfff7913":109,"f8636899":109,"37724339":109,"d45d9727":109,"ee5ff2a3":109,"44322dfd":109,"295e4d1d":109,"8cf6570a":109,"403064a0":109,"312af46e":109,"b5a9f8c3":109,"fcbc0ae8":109,"2ff6b6a8":109,"66a71cc1":109,"bf4b58e4":109,"ef0490de":109,"e0f47ced":109,"309bbf54":109,"cc537772":109,"6618390c":109,"99cc0813":109,"dc32c4e1":109,"239c636e":109,"6ee160ff":109,"c55d40ca":109,"22c177a8":109,"00ae883f":109,"f416ee62":109,"0d2b182d":109,"320754c3":109,"232b2f64":109,"3171b6e7":109,"3b25460f":109,"d2064756":109,"a8edfe84":109,"2ed19b1e":109,"959e16ea":109,"02f76c64":109,"5c6d1f33":109,"b4801cae":109,"c3c2fd05":109,"f8c97147":109,"c2526ff3":109,"cc386067":109,"a22ffd8f":109,"3cd28a4d":109,"44a12c31":109,"45a961ca":109,"5ca978fd":109,"668e601b":109,"de9229a0":109,"99a5feef":109,"f6266388":109,"e64fd39c":109,"e1b3ce36":109,"625fa164":109,"0c6ae551":109,"e8f4c1dd":109,"cede8b8c":109,"ad95ff4a":109,"893a99c5":109,"d8bf32b5":109,"0eb42efe":109,"03c4ab87":109,"4e3d3af7":109,"3a4803a8":109,"f7a7de5d":109,"d4e56c3e":109,"0c045c2d":109,"8efd4801":109,"7eb8f268":109,"20236d3e":109,"36ae8cd8":109,"3ddd5391":109,"07f69c6d":109,"2254f0f5":109,"ea282e84":109,"6653c83b":109,"c896052c":109,"287ecd1c":109,"7552d86c":109,"02ebf3b6":109,"bb17a968":109,"4abcb85d":109,"cba26072":109,"2a718dcc":109,"c6a9a8e1":109,"88854fd0":109,"8dc27d2a":109,"41d7f05d":109,"2b851827":109,"9f428a03":109,"4d504d96":109,"0533ece1":109,"bcee2ef3":109,"0afba00c":109,"04ff8100":109,"6c00d8d6":109,"ac9a02bc":109,"acfe69ed":109,"426603ff":109,"2db2f252":109,"2e84193b":109,"c55683c9":109,"51233daf":109,"02791635":109,"be081247":109,"5cc47d1b":109,"678b846f":109,"b4bd39d8":109,"b4cdbe5d":109,"fa0386f3":109,"b95d0f17":109,"f9376d3e":109,"07a94e8c":109,"bb017b49":109,"37b52fe4":109,"61ad1519":109,"819c4185":109,"ba69b06b":109,"7d2a2cb4":109,"4f62491c":109,"70b4c438":109,"71ed93db":109,"c92efaa8":109,"c241ac7e":109,"62a45672":109,"210e507a":109,"ac6e268b":109,"742238e8":109,"cee9c347":109
1601327127764,"7800e7ce":110,"77869ff0":110,"4b8f7b16":110,"89f75690":110,"cb363e2f":110,"cd802f02":110,"d3cca7eb":110,"e866a899":110,"5690e712":110,"0b92d2a9":110,"070bed95":110,"67e5d108":110,"3d37b94b":110,"842c97c2":110,"c4cef92b":110,"0eecdc5b":110,"b7e495ea":110,"45ec63c0":110,"0ddfde2c":110,"a8b41774":110,"81f0da2d":110,"1fcc8ba4":110,"75a9c117":110,"12ba54ec":110,"be391c1a":110,"37d8a5b7":110,"d5ab81c4":110,"2ecde685":110,"f0bd52d3":110,"dcc20f76":110,"666a8ef0":110,"c5b609f1":110,"4dc5849a":110,"d605c755":110,"8a8c1d67":110,"cc6b3306":110,"8c2dfd9a":110,"f11267b9":110,"a483b15e":110,"f80ab49d":110,"95eaed39":110,"a5ba0ebb":110,"f53362a9":110,"1901ef7e":110,"960c2e6b":110,"3515e999":110,"d11f8f1b":110,"9d9eb027":110,"325f9a29":110,"503aafe5":110,"080d5d42":110,"5d03f5dc":110,"f0a01341":110,"1ee4d9f9":110,"0d6e45e7":110,"0da97151":110,"e829038c":110,"4987cfb5":110,"ba90687c":110,"77f2cf92":110,"037e2be4":110,"9e7dbd20":110,"0c086273":110,"ac13c3b0":110,"b4d9c57f":110,"5d53c964":110,"8ee9cc91":110,"4cc0af91":110
1601327128101,"55f6a2ba":110,"9559ea96":110,"9cb044bf":110,"16b25add":110,"80ee333e":110,"3b329af2":110,"1cd662bf":110,"72992b35":110,"47589344":110,"593b1533":110,"e9f6e5ce":110,"ed6bead5":110,"96f594b9":110,"94dfcfc5":110,"8301986e":110,"830ecfec":110,"a8bae791":110,"312009ee":110,"c98759fd":110,"e8b6d676":110,"45ee5840":110,"76f04033":110,"43480b19":110,"fd955858":110,"69798d15":110,"efea71fa":110,"fb3aa867":110,"c9cf710b":110,"fcacdeb3":110,"0ea055ed":110,"e3b1bdf8":110,"644b45fb":110,"d5d94481":110,"ffe48500":110,"c7a45a33":110,"faffe099":110,"e99490cd":110,"3b830769":110,"583f0305":110,"1557c50a":110,"249e80ab":110,"f52a3d94":110,"eb74d3dd":110,"3bcbc28d":110,"3c0455e7":110,"df203c79":110,"df1e1ac0":110,"491708eb":110,"e421caaa":110,"2d2ecf27":110,"d38a4953":110,"eba5efdd":110,"a5463f93":110,"c85ac4f8":110,"bc253f4f":110,"0d9d2bf8":110,"846b7f11":110,"d3411467":110,"1df0ce7f":110,"a08171d0":110,"c8bc5677":110,"dfca0518":110,"b9a21017":110,"e47705d3":110,"3cae4115":110,"0ccf4731":110,"18c73816":110,"c7c6782d":110,"54346574":110,"b12cbf87":110,"81942d9b":110,"699b90c1":110,"d9b5a7a8":110,"1e7914d2":110,"e5d8fdb2":110,"3412ab75":110,"bcac5daf":110,"62d028cc":110,"0af2cf39":110,"27491297":110,"d041ea86":110,"1eda11b2":110,"fc442678":110,"590ce3d3":110,"1802d7ce":110,"0a49914b":110,"5d3f5cad":110,"cf347cba":110,"fc0c23f7":110,"641f9b9e":110,"c92edec5":110,"9f03c1e7":110,"06c24a8d":110,"e491161e":110,"b5087677":110,"16f60bed":110,"cb0c3481":110,"7664512c":110,"df9a53b8":110,"f6c27b2b":110,"945f6c24":110,"f1daea7e":110,"b8fb90e3":110,"56227e35":110,"0d6bf22a":110,"b87321d0":110,"43205b5d":110,"8982905a":110,"f6fe1ad7":110,"230064fa":110,"764e0abb":110,"bba6d88e":110,"ea3479ec":110,"32266fa3":110,"50b090c3":110,"8be24763":110,"eb4800b2":110,"6e0ce9dc":110,"87d9bec4":110,"e30dfa0c":110,"6da34174":110,"bfb849fa":110,"0a10b423":110,"9ef7cee7":110,"49f1a0d1":110,"5f04aa76":110,"ba297382":110,"0287db2a":110,"96abe4a9":110,"753b10b1":110,"cf14bd99":110,"2f35e75f":110,"3eddf7c8":110,"77970f8b":110,"efd594d5":110,"4718294d":110,"5352cf45":110,"e0ffe8ff":110,"ae14d6b5":110,"721f5f42":110,"0b50bca6":110,"bf2ca266":110,"5d8d9641":110,"0de67c6c":110,"2311399f":110,"5e3ebf5e":110,"9f6ca218":110,"6213799d":110,"44cb1fd2":110,"baf19c25":110,"24a79a6e":110,"edde30af":110,"4d949e11":110,"df12f689":110,"1da10cbf":110,"832c48e4":110,"dc90a44c":110,"1ad7c45b":110,"5566c17c":110,"86a22252":110,"0000dece":110,"ce5efdbe":110,"58ace2b5":110,"d379fd96":110,"782022f4":110,"322e833f":110,"ab3619e4":110,"106006ad":110,"c8237be9":110,"1416e8f5":110,"dde2eed5":110,"a208caa8":110,"16605353":110,"77b39e15":110,"f1726edb":110,"7b819458":110,"7f8024cd":110,"ae562513":110,"7b66dacd":110,"9ab137d7":110,"7191d1cd":110,"005354dd":110,"92b72493":110,"d3e58903":110,"4481c4be":110,"7954891b":110,"4afd60a9":110,"d44c0ea3":110,"68f87858":110,"533bac6b":110,"41634dba":110,"43fd1327":110,"113e7f4b":110,"8cce569a":110,"ce6401b6":110,"6f57824c":110,"28bd7aa1":110,"1d52fb0d":110,"cde0d748":110,"535ed444":110,"710f0d0e":110,"0905f1fb":110,"a20e529c":110,"1ae76fcc":110,"35b161d3":110,"344cd1a3":110,"77ea1236":110,"96d2a118":110,"23a0e41f":110,"b32a1080":110,"a2c4b591":110,"6dfa57be":110,"1854ce44":110,"f92b22f1":110,"ece12664":110,"36f4ecde":110,"568a0d58":110,"5fd569d2":110,"10c8fd03":110,"bd4ccb49":110,"e773d697":110,"7e8c11e7":110,"077eb15a":110,"5337c279":110,"8d256cb6":110,"7021c619":110,"32ae00db":110,"bf2defb2":110,"bc733a28":110,"30d32d34":110,"886c16d3":110,"e8d09b62":110,"5b09e53e":110,"da5bb0f7":110,"6d925c84":110,"50b23ab2":110,"edfa56d4":110,"899c16eb":110,"3b3569f6":110,"b01ab62a":110,"76da16fa":110,"bffee581":110,"07150038":110,"080fa362":110,"7b6945ad":110,"a40d08e1":110,"cec79bc2":110,"d2eff358":110,"e70aebb5":110,"f1e86522":110,"fa03f48f":110,"a488b2f1":110,"4caa87d6":110,"5298dafa":110,"f7076e21":110,"25f7f918":110,"c5311ebb":110,"69e653b6":110,"105bb3f6":110,"98d2991b":110,"3b411d6a":110,"58de5462":110,"83826ef3":110,"f01c896d":110,"1f2670d0":110,"595609d5":110
1601327128508,"41c76041":110,"6bb1fa99":110,"d73ff72e":110,"61c0ca91":110,"d2fda7be":110,"ce20ca3c":110,"1d2d958b":110,"81fb6a01":110,"7f5b27c8":110,"fb3444d9":110,"f05de640":110,"86a68967":110,"56cd4dca":110,"7f469f4c":110,"f92dedfc":110,"355d1489":110,"f96fc1af":110,"06713bac":110,"61aca924":110,"d97fb857":110,"59ff5ec6":110,"ef04e64e":110,"6e2d04de":110,"2fca1798":110,"05028839":110,"5488826c":110,"84fff5c1":110,"c649992d":110,"d5ad3ed6":110,"8e5f7187":110,"55ba7579":110,"b7769ca6":110,"9c27de51":110,"38a75b48":110,"1792bfa3":110,"426f1904":110,"7c0f1ca9":110,"b2f820ac":110,"25d4f65d":110,"eddb6a2a":110,"ff8a00aa":110,"c146560b":110,"985068e7":110,"d543ba6f":110,"b47f1b89":110,"962c9c8f":110,"8e6caf71":110,"aec0bf28":110,"a017a323":110,"9a3433b8":110,"8801c469":110,"b89112cb":110,"b6281f1a":110,"66736d5e":110,"30de89a7":110,"48c6df81":110,"06aaa33f":110,"5e165f43":110,"320c65bf":110,"f8785b71":110,"1fa1e7c2":110,"ab4a411a":110,"d7a4b24c":110,"646af2b9":110,"659389ad":110,"686d5c0b":110,"240c8679":110,"f15eb1c5":110,"0718c3be":110,"71789493":110,"5ac72353":110,"8b503f7b":110,"87a8523c":110,"d1b14d06":110,"f6c074a7":110,"c416baa6":110,"ffd6849d":110,"ae350a07":110,"962fca02":110,"680a32a6":110,"83ba647d":110,"75968179":110,"cb0bd6b7":110,"bc8bdc23":110,"8e426e39":110,"a71f3f70":110,"1f7aa83c":110,"51909df8":110,"732d62ee":110,"e22b0973":110,"23646ff9":110,"d4b0751c":110,"5b01444b":110,"3abb827b":110,"79995b62":110,"0c73c293":110,"88929b06":110,"97160db8":110,"589f0d6e":110,"08c4692e":110,"5b2479ef":110,"51b4016a":110,"1d882c36":110,"46bf9112":110,"eb62e8f2":110,"092ad3d6":110,"bf940089":110,"01f34f98":110,"1670b0d3":110,"ec97d63e":110,"94208a41":110,"2cbcad17":110,"4dccb5ca":110,"83268abf":110,"578c4c95":110,"c606b472":110,"808bc372":110,"c792a7c1":110,"5a7da061":110,"06a94514":110,"73c420df":110,"0700da70":110,"ff591765":110,"93f12198":110,"62e270e5":110,"66b1b6d7":110,"b062adc4":110,"4aae5133":110,"63a3af32":110,"3fec4b0b":110,"faa3de3e":110,"44983d13":110,"80999122":110,"72af9198":110,"e39e9552":110,"81c1b70d":110,"e72f0f82":110,"88374b72":110,"fdfaf1ed":110,"ea981bed":110,"5e197575":110,"e587c4d0":110,"525b2635":110,"caa38a45":110,"a9987a58":110,"b6b8e5c7":110,"e82177d3":110,"89914b94":110,"04bdf5e1":110,"da8b42be":110,"3b0576bf":110,"9458934f":110,"1dcc489c":110,"9666b973":110,"653b27c7":110,"83b37fd6":110,"4d852788":110,"e43a9448":110,"3542b748":110,"379c53ab":110,"e396d80d":110,"7da61f27":110,"dc874a97":110,"85a220de":110,"40a7cdd2":110,"ac033c7b":110,"87759976":110,"4df3f62e":110,"c881a53e":110,"80c1c8b1":110,"cf52acd8":110,"a63cb4ce":110,"d3b3492b":110,"7580cfa4":110,"945badf3":110,"1327775b":110,"bdd40125":110,"75fd47f7":110,"1c52a07e":110,"e70ccc25":110,"afd1494f":110,"ca6bffd3":110,"829c44a4":110,"e76e2617":110,"2b4fd52e":110,"57162572":110,"d1d50cfe":110,"22a96386":110,"5c672b50":110,"5df16440":110,"b666e56d":110,"8db378ff":110,"784d6375":110,"4541bf85":110,"a6b13f20":110,"2459c882":110,"3df97186":110,"ef0490de":110,"e0f47ced":110,"272e7d0d":110,"f92596ee":110,"68831ea9":110,"9713d076":110,"fd098272":110,"309bbf54":110,"cc537772":110,"6618390c":110,"99cc0813":110,"dc32c4e1":110,"239c636e":110,"6ee160ff":110,"c55d40ca":110,"22c177a8":110,"00ae883f":110,"f416ee62":110,"0d2b182d":110,"320754c3":110,"232b2f64":110,"3171b6e7":110,"3b25460f":110,"d2064756":110,"f7ffcbb8":110,"5728f934":110,"00b26865":110,"c333337d":110,"815c56bc":110,"6ee788a7":110,"8249641d":110,"45b0968f":110,"6a9bb182":110,"1f1afd4f":110,"25fb8826":110,"0dc5da58":110,"2874a625":110,"e61ae828":110,"f7ac3883":110,"ccd01528":110,"dab8cf68":110,"00f2a9cb":110,"916fe082":110,"b64dba8e":110,"c3bb30ce":110,"86219c70":110,"601990d8":110,"5c662c19":110,"d2a5d2fd":110,"89d220c2":110,"3e10c9cb":110,"5500a3e8":110,"3c0e87ac":110,"a891461f":110,"a246cdab":110,"117c7f0b":110,"0d21cf99":110,"14e6fe14":110,"37ec5e73":110,"bfff7913":110,"f8636899":110,"37724339":110,"d45d9727":110,"ee5ff2a3":110,"44322dfd":110,"295e4d1d":110,"8cf6570a":110,"403064a0":110,"312af46e":110,"b5a9f8c3":110,"fcbc0ae8":110,"2ff6b6a8":110,"66a71cc1":110,"bf4b58e4":110,"5bd61a68":110,"8582c5cf":110,"0c353665":110,"231e8700":110,"1f9fbd85":110,"43f24679":110,"a1c0dfc4":110,"78f71162":110,"4b27a9a4":110,"163f4d19":110,"1d043d5a":110,"b2f82e06":110,"5b0b43e6":110,"b5474d69":110,"5a938eeb":110,"4fe0dedf":110,"951fc6d0":110,"61892a4c":110,"f096219e":110,"a3f0a6ec":110,"01051f84":110,"aa7e370d":110,"f995eeab":110,"4006e709":110,"0dedf63e":110,"a9d5374b":110,"4321f02d":110,"089b3f8f":110,"7698d0dc":110,"784414ce":110,"2df3efdb":110,"d0f1b7bd":110,"e7799883":110,"4f9456cf":110,"6e260ee8":110,"f4f84279":110,"dfe4a061":110,"b0950de5":110,"c2bf7d51":110,"6f873999":110,"1f4e0e22":110,"781afef6":110,"60d69311":110,"de9229a0":110,"3b09f1de":110,"99a5feef":110,"b371f44a":110,"f6266388":110,"e64fd39c":110,"8b6180ff":110,"8819ac24":110,"e1b3ce36":110,"dbbf7f69":110,"625fa164":110,"0c6ae551":110,"e8f4c1dd":110,"cede8b8c":110,"ad95ff4a":110,"893a99c5":110,"d8bf32b5":110,"0eb42efe":110,"03c4ab87":110,"4e3d3af7":110,"a8edfe84":110,"2ed19b1e":110,"3a4803a8":110,"f7a7de5d":110,"d4e56c3e":110,"0c045c2d":110,"8efd4801":110,"7eb8f268":110,"20236d3e":110,"36ae8cd8":110,"3ddd5391":110,"07f69c6d":110,"2254f0f5":110,"ea282e84":110,"6653c83b":110,"c896052c":110,"287ecd1c":110,"f9376d3e":110,"07a94e8c":110,"bb017b49":110,"37b52fe4":110,"61ad1519":110,"819c4185":110,"ba69b06b":110,"7d2a2cb4":110,"4f62491c":110,"70b4c438":110,"71ed93db":110,"c92efaa8":110,"c241ac7e":110,"62a45672":110,"210e507a":110,"ac6e268b":110,"742238e8":110,"959e16ea":110,"02f76c64":110,"5c6d1f33":110,"b4801cae":110,"c3c2fd05":110,"f8c97147":110,"c2526ff3":110,"cc386067":110,"a22ffd8f":110,"3cd28a4d":110,"44a12c31":110,"45a961ca":110,"5ca978fd":110,"668e601b":110,"7552d86c":110,"02ebf3b6":110,"bb17a968":110,"4abcb85d":110,"cba26072":110,"2a718dcc":110,"c6a9a8e1":110,"88854fd0":110,"8dc27d2a":110,"41d7f05d":110,"2b851827":110,"9f428a03":110,"4d504d96":110,"0533ece1":110,"bcee2ef3":110,"0afba00c":110,"04ff8100":110,"6c00d8d6":110,"ac9a02bc":110,"acfe69ed":110,"426603ff":110
1601327128961,"2db2f252":110,"2e84193b":110,"c55683c9":110,"51233daf":110,"02791635":110,"be081247":110,"5cc47d1b":110,"678b846f":110,"b4bd39d8":110,"b4cdbe5d":110,"fa0386f3":110,"b95d0f17":110,"cee9c347":110
1601327130207,"7800e7ce":111,"77869ff0":111,"4b8f7b16":111,"89f75690":111,"cb363e2f":111,"cd802f02":111,"d3cca7eb":111,"e866a899":111,"5690e712":111,"0b92d2a9":111,"070bed95":111,"67e5d108":111,"3d37b94b":111,"842c97c2":111,"c4cef92b":111,"d5d94481":111,"ffe48500":111,"c7a45a33":111,"faffe099":111,"e99490cd":111,"3b830769":111,"583f0305":111,"1557c50a":111,"249e80ab":111,"f52a3d94":111,"eb74d3dd":111,"3bcbc28d":111,"3c0455e7":111,"df203c79":111,"df1e1ac0":111,"491708eb":111,"e421caaa":111,"2d2ecf27":111,"d38a4953":111,"eba5efdd":111,"a5463f93":111,"c85ac4f8":111,"0eecdc5b":111,"b7e495ea":111,"45ec63c0":111,"0ddfde2c":111,"a8b41774":111,"81f0da2d":111,"1fcc8ba4":111,"75a9c117":111,"12ba54ec":111,"be391c1a":111,"37d8a5b7":111,"d5ab81c4":111,"2ecde685":111,"f0bd52d3":111,"dcc20f76":111,"666a8ef0":111,"c5b609f1":111,"4dc5849a":111,"d605c755":111,"8a8c1d67":111,"cc6b3306":111,"8c2dfd9a":111,"f11267b9":111,"a483b15e":111,"f80ab49d":111,"95eaed39":111,"a5ba0ebb":111,"f53362a9":111,"1901ef7e":111,"960c2e6b":111,"3515e999":111,"d11f8f1b":111,"9d9eb027":111,"325f9a29":111,"503aafe5":111,"bc253f4f":111,"0d9d2bf8":111,"846b7f11":111,"d3411467":111,"1df0ce7f":111,"a08171d0":111,"c8bc5677":111,"dfca0518":111,"b9a21017":111,"e47705d3":111,"3cae4115":111,"0ccf4731":111,"c7c6782d":111,"54346574":111,"b12cbf87":111,"81942d9b":111,"699b90c1":111,"d9b5a7a8":111,"1e7914d2":111,"e5d8fdb2":111,"3412ab75":111,"bcac5daf":111,"62d028cc":111,"0af2cf39":111,"27491297":111,"d041ea86":111,"1eda11b2":111,"fc442678":111,"080d5d42":111,"5d03f5dc":111,"f0a01341":111,"1ee4d9f9":111,"0d6e45e7":111,"0da97151":111,"e829038c":111,"4987cfb5":111,"ba90687c":111,"77f2cf92":111,"037e2be4":111,"9e7dbd20":111,"0c086273":111,"ac13c3b0":111,"b4d9c57f":111,"5d53c964":111,"8ee9cc91":111,"4cc0af91":111,"55f6a2ba":111,"9559ea96":111,"9cb044bf":111,"16b25add":111,"80ee333e":111,"3b329af2":111,"1cd662bf":111,"72992b35":111,"47589344":111,"593b1533":111,"e9f6e5ce":111,"ed6bead5":111,"96f594b9":111,"94dfcfc5":111,"8301986e":111,"830ecfec":111,"a8bae791":111,"312009ee":111,"c98759fd":111,"e8b6d676":111,"45ee5840":111,"76f04033":111,"43480b19":111,"fd955858":111,"69798d15":111,"efea71fa":111,"fb3aa867":111,"c9cf710b":111,"fcacdeb3":111,"0ea055ed":111,"e3b1bdf8":111,"644b45fb":111,"18c73816":111,"e491161e":111,"b5087677":111,"16f60bed":111,"cb0c3481":111,"7664512c":111,"df9a53b8":111,"f6c27b2b":111,"945f6c24":111,"f1daea7e":111,"b8fb90e3":111,"56227e35":111,"0d6bf22a":111,"b87321d0":111,"43205b5d":111,"8982905a":111,"f6fe1ad7":111,"230064fa":111
1601327130696,"590ce3d3":111,"1802d7ce":111,"0a49914b":111,"5d3f5cad":111,"cf347cba":111,"fc0c23f7":111,"641f9b9e":111,"c92edec5":111,"9f03c1e7":111,"06c24a8d":111,"2f35e75f":111,"3eddf7c8":111,"77970f8b":111,"efd594d5":111,"4718294d":111,"5352cf45":111,"e0ffe8ff":111,"ae14d6b5":111,"721f5f42":111,"0b50bca6":111,"bf2ca266":111,"5d8d9641":111,"0de67c6c":111,"2311399f":111,"5e3ebf5e":111,"9f6ca218":111,"6213799d":111,"44cb1fd2":111,"baf19c25":111,"24a79a6e":111,"edde30af":111,"4d949e11":111,"df12f689":111,"1da10cbf":111,"832c48e4":111,"dc90a44c":111,"1ad7c45b":111,"5566c17c":111,"86a22252":111,"0000dece":111,"ce5efdbe":111,"58ace2b5":111,"d379fd96":111,"7b819458":111,"7f8024cd":111,"ae562513":111,"7b66dacd":111,"9ab137d7":111,"7191d1cd":111,"005354dd":111,"764e0abb":111,"bba6d88e":111,"ea3479ec":111,"32266fa3":111,"50b090c3":111,"8be24763":111,"eb4800b2":111,"6e0ce9dc":111,"87d9bec4":111,"e30dfa0c":111,"6da34174":111,"bfb849fa":111,"0a10b423":111,"9ef7cee7":111,"49f1a0d1":111,"5f04aa76":111,"ba297382":111,"0287db2a":111,"96abe4a9":111,"753b10b1":111,"cf14bd99":111,"782022f4":111,"322e833f":111,"ab3619e4":111,"106006ad":111,"c8237be9":111,"1416e8f5":111,"dde2eed5":111,"a208caa8":111,"16605353":111,"77b39e15":111,"f1726edb":111,"92b72493":111,"d3e58903":111,"4481c4be":111,"7954891b":111,"4afd60a9":111,"d44c0ea3":111,"68f87858":111,"533bac6b":111,"41634dba":111,"43fd1327":111,"113e7f4b":111,"8cce569a":111,"ce6401b6":111,"6f57824c":111,"28bd7aa1":111,"1d52fb0d":111,"cde0d748":111,"535ed444":111,"710f0d0e":111,"0905f1fb":111,"a20e529c":111,"1ae76fcc":111,"35b161d3":111,"344cd1a3":111,"77ea1236":111,"96d2a118":111,"23a0e41f":111,"b32a1080":111,"a2c4b591":111,"6dfa57be":111,"1854ce44":111,"f92b22f1":111,"ece12664":111,"36f4ecde":111,"568a0d58":111,"5fd569d2":111,"10c8fd03":111,"bd4ccb49":111,"e773d697":111,"7e8c11e7":111,"077eb15a":111,"5337c279":111,"8d256cb6":111,"7021c619":111,"32ae00db":111,"bf2defb2":111,"bc733a28":111,"30d32d34":111,"886c16d3":111,"e8d09b62":111,"5b09e53e":111,"da5bb0f7":111,"6d925c84":111,"50b23ab2":111,"edfa56d4":111,"899c16eb":111,"41c76041":111,"6bb1fa99":111,"d73ff72e":111,"61c0ca91":111,"d2fda7be":111,"ce20ca3c":111,"1d2d958b":111,"81fb6a01":111,"7f5b27c8":111,"fb3444d9":111,"f05de640":111,"86a68967":111,"56cd4dca":111,"7f469f4c":111,"f92dedfc":111,"355d1489":111,"f96fc1af":111,"06713bac":111,"61aca924":111,"d97fb857":111,"59ff5ec6":111,"ef04e64e":111,"6e2d04de":111,"2fca1798":111,"05028839":111,"5488826c":111,"84fff5c1":111,"c649992d":111,"d5ad3ed6":111,"8e5f7187":111,"55ba7579":111,"b7769ca6":111,"9c27de51":111,"38a75b48":111,"1792bfa3":111,"426f1904":111,"7c0f1ca9":111,"b2f820ac":111,"25d4f65d":111,"eddb6a2a":111,"ff8a00aa":111,"c146560b":111,"985068e7":111,"d543ba6f":111,"3b3569f6":111,"b01ab62a":111,"76da16fa":111,"bffee581":111,"07150038":111,"080fa362":111,"7b6945ad":111,"a40d08e1":111,"cec79bc2":111,"d2eff358":111,"e70aebb5":111,"a488b2f1":111,"f1e86522":111,"4caa87d6":111,"fa03f48f":111,"f7076e21":111,"5298dafa":111,"69e653b6":111,"25f7f918":111,"98d2991b":111,"c5311ebb":111,"3b411d6a":111,"105bb3f6":111,"83826ef3":111,"58de5462":111,"595609d5":111,"f01c896d":111,"b47f1b89":111,"1f2670d0":111,"8e6caf71":111,"962c9c8f":111,"9a3433b8":111,"aec0bf28":111,"b89112cb":111,"a017a323":111,"66736d5e":111,"8801c469":111,"30de89a7":111,"b6281f1a":111,"06aaa33f":111,"320c65bf":111,"48c6df81":111,"f7ffcbb8":111,"5728f934":111,"00b26865":111,"c333337d":111,"815c56bc":111,"5bd61a68":111,"8582c5cf":111,"0c353665":111,"231e8700":111,"1f9fbd85":111,"43f24679":111,"a1c0dfc4":111,"78f71162":111,"272e7d0d":111,"f92596ee":111,"68831ea9":111,"9713d076":111,"fd098272":111,"6ee788a7":111,"8249641d":111,"45b0968f":111,"6a9bb182":111,"1f1afd4f":111,"25fb8826":111,"0dc5da58":111,"2874a625":111,"e61ae828":111,"f7ac3883":111,"ccd01528":111,"dab8cf68":111,"00f2a9cb":111,"916fe082":111,"b64dba8e":111,"c3bb30ce":111,"86219c70":111,"601990d8":111,"5c662c19":111,"4b27a9a4":111,"163f4d19":111,"1d043d5a":111,"b2f82e06":111,"9666b973":111,"653b27c7":111,"83b37fd6":111,"4d852788":111,"e43a9448":111,"3542b748":111,"379c53ab":111,"e396d80d":111,"7da61f27":111,"dc874a97":111,"85a220de":111,"40a7cdd2":111,"ac033c7b":111,"87759976":111,"4df3f62e":111,"c881a53e":111,"80c1c8b1":111,"cf52acd8":111,"a63cb4ce":111,"5b0b43e6":111,"b5474d69":111,"5a938eeb":111,"4fe0dedf":111,"951fc6d0":111,"61892a4c":111,"e587c4d0":111,"525b2635":111,"caa38a45":111,"a9987a58":111,"b6b8e5c7":111,"e82177d3":111,"89914b94":111,"04bdf5e1":111,"da8b42be":111,"3b0576bf":111,"9458934f":111,"1dcc489c":111,"945badf3":111,"1327775b":111,"bdd40125":111,"75fd47f7":111,"1c52a07e":111,"e70ccc25":111,"afd1494f":111,"ca6bffd3":111,"829c44a4":111,"e76e2617":111,"2b4fd52e":111,"57162572":111,"d1d50cfe":111,"4dccb5ca":111,"83268abf":111,"578c4c95":111,"c606b472":111,"808bc372":111,"c792a7c1":111,"5a7da061":111,"06a94514":111,"73c420df":111,"0700da70":111,"ff591765":111,"93f12198":111,"62e270e5":111,"66b1b6d7":111,"b062adc4":111,"4aae5133":111,"63a3af32":111,"3fec4b0b":111,"faa3de3e":111,"44983d13":111,"80999122":111,"72af9198":111,"e39e9552":111,"81c1b70d":111,"e72f0f82":111,"88374b72":111,"fdfaf1ed":111,"ea981bed":111,"5e197575":111,"f096219e":111,"a3f0a6ec":111,"01051f84":111,"aa7e370d":111,"5e165f43":111,"1fa1e7c2":111,"f8785b71":111,"646af2b9":111,"659389ad":111,"ab4a411a":111,"d7a4b24c":111,"240c8679":111,"0718c3be":111,"686d5c0b":111,"8b503f7b":111,"f15eb1c5":111,"71789493":111,"87a8523c":111,"c416baa6":111,"5ac72353":111,"d1b14d06":111,"ae350a07":111,"680a32a6":111,"f6c074a7":111,"83ba647d":111,"ffd6849d":111,"962fca02":111,"cb0bd6b7":111,"8e426e39":111,"75968179":111,"bc8bdc23":111,"51909df8":111,"e22b0973":111,"a71f3f70":111,"23646ff9":111,"1f7aa83c":111,"732d62ee":111,"3abb827b":111,"d4b0751c":111,"0c73c293":111,"88929b06":111,"5b01444b":111,"79995b62":111,"08c4692e":111,"5b2479ef":111,"97160db8":111,"1d882c36":111,"589f0d6e":111,"eb62e8f2":111,"51b4016a":111,"46bf9112":111,"092ad3d6":111,"bf940089":111,"01f34f98":111,"1670b0d3":111,"ec97d63e":111,"94208a41":111,"2cbcad17":111,"f995eeab":111,"4006e709":111,"0dedf63e":111,"a9d5374b":111,"4321f02d":111,"089b3f8f":111,"7698d0dc":111,"784414ce":111,"2df3efdb":111,"d0f1b7bd":111,"e7799883":111,"4f9456cf":111,"6e260ee8":111,"f4f84279":111,"b0950de5":111,"6f873999":111,"1f4e0e22":111,"60d69311":111,"d2a5d2fd":111,"89d220c2":111,"3e10c9cb":111,"5500a3e8":111,"3c0e87ac":111,"a891461f":111,"a246cdab":111,"117c7f0b":111,"0d21cf99":111,"14e6fe14":111,"37ec5e73":111,"bfff7913":111,"f8636899":111,"37724339":111,"d45d9727":111,"ee5ff2a3":111,"44322dfd":111,"295e4d1d":111,"8cf6570a":111,"403064a0":111,"312af46e":111,"b5a9f8c3":111,"fcbc0ae8":111,"2ff6b6a8":111,"66a71cc1":111,"bf4b58e4":111,"3b09f1de":111,"dfe4a061":111,"c2bf7d51":111,"b371f44a":111,"8b6180ff":111,"781afef6":111,"8819ac24":111,"de9229a0":111,"d3b3492b":111,"7580cfa4":111,"22a96386":111,"5c672b50":111,"5df16440":111,"b666e56d":111,"8db378ff":111,"784d6375":111,"4541bf85":111,"a6b13f20":111,"2459c882":111,"3df97186":111,"ef0490de":111,"e0f47ced":111,"309bbf54":111,"cc537772":111,"6618390c":111,"99cc0813":111,"dc32c4e1":111,"239c636e":111,"6ee160ff":111,"c55d40ca":111,"22c177a8":111,"00ae883f":111,"f416ee62":111,"0d2b182d":111,"320754c3":111,"232b2f64":111,"3171b6e7":111,"3b25460f":111,"d2064756":111,"dbbf7f69":111,"99a5feef":111,"f6266388":111,"e64fd39c":111,"e1b3ce36":111,"625fa164":111,"0c6ae551":111,"e8f4c1dd":111,"cede8b8c":111,"ad95ff4a":111,"893a99c5":111,"d8bf32b5":111,"0eb42efe":111,"03c4ab87":111,"4e3d3af7":111,"3a4803a8":111,"f7a7de5d":111,"d4e56c3e":111,"0c045c2d":111,"8efd4801":111,"7eb8f268":111,"20236d3e":111,"36ae8cd8":111,"3ddd5391":111,"07f69c6d":111,"2254f0f5":111,"ea282e84":111,"6653c83b":111,"c896052c":111,"287ecd1c":111,"f9376d3e":111,"07a94e8c":111,"bb017b49":111,"37b52fe4":111,"61ad1519":111,"819c4185":111,"ba69b06b":111,"7d2a2cb4":111,"4f62491c":111,"70b4c438":111,"71ed93db":111,"c92efaa8":111,"c241ac7e":111,"62a45672":111,"210e507a":111,"ac6e268b":111,"a8edfe84":111,"2ed19b1e":111,"959e16ea":111,"02f76c64":111,"5c6d1f33":111,"b4801cae":111,"c3c2fd05":111,"f8c97147":111,"c2526ff3":111,"cc386067":111,"a22ffd8f":111,"3cd28a4d":111,"44a12c31":111,"45a961ca":111,"5ca978fd":111,"668e601b":111,"7552d86c":111,"02ebf3b6":111,"742238e8":111
1601327131107,"bb17a968":111,"4abcb85d":111,"cba26072":111,"2a718dcc":111,"c6a9a8e1":111,"88854fd0":111,"8dc27d2a":111,"41d7f05d":111,"2b851827":111,"9f428a03":111,"4d504d96":111,"0533ece1":111,"bcee2ef3":111,"0afba00c":111,"04ff8100":111,"6c00d8d6":111,"ac9a02bc":111,"acfe69ed":111,"426603ff":111,"2db2f252":111,"2e84193b":111,"c55683c9":111,"51233daf":111,"02791635":111,"be081247":111,"5cc47d1b":111,"678b846f":111,"b4bd39d8":111,"b4cdbe5d":111,"fa0386f3":111,"b95d0f17":111,"cee9c347":111
1601327132524,"7800e7ce":112,"77869ff0":112,"4b8f7b16":112,"89f75690":112,"d5d94481":112,"ffe48500":112,"c7a45a33":112,"faffe099":112,"e99490cd":112,"3b830769":112,"583f0305":112,"1557c50a":112,"249e80ab":112,"f52a3d94":112,"eb74d3dd":112,"3bcbc28d":112,"3c0455e7":112,"df203c79":112,"df1e1ac0":112,"491708eb":112,"e421caaa":112,"2d2ecf27":112,"d38a4953":112,"eba5efdd":112,"a5463f93":112,"c85ac4f8":112,"bc253f4f":112,"0d9d2bf8":112,"846b7f11":112,"d3411467":112,"1df0ce7f":112,"a08171d0":112,"c8bc5677":112,"dfca0518":112,"b9a21017":112,"e47705d3":112,"3cae4115":112,"0ccf4731":112,"c7c6782d":112,"54346574":112,"b12cbf87":112,"81942d9b":112,"699b90c1":112,"d9b5a7a8":112,"cb363e2f":112,"cd802f02":112,"d3cca7eb":112,"e866a899":112,"5690e712":112,"0b92d2a9":112,"070bed95":112,"67e5d108":112,"3d37b94b":112,"842c97c2":112,"c4cef92b":112,"0eecdc5b":112,"b7e495ea":112,"45ec63c0":112,"0ddfde2c":112,"a8b41774":112,"81f0da2d":112,"1fcc8ba4":112,"75a9c117":112,"12ba54ec":112,"be391c1a":112,"37d8a5b7":112,"d5ab81c4":112,"2ecde685":112,"f0bd52d3":112,"dcc20f76":112,"666a8ef0":112,"c5b609f1":112,"4dc5849a":112,"d605c755":112,"8a8c1d67":112,"cc6b3306":112,"8c2dfd9a":112,"f11267b9":112,"a483b15e":112,"f80ab49d":112,"95eaed39":112,"1e7914d2":112,"e5d8fdb2":112,"3412ab75":112,"bcac5daf":112,"62d028cc":112,"0af2cf39":112,"27491297":112,"d041ea86":112,"1eda11b2":112,"fc442678":112,"a5ba0ebb":112,"f53362a9":112,"1901ef7e":112,"960c2e6b":112,"3515e999":112,"d11f8f1b":112,"9d9eb027":112,"325f9a29":112,"503aafe5":112,"080d5d42":112,"5d03f5dc":112,"f0a01341":112,"1ee4d9f9":112,"0d6e45e7":112,"0da97151":112,"e829038c":112,"4987cfb5":112,"ba90687c":112,"77f2cf92":112,"037e2be4":112,"9e7dbd20":112,"0c086273":112,"ac13c3b0":112,"b4d9c57f":112,"5d53c964":112,"8ee9cc91":112,"4cc0af91":112,"55f6a2ba":112,"9559ea96":112,"9cb044bf":112,"16b25add":112,"80ee333e":112,"3b329af2":112,"1cd662bf":112,"72992b35":112,"47589344":112,"593b1533":112,"e9f6e5ce":112,"ed6bead5":112,"96f594b9":112,"94dfcfc5":112,"8301986e":112,"830ecfec":112,"a8bae791":112,"312009ee":112,"c98759fd":112,"e8b6d676":112,"45ee5840":112,"76f04033":112,"43480b19":112,"fd955858":112,"69798d15":112,"efea71fa":112,"fb3aa867":112,"c9cf710b":112,"fcacdeb3":112,"0ea055ed":112,"e3b1bdf8":112,"644b45fb":112
1601327132905,"590ce3d3":112,"1802d7ce":112,"0a49914b":112,"5d3f5cad":112,"cf347cba":112,"fc0c23f7":112,"641f9b9e":112,"c92edec5":112,"9f03c1e7":112,"06c24a8d":112,"2f35e75f":112,"3eddf7c8":112,"77970f8b":112,"18c73816":112,"e491161e":112,"b5087677":112,"16f60bed":112,"cb0c3481":112,"7664512c":112,"df9a53b8":112,"f6c27b2b":112,"945f6c24":112,"f1daea7e":112,"b8fb90e3":112,"56227e35":112,"0d6bf22a":112,"b87321d0":112,"43205b5d":112,"8982905a":112,"f6fe1ad7":112,"230064fa":112,"764e0abb":112,"bba6d88e":112,"ea3479ec":112,"32266fa3":112,"50b090c3":112,"8be24763":112,"eb4800b2":112,"6e0ce9dc":112,"87d9bec4":112,"e30dfa0c":112,"6da34174":112,"bfb849fa":112,"0a10b423":112,"9ef7cee7":112,"49f1a0d1":112,"5f04aa76":112,"ba297382":112,"0287db2a":112,"96abe4a9":112,"753b10b1":112,"efd594d5":112,"4718294d":112,"5352cf45":112,"e0ffe8ff":112,"ae14d6b5":112,"721f5f42":112,"0b50bca6":112,"bf2ca266":112,"5d8d9641":112,"0de67c6c":112,"2311399f":112,"5e3ebf5e":112,"9f6ca218":112,"6213799d":112,"44cb1fd2":112,"baf19c25":112,"24a79a6e":112,"edde30af":112,"4d949e11":112,"df12f689":112,"1da10cbf":112,"832c48e4":112,"dc90a44c":112,"1ad7c45b":112,"5566c17c":112,"86a22252":112,"0000dece":112,"ce5efdbe":112,"58ace2b5":112,"d379fd96":112,"7b819458":112,"7f8024cd":112,"ae562513":112,"7b66dacd":112,"9ab137d7":112,"7191d1cd":112,"005354dd":112,"cf14bd99":112,"782022f4":112,"322e833f":112,"ab3619e4":112,"106006ad":112,"c8237be9":112,"1416e8f5":112,"dde2eed5":112,"a208caa8":112,"16605353":112,"77b39e15":112,"f1726edb":112,"92b72493":112,"d3e58903":112,"4481c4be":112,"7954891b":112,"4afd60a9":112,"d44c0ea3":112,"68f87858":112,"533bac6b":112,"41634dba":112,"43fd1327":112,"113e7f4b":112,"8cce569a":112,"ce6401b6":112,"6f57824c":112,"28bd7aa1":112,"1d52fb0d":112,"cde0d748":112,"535ed444":112,"710f0d0e":112,"0905f1fb":112,"a20e529c":112,"1ae76fcc":112,"35b161d3":112,"344cd1a3":112,"77ea1236":112,"96d2a118":112,"23a0e41f":112,"b32a1080":112,"a2c4b591":112,"6dfa57be":112,"1854ce44":112,"f92b22f1":112,"ece12664":112,"36f4ecde":112,"568a0d58":112,"5fd569d2":112,"10c8fd03":112,"bd4ccb49":112,"e773d697":112,"7e8c11e7":112,"077eb15a":112,"5337c279":112,"8d256cb6":112,"7021c619":112,"32ae00db":112,"bf2defb2":112,"bc733a28":112,"30d32d34":112,"886c16d3":112,"e8d09b62":112,"5b09e53e":112,"da5bb0f7":112,"6d925c84":112,"50b23ab2":112,"edfa56d4":112,"899c16eb":112,"41c76041":112,"6bb1fa99":112,"d73ff72e":112,"61c0ca91":112,"d2fda7be":112,"ce20ca3c":112,"1d2d958b":112,"81fb6a01":112,"7f5b27c8":112,"fb3444d9":112,"f05de640":112,"86a68967":112,"56cd4dca":112,"7f469f4c":112,"f92dedfc":112,"355d1489":112,"f96fc1af":112,"06713bac":112,"61aca924":112,"d97fb857":112,"59ff5ec6":112,"ef04e64e":112,"6e2d04de":112,"2fca1798":112,"05028839":112,"5488826c":112,"84fff5c1":112,"c649992d":112,"d5ad3ed6":112,"8e5f7187":112,"55ba7579":112,"b7769ca6":112,"9c27de51":112,"38a75b48":112,"1792bfa3":112,"3b3569f6":112,"b01ab62a":112,"76da16fa":112,"bffee581":112,"07150038":112,"080fa362":112,"7b6945ad":112,"a40d08e1":112,"cec79bc2":112,"d2eff358":112,"e70aebb5":112,"f1e86522":112,"a488b2f1":112,"fa03f48f":112,"4caa87d6":112,"5298dafa":112,"f7076e21":112,"25f7f918":112,"69e653b6":112,"c5311ebb":112,"98d2991b":112,"105bb3f6":112,"3b411d6a":112,"426f1904":112,"7c0f1ca9":112,"b2f820ac":112,"25d4f65d":112,"eddb6a2a":112,"ff8a00aa":112,"c146560b":112,"985068e7":112,"d543ba6f":112,"58de5462":112,"83826ef3":112,"f01c896d":112,"595609d5":112,"b47f1b89":112,"1f2670d0":112,"962c9c8f":112,"8e6caf71":112,"9a3433b8":112,"aec0bf28":112,"a017a323":112,"b89112cb":112,"66736d5e":112,"8801c469":112,"b6281f1a":112,"30de89a7":112,"48c6df81":112,"06aaa33f":112,"320c65bf":112,"5e165f43":112,"1fa1e7c2":112,"f8785b71":112,"ab4a411a":112,"646af2b9":112,"659389ad":112,"d7a4b24c":112,"686d5c0b":112,"240c8679":112,"f15eb1c5":112,"0718c3be":112,"71789493":112,"8b503f7b":112,"5ac72353":112,"87a8523c":112,"c416baa6":112,"d1b14d06":112,"ae350a07":112,"f6c074a7":112,"ffd6849d":112,"680a32a6":112,"83ba647d":112,"962fca02":112,"75968179":112,"cb0bd6b7":112,"bc8bdc23":112,"8e426e39":112,"a71f3f70":112,"51909df8":112,"1f7aa83c":112,"e22b0973":112,"732d62ee":112,"23646ff9":112,"3abb827b":112,"d4b0751c":112,"5b01444b":112,"0c73c293":112,"88929b06":112,"79995b62":112,"97160db8":112,"08c4692e":112,"5b2479ef":112,"589f0d6e":112,"51b4016a":112,"1d882c36":112,"eb62e8f2":112,"46bf9112":112,"092ad3d6":112,"bf940089":112,"01f34f98":112,"1670b0d3":112,"ec97d63e":112,"94208a41":112,"2cbcad17":112,"4dccb5ca":112,"83268abf":112,"578c4c95":112,"c606b472":112,"808bc372":112,"c792a7c1":112,"5a7da061":112,"06a94514":112,"73c420df":112,"0700da70":112,"ff591765":112,"93f12198":112,"62e270e5":112,"66b1b6d7":112,"b062adc4":112,"4aae5133":112,"63a3af32":112,"3fec4b0b":112,"faa3de3e":112,"44983d13":112,"80999122":112,"72af9198":112,"e39e9552":112,"81c1b70d":112,"e72f0f82":112,"88374b72":112,"fdfaf1ed":112,"ea981bed":112,"5e197575":112,"e587c4d0":112,"525b2635":112,"caa38a45":112,"a9987a58":112,"b6b8e5c7":112,"e82177d3":112,"89914b94":112,"04bdf5e1":112,"da8b42be":112,"3b0576bf":112,"9458934f":112,"1dcc489c":112,"945badf3":112,"1327775b":112,"bdd40125":112,"75fd47f7":112,"1c52a07e":112,"e70ccc25":112,"afd1494f":112,"ca6bffd3":112,"9666b973":112,"272e7d0d":112,"f92596ee":112,"68831ea9":112,"9713d076":112,"fd098272":112,"6ee788a7":112,"8249641d":112,"45b0968f":112,"6a9bb182":112,"1f1afd4f":112,"25fb8826":112,"0dc5da58":112,"f7ffcbb8":112,"5728f934":112,"00b26865":112,"c333337d":112,"815c56bc":112,"829c44a4":112,"e76e2617":112,"2b4fd52e":112,"57162572":112,"d1d50cfe":112,"2874a625":112,"e61ae828":112,"f7ac3883":112,"ccd01528":112,"dab8cf68":112,"00f2a9cb":112,"916fe082":112,"b64dba8e":112,"c3bb30ce":112,"86219c70":112,"601990d8":112,"5c662c19":112,"d2a5d2fd":112,"89d220c2":112,"3e10c9cb":112,"5500a3e8":112,"3c0e87ac":112,"a891461f":112,"a246cdab":112,"117c7f0b":112,"0d21cf99":112,"14e6fe14":112,"37ec5e73":112,"bfff7913":112,"f8636899":112,"37724339":112,"d45d9727":112,"ee5ff2a3":112,"44322dfd":112,"653b27c7":112,"83b37fd6":112,"4d852788":112,"e43a9448":112,"3542b748":112,"379c53ab":112,"e396d80d":112,"7da61f27":112,"dc874a97":112,"85a220de":112,"40a7cdd2":112,"ac033c7b":112,"87759976":112,"4df3f62e":112,"c881a53e":112,"80c1c8b1":112,"cf52acd8":112,"a63cb4ce":112,"d3b3492b":112,"7580cfa4":112,"22a96386":112,"5c672b50":112,"5df16440":112,"b666e56d":112,"8db378ff":112,"784d6375":112,"5bd61a68":112,"8582c5cf":112,"0c353665":112,"231e8700":112,"1f9fbd85":112,"43f24679":112,"a1c0dfc4":112,"78f71162":112,"4b27a9a4":112,"163f4d19":112,"1d043d5a":112,"b2f82e06":112,"5b0b43e6":112,"b5474d69":112,"5a938eeb":112,"4fe0dedf":112,"951fc6d0":112,"61892a4c":112,"f096219e":112,"a3f0a6ec":112,"01051f84":112,"aa7e370d":112,"f995eeab":112,"4006e709":112,"0dedf63e":112,"a9d5374b":112,"4321f02d":112,"089b3f8f":112,"7698d0dc":112,"784414ce":112,"2df3efdb":112,"d0f1b7bd":112,"e7799883":112,"295e4d1d":112,"8cf6570a":112,"403064a0":112,"312af46e":112,"b5a9f8c3":112,"fcbc0ae8":112,"2ff6b6a8":112,"66a71cc1":112,"bf4b58e4":112,"4541bf85":112,"a6b13f20":112,"2459c882":112,"3df97186":112,"ef0490de":112,"e0f47ced":112,"309bbf54":112,"cc537772":112,"6618390c":112,"99cc0813":112,"dc32c4e1":112,"239c636e":112,"6ee160ff":112,"c55d40ca":112,"22c177a8":112,"00ae883f":112,"f416ee62":112,"0d2b182d":112,"320754c3":112,"232b2f64":112,"3171b6e7":112,"3b25460f":112,"d2064756":112,"a8edfe84":112,"2ed19b1e":112,"959e16ea":112,"02f76c64":112,"5c6d1f33":112,"b4801cae":112,"c3c2fd05":112,"4f9456cf":112,"6e260ee8":112,"f4f84279":112,"b0950de5":112,"6f873999":112,"1f4e0e22":112,"60d69311":112,"3b09f1de":112,"b371f44a":112,"8b6180ff":112,"8819ac24":112,"dbbf7f69":112,"dfe4a061":112,"c2bf7d51":112,"781afef6":112,"de9229a0":112,"99a5feef":112,"f6266388":112,"e64fd39c":112,"e1b3ce36":112,"625fa164":112,"0c6ae551":112,"e8f4c1dd":112,"cede8b8c":112,"ad95ff4a":112,"893a99c5":112,"d8bf32b5":112,"0eb42efe":112,"03c4ab87":112,"4e3d3af7":112,"3a4803a8":112,"f7a7de5d":112,"d4e56c3e":112,"0c045c2d":112,"8efd4801":112,"7eb8f268":112,"20236d3e":112,"f8c97147":112,"c2526ff3":112,"cc386067":112,"a22ffd8f":112,"3cd28a4d":112
1601327133290,"36ae8cd8":112,"3ddd5391":112,"07f69c6d":112,"2254f0f5":112,"ea282e84":112,"6653c83b":112,"c896052c":112,"287ecd1c":112,"f9376d3e":112,"07a94e8c":112,"bb017b49":112,"37b52fe4":112,"61ad1519":112,"819c4185":112,"ba69b06b":112,"7d2a2cb4":112,"4f62491c":112,"70b4c438":112,"71ed93db":112,"c92efaa8":112,"c241ac7e":112,"62a45672":112,"210e507a":112,"ac6e268b":112,"742238e8":112,"426603ff":112,"2db2f252":112,"2e84193b":112,"c55683c9":112,"51233daf":112,"02791635":112,"be081247":112,"5cc47d1b":112,"678b846f":112,"b4bd39d8":112,"b4cdbe5d":112,"fa0386f3":112,"b95d0f17":112,"cee9c347":112,"44a12c31":112,"45a961ca":112,"5ca978fd":112,"668e601b":112,"7552d86c":112,"02ebf3b6":112,"bb17a968":112,"4abcb85d":112,"cba26072":112,"2a718dcc":112,"c6a9a8e1":112,"88854fd0":112,"8dc27d2a":112,"41d7f05d":112,"2b851827":112,"9f428a03":112,"4d504d96":112,"0533ece1":112,"bcee2ef3":112,"0afba00c":112,"04ff8100":112,"6c00d8d6":112,"ac9a02bc":112,"acfe69ed":112
1601327134595,"d5d94481":113,"ffe48500":113,"c7a45a33":113,"faffe099":113,"e99490cd":113,"3b830769":113,"583f0305":113,"1557c50a":113,"249e80ab":113,"f52a3d94":113,"7800e7ce":113,"77869ff0":113,"4b8f7b16":113,"89f75690":113,"cb363e2f":113,"cd802f02":113,"d3cca7eb":113,"e866a899":113,"5690e712":113,"0b92d2a9":113,"070bed95":113,"67e5d108":113,"3d37b94b":113,"842c97c2":113,"c4cef92b":113,"0eecdc5b":113,"b7e495ea":113,"45ec63c0":113,"0ddfde2c":113,"a8b41774":113,"81f0da2d":113,"1fcc8ba4":113,"75a9c117":113,"12ba54ec":113,"be391c1a":113,"37d8a5b7":113,"d5ab81c4":113,"2ecde685":113,"f0bd52d3":113,"dcc20f76":113,"666a8ef0":113,"c5b609f1":113,"4dc5849a":113,"eb74d3dd":113,"3bcbc28d":113,"3c0455e7":113,"df203c79":113,"df1e1ac0":113,"491708eb":113,"e421caaa":113,"2d2ecf27":113,"d38a4953":113,"eba5efdd":113,"a5463f93":113,"c85ac4f8":113,"bc253f4f":113,"0d9d2bf8":113,"846b7f11":113,"d3411467":113,"1df0ce7f":113,"a08171d0":113,"c8bc5677":113,"dfca0518":113,"b9a21017":113,"e47705d3":113,"3cae4115":113,"0ccf4731":113,"c7c6782d":113,"54346574":113,"b12cbf87":113,"81942d9b":113,"699b90c1":113,"d9b5a7a8":113,"1e7914d2":113,"e5d8fdb2":113,"3412ab75":113,"d605c755":113,"8a8c1d67":113,"cc6b3306":113,"8c2dfd9a":113,"f11267b9":113,"a483b15e":113,"f80ab49d":113,"95eaed39":113,"a5ba0ebb":113,"f53362a9":113,"1901ef7e":113,"960c2e6b":113,"3515e999":113,"d11f8f1b":113,"9d9eb027":113,"325f9a29":113,"503aafe5":113,"bcac5daf":113,"62d028cc":113,"0af2cf39":113,"27491297":113,"d041ea86":113,"1eda11b2":113,"fc442678":113,"080d5d42":113,"5d03f5dc":113,"f0a01341":113,"1ee4d9f9":113,"0d6e45e7":113,"0da97151":113,"e829038c":113,"4987cfb5":113,"ba90687c":113,"77f2cf92":113,"037e2be4":113,"9e7dbd20":113,"0c086273":113,"ac13c3b0":113,"b4d9c57f":113,"5d53c964":113,"8ee9cc91":113,"4cc0af91":113,"55f6a2ba":113,"9559ea96":113,"9cb044bf":113,"16b25add":113,"80ee333e":113,"3b329af2":113,"1cd662bf":113,"72992b35":113,"47589344":113,"593b1533":113,"e9f6e5ce":113,"ed6bead5":113,"96f594b9":113,"94dfcfc5":113,"8301986e":113,"830ecfec":113,"a8bae791":113,"312009ee":113,"c98759fd":113,"e8b6d676":113,"45ee5840":113,"76f04033":113,"43480b19":113,"fd955858":113,"69798d15":113,"efea71fa":113,"fb3aa867":113,"c9cf710b":113,"fcacdeb3":113,"0ea055ed":113,"e3b1bdf8":113,"644b45fb":113,"18c73816":113,"e491161e":113,"b5087677":113,"16f60bed":113,"cb0c3481":113,"7664512c":113,"df9a53b8":113,"f6c27b2b":113,"945f6c24":113,"f1daea7e":113,"b8fb90e3":113,"56227e35":113,"0d6bf22a":113,"b87321d0":113,"43205b5d":113,"8982905a":113,"f6fe1ad7":113,"230064fa":113,"764e0abb":113,"bba6d88e":113,"ea3479ec":113,"32266fa3":113,"50b090c3":113,"8be24763":113,"eb4800b2":113,"6e0ce9dc":113,"87d9bec4":113,"590ce3d3":113,"1802d7ce":113,"0a49914b":113,"5d3f5cad":113,"cf347cba":113,"e30dfa0c":113,"6da34174":113,"bfb849fa":113,"0a10b423":113,"9ef7cee7":113,"49f1a0d1":113,"5f04aa76":113,"ba297382":113,"0287db2a":113,"96abe4a9":113,"753b10b1":113,"cf14bd99":113,"782022f4":113,"322e833f":113,"ab3619e4":113,"106006ad":113,"c8237be9":113,"1416e8f5":113,"dde2eed5":113,"a208caa8":113,"16605353":113,"77b39e15":113,"f1726edb":113
1601327135051,"fc0c23f7":113,"641f9b9e":113,"c92edec5":113,"9f03c1e7":113,"06c24a8d":113,"2f35e75f":113,"3eddf7c8":113,"77970f8b":113,"efd594d5":113,"4718294d":113,"5352cf45":113,"e0ffe8ff":113,"ae14d6b5":113,"721f5f42":113,"0b50bca6":113,"bf2ca266":113,"5d8d9641":113,"0de67c6c":113,"2311399f":113,"5e3ebf5e":113,"9f6ca218":113,"6213799d":113,"44cb1fd2":113,"baf19c25":113,"24a79a6e":113,"edde30af":113,"4d949e11":113,"df12f689":113,"1da10cbf":113,"832c48e4":113,"dc90a44c":113,"1ad7c45b":113,"5566c17c":113,"86a22252":113,"0000dece":113,"ce5efdbe":113,"58ace2b5":113,"d379fd96":113,"7b819458":113,"7f8024cd":113,"ae562513":113,"7b66dacd":113,"9ab137d7":113,"7191d1cd":113,"005354dd":113,"92b72493":113,"d3e58903":113,"4481c4be":113,"7954891b":113,"4afd60a9":113,"d44c0ea3":113,"68f87858":113,"533bac6b":113,"41634dba":113,"43fd1327":113,"113e7f4b":113,"8cce569a":113,"ce6401b6":113,"6f57824c":113,"28bd7aa1":113,"1d52fb0d":113,"cde0d748":113,"535ed444":113,"710f0d0e":113,"0905f1fb":113,"a20e529c":113,"1ae76fcc":113,"35b161d3":113,"344cd1a3":113,"77ea1236":113,"96d2a118":113,"23a0e41f":113,"b32a1080":113,"a2c4b591":113,"6dfa57be":113,"1854ce44":113,"f92b22f1":113,"ece12664":113,"36f4ecde":113,"568a0d58":113,"3b3569f6":113,"b01ab62a":113,"5fd569d2":113,"10c8fd03":113,"bd4ccb49":113,"e773d697":113,"7e8c11e7":113,"077eb15a":113,"5337c279":113,"8d256cb6":113,"7021c619":113,"32ae00db":113,"bf2defb2":113,"bc733a28":113,"30d32d34":113,"886c16d3":113,"e8d09b62":113,"5b09e53e":113,"da5bb0f7":113,"6d925c84":113,"50b23ab2":113,"edfa56d4":113,"899c16eb":113,"41c76041":113,"6bb1fa99":113,"d73ff72e":113,"61c0ca91":113,"d2fda7be":113,"ce20ca3c":113,"1d2d958b":113,"81fb6a01":113,"7f5b27c8":113,"fb3444d9":113,"f05de640":113,"86a68967":113,"56cd4dca":113,"7f469f4c":113,"f92dedfc":113,"355d1489":113,"f96fc1af":113,"06713bac":113,"61aca924":113,"d97fb857":113,"59ff5ec6":113,"ef04e64e":113,"6e2d04de":113,"76da16fa":113,"bffee581":113,"07150038":113,"080fa362":113,"7b6945ad":113,"a40d08e1":113,"cec79bc2":113,"d2eff358":113,"e70aebb5":113,"a488b2f1":113,"4caa87d6":113,"f1e86522":113,"f7076e21":113,"fa03f48f":113,"69e653b6":113,"98d2991b":113,"5298dafa":113,"3b411d6a":113,"25f7f918":113,"83826ef3":113,"c5311ebb":113,"105bb3f6":113,"595609d5":113,"b47f1b89":113,"58de5462":113,"f01c896d":113,"8e6caf71":113,"9a3433b8":113,"1f2670d0":113,"b89112cb":113,"962c9c8f":113,"66736d5e":113,"aec0bf28":113,"30de89a7":113,"a017a323":113,"8801c469":113,"06aaa33f":113,"b6281f1a":113,"320c65bf":113,"48c6df81":113,"1fa1e7c2":113,"5e165f43":113,"646af2b9":113,"659389ad":113,"f8785b71":113,"240c8679":113,"ab4a411a":113,"0718c3be":113,"d7a4b24c":113,"8b503f7b":113,"686d5c0b":113,"87a8523c":113,"f15eb1c5":113,"71789493":113,"c416baa6":113,"2fca1798":113,"05028839":113,"5488826c":113,"84fff5c1":113,"c649992d":113,"d5ad3ed6":113,"8e5f7187":113,"55ba7579":113,"b7769ca6":113,"9c27de51":113,"38a75b48":113,"1792bfa3":113,"426f1904":113,"7c0f1ca9":113,"b2f820ac":113,"25d4f65d":113,"eddb6a2a":113,"ff8a00aa":113,"c146560b":113,"985068e7":113,"d543ba6f":113,"f7ffcbb8":113,"5728f934":113,"00b26865":113,"c333337d":113,"815c56bc":113,"5bd61a68":113,"5ac72353":113,"ae350a07":113,"680a32a6":113,"d1b14d06":113,"f6c074a7":113,"83ba647d":113,"cb0bd6b7":113,"ffd6849d":113,"962fca02":113,"8e426e39":113,"51909df8":113,"75968179":113,"bc8bdc23":113,"e22b0973":113,"23646ff9":113,"a71f3f70":113,"1f7aa83c":113,"3abb827b":113,"0c73c293":113,"732d62ee":113,"d4b0751c":113,"88929b06":113,"5b01444b":113,"08c4692e":113,"5b2479ef":113,"79995b62":113,"1d882c36":113,"97160db8":113,"589f0d6e":113,"eb62e8f2":113,"51b4016a":113,"46bf9112":113,"092ad3d6":113,"bf940089":113,"01f34f98":113,"1670b0d3":113,"ec97d63e":113,"94208a41":113,"2cbcad17":113,"4dccb5ca":113,"83268abf":113,"578c4c95":113,"c606b472":113,"8582c5cf":113,"0c353665":113,"231e8700":113,"1f9fbd85":113,"43f24679":113,"a1c0dfc4":113,"78f71162":113,"4b27a9a4":113,"163f4d19":113,"1d043d5a":113,"b2f82e06":113,"5b0b43e6":113,"b5474d69":113,"5a938eeb":113,"4fe0dedf":113,"272e7d0d":113,"f92596ee":113,"68831ea9":113,"9713d076":113,"fd098272":113,"6ee788a7":113,"8249641d":113,"45b0968f":113,"6a9bb182":113,"1f1afd4f":113,"25fb8826":113,"0dc5da58":113,"2874a625":113,"e61ae828":113,"f7ac3883":113,"ccd01528":113,"dab8cf68":113,"00f2a9cb":113,"916fe082":113,"b64dba8e":113,"c3bb30ce":113,"86219c70":113,"601990d8":113,"5c662c19":113,"d2a5d2fd":113,"89d220c2":113,"3e10c9cb":113,"5500a3e8":113,"3c0e87ac":113,"a891461f":113,"a246cdab":113,"117c7f0b":113,"0d21cf99":113,"14e6fe14":113,"37ec5e73":113,"9666b973":113,"653b27c7":113,"83b37fd6":113,"4d852788":113,"e43a9448":113,"3542b748":113,"379c53ab":113,"e396d80d":113,"7da61f27":113,"dc874a97":113,"85a220de":113,"40a7cdd2":113,"ac033c7b":113,"87759976":113,"4df3f62e":113,"c881a53e":113,"80c1c8b1":113,"cf52acd8":113,"a63cb4ce":113,"d3b3492b":113,"7580cfa4":113,"22a96386":113,"5c672b50":113,"951fc6d0":113,"61892a4c":113,"f096219e":113,"a3f0a6ec":113,"01051f84":113,"aa7e370d":113,"f995eeab":113,"4006e709":113,"0dedf63e":113,"808bc372":113,"c792a7c1":113,"5a7da061":113,"06a94514":113,"73c420df":113,"0700da70":113,"ff591765":113,"93f12198":113,"62e270e5":113,"66b1b6d7":113,"b062adc4":113,"4aae5133":113,"63a3af32":113,"3fec4b0b":113,"faa3de3e":113,"44983d13":113,"80999122":113,"72af9198":113,"e39e9552":113,"81c1b70d":113,"e72f0f82":113,"88374b72":113,"fdfaf1ed":113,"ea981bed":113,"5e197575":113,"e587c4d0":113,"525b2635":113,"a9d5374b":113,"4321f02d":113,"caa38a45":113,"a9987a58":113,"b6b8e5c7":113,"e82177d3":113,"89914b94":113,"04bdf5e1":113,"da8b42be":113,"3b0576bf":113,"9458934f":113,"1dcc489c":113,"945badf3":113,"1327775b":113,"bdd40125":113,"75fd47f7":113,"1c52a07e":113,"e70ccc25":113,"afd1494f":113,"ca6bffd3":113,"829c44a4":113,"e76e2617":113,"2b4fd52e":113,"57162572":113,"d1d50cfe":113,"089b3f8f":113,"7698d0dc":113,"784414ce":113,"2df3efdb":113,"d0f1b7bd":113,"e7799883":113,"4f9456cf":113,"6e260ee8":113,"f4f84279":113,"b0950de5":113,"6f873999":113,"1f4e0e22":113,"60d69311":113,"3b09f1de":113,"b371f44a":113,"8b6180ff":113,"8819ac24":113,"dbbf7f69":113,"bfff7913":113,"f8636899":113,"37724339":113,"d45d9727":113,"ee5ff2a3":113,"44322dfd":113,"295e4d1d":113,"8cf6570a":113,"403064a0":113,"312af46e":113,"b5a9f8c3":113,"fcbc0ae8":113,"2ff6b6a8":113,"66a71cc1":113,"bf4b58e4":113,"dfe4a061":113,"c2bf7d51":113,"781afef6":113,"de9229a0":113,"5df16440":113,"b666e56d":113,"8db378ff":113,"784d6375":113,"4541bf85":113,"a6b13f20":113,"2459c882":113,"3df97186":113,"ef0490de":113,"e0f47ced":113,"309bbf54":113,"cc537772":113,"6618390c":113,"99cc0813":113,"dc32c4e1":113,"239c636e":113,"6ee160ff":113,"c55d40ca":113,"22c177a8":113,"00ae883f":113,"f416ee62":113,"0d2b182d":113,"320754c3":113,"232b2f64":113,"3171b6e7":113,"3b25460f":113,"d2064756":113,"99a5feef":113,"f6266388":113,"e64fd39c":113,"e1b3ce36":113,"625fa164":113,"0c6ae551":113,"e8f4c1dd":113,"cede8b8c":113,"ad95ff4a":113,"893a99c5":113,"d8bf32b5":113,"0eb42efe":113,"03c4ab87":113,"4e3d3af7":113,"3a4803a8":113,"f7a7de5d":113,"d4e56c3e":113,"0c045c2d":113,"8efd4801":113,"7eb8f268":113,"20236d3e":113,"36ae8cd8":113,"3ddd5391":113,"07f69c6d":113,"2254f0f5":113,"ea282e84":113,"6653c83b":113,"c896052c":113,"287ecd1c":113,"f9376d3e":113,"07a94e8c":113,"bb017b49":113,"37b52fe4":113,"61ad1519":113,"819c4185":113,"ba69b06b":113,"7d2a2cb4":113,"4f62491c":113,"70b4c438":113,"71ed93db":113,"c92efaa8":113,"c241ac7e":113,"62a45672":113,"210e507a":113,"ac6e268b":113,"742238e8":113,"a8edfe84":113,"2ed19b1e":113,"959e16ea":113,"02f76c64":113,"5c6d1f33":113,"b4801cae":113,"c3c2fd05":113,"f8c97147":113,"c2526ff3":113,"cc386067":113,"a22ffd8f":113,"3cd28a4d":113,"44a12c31":113,"45a961ca":113,"5ca978fd":113,"668e601b":113,"7552d86c":113,"02ebf3b6":113,"bb17a968":113,"4abcb85d":113,"cba26072":113,"2a718dcc":113,"c6a9a8e1":113,"88854fd0":113,"8dc27d2a":113,"41d7f05d":113,"2b851827":113,"9f428a03":113,"4d504d96":113,"0533ece1":113,"bcee2ef3":113,"0afba00c":113,"04ff8100":113,"6c00d8d6":113,"ac9a02bc":113,"acfe69ed":113,"426603ff":113,"2db2f252":113,"2e84193b":113,"c55683c9":113,"51233daf":113,"02791635":113,"be081247":113,"5cc47d1b":113,"678b846f":113,"b4bd39d8":113,"b4cdbe5d":113,"fa0386f3":113,"b95d0f17":113,"cee9c347":113
1601327136846,"7800e7ce":114,"77869ff0":114,"4b8f7b16":114,"89f75690":114,"cb363e2f":114,"cd802f02":114,"d3cca7eb":114,"e866a899":114,"5690e712":114,"0b92d2a9":114,"070bed95":114,"67e5d108":114,"3d37b94b":114,"842c97c2":114,"c4cef92b":114,"0eecdc5b":114,"b7e495ea":114,"45ec63c0":114,"0ddfde2c":114,"a8b41774":114,"81f0da2d":114,"1fcc8ba4":114,"75a9c117":114,"12ba54ec":114,"be391c1a":114,"37d8a5b7":114,"d5ab81c4":114,"2ecde685":114,"f0bd52d3":114,"dcc20f76":114,"666a8ef0":114,"c5b609f1":114,"4dc5849a":114,"d605c755":114,"8a8c1d67":114,"cc6b3306":114,"8c2dfd9a":114,"f11267b9":114,"a483b15e":114,"f80ab49d":114,"95eaed39":114,"a5ba0ebb":114,"f53362a9":114,"1901ef7e":114,"960c2e6b":114,"3515e999":114,"d11f8f1b":114,"9d9eb027":114,"325f9a29":114,"503aafe5":114,"d5d94481":114,"ffe48500":114,"c7a45a33":114,"faffe099":114,"e99490cd":114,"3b830769":114,"583f0305":114,"1557c50a":114,"249e80ab":114,"f52a3d94":114,"eb74d3dd":114,"3bcbc28d":114,"3c0455e7":114,"df203c79":114,"df1e1ac0":114,"491708eb":114,"e421caaa":114,"2d2ecf27":114,"d38a4953":114,"eba5efdd":114,"a5463f93":114,"c85ac4f8":114,"bc253f4f":114,"0d9d2bf8":114,"846b7f11":114,"d3411467":114,"1df0ce7f":114,"a08171d0":114,"c8bc5677":114,"dfca0518":114,"b9a21017":114,"e47705d3":114,"080d5d42":114,"5d03f5dc":114,"f0a01341":114,"1ee4d9f9":114,"0d6e45e7":114,"0da97151":114,"e829038c":114,"4987cfb5":114,"ba90687c":114,"77f2cf92":114,"037e2be4":114,"9e7dbd20":114,"0c086273":114,"ac13c3b0":114,"b4d9c57f":114,"5d53c964":114,"8ee9cc91":114,"4cc0af91":114,"55f6a2ba":114,"9559ea96":114,"9cb044bf":114,"16b25add":114,"80ee333e":114,"3b329af2":114,"1cd662bf":114,"72992b35":114,"47589344":114,"18c73816":114,"e491161e":114,"b5087677":114,"16f60bed":114,"cb0c3481":114,"7664512c":114,"df9a53b8":114,"f6c27b2b":114,"945f6c24":114,"3cae4115":114,"0ccf4731":114,"c7c6782d":114,"54346574":114,"b12cbf87":114,"81942d9b":114,"699b90c1":114,"d9b5a7a8":114,"1e7914d2":114,"e5d8fdb2":114,"3412ab75":114,"bcac5daf":114,"62d028cc":114,"0af2cf39":114,"27491297":114,"d041ea86":114,"1eda11b2":114,"fc442678":114,"f1daea7e":114,"b8fb90e3":114,"56227e35":114,"0d6bf22a":114,"b87321d0":114,"43205b5d":114,"8982905a":114,"f6fe1ad7":114,"230064fa":114,"764e0abb":114,"bba6d88e":114,"ea3479ec":114,"32266fa3":114,"50b090c3":114,"8be24763":114,"eb4800b2":114,"6e0ce9dc":114,"87d9bec4":114,"e30dfa0c":114,"6da34174":114,"bfb849fa":114,"0a10b423":114,"9ef7cee7":114,"49f1a0d1":114,"593b1533":114,"e9f6e5ce":114,"ed6bead5":114,"96f594b9":114,"94dfcfc5":114,"8301986e":114,"830ecfec":114,"a8bae791":114,"312009ee":114,"c98759fd":114,"e8b6d676":114,"45ee5840":114,"76f04033":114,"43480b19":114,"fd955858":114,"69798d15":114,"efea71fa":114,"fb3aa867":114,"c9cf710b":114,"fcacdeb3":114,"0ea055ed":114,"e3b1bdf8":114,"644b45fb":114,"5f04aa76":114,"ba297382":114,"0287db2a":114,"96abe4a9":114,"753b10b1":114,"cf14bd99":114,"782022f4":114,"322e833f":114,"ab3619e4":114,"106006ad":114,"c8237be9":114,"1416e8f5":114,"dde2eed5":114,"a208caa8":114,"16605353":114,"77b39e15":114,"f1726edb":114,"92b72493":114,"d3e58903":114,"4481c4be":114,"7954891b":114,"4afd60a9":114,"d44c0ea3":114,"68f87858":114,"533bac6b":114,"41634dba":114,"43fd1327":114,"113e7f4b":114,"8cce569a":114,"ce6401b6":114,"6f57824c":114,"28bd7aa1":114,"1d52fb0d":114,"cde0d748":114,"535ed444":114,"710f0d0e":114,"0905f1fb":114,"a20e529c":114,"1ae76fcc":114,"35b161d3":114,"344cd1a3":114,"77ea1236":114,"96d2a118":114,"23a0e41f":114,"b32a1080":114,"a2c4b591":114,"6dfa57be":114,"1854ce44":114,"f92b22f1":114,"ece12664":114,"36f4ecde":114,"568a0d58":114,"5fd569d2":114,"10c8fd03":114
1601327137075,"590ce3d3":114,"5b09e53e":114,"da5bb0f7":114,"6d925c84":114,"50b23ab2":114,"edfa56d4":114,"899c16eb":114,"41c76041":114,"6bb1fa99":114,"d73ff72e":114,"61c0ca91":114,"d2fda7be":114,"ce20ca3c":114,"1d2d958b":114,"81fb6a01":114,"7f5b27c8":114,"fb3444d9":114,"f05de640":114,"86a68967":114,"56cd4dca":114,"7f469f4c":114,"f92dedfc":114,"355d1489":114,"f96fc1af":114,"06713bac":114,"1802d7ce":114,"0a49914b":114,"5d3f5cad":114,"cf347cba":114,"fc0c23f7":114,"641f9b9e":114,"c92edec5":114,"9f03c1e7":114,"06c24a8d":114,"2f35e75f":114,"3eddf7c8":114,"77970f8b":114,"efd594d5":114,"4718294d":114,"5352cf45":114,"e0ffe8ff":114,"ae14d6b5":114,"721f5f42":114,"0b50bca6":114,"bf2ca266":114,"5d8d9641":114,"0de67c6c":114,"2311399f":114,"5e3ebf5e":114,"9f6ca218":114,"6213799d":114,"44cb1fd2":114,"baf19c25":114,"24a79a6e":114,"edde30af":114,"4d949e11":114,"df12f689":114,"1da10cbf":114,"832c48e4":114,"dc90a44c":114,"1ad7c45b":114,"5566c17c":114,"86a22252":114,"61aca924":114,"d97fb857":114,"59ff5ec6":114,"ef04e64e":114,"6e2d04de":114,"2fca1798":114,"05028839":114,"5488826c":114,"84fff5c1":114,"0000dece":114,"ce5efdbe":114,"58ace2b5":114,"d379fd96":114,"7b819458":114,"7f8024cd":114,"ae562513":114,"7b66dacd":114,"9ab137d7":114,"7191d1cd":114,"005354dd":114,"c649992d":114,"d5ad3ed6":114,"8e5f7187":114,"55ba7579":114,"b7769ca6":114,"9c27de51":114,"38a75b48":114,"1792bfa3":114,"426f1904":114,"7c0f1ca9":114,"b2f820ac":114,"3b3569f6":114,"b01ab62a":114,"76da16fa":114,"bffee581":114,"07150038":114,"080fa362":114,"7b6945ad":114,"a40d08e1":114,"cec79bc2":114,"d2eff358":114,"e70aebb5":114,"a488b2f1":114,"4caa87d6":114,"f7076e21":114,"f1e86522":114,"69e653b6":114,"fa03f48f":114,"98d2991b":114,"5298dafa":114,"25f7f918":114,"3b411d6a":114,"83826ef3":114,"c5311ebb":114,"105bb3f6":114,"595609d5":114,"b47f1b89":114,"58de5462":114,"f01c896d":114,"8e6caf71":114,"1f2670d0":114,"9a3433b8":114,"b89112cb":114,"962c9c8f":114,"aec0bf28":114,"66736d5e":114,"a017a323":114,"30de89a7":114,"06aaa33f":114,"8801c469":114,"25d4f65d":114,"eddb6a2a":114,"ff8a00aa":114,"c146560b":114,"985068e7":114,"d543ba6f":114,"b6281f1a":114,"320c65bf":114,"1fa1e7c2":114,"48c6df81":114,"646af2b9":114,"5e165f43":114,"f8785b71":114,"659389ad":114,"240c8679":114,"ab4a411a":114,"d7a4b24c":114,"0718c3be":114,"686d5c0b":114,"8b503f7b":114,"f15eb1c5":114,"87a8523c":114,"c416baa6":114,"71789493":114,"5ac72353":114,"ae350a07":114,"680a32a6":114,"d1b14d06":114,"f6c074a7":114,"83ba647d":114,"ffd6849d":114,"cb0bd6b7":114,"8e426e39":114,"962fca02":114,"51909df8":114,"75968179":114,"bc8bdc23":114,"e22b0973":114,"a71f3f70":114,"23646ff9":114,"3abb827b":114,"1f7aa83c":114,"0c73c293":114,"732d62ee":114,"88929b06":114,"d4b0751c":114,"08c4692e":114,"5b01444b":114,"5b2479ef":114,"79995b62":114,"1d882c36":114,"97160db8":114,"589f0d6e":114,"eb62e8f2":114,"51b4016a":114,"46bf9112":114,"092ad3d6":114,"bf940089":114,"01f34f98":114,"1670b0d3":114,"ec97d63e":114,"94208a41":114,"2cbcad17":114,"4dccb5ca":114,"83268abf":114,"578c4c95":114,"c606b472":114,"808bc372":114,"c792a7c1":114,"5a7da061":114,"06a94514":114,"73c420df":114,"0700da70":114,"ff591765":114,"93f12198":114,"62e270e5":114,"66b1b6d7":114,"b062adc4":114,"4aae5133":114,"63a3af32":114,"3fec4b0b":114,"faa3de3e":114,"44983d13":114,"80999122":114,"72af9198":114,"e39e9552":114,"bd4ccb49":114,"e773d697":114,"7e8c11e7":114,"077eb15a":114,"5337c279":114,"8d256cb6":114,"7021c619":114,"32ae00db":114,"bf2defb2":114,"bc733a28":114,"30d32d34":114,"886c16d3":114,"e8d09b62":114,"9666b973":114,"81c1b70d":114,"e72f0f82":114,"88374b72":114,"fdfaf1ed":114,"ea981bed":114,"5e197575":114,"e587c4d0":114,"525b2635":114,"caa38a45":114,"a9987a58":114,"b6b8e5c7":114,"e82177d3":114,"89914b94":114,"04bdf5e1":114,"da8b42be":114,"3b0576bf":114,"9458934f":114,"1dcc489c":114,"945badf3":114,"1327775b":114,"bdd40125":114,"75fd47f7":114,"1c52a07e":114,"e70ccc25":114,"afd1494f":114,"ca6bffd3":114,"829c44a4":114,"e76e2617":114,"2b4fd52e":114,"57162572":114,"d1d50cfe":114,"653b27c7":114,"83b37fd6":114,"4d852788":114,"e43a9448":114,"3542b748":114,"379c53ab":114,"e396d80d":114,"7da61f27":114,"dc874a97":114,"85a220de":114,"40a7cdd2":114,"ac033c7b":114,"87759976":114,"4df3f62e":114,"c881a53e":114,"80c1c8b1":114,"cf52acd8":114,"a63cb4ce":114,"d3b3492b":114,"7580cfa4":114,"22a96386":114,"5c672b50":114,"5df16440":114,"b666e56d":114,"8db378ff":114,"784d6375":114,"4541bf85":114,"a6b13f20":114,"2459c882":114,"3df97186":114,"ef0490de":114,"e0f47ced":114,"309bbf54":114,"cc537772":114,"6618390c":114,"99cc0813":114,"dc32c4e1":114,"239c636e":114,"6ee160ff":114,"c55d40ca":114,"22c177a8":114,"00ae883f":114,"f416ee62":114,"0d2b182d":114,"320754c3":114,"232b2f64":114,"3171b6e7":114,"3b25460f":114,"272e7d0d":114,"f92596ee":114,"68831ea9":114,"9713d076":114,"fd098272":114,"6ee788a7":114,"8249641d":114,"45b0968f":114,"6a9bb182":114,"1f1afd4f":114,"25fb8826":114,"0dc5da58":114,"2874a625":114,"e61ae828":114,"f7ac3883":114,"ccd01528":114,"dab8cf68":114,"00f2a9cb":114,"916fe082":114,"b64dba8e":114,"c3bb30ce":114,"86219c70":114,"601990d8":114,"5c662c19":114,"d2a5d2fd":114,"89d220c2":114,"3e10c9cb":114,"5500a3e8":114,"3c0e87ac":114,"a891461f":114,"a246cdab":114,"d2064756":114,"117c7f0b":114,"0d21cf99":114,"14e6fe14":114,"37ec5e73":114,"bfff7913":114,"f8636899":114,"37724339":114,"d45d9727":114,"ee5ff2a3":114,"44322dfd":114,"295e4d1d":114,"8cf6570a":114,"403064a0":114,"312af46e":114,"b5a9f8c3":114,"fcbc0ae8":114,"2ff6b6a8":114,"66a71cc1":114,"bf4b58e4":114,"f7ffcbb8":114,"5728f934":114,"00b26865":114,"c333337d":114,"815c56bc":114,"5bd61a68":114,"8582c5cf":114,"0c353665":114,"231e8700":114,"1f9fbd85":114,"43f24679":114,"a1c0dfc4":114,"78f71162":114,"4b27a9a4":114,"163f4d19":114,"1d043d5a":114,"b2f82e06":114,"5b0b43e6":114,"b5474d69":114,"5a938eeb":114,"4fe0dedf":114,"951fc6d0":114,"61892a4c":114,"f096219e":114,"a3f0a6ec":114,"01051f84":114,"aa7e370d":114,"f995eeab":114,"4006e709":114,"0dedf63e":114,"a9d5374b":114,"4321f02d":114,"089b3f8f":114,"7698d0dc":114,"784414ce":114,"2df3efdb":114,"d0f1b7bd":114,"e7799883":114,"4f9456cf":114,"6e260ee8":114,"f4f84279":114,"b0950de5":114,"6f873999":114,"1f4e0e22":114,"60d69311":114,"3b09f1de":114,"b371f44a":114,"8b6180ff":114,"dfe4a061":114,"8819ac24":114,"c2bf7d51":114,"dbbf7f69":114,"781afef6":114,"de9229a0":114,"99a5feef":114,"f6266388":114,"e64fd39c":114,"e1b3ce36":114,"625fa164":114,"0c6ae551":114,"e8f4c1dd":114,"cede8b8c":114,"ad95ff4a":114,"893a99c5":114,"d8bf32b5":114,"0eb42efe":114,"03c4ab87":114,"4e3d3af7":114,"3a4803a8":114,"f7a7de5d":114,"d4e56c3e":114,"0c045c2d":114,"8efd4801":114,"7eb8f268":114,"20236d3e":114,"36ae8cd8":114,"3ddd5391":114,"07f69c6d":114,"2254f0f5":114,"ea282e84":114,"6653c83b":114,"c896052c":114,"a8edfe84":114,"2ed19b1e":114,"959e16ea":114,"02f76c64":114,"5c6d1f33":114,"b4801cae":114,"c3c2fd05":114,"f8c97147":114,"c2526ff3":114,"cc386067":114,"a22ffd8f":114,"3cd28a4d":114,"44a12c31":114,"287ecd1c":114,"f9376d3e":114,"07a94e8c":114,"bb017b49":114,"37b52fe4":114,"61ad1519":114,"819c4185":114,"ba69b06b":114,"7d2a2cb4":114,"4f62491c":114,"70b4c438":114,"71ed93db":114,"c92efaa8":114,"c241ac7e":114,"62a45672":114,"210e507a":114,"ac6e268b":114,"742238e8":114,"45a961ca":114,"5ca978fd":114,"668e601b":114,"7552d86c":114,"02ebf3b6":114,"bb17a968":114,"4abcb85d":114,"cba26072":114,"2a718dcc":114,"c6a9a8e1":114,"88854fd0":114,"8dc27d2a":114,"41d7f05d":114,"2b851827":114,"9f428a03":114,"4d504d96":114,"0533ece1":114,"bcee2ef3":114,"0afba00c":114,"04ff8100":114,"6c00d8d6":114,"ac9a02bc":114,"acfe69ed":114,"426603ff":114,"2db2f252":114,"2e84193b":114,"c55683c9":114,"51233daf":114,"02791635":114,"be081247":114,"5cc47d1b":114,"678b846f":114,"b4bd39d8":114,"b4cdbe5d":114,"fa0386f3":114,"b95d0f17":114,"cee9c347":114
1601327141228,"7800e7ce":115,"77869ff0":115,"4b8f7b16":115,"89f75690":115,"cb363e2f":115,"cd802f02":115,"d3cca7eb":115,"e866a899":115,"5690e712":115,"0b92d2a9":115,"070bed95":115,"67e5d108":115,"3d37b94b":115,"842c97c2":115,"c4cef92b":115,"0eecdc5b":115,"b7e495ea":115,"45ec63c0":115,"0ddfde2c":115,"a8b41774":115,"81f0da2d":115
1601327141735,"d5d94481":115,"1fcc8ba4":115,"ffe48500":115,"c7a45a33":115,"faffe099":115,"e99490cd":115,"3b830769":115,"583f0305":115,"1557c50a":115,"249e80ab":115,"f52a3d94":115,"eb74d3dd":115,"3bcbc28d":115,"3c0455e7":115,"df203c79":115,"df1e1ac0":115,"491708eb":115,"e421caaa":115,"2d2ecf27":115,"d38a4953":115,"eba5efdd":115,"a5463f93":115,"c85ac4f8":115,"bc253f4f":115,"0d9d2bf8":115,"846b7f11":115,"d3411467":115,"1df0ce7f":115,"a08171d0":115,"c8bc5677":115,"dfca0518":115,"b9a21017":115,"e47705d3":115,"3cae4115":115,"0ccf4731":115,"c7c6782d":115,"54346574":115,"b12cbf87":115,"81942d9b":115,"699b90c1":115,"d9b5a7a8":115,"1e7914d2":115,"e5d8fdb2":115,"3412ab75":115,"bcac5daf":115,"62d028cc":115,"0af2cf39":115,"27491297":115,"d041ea86":115,"1eda11b2":115,"fc442678":115,"75a9c117":115,"12ba54ec":115,"be391c1a":115,"37d8a5b7":115,"d5ab81c4":115,"2ecde685":115,"f0bd52d3":115,"dcc20f76":115,"666a8ef0":115,"c5b609f1":115,"4dc5849a":115,"d605c755":115,"8a8c1d67":115,"cc6b3306":115,"8c2dfd9a":115,"f11267b9":115,"a483b15e":115,"f80ab49d":115,"95eaed39":115,"a5ba0ebb":115,"f53362a9":115,"1901ef7e":115,"960c2e6b":115,"3515e999":115,"d11f8f1b":115,"9d9eb027":115,"325f9a29":115,"503aafe5":115,"080d5d42":115,"5d03f5dc":115,"f0a01341":115,"1ee4d9f9":115,"0d6e45e7":115,"0da97151":115,"e829038c":115,"4987cfb5":115,"ba90687c":115,"77f2cf92":115,"037e2be4":115,"9e7dbd20":115,"0c086273":115,"ac13c3b0":115,"b4d9c57f":115,"5d53c964":115,"8ee9cc91":115,"4cc0af91":115,"55f6a2ba":115,"9559ea96":115,"9cb044bf":115,"16b25add":115,"80ee333e":115,"3b329af2":115,"1cd662bf":115,"72992b35":115,"47589344":115,"593b1533":115,"e9f6e5ce":115,"ed6bead5":115,"96f594b9":115,"94dfcfc5":115,"8301986e":115,"830ecfec":115,"a8bae791":115,"312009ee":115,"c98759fd":115,"e8b6d676":115,"45ee5840":115,"76f04033":115,"43480b19":115,"fd955858":115,"69798d15":115,"efea71fa":115,"fb3aa867":115,"c9cf710b":115,"fcacdeb3":115,"0ea055ed":115,"e3b1bdf8":115,"644b45fb":115,"18c73816":115,"e491161e":115,"b5087677":115,"16f60bed":115,"cb0c3481":115,"7664512c":115,"df9a53b8":115,"f6c27b2b":115,"945f6c24":115,"f1daea7e":115,"b8fb90e3":115,"56227e35":115,"0d6bf22a":115,"b87321d0":115,"43205b5d":115,"8982905a":115,"f6fe1ad7":115,"230064fa":115,"764e0abb":115,"bba6d88e":115,"ea3479ec":115,"32266fa3":115,"590ce3d3":115,"1802d7ce":115,"50b090c3":115,"8be24763":115,"eb4800b2":115,"6e0ce9dc":115,"87d9bec4":115,"e30dfa0c":115,"6da34174":115,"bfb849fa":115,"0a10b423":115,"9ef7cee7":115,"49f1a0d1":115,"5f04aa76":115,"ba297382":115,"0287db2a":115,"96abe4a9":115,"753b10b1":115,"cf14bd99":115,"782022f4":115,"322e833f":115,"ab3619e4":115,"106006ad":115,"c8237be9":115,"1416e8f5":115,"dde2eed5":115,"a208caa8":115,"16605353":115,"77b39e15":115,"f1726edb":115,"92b72493":115,"d3e58903":115,"4481c4be":115,"7954891b":115,"4afd60a9":115,"d44c0ea3":115,"68f87858":115,"533bac6b":115,"41634dba":115,"43fd1327":115,"113e7f4b":115,"8cce569a":115,"ce6401b6":115,"6f57824c":115,"28bd7aa1":115,"1d52fb0d":115,"cde0d748":115,"535ed444":115,"710f0d0e":115,"0905f1fb":115,"a20e529c":115,"1ae76fcc":115,"35b161d3":115,"344cd1a3":115,"77ea1236":115,"96d2a118":115,"23a0e41f":115,"b32a1080":115,"a2c4b591":115,"6dfa57be":115,"5b09e53e":115,"da5bb0f7":115,"6d925c84":115,"50b23ab2":115,"edfa56d4":115,"899c16eb":115,"41c76041":115,"6bb1fa99":115,"d73ff72e":115,"61c0ca91":115,"d2fda7be":115,"ce20ca3c":115,"1d2d958b":115,"81fb6a01":115,"7f5b27c8":115,"fb3444d9":115,"f05de640":115,"86a68967":115,"56cd4dca":115,"7f469f4c":115,"f92dedfc":115,"355d1489":115,"f96fc1af":115,"06713bac":115,"61aca924":115,"d97fb857":115,"59ff5ec6":115,"ef04e64e":115,"6e2d04de":115,"2fca1798":115,"1854ce44":115,"f92b22f1":115,"ece12664":115,"36f4ecde":115,"568a0d58":115,"5fd569d2":115,"10c8fd03":115,"bd4ccb49":115,"e773d697":115,"7e8c11e7":115,"077eb15a":115,"5337c279":115,"8d256cb6":115,"7021c619":115,"32ae00db":115,"bf2defb2":115,"bc733a28":115,"30d32d34":115,"886c16d3":115,"e8d09b62":115,"05028839":115,"5488826c":115
1601327142051,"0a49914b":115,"5d3f5cad":115,"cf347cba":115,"fc0c23f7":115,"641f9b9e":115,"c92edec5":115,"9f03c1e7":115,"06c24a8d":115,"2f35e75f":115,"3eddf7c8":115,"77970f8b":115,"efd594d5":115,"4718294d":115,"5352cf45":115,"e0ffe8ff":115,"ae14d6b5":115,"721f5f42":115,"0b50bca6":115,"bf2ca266":115,"5d8d9641":115,"0de67c6c":115,"2311399f":115,"5e3ebf5e":115,"9f6ca218":115,"6213799d":115,"44cb1fd2":115,"baf19c25":115,"24a79a6e":115,"edde30af":115,"4d949e11":115,"df12f689":115,"1da10cbf":115,"832c48e4":115,"dc90a44c":115,"1ad7c45b":115,"5566c17c":115,"86a22252":115,"0000dece":115,"ce5efdbe":115,"58ace2b5":115,"d379fd96":115,"7b819458":115,"7f8024cd":115,"ae562513":115,"7b66dacd":115,"9ab137d7":115,"7191d1cd":115,"005354dd":115,"84fff5c1":115,"c649992d":115,"d5ad3ed6":115,"8e5f7187":115,"55ba7579":115,"b7769ca6":115,"9c27de51":115,"38a75b48":115,"1792bfa3":115,"426f1904":115,"7c0f1ca9":115,"b2f820ac":115,"25d4f65d":115,"eddb6a2a":115,"ff8a00aa":115,"c146560b":115,"985068e7":115,"d543ba6f":115,"3b3569f6":115,"b01ab62a":115,"76da16fa":115,"bffee581":115,"07150038":115,"080fa362":115,"7b6945ad":115,"a40d08e1":115,"cec79bc2":115,"d2eff358":115,"e70aebb5":115,"a488b2f1":115,"4caa87d6":115,"f1e86522":115,"f7076e21":115,"fa03f48f":115,"5298dafa":115,"69e653b6":115,"98d2991b":115,"25f7f918":115,"3b411d6a":115,"c5311ebb":115,"105bb3f6":115,"83826ef3":115,"595609d5":115,"58de5462":115,"b47f1b89":115,"f01c896d":115,"8e6caf71":115,"1f2670d0":115,"962c9c8f":115,"9a3433b8":115,"aec0bf28":115,"b89112cb":115,"66736d5e":115,"a017a323":115,"30de89a7":115,"8801c469":115,"06aaa33f":115,"b6281f1a":115,"320c65bf":115,"48c6df81":115,"f7ffcbb8":115,"5728f934":115,"00b26865":115,"c333337d":115,"815c56bc":115,"5bd61a68":115,"9666b973":115,"653b27c7":115,"83b37fd6":115,"4d852788":115,"e43a9448":115,"3542b748":115,"379c53ab":115,"e396d80d":115,"7da61f27":115,"dc874a97":115,"85a220de":115,"40a7cdd2":115,"ac033c7b":115,"87759976":115,"4df3f62e":115,"c881a53e":115,"8582c5cf":115,"0c353665":115,"231e8700":115,"272e7d0d":115,"f92596ee":115,"68831ea9":115,"9713d076":115,"fd098272":115,"6ee788a7":115,"8249641d":115,"45b0968f":115,"6a9bb182":115,"1f1afd4f":115,"25fb8826":115,"0dc5da58":115,"2874a625":115,"e61ae828":115,"f7ac3883":115,"ccd01528":115,"dab8cf68":115,"00f2a9cb":115,"916fe082":115,"b64dba8e":115,"c3bb30ce":115,"86219c70":115,"601990d8":115,"5c662c19":115,"d2a5d2fd":115,"89d220c2":115,"1f9fbd85":115,"43f24679":115,"a1c0dfc4":115,"78f71162":115,"4b27a9a4":115,"163f4d19":115,"1d043d5a":115,"b2f82e06":115,"5b0b43e6":115,"b5474d69":115,"5a938eeb":115,"1fa1e7c2":115,"5e165f43":115,"f8785b71":115,"646af2b9":115,"ab4a411a":115,"659389ad":115,"240c8679":115,"d7a4b24c":115,"686d5c0b":115,"0718c3be":115,"8b503f7b":115,"f15eb1c5":115,"71789493":115,"87a8523c":115,"c416baa6":115,"5ac72353":115,"ae350a07":115,"d1b14d06":115,"f6c074a7":115,"680a32a6":115,"ffd6849d":115,"83ba647d":115,"cb0bd6b7":115,"962fca02":115,"75968179":115,"8e426e39":115,"51909df8":115,"bc8bdc23":115,"a71f3f70":115,"e22b0973":115,"23646ff9":115,"1f7aa83c":115,"732d62ee":115,"3abb827b":115,"d4b0751c":115,"0c73c293":115,"5b01444b":115,"88929b06":115,"79995b62":115,"08c4692e":115,"5b2479ef":115,"97160db8":115,"1d882c36":115,"589f0d6e":115,"51b4016a":115,"eb62e8f2":115,"46bf9112":115,"092ad3d6":115,"bf940089":115,"01f34f98":115,"1670b0d3":115,"ec97d63e":115,"94208a41":115,"2cbcad17":115,"4dccb5ca":115,"83268abf":115,"4fe0dedf":115,"578c4c95":115,"c606b472":115,"808bc372":115,"c792a7c1":115,"5a7da061":115,"06a94514":115,"73c420df":115,"0700da70":115,"ff591765":115,"93f12198":115,"62e270e5":115,"66b1b6d7":115,"b062adc4":115,"4aae5133":115,"63a3af32":115,"3fec4b0b":115,"faa3de3e":115,"44983d13":115,"80999122":115,"72af9198":115,"e39e9552":115,"81c1b70d":115,"951fc6d0":115,"e72f0f82":115,"88374b72":115,"fdfaf1ed":115,"ea981bed":115,"5e197575":115,"e587c4d0":115,"525b2635":115,"caa38a45":115,"a9987a58":115,"b6b8e5c7":115,"e82177d3":115,"89914b94":115,"04bdf5e1":115,"da8b42be":115,"3b0576bf":115,"9458934f":115,"1dcc489c":115,"945badf3":115,"1327775b":115,"bdd40125":115,"75fd47f7":115,"1c52a07e":115,"e70ccc25":115,"afd1494f":115,"ca6bffd3":115,"829c44a4":115,"e76e2617":115,"2b4fd52e":115,"57162572":115,"d1d50cfe":115,"61892a4c":115,"f096219e":115,"a3f0a6ec":115,"01051f84":115,"aa7e370d":115,"f995eeab":115,"4006e709":115,"0dedf63e":115,"a9d5374b":115,"4321f02d":115,"089b3f8f":115,"7698d0dc":115,"784414ce":115,"2df3efdb":115,"d0f1b7bd":115,"e7799883":115,"4f9456cf":115,"6e260ee8":115,"f4f84279":115,"b0950de5":115,"6f873999":115,"1f4e0e22":115,"60d69311":115,"80c1c8b1":115,"cf52acd8":115,"a63cb4ce":115,"d3b3492b":115,"7580cfa4":115,"22a96386":115,"5c672b50":115,"5df16440":115,"b666e56d":115,"8db378ff":115,"784d6375":115,"4541bf85":115,"a6b13f20":115,"2459c882":115,"3df97186":115,"ef0490de":115,"e0f47ced":115,"309bbf54":115,"cc537772":115,"6618390c":115,"99cc0813":115,"dc32c4e1":115,"239c636e":115,"6ee160ff":115,"c55d40ca":115,"22c177a8":115,"00ae883f":115,"f416ee62":115,"0d2b182d":115,"320754c3":115,"232b2f64":115,"3171b6e7":115,"3b25460f":115,"d2064756":115,"3b09f1de":115,"3e10c9cb":115,"5500a3e8":115,"3c0e87ac":115,"a891461f":115,"a246cdab":115,"117c7f0b":115,"0d21cf99":115,"14e6fe14":115,"37ec5e73":115,"bfff7913":115,"f8636899":115,"37724339":115,"d45d9727":115,"ee5ff2a3":115,"44322dfd":115,"295e4d1d":115,"8cf6570a":115,"403064a0":115,"312af46e":115,"b5a9f8c3":115,"fcbc0ae8":115,"2ff6b6a8":115,"66a71cc1":115,"bf4b58e4":115,"b371f44a":115,"8b6180ff":115,"8819ac24":115,"dbbf7f69":115,"dfe4a061":115,"c2bf7d51":115,"781afef6":115,"de9229a0":115,"99a5feef":115,"f6266388":115,"e64fd39c":115,"e1b3ce36":115,"625fa164":115,"0c6ae551":115,"e8f4c1dd":115,"cede8b8c":115,"ad95ff4a":115,"893a99c5":115,"d8bf32b5":115,"0eb42efe":115,"03c4ab87":115,"4e3d3af7":115,"3a4803a8":115,"f7a7de5d":115,"d4e56c3e":115,"0c045c2d":115,"8efd4801":115,"7eb8f268":115,"20236d3e":115,"36ae8cd8":115,"3ddd5391":115,"07f69c6d":115,"2254f0f5":115,"ea282e84":115,"6653c83b":115,"c896052c":115,"287ecd1c":115,"f9376d3e":115,"07a94e8c":115,"bb017b49":115,"37b52fe4":115,"a8edfe84":115,"2ed19b1e":115,"959e16ea":115,"02f76c64":115,"5c6d1f33":115,"b4801cae":115,"c3c2fd05":115,"f8c97147":115,"c2526ff3":115,"cc386067":115,"a22ffd8f":115,"61ad1519":115,"819c4185":115,"ba69b06b":115,"7d2a2cb4":115,"4f62491c":115,"70b4c438":115,"71ed93db":115,"c92efaa8":115,"c241ac7e":115,"62a45672":115,"210e507a":115,"ac6e268b":115,"742238e8":115,"3cd28a4d":115,"44a12c31":115,"45a961ca":115,"5ca978fd":115,"668e601b":115,"7552d86c":115,"02ebf3b6":115,"bb17a968":115,"4abcb85d":115,"cba26072":115,"2a718dcc":115,"c6a9a8e1":115,"88854fd0":115,"8dc27d2a":115,"41d7f05d":115,"2b851827":115,"9f428a03":115,"4d504d96":115,"0533ece1":115,"bcee2ef3":115,"0afba00c":115,"04ff8100":115,"6c00d8d6":115,"ac9a02bc":115,"acfe69ed":115,"426603ff":115,"2db2f252":115,"2e84193b":115,"c55683c9":115,"51233daf":115,"02791635":115,"be081247":115,"5cc47d1b":115,"678b846f":115,"b4bd39d8":115,"b4cdbe5d":115,"fa0386f3":115,"b95d0f17":115,"cee9c347":115,"7800e7ce":116,"77869ff0":116,"4b8f7b16":116,"89f75690":116,"cb363e2f":116,"cd802f02":116,"d3cca7eb":116,"e866a899":116,"5690e712":116,"0b92d2a9":116,"070bed95":116,"67e5d108":116,"3d37b94b":116,"842c97c2":116,"c4cef92b":116,"0eecdc5b":116,"b7e495ea":116,"45ec63c0":116,"0ddfde2c":116,"a8b41774":116,"81f0da2d":116,"1fcc8ba4":116,"75a9c117":116,"12ba54ec":116,"be391c1a":116,"37d8a5b7":116,"d5ab81c4":116,"2ecde685":116,"f0bd52d3":116,"dcc20f76":116,"666a8ef0":116,"c5b609f1":116,"4dc5849a":116,"d605c755":116,"8a8c1d67":116,"cc6b3306":116,"8c2dfd9a":116,"f11267b9":116,"a483b15e":116,"f80ab49d":116,"95eaed39":116,"a5ba0ebb":116,"f53362a9":116,"1901ef7e":116,"960c2e6b":116,"3515e999":116,"d11f8f1b":116,"9d9eb027":116,"325f9a29":116,"503aafe5":116,"d5d94481":116,"ffe48500":116,"c7a45a33":116,"faffe099":116,"e99490cd":116,"3b830769":116,"583f0305":116,"1557c50a":116,"249e80ab":116,"f52a3d94":116,"eb74d3dd":116,"3bcbc28d":116,"3c0455e7":116,"df203c79":116,"df1e1ac0":116,"491708eb":116,"e421caaa":116,"2d2ecf27":116,"d38a4953":116,"eba5efdd":116,"a5463f93":116,"c85ac4f8":116,"bc253f4f":116,"0d9d2bf8":116,"846b7f11":116,"d3411467":116,"1df0ce7f":116,"a08171d0":116,"080d5d42":116,"5d03f5dc":116,"f0a01341":116,"1ee4d9f9":116,"0d6e45e7":116,"0da97151":116,"e829038c":116,"4987cfb5":116,"ba90687c":116,"77f2cf92":116,"037e2be4":116,"9e7dbd20":116,"0c086273":116,"ac13c3b0":116,"b4d9c57f":116,"5d53c964":116,"8ee9cc91":116,"4cc0af91":116,"55f6a2ba":116,"9559ea96":116,"9cb044bf":116,"16b25add":116,"80ee333e":116,"3b329af2":116,"1cd662bf":116,"72992b35":116,"47589344":116,"593b1533":116,"e9f6e5ce":116,"ed6bead5":116,"96f594b9":116,"94dfcfc5":116,"8301986e":116,"830ecfec":116,"c8bc5677":116,"dfca0518":116,"b9a21017":116,"e47705d3":116,"3cae4115":116,"0ccf4731":116,"c7c6782d":116,"54346574":116,"b12cbf87":116,"81942d9b":116,"699b90c1":116,"d9b5a7a8":116,"1e7914d2":116,"e5d8fdb2":116,"3412ab75":116,"bcac5daf":116,"62d028cc":116,"0af2cf39":116,"27491297":116,"d041ea86":116,"1eda11b2":116,"fc442678":116,"a8bae791":116,"312009ee":116,"c98759fd":116,"e8b6d676":116,"45ee5840":116,"76f04033":116,"43480b19":116,"fd955858":116,"69798d15":116,"efea71fa":116,"fb3aa867":116,"c9cf710b":116,"fcacdeb3":116,"0ea055ed":116,"e3b1bdf8":116,"644b45fb":116,"590ce3d3":116,"1802d7ce":116,"0a49914b":116,"5d3f5cad":116,"cf347cba":116,"fc0c23f7":116,"641f9b9e":116,"c92edec5":116,"9f03c1e7":116,"06c24a8d":116,"2f35e75f":116,"3eddf7c8":116,"77970f8b":116,"efd594d5":116,"4718294d":116,"5352cf45":116,"e0ffe8ff":116,"ae14d6b5":116,"721f5f42":116,"0b50bca6":116,"bf2ca266":116,"5d8d9641":116,"0de67c6c":116,"2311399f":116,"5e3ebf5e":116,"9f6ca218":116,"6213799d":116,"44cb1fd2":116,"baf19c25":116,"24a79a6e":116,"edde30af":116,"4d949e11":116,"df12f689":116,"1da10cbf":116,"832c48e4":116,"dc90a44c":116,"1ad7c45b":116,"5566c17c":116,"86a22252":116,"0000dece":116,"ce5efdbe":116,"58ace2b5":116,"d379fd96":116,"7b819458":116,"7f8024cd":116,"ae562513":116,"7b66dacd":116,"9ab137d7":116,"7191d1cd":116,"005354dd":116,"9ef7cee7":116,"49f1a0d1":116,"5f04aa76":116,"ba297382":116,"0287db2a":116,"96abe4a9":116,"753b10b1":116,"cf14bd99":116,"782022f4":116,"322e833f":116,"ab3619e4":116,"106006ad":116,"c8237be9":116,"1416e8f5":116,"dde2eed5":116,"a208caa8":116,"16605353":116,"77b39e15":116,"f1726edb":116,"18c73816":116,"e491161e":116,"b5087677":116,"16f60bed":116,"cb0c3481":116,"7664512c":116,"df9a53b8":116,"f6c27b2b":116,"945f6c24":116,"f1daea7e":116,"b8fb90e3":116,"56227e35":116,"0d6bf22a":116,"b87321d0":116,"43205b5d":116,"8982905a":116,"f6fe1ad7":116,"230064fa":116,"764e0abb":116,"bba6d88e":116,"ea3479ec":116,"32266fa3":116,"50b090c3":116,"8be24763":116,"eb4800b2":116,"6e0ce9dc":116,"87d9bec4":116,"e30dfa0c":116,"6da34174":116,"bfb849fa":116,"0a10b423":116,"92b72493":116,"d3e58903":116,"4481c4be":116,"7954891b":116,"4afd60a9":116,"d44c0ea3":116,"68f87858":116,"533bac6b":116,"41634dba":116,"43fd1327":116,"113e7f4b":116,"8cce569a":116,"ce6401b6":116,"6f57824c":116,"28bd7aa1":116,"1d52fb0d":116,"cde0d748":116,"535ed444":116,"710f0d0e":116,"0905f1fb":116,"a20e529c":116,"1ae76fcc":116,"35b161d3":116,"344cd1a3":116,"77ea1236":116,"96d2a118":116,"23a0e41f":116,"b32a1080":116,"a2c4b591":116,"6dfa57be":116,"1854ce44":116,"f92b22f1":116,"ece12664":116,"36f4ecde":116,"568a0d58":116,"5fd569d2":116,"10c8fd03":116,"bd4ccb49":116,"e773d697":116,"7e8c11e7":116,"077eb15a":116,"5337c279":116,"8d256cb6":116,"7021c619":116,"32ae00db":116,"bf2defb2":116,"bc733a28":116,"30d32d34":116,"886c16d3":116,"e8d09b62":116,"5b09e53e":116,"da5bb0f7":116,"6d925c84":116,"50b23ab2":116,"edfa56d4":116,"899c16eb":116,"41c76041":116,"6bb1fa99":116,"d73ff72e":116,"61c0ca91":116,"d2fda7be":116,"ce20ca3c":116,"1d2d958b":116,"81fb6a01":116,"7f5b27c8":116,"fb3444d9":116,"f05de640":116,"86a68967":116,"56cd4dca":116,"7f469f4c":116,"f92dedfc":116,"355d1489":116,"f96fc1af":116,"06713bac":116,"61aca924":116,"d97fb857":116,"59ff5ec6":116,"ef04e64e":116,"6e2d04de":116,"2fca1798":116,"05028839":116,"5488826c":116,"84fff5c1":116,"c649992d":116,"d5ad3ed6":116,"8e5f7187":116,"55ba7579":116,"b7769ca6":116,"9c27de51":116,"38a75b48":116,"1792bfa3":116,"426f1904":116,"7c0f1ca9":116,"b2f820ac":116,"25d4f65d":116,"eddb6a2a":116,"ff8a00aa":116,"c146560b":116,"985068e7":116,"d543ba6f":116,"3b3569f6":116,"b01ab62a":116,"76da16fa":116,"bffee581":116,"07150038":116,"080fa362":116,"7b6945ad":116,"a40d08e1":116,"cec79bc2":116,"d2eff358":116,"e70aebb5":116,"f1e86522":116,"a488b2f1":116,"fa03f48f":116,"4caa87d6":116,"5298dafa":116,"f7076e21":116,"25f7f918":116,"69e653b6":116,"c5311ebb":116,"98d2991b":116,"105bb3f6":116,"3b411d6a":116,"83826ef3":116,"58de5462":116,"f01c896d":116,"595609d5":116,"b47f1b89":116,"1f2670d0":116,"962c9c8f":116,"8e6caf71":116,"9a3433b8":116,"aec0bf28":116,"a017a323":116,"b89112cb":116,"66736d5e":116,"8801c469":116,"30de89a7":116,"b6281f1a":116,"48c6df81":116,"06aaa33f":116,"5e165f43":116,"320c65bf":116,"1fa1e7c2":116,"f8785b71":116,"646af2b9":116,"ab4a411a":116,"f7ffcbb8":116,"5728f934":116,"00b26865":116,"c333337d":116,"815c56bc":116,"5bd61a68":116,"8582c5cf":116,"0c353665":116,"231e8700":116,"1f9fbd85":116,"d7a4b24c":116,"659389ad":116,"686d5c0b":116,"240c8679":116,"f15eb1c5":116,"0718c3be":116,"8b503f7b":116,"71789493":116,"5ac72353":116,"87a8523c":116,"d1b14d06":116,"c416baa6":116,"f6c074a7":116,"ae350a07":116,"680a32a6":116,"ffd6849d":116,"83ba647d":116,"962fca02":116,"75968179":116,"cb0bd6b7":116,"bc8bdc23":116,"8e426e39":116,"51909df8":116,"a71f3f70":116,"e22b0973":116,"1f7aa83c":116,"732d62ee":116,"23646ff9":116,"d4b0751c":116,"3abb827b":116,"0c73c293":116,"5b01444b":116,"79995b62":116,"88929b06":116,"08c4692e":116,"97160db8":116,"589f0d6e":116,"5b2479ef":116,"1d882c36":116,"51b4016a":116,"46bf9112":116,"eb62e8f2":116,"092ad3d6":116,"bf940089":116,"01f34f98":116,"1670b0d3":116,"ec97d63e":116,"94208a41":116,"2cbcad17":116,"4dccb5ca":116,"83268abf":116,"578c4c95":116,"c606b472":116,"43f24679":116,"9666b973":116,"653b27c7":116,"83b37fd6":116,"4d852788":116,"e43a9448":116,"3542b748":116,"379c53ab":116,"e396d80d":116,"7da61f27":116,"dc874a97":116,"85a220de":116,"40a7cdd2":116,"ac033c7b":116,"87759976":116,"4df3f62e":116,"c881a53e":116,"80c1c8b1":116,"cf52acd8":116,"a63cb4ce":116,"d3b3492b":116,"7580cfa4":116,"22a96386":116,"5c672b50":116,"5df16440":116,"a1c0dfc4":116,"78f71162":116,"4b27a9a4":116,"272e7d0d":116,"f92596ee":116,"68831ea9":116,"9713d076":116,"fd098272":116,"6ee788a7":116,"8249641d":116,"45b0968f":116,"6a9bb182":116,"1f1afd4f":116,"25fb8826":116,"0dc5da58":116,"2874a625":116,"e61ae828":116,"f7ac3883":116,"ccd01528":116,"dab8cf68":116,"00f2a9cb":116,"916fe082":116,"b64dba8e":116,"c3bb30ce":116,"86219c70":116,"601990d8":116,"5c662c19":116,"d2a5d2fd":116,"89d220c2":116,"3e10c9cb":116,"5500a3e8":116,"3c0e87ac":116,"a891461f":116,"a246cdab":116,"117c7f0b":116,"0d21cf99":116,"14e6fe14":116,"37ec5e73":116,"bfff7913":116,"163f4d19":116,"1d043d5a":116,"b2f82e06":116,"5b0b43e6":116,"b5474d69":116,"5a938eeb":116,"4fe0dedf":116,"951fc6d0":116,"61892a4c":116,"525b2635":116
1601327143213,"caa38a45":116,"a9987a58":116,"b6b8e5c7":116,"e82177d3":116,"89914b94":116,"04bdf5e1":116,"da8b42be":116,"3b0576bf":116,"9458934f":116,"1dcc489c":116,"945badf3":116,"1327775b":116,"bdd40125":116,"75fd47f7":116,"1c52a07e":116,"e70ccc25":116,"afd1494f":116,"ca6bffd3":116,"829c44a4":116,"e76e2617":116,"2b4fd52e":116,"57162572":116,"d1d50cfe":116,"808bc372":116,"c792a7c1":116,"5a7da061":116,"06a94514":116,"73c420df":116,"0700da70":116,"ff591765":116,"93f12198":116,"62e270e5":116,"66b1b6d7":116,"b062adc4":116,"4aae5133":116,"63a3af32":116,"3fec4b0b":116,"faa3de3e":116,"44983d13":116,"80999122":116,"72af9198":116,"e39e9552":116,"81c1b70d":116,"e72f0f82":116,"88374b72":116,"fdfaf1ed":116,"ea981bed":116,"5e197575":116,"e587c4d0":116,"f096219e":116,"a3f0a6ec":116,"01051f84":116,"aa7e370d":116,"f995eeab":116,"4006e709":116,"0dedf63e":116,"a9d5374b":116,"4321f02d":116,"089b3f8f":116,"7698d0dc":116,"784414ce":116,"2df3efdb":116,"d0f1b7bd":116,"e7799883":116,"4f9456cf":116,"6e260ee8":116,"f4f84279":116,"b0950de5":116,"6f873999":116,"1f4e0e22":116,"60d69311":116,"3b09f1de":116,"b371f44a":116,"8b6180ff":116,"8819ac24":116,"b666e56d":116,"8db378ff":116,"784d6375":116,"4541bf85":116,"a6b13f20":116,"2459c882":116,"3df97186":116,"ef0490de":116,"e0f47ced":116,"309bbf54":116,"cc537772":116,"6618390c":116,"99cc0813":116,"dc32c4e1":116,"239c636e":116,"6ee160ff":116,"c55d40ca":116,"22c177a8":116,"00ae883f":116,"f416ee62":116,"0d2b182d":116,"320754c3":116,"232b2f64":116,"3171b6e7":116,"3b25460f":116,"d2064756":116,"dbbf7f69":116,"f8636899":116,"37724339":116,"d45d9727":116,"ee5ff2a3":116,"44322dfd":116,"295e4d1d":116,"8cf6570a":116,"403064a0":116,"312af46e":116,"b5a9f8c3":116,"fcbc0ae8":116,"2ff6b6a8":116,"66a71cc1":116,"bf4b58e4":116,"dfe4a061":116,"c2bf7d51":116,"781afef6":116,"de9229a0":116,"99a5feef":116,"f6266388":116,"e64fd39c":116,"e1b3ce36":116,"625fa164":116,"0c6ae551":116,"e8f4c1dd":116,"cede8b8c":116,"ad95ff4a":116,"893a99c5":116,"d8bf32b5":116,"0eb42efe":116,"03c4ab87":116,"4e3d3af7":116,"3a4803a8":116,"f7a7de5d":116,"d4e56c3e":116,"0c045c2d":116,"8efd4801":116,"7eb8f268":116,"20236d3e":116,"36ae8cd8":116,"3ddd5391":116,"07f69c6d":116,"2254f0f5":116,"ea282e84":116,"6653c83b":116,"c896052c":116,"287ecd1c":116,"f9376d3e":116,"07a94e8c":116,"bb017b49":116,"37b52fe4":116,"61ad1519":116,"819c4185":116,"ba69b06b":116,"7d2a2cb4":116,"4f62491c":116,"a8edfe84":116,"2ed19b1e":116,"959e16ea":116,"02f76c64":116,"5c6d1f33":116,"b4801cae":116,"c3c2fd05":116,"f8c97147":116,"c2526ff3":116,"cc386067":116,"a22ffd8f":116,"3cd28a4d":116,"44a12c31":116,"45a961ca":116,"70b4c438":116,"71ed93db":116,"c92efaa8":116,"c241ac7e":116,"62a45672":116,"210e507a":116,"ac6e268b":116,"742238e8":116,"5ca978fd":116,"668e601b":116,"7552d86c":116,"02ebf3b6":116,"bb17a968":116,"4abcb85d":116,"cba26072":116,"2a718dcc":116,"c6a9a8e1":116,"88854fd0":116,"8dc27d2a":116,"41d7f05d":116,"2b851827":116,"9f428a03":116,"4d504d96":116,"0533ece1":116,"bcee2ef3":116,"0afba00c":116,"04ff8100":116,"6c00d8d6":116,"ac9a02bc":116,"acfe69ed":116,"426603ff":116,"2db2f252":116,"2e84193b":116,"c55683c9":116,"51233daf":116,"02791635":116,"be081247":116,"5cc47d1b":116,"678b846f":116,"b4bd39d8":116,"b4cdbe5d":116,"fa0386f3":116,"b95d0f17":116,"cee9c347":116
1601327143487,"d5d94481":117,"ffe48500":117,"c7a45a33":117,"faffe099":117,"e99490cd":117,"3b830769":117,"583f0305":117,"1557c50a":117,"249e80ab":117,"f52a3d94":117,"eb74d3dd":117,"3bcbc28d":117,"3c0455e7":117,"df203c79":117,"df1e1ac0":117,"491708eb":117,"e421caaa":117,"2d2ecf27":117,"d38a4953":117,"eba5efdd":117,"a5463f93":117,"c85ac4f8":117,"bc253f4f":117,"0d9d2bf8":117,"846b7f11":117,"d3411467":117,"1df0ce7f":117,"a08171d0":117,"c8bc5677":117,"dfca0518":117,"b9a21017":117,"e47705d3":117,"3cae4115":117,"0ccf4731":117,"c7c6782d":117,"54346574":117,"b12cbf87":117,"81942d9b":117,"699b90c1":117,"d9b5a7a8":117,"1e7914d2":117,"e5d8fdb2":117,"3412ab75":117,"bcac5daf":117,"62d028cc":117,"0af2cf39":117,"27491297":117,"d041ea86":117,"1eda11b2":117,"fc442678":117,"7800e7ce":117,"77869ff0":117,"4b8f7b16":117,"89f75690":117,"cb363e2f":117,"cd802f02":117,"d3cca7eb":117,"e866a899":117,"5690e712":117,"0b92d2a9":117,"070bed95":117,"67e5d108":117,"3d37b94b":117,"842c97c2":117,"c4cef92b":117,"0eecdc5b":117,"b7e495ea":117,"45ec63c0":117,"0ddfde2c":117,"a8b41774":117,"81f0da2d":117,"1fcc8ba4":117,"75a9c117":117,"12ba54ec":117,"be391c1a":117,"37d8a5b7":117,"d5ab81c4":117,"2ecde685":117,"f0bd52d3":117,"dcc20f76":117,"666a8ef0":117,"c5b609f1":117,"4dc5849a":117,"d605c755":117,"8a8c1d67":117,"cc6b3306":117,"8c2dfd9a":117,"f11267b9":117,"a483b15e":117,"f80ab49d":117,"95eaed39":117,"a5ba0ebb":117,"f53362a9":117,"1901ef7e":117,"960c2e6b":117,"3515e999":117,"d11f8f1b":117,"9d9eb027":117,"325f9a29":117,"503aafe5":117
1601327144051,"080d5d42":117,"5d03f5dc":117,"f0a01341":117,"1ee4d9f9":117,"0d6e45e7":117,"0da97151":117,"e829038c":117,"4987cfb5":117,"18c73816":117,"e491161e":117,"b5087677":117,"16f60bed":117,"cb0c3481":117,"7664512c":117,"df9a53b8":117,"f6c27b2b":117,"945f6c24":117,"f1daea7e":117,"b8fb90e3":117,"56227e35":117,"0d6bf22a":117,"b87321d0":117,"43205b5d":117,"8982905a":117,"f6fe1ad7":117,"230064fa":117,"764e0abb":117,"bba6d88e":117,"ea3479ec":117,"ba90687c":117,"77f2cf92":117,"037e2be4":117,"9e7dbd20":117,"0c086273":117,"ac13c3b0":117,"b4d9c57f":117,"5d53c964":117,"8ee9cc91":117,"4cc0af91":117,"55f6a2ba":117,"9559ea96":117,"9cb044bf":117,"16b25add":117,"80ee333e":117,"3b329af2":117,"1cd662bf":117,"72992b35":117,"47589344":117,"593b1533":117,"e9f6e5ce":117,"ed6bead5":117,"96f594b9":117,"94dfcfc5":117,"8301986e":117,"830ecfec":117,"a8bae791":117,"312009ee":117,"c98759fd":117,"e8b6d676":117,"45ee5840":117,"76f04033":117,"43480b19":117,"fd955858":117,"69798d15":117,"efea71fa":117,"fb3aa867":117,"c9cf710b":117,"fcacdeb3":117,"32266fa3":117,"50b090c3":117,"8be24763":117,"eb4800b2":117,"6e0ce9dc":117,"87d9bec4":117,"e30dfa0c":117,"6da34174":117,"bfb849fa":117,"0a10b423":117,"9ef7cee7":117,"49f1a0d1":117,"5f04aa76":117,"ba297382":117,"0287db2a":117,"96abe4a9":117,"753b10b1":117,"cf14bd99":117,"782022f4":117,"322e833f":117,"ab3619e4":117,"106006ad":117,"c8237be9":117,"1416e8f5":117,"dde2eed5":117,"a208caa8":117,"16605353":117,"77b39e15":117,"0ea055ed":117,"e3b1bdf8":117,"644b45fb":117,"f1726edb":117,"92b72493":117,"d3e58903":117,"4481c4be":117,"7954891b":117,"4afd60a9":117,"d44c0ea3":117,"68f87858":117,"533bac6b":117,"41634dba":117,"43fd1327":117,"113e7f4b":117,"8cce569a":117,"ce6401b6":117,"6f57824c":117,"28bd7aa1":117,"1d52fb0d":117,"cde0d748":117,"535ed444":117,"710f0d0e":117,"0905f1fb":117,"a20e529c":117,"1ae76fcc":117,"35b161d3":117,"344cd1a3":117,"77ea1236":117,"96d2a118":117,"23a0e41f":117,"b32a1080":117,"a2c4b591":117,"6dfa57be":117,"1854ce44":117,"f92b22f1":117,"ece12664":117,"36f4ecde":117,"568a0d58":117,"5fd569d2":117,"10c8fd03":117,"bd4ccb49":117,"e773d697":117,"7e8c11e7":117,"077eb15a":117,"590ce3d3":117,"1802d7ce":117,"0a49914b":117,"5d3f5cad":117,"cf347cba":117,"fc0c23f7":117,"5337c279":117,"8d256cb6":117,"7021c619":117,"32ae00db":117,"bf2defb2":117,"bc733a28":117,"30d32d34":117,"886c16d3":117,"e8d09b62":117,"641f9b9e":117,"c92edec5":117,"9f03c1e7":117,"06c24a8d":117,"2f35e75f":117,"3eddf7c8":117,"77970f8b":117,"efd594d5":117,"4718294d":117,"5352cf45":117,"e0ffe8ff":117,"ae14d6b5":117,"721f5f42":117,"0b50bca6":117,"bf2ca266":117,"5d8d9641":117,"0de67c6c":117,"2311399f":117,"5e3ebf5e":117,"9f6ca218":117,"6213799d":117,"44cb1fd2":117,"baf19c25":117,"24a79a6e":117,"edde30af":117,"4d949e11":117,"df12f689":117,"1da10cbf":117,"832c48e4":117,"dc90a44c":117,"1ad7c45b":117,"5566c17c":117,"86a22252":117,"0000dece":117,"ce5efdbe":117,"58ace2b5":117,"d379fd96":117,"7b819458":117,"7f8024cd":117,"ae562513":117,"7b66dacd":117,"9ab137d7":117,"7191d1cd":117,"005354dd":117,"5b09e53e":117,"da5bb0f7":117,"6d925c84":117,"50b23ab2":117,"edfa56d4":117,"899c16eb":117,"41c76041":117,"6bb1fa99":117,"3b3569f6":117,"b01ab62a":117,"d73ff72e":117,"61c0ca91":117,"d2fda7be":117,"ce20ca3c":117,"1d2d958b":117,"81fb6a01":117,"7f5b27c8":117,"fb3444d9":117,"f05de640":117,"86a68967":117,"56cd4dca":117,"7f469f4c":117,"f92dedfc":117,"355d1489":117,"f96fc1af":117,"06713bac":117,"61aca924":117,"d97fb857":117,"59ff5ec6":117,"ef04e64e":117,"6e2d04de":117,"2fca1798":117,"05028839":117,"5488826c":117,"84fff5c1":117,"c649992d":117,"d5ad3ed6":117,"8e5f7187":117,"55ba7579":117,"b7769ca6":117,"9c27de51":117,"38a75b48":117,"1792bfa3":117,"426f1904":117,"7c0f1ca9":117,"b2f820ac":117,"25d4f65d":117,"eddb6a2a":117,"ff8a00aa":117,"c146560b":117,"985068e7":117,"d543ba6f":117,"272e7d0d":117,"f92596ee":117,"68831ea9":117,"9713d076":117,"fd098272":117,"6ee788a7":117,"8249641d":117,"45b0968f":117,"6a9bb182":117,"1f1afd4f":117,"25fb8826":117,"0dc5da58":117,"2874a625":117,"e61ae828":117,"f7ac3883":117,"ccd01528":117,"dab8cf68":117,"00f2a9cb":117,"916fe082":117,"b64dba8e":117,"c3bb30ce":117,"86219c70":117,"601990d8":117,"5c662c19":117,"d2a5d2fd":117,"89d220c2":117,"3e10c9cb":117,"5500a3e8":117,"3c0e87ac":117,"a891461f":117,"a246cdab":117,"117c7f0b":117,"0d21cf99":117,"76da16fa":117,"bffee581":117,"07150038":117,"080fa362":117,"7b6945ad":117,"a40d08e1":117,"cec79bc2":117,"d2eff358":117,"f1e86522":117,"e70aebb5":117,"fa03f48f":117,"5298dafa":117,"a488b2f1":117,"4caa87d6":117,"25f7f918":117,"f7076e21":117,"c5311ebb":117,"105bb3f6":117,"69e653b6":117,"98d2991b":117,"58de5462":117,"f01c896d":117,"3b411d6a":117,"83826ef3":117,"1f2670d0":117,"595609d5":117,"962c9c8f":117,"aec0bf28":117,"b47f1b89":117,"a017a323":117,"8e6caf71":117,"9a3433b8":117,"8801c469":117,"b6281f1a":117,"b89112cb":117,"66736d5e":117,"48c6df81":117,"5e165f43":117,"30de89a7":117,"06aaa33f":117,"f8785b71":117,"320c65bf":117,"ab4a411a":117,"1fa1e7c2":117,"d7a4b24c":117,"686d5c0b":117,"646af2b9":117,"659389ad":117,"f15eb1c5":117,"240c8679":117,"71789493":117,"0718c3be":117,"8b503f7b":117,"5ac72353":117,"87a8523c":117,"d1b14d06":117,"14e6fe14":117,"37ec5e73":117,"bfff7913":117,"f8636899":117,"37724339":117,"d45d9727":117,"ee5ff2a3":117,"44322dfd":117,"295e4d1d":117,"8cf6570a":117,"403064a0":117,"312af46e":117,"b5a9f8c3":117,"fcbc0ae8":117,"2ff6b6a8":117,"66a71cc1":117,"c416baa6":117,"f6c074a7":117,"ae350a07":117,"680a32a6":117,"ffd6849d":117,"962fca02":117,"83ba647d":117,"cb0bd6b7":117,"75968179":117,"8e426e39":117,"bc8bdc23":117,"51909df8":117,"a71f3f70":117,"e22b0973":117,"1f7aa83c":117,"23646ff9":117,"732d62ee":117,"d4b0751c":117,"3abb827b":117,"5b01444b":117,"0c73c293":117,"88929b06":117,"79995b62":117,"08c4692e":117,"97160db8":117,"5b2479ef":117,"589f0d6e":117,"51b4016a":117,"1d882c36":117,"eb62e8f2":117,"46bf9112":117,"092ad3d6":117,"bf940089":117,"01f34f98":117,"1670b0d3":117,"ec97d63e":117,"94208a41":117,"2cbcad17":117,"4dccb5ca":117,"83268abf":117,"578c4c95":117,"c606b472":117,"bf4b58e4":117,"808bc372":117,"c792a7c1":117,"5a7da061":117,"06a94514":117,"73c420df":117,"0700da70":117,"ff591765":117,"93f12198":117,"62e270e5":117,"66b1b6d7":117,"b062adc4":117,"4aae5133":117,"63a3af32":117,"3fec4b0b":117,"faa3de3e":117,"44983d13":117,"80999122":117,"72af9198":117,"e39e9552":117,"81c1b70d":117,"e72f0f82":117,"88374b72":117,"fdfaf1ed":117,"ea981bed":117,"5e197575":117,"e587c4d0":117,"9666b973":117,"653b27c7":117,"83b37fd6":117,"4d852788":117,"e43a9448":117,"3542b748":117,"379c53ab":117,"525b2635":117,"caa38a45":117,"a9987a58":117,"b6b8e5c7":117,"e82177d3":117,"89914b94":117,"04bdf5e1":117,"da8b42be":117,"3b0576bf":117,"9458934f":117,"1dcc489c":117,"945badf3":117,"1327775b":117,"bdd40125":117,"75fd47f7":117,"1c52a07e":117,"e70ccc25":117,"afd1494f":117,"ca6bffd3":117,"829c44a4":117,"e76e2617":117,"2b4fd52e":117,"57162572":117,"d1d50cfe":117,"e396d80d":117,"7da61f27":117,"dc874a97":117,"85a220de":117,"40a7cdd2":117,"ac033c7b":117,"87759976":117,"4df3f62e":117,"c881a53e":117,"80c1c8b1":117,"cf52acd8":117,"a63cb4ce":117,"d3b3492b":117,"7580cfa4":117,"22a96386":117,"5c672b50":117,"5df16440":117,"b666e56d":117,"8db378ff":117,"784d6375":117,"4541bf85":117,"a6b13f20":117,"2459c882":117,"3df97186":117,"ef0490de":117,"e0f47ced":117,"309bbf54":117,"cc537772":117,"6618390c":117,"99cc0813":117,"dc32c4e1":117,"239c636e":117,"6ee160ff":117,"c55d40ca":117,"22c177a8":117,"f7ffcbb8":117,"5728f934":117,"00b26865":117,"c333337d":117,"815c56bc":117,"5bd61a68":117,"00ae883f":117,"f416ee62":117,"0d2b182d":117,"320754c3":117,"232b2f64":117,"3171b6e7":117,"3b25460f":117,"d2064756":117
1601327144615,"8582c5cf":117,"0c353665":117,"231e8700":117,"1f9fbd85":117,"43f24679":117,"a1c0dfc4":117,"78f71162":117,"4b27a9a4":117,"163f4d19":117,"1d043d5a":117,"b2f82e06":117,"5b0b43e6":117,"b5474d69":117,"5a938eeb":117,"4fe0dedf":117,"951fc6d0":117,"61892a4c":117,"f096219e":117,"a3f0a6ec":117,"01051f84":117,"aa7e370d":117,"f995eeab":117,"4006e709":117,"0dedf63e":117,"a9d5374b":117,"4321f02d":117,"089b3f8f":117,"7698d0dc":117,"784414ce":117,"2df3efdb":117,"d0f1b7bd":117,"e7799883":117,"4f9456cf":117,"6e260ee8":117,"f4f84279":117,"b0950de5":117,"6f873999":117,"1f4e0e22":117,"dfe4a061":117,"c2bf7d51":117,"60d69311":117,"781afef6":117,"3b09f1de":117,"de9229a0":117,"b371f44a":117,"8b6180ff":117,"99a5feef":117,"8819ac24":117,"f6266388":117,"dbbf7f69":117,"e64fd39c":117,"e1b3ce36":117,"625fa164":117,"0c6ae551":117,"e8f4c1dd":117,"cede8b8c":117,"ad95ff4a":117,"893a99c5":117,"d8bf32b5":117,"0eb42efe":117,"03c4ab87":117,"4e3d3af7":117,"3a4803a8":117,"f7a7de5d":117,"d4e56c3e":117,"0c045c2d":117,"8efd4801":117,"7eb8f268":117,"20236d3e":117,"36ae8cd8":117,"3ddd5391":117,"07f69c6d":117,"2254f0f5":117,"ea282e84":117,"6653c83b":117,"c896052c":117,"287ecd1c":117,"f9376d3e":117,"07a94e8c":117,"bb017b49":117,"37b52fe4":117,"61ad1519":117,"819c4185":117,"ba69b06b":117,"7d2a2cb4":117,"4f62491c":117,"70b4c438":117,"a8edfe84":117,"2ed19b1e":117,"959e16ea":117,"02f76c64":117,"5c6d1f33":117,"b4801cae":117,"c3c2fd05":117,"f8c97147":117,"c2526ff3":117,"cc386067":117,"a22ffd8f":117,"3cd28a4d":117,"44a12c31":117,"45a961ca":117,"5ca978fd":117,"668e601b":117,"7552d86c":117,"02ebf3b6":117,"bb17a968":117,"71ed93db":117,"c92efaa8":117,"c241ac7e":117,"62a45672":117,"210e507a":117,"ac6e268b":117,"742238e8":117,"4abcb85d":117,"cba26072":117,"2a718dcc":117,"c6a9a8e1":117,"88854fd0":117,"8dc27d2a":117,"41d7f05d":117,"2b851827":117,"9f428a03":117,"4d504d96":117,"0533ece1":117,"bcee2ef3":117,"0afba00c":117,"04ff8100":117,"6c00d8d6":117,"ac9a02bc":117,"acfe69ed":117,"426603ff":117,"2db2f252":117,"2e84193b":117,"c55683c9":117,"51233daf":117,"02791635":117,"be081247":117,"5cc47d1b":117,"678b846f":117,"b4bd39d8":117,"b4cdbe5d":117,"fa0386f3":117,"b95d0f17":117,"cee9c347":117
1601327145362,"7800e7ce":118,"77869ff0":118,"4b8f7b16":118,"89f75690":118,"cb363e2f":118,"cd802f02":118,"d3cca7eb":118,"e866a899":118,"5690e712":118,"d5d94481":118,"ffe48500":118,"c7a45a33":118,"faffe099":118,"e99490cd":118,"3b830769":118,"583f0305":118,"1557c50a":118,"249e80ab":118,"f52a3d94":118,"eb74d3dd":118,"3bcbc28d":118,"3c0455e7":118,"df203c79":118,"df1e1ac0":118,"491708eb":118,"e421caaa":118,"2d2ecf27":118,"d38a4953":118,"eba5efdd":118,"a5463f93":118,"c85ac4f8":118,"bc253f4f":118,"0d9d2bf8":118,"846b7f11":118,"d3411467":118,"1df0ce7f":118,"a08171d0":118,"c8bc5677":118,"dfca0518":118,"b9a21017":118,"e47705d3":118,"3cae4115":118,"0ccf4731":118,"c7c6782d":118,"54346574":118,"b12cbf87":118,"81942d9b":118,"699b90c1":118,"d9b5a7a8":118,"1e7914d2":118,"e5d8fdb2":118,"3412ab75":118,"bcac5daf":118,"62d028cc":118,"0af2cf39":118,"27491297":118,"d041ea86":118,"1eda11b2":118,"fc442678":118,"0b92d2a9":118,"070bed95":118,"67e5d108":118,"3d37b94b":118,"842c97c2":118,"c4cef92b":118,"0eecdc5b":118,"b7e495ea":118,"45ec63c0":118,"0ddfde2c":118,"a8b41774":118,"81f0da2d":118,"1fcc8ba4":118,"75a9c117":118,"12ba54ec":118,"be391c1a":118,"37d8a5b7":118,"d5ab81c4":118,"2ecde685":118,"f0bd52d3":118,"dcc20f76":118,"666a8ef0":118,"c5b609f1":118,"4dc5849a":118,"d605c755":118,"8a8c1d67":118,"cc6b3306":118,"8c2dfd9a":118,"f11267b9":118,"a483b15e":118,"f80ab49d":118,"95eaed39":118,"a5ba0ebb":118,"f53362a9":118,"1901ef7e":118,"960c2e6b":118,"3515e999":118,"d11f8f1b":118,"9d9eb027":118,"325f9a29":118,"503aafe5":118,"080d5d42":118,"5d03f5dc":118,"f0a01341":118,"1ee4d9f9":118,"0d6e45e7":118,"0da97151":118,"e829038c":118,"4987cfb5":118,"ba90687c":118,"77f2cf92":118,"037e2be4":118,"9e7dbd20":118,"0c086273":118,"ac13c3b0":118,"b4d9c57f":118,"5d53c964":118,"8ee9cc91":118,"4cc0af91":118,"55f6a2ba":118,"9559ea96":118,"9cb044bf":118,"16b25add":118,"80ee333e":118,"3b329af2":118,"1cd662bf":118,"72992b35":118,"47589344":118,"593b1533":118,"e9f6e5ce":118,"ed6bead5":118,"96f594b9":118,"94dfcfc5":118,"8301986e":118,"830ecfec":118,"a8bae791":118,"312009ee":118,"c98759fd":118,"e8b6d676":118,"45ee5840":118,"76f04033":118,"43480b19":118,"fd955858":118,"69798d15":118,"efea71fa":118,"fb3aa867":118,"c9cf710b":118,"fcacdeb3":118,"0ea055ed":118,"e3b1bdf8":118,"644b45fb":118,"18c73816":118,"e491161e":118,"b5087677":118,"16f60bed":118,"cb0c3481":118,"7664512c":118,"df9a53b8":118,"f6c27b2b":118,"945f6c24":118,"f1daea7e":118,"b8fb90e3":118,"56227e35":118,"0d6bf22a":118,"b87321d0":118,"43205b5d":118,"8982905a":118,"f6fe1ad7":118,"230064fa":118,"764e0abb":118,"bba6d88e":118,"ea3479ec":118,"32266fa3":118,"50b090c3":118,"8be24763":118,"eb4800b2":118,"6e0ce9dc":118,"87d9bec4":118,"e30dfa0c":118,"6da34174":118,"bfb849fa":118,"0a10b423":118,"9ef7cee7":118,"49f1a0d1":118,"5f04aa76":118,"ba297382":118,"0287db2a":118,"96abe4a9":118,"753b10b1":118,"cf14bd99":118,"782022f4":118,"322e833f":118,"ab3619e4":118,"106006ad":118,"c8237be9":118,"1416e8f5":118,"dde2eed5":118,"a208caa8":118,"16605353":118,"77b39e15":118
1601327145943,"f1726edb":118,"92b72493":118,"d3e58903":118,"4481c4be":118,"7954891b":118,"4afd60a9":118,"d44c0ea3":118,"68f87858":118,"533bac6b":118,"41634dba":118,"43fd1327":118,"590ce3d3":118,"1802d7ce":118,"0a49914b":118,"5d3f5cad":118,"cf347cba":118,"fc0c23f7":118,"641f9b9e":118,"c92edec5":118,"9f03c1e7":118,"06c24a8d":118,"2f35e75f":118,"3eddf7c8":118,"77970f8b":118,"efd594d5":118,"4718294d":118,"5352cf45":118,"e0ffe8ff":118,"ae14d6b5":118,"721f5f42":118,"0b50bca6":118,"5b09e53e":118,"da5bb0f7":118,"6d925c84":118,"50b23ab2":118,"edfa56d4":118,"899c16eb":118,"41c76041":118,"6bb1fa99":118,"d73ff72e":118,"61c0ca91":118,"d2fda7be":118,"ce20ca3c":118,"1d2d958b":118,"81fb6a01":118,"7f5b27c8":118,"fb3444d9":118,"f05de640":118,"86a68967":118,"3b3569f6":118,"b01ab62a":118,"113e7f4b":118,"8cce569a":118,"ce6401b6":118,"6f57824c":118,"28bd7aa1":118,"1d52fb0d":118,"cde0d748":118,"535ed444":118,"710f0d0e":118,"0905f1fb":118,"a20e529c":118,"1ae76fcc":118,"35b161d3":118,"344cd1a3":118,"77ea1236":118,"96d2a118":118,"23a0e41f":118,"b32a1080":118,"a2c4b591":118,"6dfa57be":118,"1854ce44":118,"f92b22f1":118,"ece12664":118,"36f4ecde":118,"568a0d58":118,"5fd569d2":118,"10c8fd03":118,"bd4ccb49":118,"e773d697":118,"7e8c11e7":118,"077eb15a":118,"5337c279":118,"8d256cb6":118,"7021c619":118,"32ae00db":118,"bf2defb2":118,"bc733a28":118,"30d32d34":118,"56cd4dca":118,"7f469f4c":118,"f92dedfc":118,"bf2ca266":118,"5d8d9641":118,"0de67c6c":118,"2311399f":118,"5e3ebf5e":118,"9f6ca218":118,"6213799d":118,"44cb1fd2":118,"baf19c25":118,"24a79a6e":118,"edde30af":118,"4d949e11":118,"df12f689":118,"1da10cbf":118,"832c48e4":118,"dc90a44c":118,"1ad7c45b":118,"5566c17c":118,"86a22252":118,"0000dece":118,"ce5efdbe":118,"58ace2b5":118,"d379fd96":118,"7b819458":118,"7f8024cd":118,"ae562513":118,"7b66dacd":118,"9ab137d7":118,"7191d1cd":118,"005354dd":118,"355d1489":118,"f96fc1af":118,"06713bac":118,"61aca924":118,"d97fb857":118,"59ff5ec6":118,"ef04e64e":118,"6e2d04de":118,"2fca1798":118,"05028839":118,"5488826c":118,"84fff5c1":118,"c649992d":118,"d5ad3ed6":118,"8e5f7187":118,"55ba7579":118,"b7769ca6":118,"9c27de51":118,"38a75b48":118,"1792bfa3":118,"426f1904":118,"7c0f1ca9":118,"b2f820ac":118,"25d4f65d":118,"886c16d3":118,"e8d09b62":118,"eddb6a2a":118,"ff8a00aa":118,"c146560b":118,"985068e7":118,"d543ba6f":118,"76da16fa":118,"bffee581":118,"07150038":118,"080fa362":118,"7b6945ad":118,"a40d08e1":118,"cec79bc2":118,"d2eff358":118,"e70aebb5":118,"f1e86522":118,"fa03f48f":118,"a488b2f1":118,"5298dafa":118,"4caa87d6":118,"f7076e21":118,"25f7f918":118,"c5311ebb":118,"69e653b6":118,"98d2991b":118,"105bb3f6":118,"58de5462":118,"3b411d6a":118,"f01c896d":118,"83826ef3":118,"1f2670d0":118,"595609d5":118,"b47f1b89":118,"962c9c8f":118,"8e6caf71":118,"aec0bf28":118,"a017a323":118,"9a3433b8":118,"b89112cb":118,"8801c469":118,"b6281f1a":118,"66736d5e":118,"30de89a7":118,"48c6df81":118,"5e165f43":118,"06aaa33f":118,"f8785b71":118,"320c65bf":118,"ab4a411a":118,"1fa1e7c2":118,"646af2b9":118,"d7a4b24c":118,"686d5c0b":118,"659389ad":118,"240c8679":118,"f15eb1c5":118,"71789493":118,"0718c3be":118,"5ac72353":118,"8b503f7b":118,"d1b14d06":118,"87a8523c":118,"c416baa6":118,"f6c074a7":118,"ffd6849d":118,"ae350a07":118,"962fca02":118,"680a32a6":118,"83ba647d":118,"75968179":118,"bc8bdc23":118,"cb0bd6b7":118,"a71f3f70":118,"8e426e39":118,"51909df8":118,"1f7aa83c":118,"e22b0973":118,"732d62ee":118,"d4b0751c":118,"23646ff9":118,"3abb827b":118,"5b01444b":118,"79995b62":118,"0c73c293":118,"97160db8":118,"88929b06":118,"589f0d6e":118,"08c4692e":118,"5b2479ef":118,"51b4016a":118,"1d882c36":118,"46bf9112":118,"092ad3d6":118,"eb62e8f2":118,"bf940089":118,"01f34f98":118,"1670b0d3":118,"ec97d63e":118,"94208a41":118,"2cbcad17":118,"4dccb5ca":118,"83268abf":118,"578c4c95":118,"c606b472":118,"808bc372":118,"c792a7c1":118,"5a7da061":118,"06a94514":118,"73c420df":118,"0700da70":118,"ff591765":118,"93f12198":118,"62e270e5":118,"66b1b6d7":118,"b062adc4":118,"4aae5133":118,"63a3af32":118,"3fec4b0b":118,"faa3de3e":118,"44983d13":118,"80999122":118,"9666b973":118,"653b27c7":118,"83b37fd6":118,"4d852788":118,"e43a9448":118,"3542b748":118,"379c53ab":118,"e396d80d":118,"7da61f27":118,"dc874a97":118,"85a220de":118,"40a7cdd2":118,"ac033c7b":118,"87759976":118,"4df3f62e":118,"c881a53e":118,"80c1c8b1":118,"cf52acd8":118,"a63cb4ce":118,"72af9198":118,"e39e9552":118,"81c1b70d":118,"e72f0f82":118,"88374b72":118,"fdfaf1ed":118,"ea981bed":118,"5e197575":118,"e587c4d0":118,"525b2635":118,"caa38a45":118,"a9987a58":118,"b6b8e5c7":118,"e82177d3":118,"89914b94":118,"04bdf5e1":118,"da8b42be":118,"3b0576bf":118,"9458934f":118,"1dcc489c":118,"945badf3":118,"1327775b":118,"bdd40125":118,"75fd47f7":118,"1c52a07e":118,"e70ccc25":118,"afd1494f":118,"ca6bffd3":118,"829c44a4":118,"e76e2617":118,"2b4fd52e":118,"57162572":118,"d1d50cfe":118,"d3b3492b":118,"7580cfa4":118,"22a96386":118,"5c672b50":118,"5df16440":118,"b666e56d":118,"8db378ff":118,"784d6375":118,"4541bf85":118,"a6b13f20":118,"2459c882":118,"3df97186":118,"ef0490de":118,"e0f47ced":118,"309bbf54":118,"cc537772":118,"6618390c":118,"99cc0813":118,"dc32c4e1":118,"239c636e":118,"6ee160ff":118,"c55d40ca":118,"22c177a8":118,"00ae883f":118,"f416ee62":118,"272e7d0d":118,"f92596ee":118,"68831ea9":118,"9713d076":118,"fd098272":118,"6ee788a7":118,"8249641d":118,"45b0968f":118,"6a9bb182":118,"1f1afd4f":118,"25fb8826":118,"0dc5da58":118,"2874a625":118,"e61ae828":118,"f7ac3883":118,"ccd01528":118,"dab8cf68":118,"00f2a9cb":118,"0d2b182d":118,"320754c3":118,"232b2f64":118,"3171b6e7":118,"3b25460f":118,"d2064756":118,"916fe082":118,"b64dba8e":118,"c3bb30ce":118,"86219c70":118,"601990d8":118,"5c662c19":118,"d2a5d2fd":118,"89d220c2":118,"3e10c9cb":118,"5500a3e8":118,"3c0e87ac":118,"a891461f":118,"a246cdab":118,"117c7f0b":118,"0d21cf99":118,"14e6fe14":118,"37ec5e73":118,"bfff7913":118,"f8636899":118,"37724339":118,"d45d9727":118,"ee5ff2a3":118,"44322dfd":118,"295e4d1d":118,"8cf6570a":118,"403064a0":118,"312af46e":118,"b5a9f8c3":118,"fcbc0ae8":118,"2ff6b6a8":118,"66a71cc1":118,"bf4b58e4":118,"f7ffcbb8":118,"5728f934":118,"00b26865":118,"c333337d":118,"815c56bc":118,"5bd61a68":118,"8582c5cf":118,"0c353665":118,"231e8700":118,"1f9fbd85":118,"43f24679":118,"a1c0dfc4":118,"78f71162":118,"4b27a9a4":118,"163f4d19":118,"1d043d5a":118,"b2f82e06":118,"5b0b43e6":118,"b5474d69":118,"5a938eeb":118,"4fe0dedf":118,"951fc6d0":118,"61892a4c":118,"f096219e":118,"a3f0a6ec":118,"01051f84":118,"aa7e370d":118,"f995eeab":118,"4006e709":118,"0dedf63e":118,"a9d5374b":118,"4321f02d":118,"089b3f8f":118,"7698d0dc":118,"784414ce":118,"dfe4a061":118,"2df3efdb":118,"c2bf7d51":118,"d0f1b7bd":118,"781afef6":118,"e7799883":118,"de9229a0":118,"4f9456cf":118,"99a5feef":118,"f6266388":118,"6e260ee8":118,"f4f84279":118,"e64fd39c":118,"b0950de5":118,"e1b3ce36":118,"625fa164":118,"6f873999":118,"1f4e0e22":118,"0c6ae551":118,"60d69311":118,"e8f4c1dd":118,"cede8b8c":118,"3b09f1de":118,"b371f44a":118,"ad95ff4a":118,"893a99c5":118,"8b6180ff":118,"d8bf32b5":118,"8819ac24":118,"dbbf7f69":118,"0eb42efe":118,"03c4ab87":118,"4e3d3af7":118,"3a4803a8":118,"f7a7de5d":118,"d4e56c3e":118,"0c045c2d":118,"8efd4801":118,"7eb8f268":118,"20236d3e":118,"36ae8cd8":118,"3ddd5391":118,"07f69c6d":118,"2254f0f5":118,"ea282e84":118,"6653c83b":118,"c896052c":118,"287ecd1c":118,"f9376d3e":118,"07a94e8c":118,"bb017b49":118,"37b52fe4":118,"61ad1519":118,"a8edfe84":118,"2ed19b1e":118,"959e16ea":118,"02f76c64":118,"5c6d1f33":118,"b4801cae":118,"c3c2fd05":118,"f8c97147":118,"c2526ff3":118,"cc386067":118,"a22ffd8f":118,"3cd28a4d":118,"44a12c31":118,"45a961ca":118,"5ca978fd":118,"668e601b":118,"7552d86c":118,"02ebf3b6":118,"bb17a968":118,"4abcb85d":118,"cba26072":118,"2a718dcc":118,"c6a9a8e1":118,"88854fd0":118,"8dc27d2a":118,"41d7f05d":118,"2b851827":118,"9f428a03":118,"4d504d96":118,"0533ece1":118,"bcee2ef3":118,"0afba00c":118,"04ff8100":118,"6c00d8d6":118,"ac9a02bc":118,"819c4185":118,"ba69b06b":118,"7d2a2cb4":118,"4f62491c":118,"70b4c438":118,"71ed93db":118,"c92efaa8":118,"c241ac7e":118,"62a45672":118,"210e507a":118,"ac6e268b":118,"742238e8":118,"acfe69ed":118,"426603ff":118,"2db2f252":118,"2e84193b":118,"c55683c9":118,"51233daf":118,"02791635":118,"be081247":118,"5cc47d1b":118,"678b846f":118,"b4bd39d8":118,"b4cdbe5d":118,"fa0386f3":118,"b95d0f17":118,"cee9c347":118
1601327147172,"7800e7ce":119,"77869ff0":119,"4b8f7b16":119,"89f75690":119,"cb363e2f":119,"cd802f02":119,"d3cca7eb":119,"e866a899":119,"5690e712":119,"0b92d2a9":119,"070bed95":119,"67e5d108":119,"3d37b94b":119,"842c97c2":119,"c4cef92b":119,"0eecdc5b":119,"b7e495ea":119,"45ec63c0":119,"0ddfde2c":119,"a8b41774":119,"81f0da2d":119,"1fcc8ba4":119,"75a9c117":119,"12ba54ec":119,"be391c1a":119,"37d8a5b7":119,"d5ab81c4":119,"2ecde685":119,"f0bd52d3":119,"dcc20f76":119,"666a8ef0":119,"c5b609f1":119,"4dc5849a":119,"d605c755":119,"8a8c1d67":119,"cc6b3306":119,"8c2dfd9a":119,"f11267b9":119,"a483b15e":119,"f80ab49d":119,"95eaed39":119,"a5ba0ebb":119,"f53362a9":119,"1901ef7e":119,"960c2e6b":119,"3515e999":119,"d11f8f1b":119,"9d9eb027":119,"325f9a29":119,"503aafe5":119
1601327147545,"d5d94481":119,"ffe48500":119,"c7a45a33":119,"faffe099":119,"e99490cd":119,"3b830769":119,"080d5d42":119,"5d03f5dc":119,"f0a01341":119,"583f0305":119,"1557c50a":119,"249e80ab":119,"f52a3d94":119,"eb74d3dd":119,"3bcbc28d":119,"3c0455e7":119,"df203c79":119,"df1e1ac0":119,"491708eb":119,"e421caaa":119,"2d2ecf27":119,"d38a4953":119,"eba5efdd":119,"a5463f93":119,"c85ac4f8":119,"bc253f4f":119,"0d9d2bf8":119,"846b7f11":119,"d3411467":119,"1df0ce7f":119,"a08171d0":119,"c8bc5677":119,"dfca0518":119,"b9a21017":119,"e47705d3":119,"3cae4115":119,"0ccf4731":119,"c7c6782d":119,"54346574":119,"b12cbf87":119,"81942d9b":119,"699b90c1":119,"d9b5a7a8":119,"1e7914d2":119,"e5d8fdb2":119,"3412ab75":119,"18c73816":119,"e491161e":119,"b5087677":119,"bcac5daf":119,"62d028cc":119,"0af2cf39":119,"27491297":119,"d041ea86":119,"1eda11b2":119,"fc442678":119,"16f60bed":119,"cb0c3481":119,"7664512c":119,"df9a53b8":119,"f6c27b2b":119,"1ee4d9f9":119,"0d6e45e7":119,"0da97151":119,"e829038c":119,"4987cfb5":119,"ba90687c":119,"77f2cf92":119,"037e2be4":119,"9e7dbd20":119,"0c086273":119,"ac13c3b0":119,"b4d9c57f":119,"5d53c964":119,"8ee9cc91":119,"4cc0af91":119,"55f6a2ba":119,"9559ea96":119,"9cb044bf":119,"16b25add":119,"80ee333e":119,"3b329af2":119,"1cd662bf":119,"72992b35":119,"47589344":119,"593b1533":119,"e9f6e5ce":119,"ed6bead5":119,"96f594b9":119,"94dfcfc5":119,"8301986e":119,"830ecfec":119,"a8bae791":119,"312009ee":119,"c98759fd":119,"e8b6d676":119,"45ee5840":119,"76f04033":119,"945f6c24":119,"f1daea7e":119,"b8fb90e3":119,"56227e35":119,"0d6bf22a":119,"b87321d0":119,"43205b5d":119,"8982905a":119,"f6fe1ad7":119,"230064fa":119,"764e0abb":119,"bba6d88e":119,"ea3479ec":119,"32266fa3":119,"50b090c3":119,"8be24763":119,"eb4800b2":119,"6e0ce9dc":119,"87d9bec4":119,"e30dfa0c":119,"6da34174":119,"bfb849fa":119,"0a10b423":119,"9ef7cee7":119,"49f1a0d1":119,"5f04aa76":119,"ba297382":119,"0287db2a":119,"96abe4a9":119,"753b10b1":119,"cf14bd99":119,"43480b19":119,"fd955858":119,"69798d15":119,"efea71fa":119,"fb3aa867":119,"c9cf710b":119,"fcacdeb3":119,"0ea055ed":119,"e3b1bdf8":119,"644b45fb":119,"782022f4":119,"322e833f":119,"ab3619e4":119,"106006ad":119,"c8237be9":119,"1416e8f5":119,"dde2eed5":119,"a208caa8":119,"16605353":119,"77b39e15":119,"f1726edb":119,"92b72493":119,"d3e58903":119,"4481c4be":119,"7954891b":119,"4afd60a9":119,"d44c0ea3":119,"68f87858":119,"533bac6b":119,"41634dba":119,"43fd1327":119,"113e7f4b":119,"8cce569a":119,"ce6401b6":119,"6f57824c":119,"28bd7aa1":119,"1d52fb0d":119,"cde0d748":119,"535ed444":119,"710f0d0e":119,"0905f1fb":119,"a20e529c":119,"1ae76fcc":119,"35b161d3":119,"344cd1a3":119,"77ea1236":119,"96d2a118":119,"23a0e41f":119,"b32a1080":119,"a2c4b591":119,"6dfa57be":119,"1854ce44":119,"f92b22f1":119,"ece12664":119,"36f4ecde":119,"568a0d58":119,"5fd569d2":119,"10c8fd03":119,"bd4ccb49":119,"e773d697":119,"7e8c11e7":119,"077eb15a":119,"5337c279":119,"8d256cb6":119,"7021c619":119,"32ae00db":119,"bf2defb2":119,"bc733a28":119,"30d32d34":119,"886c16d3":119,"e8d09b62":119,"590ce3d3":119,"1802d7ce":119,"0a49914b":119,"5d3f5cad":119,"cf347cba":119,"fc0c23f7":119,"641f9b9e":119,"c92edec5":119,"9f03c1e7":119,"06c24a8d":119,"2f35e75f":119,"3eddf7c8":119,"77970f8b":119,"efd594d5":119,"4718294d":119,"5352cf45":119,"e0ffe8ff":119,"ae14d6b5":119,"721f5f42":119,"0b50bca6":119,"bf2ca266":119,"5d8d9641":119,"0de67c6c":119,"2311399f":119,"5e3ebf5e":119,"9f6ca218":119,"6213799d":119,"44cb1fd2":119,"baf19c25":119,"24a79a6e":119,"edde30af":119,"4d949e11":119,"df12f689":119,"1da10cbf":119,"832c48e4":119,"dc90a44c":119,"1ad7c45b":119,"5566c17c":119,"86a22252":119,"0000dece":119,"ce5efdbe":119,"58ace2b5":119,"d379fd96":119,"7b819458":119,"7f8024cd":119,"ae562513":119,"7b66dacd":119,"9ab137d7":119,"7191d1cd":119,"005354dd":119,"5b09e53e":119,"da5bb0f7":119,"6d925c84":119,"50b23ab2":119,"edfa56d4":119,"899c16eb":119,"41c76041":119,"6bb1fa99":119,"d73ff72e":119,"61c0ca91":119,"d2fda7be":119,"ce20ca3c":119,"1d2d958b":119,"81fb6a01":119,"7f5b27c8":119,"fb3444d9":119,"f05de640":119,"86a68967":119,"56cd4dca":119,"7f469f4c":119,"f92dedfc":119,"355d1489":119,"f96fc1af":119,"06713bac":119,"61aca924":119,"d97fb857":119,"59ff5ec6":119,"ef04e64e":119,"6e2d04de":119,"2fca1798":119,"05028839":119,"5488826c":119,"84fff5c1":119,"c649992d":119,"d5ad3ed6":119,"8e5f7187":119,"55ba7579":119,"b7769ca6":119
1601327148091,"3b3569f6":119,"b01ab62a":119,"76da16fa":119,"bffee581":119,"07150038":119,"080fa362":119,"7b6945ad":119,"f1e86522":119,"a40d08e1":119,"fa03f48f":119,"cec79bc2":119,"5298dafa":119,"d2eff358":119,"25f7f918":119,"e70aebb5":119,"a488b2f1":119,"c5311ebb":119,"105bb3f6":119,"4caa87d6":119,"f7076e21":119,"58de5462":119,"f01c896d":119,"69e653b6":119,"98d2991b":119,"1f2670d0":119,"962c9c8f":119,"3b411d6a":119,"aec0bf28":119,"83826ef3":119,"a017a323":119,"595609d5":119,"8801c469":119,"b47f1b89":119,"b6281f1a":119,"8e6caf71":119,"9a3433b8":119,"48c6df81":119,"b89112cb":119,"5e165f43":119,"f8785b71":119,"66736d5e":119,"ab4a411a":119,"30de89a7":119,"d7a4b24c":119,"06aaa33f":119,"686d5c0b":119,"320c65bf":119,"1fa1e7c2":119,"f15eb1c5":119,"646af2b9":119,"71789493":119,"659389ad":119,"5ac72353":119,"d1b14d06":119,"240c8679":119,"0718c3be":119,"f6c074a7":119,"8b503f7b":119,"ffd6849d":119,"962fca02":119,"87a8523c":119,"75968179":119,"c416baa6":119,"ae350a07":119,"bc8bdc23":119,"a71f3f70":119,"680a32a6":119,"1f7aa83c":119,"83ba647d":119,"cb0bd6b7":119,"732d62ee":119,"d4b0751c":119,"8e426e39":119,"51909df8":119,"5b01444b":119,"79995b62":119,"e22b0973":119,"97160db8":119,"23646ff9":119,"3abb827b":119,"589f0d6e":119,"51b4016a":119,"0c73c293":119,"88929b06":119,"46bf9112":119,"08c4692e":119,"092ad3d6":119,"5b2479ef":119,"bf940089":119,"01f34f98":119,"1d882c36":119,"9c27de51":119,"38a75b48":119,"1792bfa3":119,"426f1904":119,"7c0f1ca9":119,"b2f820ac":119,"25d4f65d":119,"eddb6a2a":119,"ff8a00aa":119,"c146560b":119,"985068e7":119,"d543ba6f":119,"1670b0d3":119,"eb62e8f2":119,"ec97d63e":119,"94208a41":119,"2cbcad17":119,"4dccb5ca":119,"83268abf":119,"578c4c95":119,"c606b472":119,"808bc372":119,"c792a7c1":119,"5a7da061":119,"06a94514":119,"73c420df":119,"0700da70":119,"ff591765":119,"93f12198":119,"62e270e5":119,"66b1b6d7":119,"b062adc4":119,"4aae5133":119,"63a3af32":119,"3fec4b0b":119,"faa3de3e":119,"44983d13":119,"80999122":119,"72af9198":119,"e39e9552":119,"81c1b70d":119,"e72f0f82":119,"88374b72":119,"fdfaf1ed":119,"ea981bed":119,"5e197575":119,"e587c4d0":119,"525b2635":119,"caa38a45":119,"a9987a58":119,"b6b8e5c7":119,"e82177d3":119,"89914b94":119,"04bdf5e1":119,"da8b42be":119,"3b0576bf":119,"9458934f":119,"1dcc489c":119,"945badf3":119,"1327775b":119,"bdd40125":119,"75fd47f7":119,"1c52a07e":119,"e70ccc25":119,"afd1494f":119,"9666b973":119,"653b27c7":119,"83b37fd6":119,"4d852788":119,"e43a9448":119,"ca6bffd3":119,"829c44a4":119,"e76e2617":119,"2b4fd52e":119,"57162572":119,"d1d50cfe":119,"3542b748":119,"379c53ab":119,"e396d80d":119,"7da61f27":119,"dc874a97":119,"85a220de":119,"40a7cdd2":119,"ac033c7b":119,"87759976":119,"4df3f62e":119,"c881a53e":119,"80c1c8b1":119,"cf52acd8":119,"a63cb4ce":119,"d3b3492b":119,"7580cfa4":119,"22a96386":119,"5c672b50":119,"5df16440":119,"b666e56d":119,"8db378ff":119,"784d6375":119,"4541bf85":119,"a6b13f20":119,"2459c882":119,"3df97186":119,"ef0490de":119,"e0f47ced":119,"309bbf54":119,"cc537772":119,"6618390c":119,"99cc0813":119,"dc32c4e1":119,"239c636e":119,"6ee160ff":119,"c55d40ca":119,"22c177a8":119,"00ae883f":119,"f416ee62":119,"0d2b182d":119,"320754c3":119,"232b2f64":119,"3171b6e7":119,"3b25460f":119,"d2064756":119,"272e7d0d":119,"f92596ee":119,"68831ea9":119,"9713d076":119,"fd098272":119,"6ee788a7":119,"8249641d":119,"45b0968f":119,"6a9bb182":119,"1f1afd4f":119,"25fb8826":119,"0dc5da58":119,"2874a625":119,"e61ae828":119,"f7ac3883":119,"ccd01528":119,"dab8cf68":119,"00f2a9cb":119,"916fe082":119,"b64dba8e":119,"c3bb30ce":119,"86219c70":119,"601990d8":119,"5c662c19":119,"d2a5d2fd":119,"89d220c2":119,"3e10c9cb":119,"5500a3e8":119,"3c0e87ac":119,"a891461f":119,"a246cdab":119,"117c7f0b":119,"0d21cf99":119,"14e6fe14":119,"37ec5e73":119,"bfff7913":119,"f8636899":119,"37724339":119,"d45d9727":119,"ee5ff2a3":119,"44322dfd":119,"295e4d1d":119,"8cf6570a":119,"403064a0":119,"312af46e":119,"b5a9f8c3":119,"fcbc0ae8":119,"2ff6b6a8":119,"66a71cc1":119,"bf4b58e4":119,"f7ffcbb8":119,"5728f934":119,"00b26865":119,"c333337d":119,"815c56bc":119,"5bd61a68":119,"8582c5cf":119,"0c353665":119,"231e8700":119,"1f9fbd85":119,"43f24679":119,"a1c0dfc4":119,"78f71162":119,"4b27a9a4":119,"163f4d19":119,"1d043d5a":119,"b2f82e06":119,"5b0b43e6":119,"b5474d69":119,"5a938eeb":119,"4fe0dedf":119,"951fc6d0":119,"61892a4c":119,"f096219e":119,"a3f0a6ec":119,"01051f84":119,"aa7e370d":119,"f995eeab":119,"4006e709":119,"0dedf63e":119,"a9d5374b":119,"4321f02d":119,"089b3f8f":119,"7698d0dc":119,"784414ce":119,"2df3efdb":119,"d0f1b7bd":119,"e7799883":119,"4f9456cf":119,"6e260ee8":119,"f4f84279":119,"b0950de5":119,"6f873999":119,"1f4e0e22":119,"60d69311":119,"3b09f1de":119,"b371f44a":119,"8b6180ff":119,"8819ac24":119,"dbbf7f69":119,"dfe4a061":119,"c2bf7d51":119,"781afef6":119,"de9229a0":119,"99a5feef":119,"f6266388":119,"e64fd39c":119,"e1b3ce36":119,"625fa164":119,"a8edfe84":119,"2ed19b1e":119,"959e16ea":119,"02f76c64":119,"5c6d1f33":119,"b4801cae":119,"c3c2fd05":119,"f8c97147":119,"0c6ae551":119,"e8f4c1dd":119,"cede8b8c":119,"ad95ff4a":119,"893a99c5":119,"d8bf32b5":119,"0eb42efe":119,"03c4ab87":119,"4e3d3af7":119,"3a4803a8":119,"f7a7de5d":119,"d4e56c3e":119,"0c045c2d":119,"8efd4801":119,"7eb8f268":119,"20236d3e":119,"36ae8cd8":119,"3ddd5391":119,"07f69c6d":119,"2254f0f5":119,"ea282e84":119,"6653c83b":119,"c896052c":119,"287ecd1c":119,"f9376d3e":119,"07a94e8c":119,"bb017b49":119,"37b52fe4":119,"61ad1519":119,"819c4185":119,"ba69b06b":119,"7d2a2cb4":119,"4f62491c":119,"c2526ff3":119,"cc386067":119,"a22ffd8f":119,"3cd28a4d":119,"44a12c31":119,"45a961ca":119,"5ca978fd":119,"668e601b":119,"7552d86c":119,"02ebf3b6":119,"bb17a968":119,"4abcb85d":119,"cba26072":119,"2a718dcc":119,"c6a9a8e1":119,"88854fd0":119,"8dc27d2a":119,"41d7f05d":119,"2b851827":119,"9f428a03":119,"4d504d96":119,"0533ece1":119,"bcee2ef3":119,"0afba00c":119,"04ff8100":119,"6c00d8d6":119,"ac9a02bc":119,"acfe69ed":119,"426603ff":119,"2db2f252":119,"2e84193b":119,"c55683c9":119,"51233daf":119,"02791635":119,"be081247":119,"70b4c438":119,"71ed93db":119,"c92efaa8":119,"c241ac7e":119,"62a45672":119,"210e507a":119,"ac6e268b":119,"742238e8":119,"5cc47d1b":119,"678b846f":119,"b4bd39d8":119,"b4cdbe5d":119,"fa0386f3":119,"b95d0f17":119,"cee9c347":119
1601327149106,"7800e7ce":120,"77869ff0":120,"4b8f7b16":120,"89f75690":120,"cb363e2f":120,"cd802f02":120,"d3cca7eb":120,"e866a899":120,"5690e712":120,"0b92d2a9":120,"070bed95":120,"67e5d108":120,"3d37b94b":120,"842c97c2":120,"c4cef92b":120,"0eecdc5b":120,"d5d94481":120,"ffe48500":120,"c7a45a33":120,"faffe099":120,"e99490cd":120,"3b830769":120,"583f0305":120,"1557c50a":120,"249e80ab":120,"f52a3d94":120,"eb74d3dd":120,"3bcbc28d":120,"3c0455e7":120,"df203c79":120,"df1e1ac0":120,"491708eb":120,"e421caaa":120,"2d2ecf27":120,"d38a4953":120,"eba5efdd":120,"a5463f93":120,"c85ac4f8":120,"bc253f4f":120,"0d9d2bf8":120,"846b7f11":120,"d3411467":120,"1df0ce7f":120,"a08171d0":120,"c8bc5677":120,"dfca0518":120,"b9a21017":120,"e47705d3":120,"3cae4115":120,"0ccf4731":120,"c7c6782d":120,"54346574":120,"b12cbf87":120,"81942d9b":120,"699b90c1":120,"d9b5a7a8":120,"1e7914d2":120,"e5d8fdb2":120,"3412ab75":120,"bcac5daf":120,"62d028cc":120,"0af2cf39":120,"27491297":120,"d041ea86":120,"1eda11b2":120,"fc442678":120,"b7e495ea":120,"45ec63c0":120,"0ddfde2c":120,"a8b41774":120,"81f0da2d":120,"1fcc8ba4":120,"75a9c117":120,"12ba54ec":120,"be391c1a":120,"37d8a5b7":120,"d5ab81c4":120,"2ecde685":120,"f0bd52d3":120,"dcc20f76":120,"666a8ef0":120,"c5b609f1":120,"4dc5849a":120,"d605c755":120,"8a8c1d67":120,"cc6b3306":120,"8c2dfd9a":120,"f11267b9":120,"a483b15e":120,"f80ab49d":120,"95eaed39":120,"a5ba0ebb":120,"f53362a9":120,"1901ef7e":120,"960c2e6b":120,"3515e999":120,"d11f8f1b":120,"9d9eb027":120,"325f9a29":120,"503aafe5":120
1601327149658,"080d5d42":120,"5d03f5dc":120,"f0a01341":120,"1ee4d9f9":120,"0d6e45e7":120,"0da97151":120,"e829038c":120,"4987cfb5":120,"ba90687c":120,"77f2cf92":120,"037e2be4":120,"9e7dbd20":120,"0c086273":120,"ac13c3b0":120,"b4d9c57f":120,"5d53c964":120,"8ee9cc91":120,"4cc0af91":120,"55f6a2ba":120,"9559ea96":120,"9cb044bf":120,"16b25add":120,"80ee333e":120,"3b329af2":120,"1cd662bf":120,"72992b35":120,"47589344":120,"593b1533":120,"e9f6e5ce":120,"ed6bead5":120,"96f594b9":120,"94dfcfc5":120,"8301986e":120,"830ecfec":120,"a8bae791":120,"312009ee":120,"c98759fd":120,"e8b6d676":120,"45ee5840":120,"76f04033":120,"43480b19":120,"fd955858":120,"69798d15":120,"efea71fa":120,"fb3aa867":120,"c9cf710b":120,"fcacdeb3":120,"0ea055ed":120,"e3b1bdf8":120,"644b45fb":120,"18c73816":120,"e491161e":120,"b5087677":120,"16f60bed":120,"cb0c3481":120,"7664512c":120,"df9a53b8":120,"f6c27b2b":120,"945f6c24":120,"f1daea7e":120,"b8fb90e3":120,"56227e35":120,"0d6bf22a":120,"b87321d0":120,"43205b5d":120,"8982905a":120,"f6fe1ad7":120,"230064fa":120,"764e0abb":120,"bba6d88e":120,"ea3479ec":120,"32266fa3":120,"50b090c3":120,"8be24763":120,"eb4800b2":120,"6e0ce9dc":120,"87d9bec4":120,"e30dfa0c":120,"6da34174":120,"bfb849fa":120,"0a10b423":120,"9ef7cee7":120,"49f1a0d1":120,"5f04aa76":120,"ba297382":120,"0287db2a":120,"96abe4a9":120,"753b10b1":120,"cf14bd99":120,"782022f4":120,"322e833f":120,"ab3619e4":120,"106006ad":120,"c8237be9":120,"1416e8f5":120,"dde2eed5":120,"a208caa8":120,"16605353":120,"77b39e15":120,"f1726edb":120,"92b72493":120,"d3e58903":120,"4481c4be":120,"7954891b":120,"4afd60a9":120,"d44c0ea3":120,"68f87858":120,"533bac6b":120,"41634dba":120,"43fd1327":120,"113e7f4b":120,"8cce569a":120,"ce6401b6":120,"6f57824c":120,"28bd7aa1":120,"1d52fb0d":120,"590ce3d3":120,"1802d7ce":120,"0a49914b":120,"5d3f5cad":120,"cf347cba":120,"fc0c23f7":120,"641f9b9e":120,"c92edec5":120,"9f03c1e7":120,"06c24a8d":120,"2f35e75f":120,"3eddf7c8":120,"77970f8b":120,"efd594d5":120,"4718294d":120,"5352cf45":120,"e0ffe8ff":120,"ae14d6b5":120,"721f5f42":120,"0b50bca6":120,"5b09e53e":120,"da5bb0f7":120,"6d925c84":120,"50b23ab2":120,"edfa56d4":120,"899c16eb":120,"41c76041":120,"6bb1fa99":120,"d73ff72e":120,"61c0ca91":120,"d2fda7be":120,"cde0d748":120,"535ed444":120,"710f0d0e":120,"0905f1fb":120,"a20e529c":120,"1ae76fcc":120,"35b161d3":120,"344cd1a3":120,"77ea1236":120,"96d2a118":120,"23a0e41f":120,"b32a1080":120,"a2c4b591":120,"6dfa57be":120,"1854ce44":120,"f92b22f1":120,"ece12664":120,"36f4ecde":120,"568a0d58":120,"5fd569d2":120,"10c8fd03":120,"bd4ccb49":120,"e773d697":120,"7e8c11e7":120,"077eb15a":120,"5337c279":120,"8d256cb6":120,"7021c619":120,"32ae00db":120,"bf2defb2":120,"bc733a28":120,"30d32d34":120,"886c16d3":120,"ce20ca3c":120,"1d2d958b":120,"81fb6a01":120,"7f5b27c8":120,"fb3444d9":120,"f05de640":120,"86a68967":120,"56cd4dca":120,"7f469f4c":120,"f92dedfc":120,"355d1489":120,"f96fc1af":120,"06713bac":120,"61aca924":120,"d97fb857":120,"59ff5ec6":120,"ef04e64e":120,"6e2d04de":120,"2fca1798":120,"05028839":120,"5488826c":120,"84fff5c1":120,"c649992d":120,"d5ad3ed6":120,"8e5f7187":120,"55ba7579":120,"e8d09b62":120,"b7769ca6":120,"9c27de51":120,"38a75b48":120,"1792bfa3":120,"bf2ca266":120,"5d8d9641":120,"0de67c6c":120,"2311399f":120,"5e3ebf5e":120,"9f6ca218":120,"6213799d":120,"44cb1fd2":120,"baf19c25":120,"24a79a6e":120,"edde30af":120,"4d949e11":120,"df12f689":120,"1da10cbf":120,"832c48e4":120,"dc90a44c":120,"1ad7c45b":120,"5566c17c":120,"86a22252":120,"0000dece":120,"ce5efdbe":120,"58ace2b5":120,"d379fd96":120,"7b819458":120,"7f8024cd":120,"ae562513":120,"7b66dacd":120,"9ab137d7":120,"7191d1cd":120,"005354dd":120,"426f1904":120,"7c0f1ca9":120,"b2f820ac":120,"25d4f65d":120,"3b3569f6":120,"b01ab62a":120,"76da16fa":120,"bffee581":120,"07150038":120,"080fa362":120,"7b6945ad":120,"a40d08e1":120,"cec79bc2":120,"d2eff358":120,"e70aebb5":120,"a488b2f1":120,"f1e86522":120,"4caa87d6":120,"fa03f48f":120,"f7076e21":120,"5298dafa":120,"69e653b6":120,"25f7f918":120,"98d2991b":120,"c5311ebb":120,"105bb3f6":120,"3b411d6a":120,"58de5462":120,"83826ef3":120,"595609d5":120,"f01c896d":120,"1f2670d0":120,"b47f1b89":120,"8e6caf71":120,"962c9c8f":120,"aec0bf28":120,"9a3433b8":120,"b89112cb":120,"a017a323":120,"66736d5e":120,"8801c469":120,"eddb6a2a":120,"ff8a00aa":120,"c146560b":120,"985068e7":120,"d543ba6f":120,"b6281f1a":120,"30de89a7":120,"48c6df81":120,"5e165f43":120,"f8785b71":120,"06aaa33f":120,"320c65bf":120,"ab4a411a":120,"d7a4b24c":120,"1fa1e7c2":120,"686d5c0b":120,"646af2b9":120,"659389ad":120,"f15eb1c5":120,"71789493":120,"240c8679":120,"5ac72353":120,"0718c3be":120,"8b503f7b":120,"d1b14d06":120,"f6c074a7":120,"87a8523c":120,"c416baa6":120,"ffd6849d":120,"ae350a07":120,"962fca02":120,"75968179":120,"680a32a6":120,"bc8bdc23":120,"83ba647d":120,"cb0bd6b7":120,"a71f3f70":120,"8e426e39":120,"1f7aa83c":120,"51909df8":120,"732d62ee":120,"d4b0751c":120,"e22b0973":120,"23646ff9":120,"5b01444b":120,"79995b62":120,"3abb827b":120,"0c73c293":120,"97160db8":120,"88929b06":120,"589f0d6e":120,"08c4692e":120,"51b4016a":120,"46bf9112":120,"5b2479ef":120,"1d882c36":120,"092ad3d6":120,"bf940089":120,"eb62e8f2":120,"01f34f98":120,"1670b0d3":120,"ec97d63e":120,"94208a41":120,"2cbcad17":120,"4dccb5ca":120,"808bc372":120,"83268abf":120,"c792a7c1":120,"578c4c95":120,"5a7da061":120,"c606b472":120,"06a94514":120,"73c420df":120,"0700da70":120,"ff591765":120,"93f12198":120,"62e270e5":120,"66b1b6d7":120,"b062adc4":120,"4aae5133":120,"63a3af32":120,"3fec4b0b":120,"faa3de3e":120,"44983d13":120,"80999122":120,"72af9198":120,"e39e9552":120,"81c1b70d":120,"e72f0f82":120,"88374b72":120,"9666b973":120,"653b27c7":120,"83b37fd6":120,"4d852788":120,"e43a9448":120,"3542b748":120,"379c53ab":120,"e396d80d":120,"7da61f27":120,"dc874a97":120,"85a220de":120,"40a7cdd2":120,"ac033c7b":120,"87759976":120,"4df3f62e":120,"c881a53e":120,"80c1c8b1":120,"cf52acd8":120,"a63cb4ce":120,"d3b3492b":120,"7580cfa4":120,"22a96386":120,"5c672b50":120,"5df16440":120,"b666e56d":120,"8db378ff":120,"fdfaf1ed":120,"ea981bed":120,"5e197575":120,"e587c4d0":120,"525b2635":120,"caa38a45":120,"a9987a58":120,"b6b8e5c7":120,"e82177d3":120,"89914b94":120,"04bdf5e1":120,"da8b42be":120,"3b0576bf":120,"9458934f":120,"1dcc489c":120,"945badf3":120,"1327775b":120,"bdd40125":120,"75fd47f7":120,"1c52a07e":120,"e70ccc25":120,"afd1494f":120,"ca6bffd3":120,"829c44a4":120,"e76e2617":120,"2b4fd52e":120,"57162572":120,"d1d50cfe":120,"784d6375":120,"4541bf85":120,"a6b13f20":120
1601327150101,"2459c882":120,"3df97186":120,"ef0490de":120,"e0f47ced":120,"309bbf54":120,"cc537772":120,"6618390c":120,"99cc0813":120,"dc32c4e1":120,"239c636e":120,"6ee160ff":120,"c55d40ca":120,"22c177a8":120,"00ae883f":120,"f416ee62":120,"0d2b182d":120,"320754c3":120,"232b2f64":120,"3171b6e7":120,"3b25460f":120,"d2064756":120,"272e7d0d":120,"f92596ee":120,"68831ea9":120,"9713d076":120,"fd098272":120,"6ee788a7":120,"8249641d":120,"45b0968f":120,"6a9bb182":120,"1f1afd4f":120,"25fb8826":120,"0dc5da58":120,"2874a625":120,"e61ae828":120,"f7ac3883":120,"ccd01528":120,"dab8cf68":120,"00f2a9cb":120,"916fe082":120,"b64dba8e":120,"c3bb30ce":120,"86219c70":120,"601990d8":120,"5c662c19":120,"d2a5d2fd":120,"89d220c2":120,"3e10c9cb":120,"5500a3e8":120,"3c0e87ac":120,"a891461f":120,"a246cdab":120,"117c7f0b":120,"0d21cf99":120,"14e6fe14":120,"37ec5e73":120,"bfff7913":120,"f8636899":120,"37724339":120,"d45d9727":120,"ee5ff2a3":120,"44322dfd":120,"295e4d1d":120,"8cf6570a":120,"403064a0":120,"312af46e":120,"b5a9f8c3":120,"fcbc0ae8":120,"2ff6b6a8":120,"66a71cc1":120,"bf4b58e4":120,"f7ffcbb8":120,"5728f934":120,"00b26865":120,"c333337d":120,"815c56bc":120,"5bd61a68":120,"8582c5cf":120,"0c353665":120,"231e8700":120,"1f9fbd85":120,"43f24679":120,"a1c0dfc4":120,"78f71162":120,"4b27a9a4":120,"163f4d19":120,"1d043d5a":120,"b2f82e06":120,"5b0b43e6":120,"b5474d69":120,"5a938eeb":120,"4fe0dedf":120,"951fc6d0":120,"61892a4c":120,"f096219e":120,"a3f0a6ec":120,"01051f84":120,"aa7e370d":120,"f995eeab":120,"4006e709":120,"0dedf63e":120,"a9d5374b":120,"4321f02d":120,"089b3f8f":120,"7698d0dc":120,"784414ce":120,"2df3efdb":120,"d0f1b7bd":120,"e7799883":120,"4f9456cf":120,"6e260ee8":120,"f4f84279":120,"b0950de5":120,"6f873999":120,"1f4e0e22":120,"60d69311":120,"3b09f1de":120,"b371f44a":120,"dfe4a061":120,"8b6180ff":120,"c2bf7d51":120,"8819ac24":120,"781afef6":120,"de9229a0":120,"dbbf7f69":120,"99a5feef":120,"f6266388":120,"e64fd39c":120,"e1b3ce36":120,"625fa164":120,"0c6ae551":120,"e8f4c1dd":120,"cede8b8c":120,"ad95ff4a":120,"893a99c5":120,"d8bf32b5":120,"0eb42efe":120,"03c4ab87":120,"4e3d3af7":120,"3a4803a8":120,"f7a7de5d":120,"d4e56c3e":120,"0c045c2d":120,"8efd4801":120,"7eb8f268":120,"20236d3e":120,"36ae8cd8":120,"3ddd5391":120,"07f69c6d":120,"2254f0f5":120,"ea282e84":120,"6653c83b":120,"c896052c":120,"287ecd1c":120,"f9376d3e":120,"07a94e8c":120,"bb017b49":120,"37b52fe4":120,"61ad1519":120,"819c4185":120,"ba69b06b":120,"7d2a2cb4":120,"4f62491c":120,"70b4c438":120,"71ed93db":120,"a8edfe84":120,"2ed19b1e":120,"959e16ea":120,"02f76c64":120,"5c6d1f33":120,"b4801cae":120,"c3c2fd05":120,"f8c97147":120,"c2526ff3":120,"cc386067":120,"a22ffd8f":120,"3cd28a4d":120,"44a12c31":120,"45a961ca":120,"5ca978fd":120,"668e601b":120,"7552d86c":120,"02ebf3b6":120,"bb17a968":120,"4abcb85d":120,"cba26072":120,"2a718dcc":120,"c6a9a8e1":120,"88854fd0":120,"8dc27d2a":120,"41d7f05d":120,"2b851827":120,"c92efaa8":120,"c241ac7e":120,"62a45672":120,"210e507a":120,"ac6e268b":120,"742238e8":120,"9f428a03":120,"4d504d96":120,"0533ece1":120,"bcee2ef3":120,"0afba00c":120,"04ff8100":120,"6c00d8d6":120,"ac9a02bc":120,"acfe69ed":120,"426603ff":120,"2db2f252":120,"2e84193b":120,"c55683c9":120,"51233daf":120,"02791635":120,"be081247":120,"5cc47d1b":120,"678b846f":120,"b4bd39d8":120,"b4cdbe5d":120,"fa0386f3":120,"b95d0f17":120,"cee9c347":120
1601327151399,"7800e7ce":121,"77869ff0":121,"4b8f7b16":121,"89f75690":121,"cb363e2f":121,"cd802f02":121,"d3cca7eb":121,"e866a899":121,"5690e712":121,"0b92d2a9":121,"070bed95":121,"67e5d108":121,"3d37b94b":121,"842c97c2":121,"c4cef92b":121,"0eecdc5b":121,"b7e495ea":121,"45ec63c0":121,"0ddfde2c":121,"a8b41774":121,"81f0da2d":121,"1fcc8ba4":121,"75a9c117":121,"12ba54ec":121,"be391c1a":121,"37d8a5b7":121,"d5ab81c4":121,"2ecde685":121,"f0bd52d3":121,"dcc20f76":121,"666a8ef0":121,"c5b609f1":121,"4dc5849a":121,"d605c755":121,"8a8c1d67":121,"cc6b3306":121,"8c2dfd9a":121,"f11267b9":121,"a483b15e":121,"f80ab49d":121,"95eaed39":121,"a5ba0ebb":121,"f53362a9":121,"1901ef7e":121,"960c2e6b":121,"3515e999":121,"d11f8f1b":121,"9d9eb027":121,"325f9a29":121,"503aafe5":121
1601327151806,"080d5d42":121,"5d03f5dc":121,"f0a01341":121,"1ee4d9f9":121,"0d6e45e7":121,"0da97151":121,"e829038c":121,"4987cfb5":121,"ba90687c":121,"77f2cf92":121,"037e2be4":121,"9e7dbd20":121,"0c086273":121,"ac13c3b0":121,"b4d9c57f":121,"5d53c964":121,"8ee9cc91":121,"4cc0af91":121,"55f6a2ba":121,"9559ea96":121,"9cb044bf":121,"16b25add":121,"80ee333e":121,"3b329af2":121,"1cd662bf":121,"72992b35":121,"47589344":121,"593b1533":121,"e9f6e5ce":121,"ed6bead5":121,"96f594b9":121,"94dfcfc5":121,"8301986e":121,"d5d94481":121,"ffe48500":121,"c7a45a33":121,"faffe099":121,"e99490cd":121,"3b830769":121,"583f0305":121,"1557c50a":121,"249e80ab":121,"f52a3d94":121,"eb74d3dd":121,"3bcbc28d":121,"3c0455e7":121,"df203c79":121,"df1e1ac0":121,"491708eb":121,"e421caaa":121,"2d2ecf27":121,"d38a4953":121,"eba5efdd":121,"a5463f93":121,"c85ac4f8":121,"bc253f4f":121,"0d9d2bf8":121,"846b7f11":121,"d3411467":121,"1df0ce7f":121,"a08171d0":121,"c8bc5677":121,"dfca0518":121,"b9a21017":121,"e47705d3":121,"3cae4115":121,"830ecfec":121,"a8bae791":121,"312009ee":121,"c98759fd":121,"e8b6d676":121,"45ee5840":121,"76f04033":121,"43480b19":121,"fd955858":121,"69798d15":121,"efea71fa":121,"fb3aa867":121,"c9cf710b":121,"fcacdeb3":121,"0ea055ed":121,"e3b1bdf8":121,"644b45fb":121,"0ccf4731":121,"c7c6782d":121,"54346574":121,"b12cbf87":121,"81942d9b":121,"699b90c1":121,"d9b5a7a8":121,"1e7914d2":121,"e5d8fdb2":121,"3412ab75":121,"bcac5daf":121,"62d028cc":121,"0af2cf39":121,"27491297":121,"d041ea86":121,"1eda11b2":121,"fc442678":121,"590ce3d3":121,"1802d7ce":121,"0a49914b":121,"5d3f5cad":121,"cf347cba":121,"fc0c23f7":121,"641f9b9e":121,"c92edec5":121,"9f03c1e7":121,"06c24a8d":121,"2f35e75f":121,"3eddf7c8":121,"77970f8b":121,"18c73816":121,"e491161e":121,"b5087677":121,"16f60bed":121,"cb0c3481":121,"7664512c":121,"df9a53b8":121,"f6c27b2b":121,"945f6c24":121,"f1daea7e":121,"b8fb90e3":121,"56227e35":121,"0d6bf22a":121,"b87321d0":121,"43205b5d":121,"8982905a":121,"f6fe1ad7":121,"230064fa":121,"764e0abb":121,"bba6d88e":121,"ea3479ec":121,"32266fa3":121,"50b090c3":121,"8be24763":121,"eb4800b2":121,"6e0ce9dc":121,"87d9bec4":121,"e30dfa0c":121,"6da34174":121,"bfb849fa":121,"0a10b423":121,"9ef7cee7":121,"49f1a0d1":121,"5f04aa76":121,"ba297382":121,"0287db2a":121,"96abe4a9":121,"753b10b1":121,"cf14bd99":121,"efd594d5":121,"4718294d":121,"5352cf45":121,"e0ffe8ff":121,"ae14d6b5":121,"721f5f42":121,"0b50bca6":121,"bf2ca266":121,"5d8d9641":121,"0de67c6c":121,"2311399f":121,"5e3ebf5e":121,"9f6ca218":121,"6213799d":121,"44cb1fd2":121,"baf19c25":121,"24a79a6e":121,"edde30af":121,"4d949e11":121,"df12f689":121,"1da10cbf":121,"832c48e4":121,"dc90a44c":121,"1ad7c45b":121,"5566c17c":121,"86a22252":121,"0000dece":121,"ce5efdbe":121,"58ace2b5":121,"d379fd96":121,"7b819458":121,"7f8024cd":121,"ae562513":121,"7b66dacd":121,"9ab137d7":121,"7191d1cd":121,"782022f4":121,"322e833f":121,"ab3619e4":121,"106006ad":121,"c8237be9":121,"1416e8f5":121,"dde2eed5":121,"a208caa8":121,"16605353":121,"77b39e15":121,"f1726edb":121,"92b72493":121,"d3e58903":121,"4481c4be":121,"7954891b":121,"4afd60a9":121,"d44c0ea3":121,"005354dd":121,"68f87858":121,"533bac6b":121,"41634dba":121,"43fd1327":121,"113e7f4b":121,"8cce569a":121,"ce6401b6":121,"6f57824c":121,"28bd7aa1":121,"1d52fb0d":121,"cde0d748":121,"535ed444":121,"710f0d0e":121,"0905f1fb":121,"a20e529c":121,"1ae76fcc":121,"35b161d3":121,"344cd1a3":121,"77ea1236":121,"96d2a118":121,"23a0e41f":121,"b32a1080":121,"a2c4b591":121,"6dfa57be":121,"1854ce44":121,"f92b22f1":121,"ece12664":121,"36f4ecde":121,"568a0d58":121,"5fd569d2":121,"10c8fd03":121,"bd4ccb49":121,"e773d697":121,"7e8c11e7":121,"077eb15a":121,"5337c279":121,"8d256cb6":121,"7021c619":121,"32ae00db":121,"bf2defb2":121,"bc733a28":121,"30d32d34":121,"886c16d3":121,"e8d09b62":121,"5b09e53e":121,"da5bb0f7":121,"6d925c84":121,"50b23ab2":121,"edfa56d4":121,"899c16eb":121,"41c76041":121,"6bb1fa99":121,"d73ff72e":121,"61c0ca91":121,"d2fda7be":121,"ce20ca3c":121,"1d2d958b":121,"81fb6a01":121,"7f5b27c8":121,"fb3444d9":121,"f05de640":121,"86a68967":121
1601327152517,"56cd4dca":121,"7f469f4c":121,"f92dedfc":121,"355d1489":121,"f96fc1af":121,"06713bac":121,"61aca924":121,"d97fb857":121,"59ff5ec6":121,"ef04e64e":121,"6e2d04de":121,"2fca1798":121,"05028839":121,"5488826c":121,"84fff5c1":121,"c649992d":121,"d5ad3ed6":121,"8e5f7187":121,"55ba7579":121,"b7769ca6":121,"9c27de51":121,"38a75b48":121,"1792bfa3":121,"426f1904":121,"7c0f1ca9":121,"b2f820ac":121,"25d4f65d":121,"eddb6a2a":121,"ff8a00aa":121,"c146560b":121,"985068e7":121,"d543ba6f":121,"3b3569f6":121,"b01ab62a":121,"76da16fa":121,"bffee581":121,"07150038":121,"080fa362":121,"7b6945ad":121,"a40d08e1":121,"cec79bc2":121,"d2eff358":121,"f1e86522":121,"e70aebb5":121,"fa03f48f":121,"a488b2f1":121,"5298dafa":121,"4caa87d6":121,"25f7f918":121,"f7076e21":121,"c5311ebb":121,"69e653b6":121,"105bb3f6":121,"58de5462":121,"98d2991b":121,"3b411d6a":121,"f01c896d":121,"83826ef3":121,"1f2670d0":121,"595609d5":121,"962c9c8f":121,"aec0bf28":121,"b47f1b89":121,"8e6caf71":121,"a017a323":121,"9a3433b8":121,"8801c469":121,"272e7d0d":121,"f92596ee":121,"68831ea9":121,"9713d076":121,"fd098272":121,"6ee788a7":121,"8249641d":121,"45b0968f":121,"6a9bb182":121,"1f1afd4f":121,"25fb8826":121,"0dc5da58":121,"2874a625":121,"b89112cb":121,"b6281f1a":121,"66736d5e":121,"48c6df81":121,"5e165f43":121,"30de89a7":121,"f8785b71":121,"06aaa33f":121,"ab4a411a":121,"320c65bf":121,"1fa1e7c2":121,"d7a4b24c":121,"686d5c0b":121,"646af2b9":121,"659389ad":121,"f15eb1c5":121,"71789493":121,"240c8679":121,"0718c3be":121,"5ac72353":121,"d1b14d06":121,"8b503f7b":121,"87a8523c":121,"f6c074a7":121,"ffd6849d":121,"c416baa6":121,"ae350a07":121,"962fca02":121,"75968179":121,"680a32a6":121,"bc8bdc23":121,"83ba647d":121,"a71f3f70":121,"cb0bd6b7":121,"1f7aa83c":121,"8e426e39":121,"51909df8":121,"732d62ee":121,"d4b0751c":121,"e22b0973":121,"23646ff9":121,"5b01444b":121,"79995b62":121,"3abb827b":121,"97160db8":121,"0c73c293":121,"589f0d6e":121,"88929b06":121,"08c4692e":121,"51b4016a":121,"46bf9112":121,"5b2479ef":121,"092ad3d6":121,"1d882c36":121,"eb62e8f2":121,"bf940089":121,"01f34f98":121,"1670b0d3":121,"ec97d63e":121,"94208a41":121,"2cbcad17":121,"4dccb5ca":121,"83268abf":121,"f7ffcbb8":121,"5728f934":121,"00b26865":121,"c333337d":121,"815c56bc":121,"5bd61a68":121,"8582c5cf":121,"0c353665":121,"231e8700":121,"1f9fbd85":121,"43f24679":121,"a1c0dfc4":121,"9666b973":121,"653b27c7":121,"83b37fd6":121,"4d852788":121,"e43a9448":121,"3542b748":121,"379c53ab":121,"e396d80d":121,"7da61f27":121,"dc874a97":121,"85a220de":121,"40a7cdd2":121,"ac033c7b":121,"87759976":121,"4df3f62e":121,"c881a53e":121,"80c1c8b1":121,"cf52acd8":121,"a63cb4ce":121,"d3b3492b":121,"7580cfa4":121,"22a96386":121,"5c672b50":121,"5df16440":121,"b666e56d":121,"8db378ff":121,"784d6375":121,"4541bf85":121,"a6b13f20":121,"2459c882":121,"3df97186":121,"ef0490de":121,"78f71162":121,"4b27a9a4":121,"163f4d19":121,"1d043d5a":121,"578c4c95":121,"c606b472":121,"808bc372":121,"c792a7c1":121,"5a7da061":121,"06a94514":121,"73c420df":121,"0700da70":121,"ff591765":121,"93f12198":121,"62e270e5":121,"66b1b6d7":121,"b062adc4":121,"4aae5133":121,"63a3af32":121,"3fec4b0b":121,"faa3de3e":121,"44983d13":121,"80999122":121,"72af9198":121,"e39e9552":121,"81c1b70d":121,"b2f82e06":121,"5b0b43e6":121,"b5474d69":121,"5a938eeb":121,"4fe0dedf":121,"951fc6d0":121,"61892a4c":121,"e61ae828":121,"f7ac3883":121,"ccd01528":121,"dab8cf68":121,"00f2a9cb":121,"916fe082":121,"b64dba8e":121,"c3bb30ce":121,"86219c70":121,"601990d8":121,"5c662c19":121,"d2a5d2fd":121,"89d220c2":121,"3e10c9cb":121,"5500a3e8":121,"3c0e87ac":121,"a891461f":121,"a246cdab":121,"117c7f0b":121,"0d21cf99":121,"14e6fe14":121,"37ec5e73":121,"bfff7913":121,"f8636899":121,"37724339":121,"d45d9727":121,"ee5ff2a3":121,"44322dfd":121,"295e4d1d":121,"8cf6570a":121,"403064a0":121,"312af46e":121,"b5a9f8c3":121,"f096219e":121,"a3f0a6ec":121,"e72f0f82":121,"88374b72":121,"fdfaf1ed":121,"ea981bed":121,"5e197575":121,"e587c4d0":121,"525b2635":121,"caa38a45":121,"a9987a58":121,"b6b8e5c7":121,"e82177d3":121,"89914b94":121,"04bdf5e1":121,"da8b42be":121,"3b0576bf":121,"9458934f":121,"1dcc489c":121,"945badf3":121,"1327775b":121,"bdd40125":121,"75fd47f7":121,"1c52a07e":121,"e70ccc25":121,"afd1494f":121,"ca6bffd3":121,"829c44a4":121,"e76e2617":121,"2b4fd52e":121,"57162572":121,"d1d50cfe":121,"01051f84":121,"aa7e370d":121,"f995eeab":121,"4006e709":121,"0dedf63e":121,"a9d5374b":121,"4321f02d":121,"089b3f8f":121,"7698d0dc":121,"784414ce":121,"2df3efdb":121,"d0f1b7bd":121,"e7799883":121,"4f9456cf":121,"6e260ee8":121,"f4f84279":121,"e0f47ced":121,"309bbf54":121,"cc537772":121,"6618390c":121,"99cc0813":121,"dc32c4e1":121,"239c636e":121,"6ee160ff":121,"c55d40ca":121,"22c177a8":121,"00ae883f":121,"f416ee62":121,"0d2b182d":121,"320754c3":121,"232b2f64":121,"3171b6e7":121,"3b25460f":121,"d2064756":121,"b0950de5":121,"6f873999":121,"1f4e0e22":121,"60d69311":121,"3b09f1de":121,"b371f44a":121,"fcbc0ae8":121,"2ff6b6a8":121,"66a71cc1":121,"bf4b58e4":121,"8b6180ff":121,"8819ac24":121,"dbbf7f69":121,"dfe4a061":121,"c2bf7d51":121,"781afef6":121,"de9229a0":121,"99a5feef":121,"f6266388":121,"e64fd39c":121,"e1b3ce36":121,"625fa164":121,"0c6ae551":121,"e8f4c1dd":121,"cede8b8c":121,"ad95ff4a":121,"893a99c5":121,"d8bf32b5":121,"0eb42efe":121,"03c4ab87":121,"4e3d3af7":121,"3a4803a8":121,"f7a7de5d":121,"d4e56c3e":121,"0c045c2d":121,"8efd4801":121,"7eb8f268":121,"20236d3e":121,"36ae8cd8":121,"3ddd5391":121,"07f69c6d":121,"2254f0f5":121,"ea282e84":121,"6653c83b":121,"c896052c":121,"287ecd1c":121,"f9376d3e":121,"07a94e8c":121,"bb017b49":121,"37b52fe4":121,"61ad1519":121,"819c4185":121,"a8edfe84":121,"2ed19b1e":121,"959e16ea":121,"02f76c64":121,"5c6d1f33":121,"b4801cae":121,"c3c2fd05":121,"f8c97147":121,"c2526ff3":121,"cc386067":121,"a22ffd8f":121,"3cd28a4d":121,"44a12c31":121,"45a961ca":121,"5ca978fd":121,"668e601b":121,"7552d86c":121,"02ebf3b6":121,"bb17a968":121,"4abcb85d":121,"cba26072":121,"ba69b06b":121,"7d2a2cb4":121,"4f62491c":121,"70b4c438":121,"71ed93db":121,"c92efaa8":121,"c241ac7e":121,"62a45672":121,"210e507a":121,"ac6e268b":121,"742238e8":121,"2a718dcc":121,"c6a9a8e1":121,"88854fd0":121,"8dc27d2a":121,"41d7f05d":121,"2b851827":121,"9f428a03":121,"4d504d96":121,"0533ece1":121,"bcee2ef3":121,"0afba00c":121,"04ff8100":121,"6c00d8d6":121,"ac9a02bc":121,"acfe69ed":121,"426603ff":121,"2db2f252":121,"2e84193b":121,"c55683c9":121,"51233daf":121,"02791635":121,"be081247":121,"5cc47d1b":121,"678b846f":121,"b4bd39d8":121,"b4cdbe5d":121,"fa0386f3":121,"b95d0f17":121,"cee9c347":121
1601327154008,"d5d94481":122,"ffe48500":122,"c7a45a33":122,"7800e7ce":122,"77869ff0":122,"4b8f7b16":122,"89f75690":122,"cb363e2f":122,"cd802f02":122,"d3cca7eb":122,"e866a899":122,"5690e712":122,"0b92d2a9":122,"070bed95":122,"67e5d108":122,"3d37b94b":122,"842c97c2":122,"c4cef92b":122,"0eecdc5b":122,"b7e495ea":122,"45ec63c0":122,"0ddfde2c":122,"a8b41774":122,"81f0da2d":122,"1fcc8ba4":122,"75a9c117":122,"12ba54ec":122,"be391c1a":122,"37d8a5b7":122,"d5ab81c4":122,"2ecde685":122,"f0bd52d3":122,"dcc20f76":122,"666a8ef0":122,"c5b609f1":122,"4dc5849a":122,"d605c755":122,"8a8c1d67":122,"cc6b3306":122,"8c2dfd9a":122,"f11267b9":122,"a483b15e":122,"f80ab49d":122,"95eaed39":122,"a5ba0ebb":122,"f53362a9":122,"1901ef7e":122,"960c2e6b":122,"3515e999":122,"d11f8f1b":122,"9d9eb027":122,"325f9a29":122,"503aafe5":122,"faffe099":122,"e99490cd":122,"3b830769":122,"583f0305":122,"1557c50a":122,"249e80ab":122,"f52a3d94":122,"eb74d3dd":122,"3bcbc28d":122,"3c0455e7":122,"df203c79":122,"df1e1ac0":122,"491708eb":122,"e421caaa":122,"2d2ecf27":122,"d38a4953":122,"eba5efdd":122,"a5463f93":122,"c85ac4f8":122,"bc253f4f":122,"0d9d2bf8":122,"846b7f11":122,"d3411467":122,"1df0ce7f":122,"a08171d0":122,"c8bc5677":122,"dfca0518":122,"b9a21017":122,"e47705d3":122,"3cae4115":122,"0ccf4731":122,"c7c6782d":122,"54346574":122,"b12cbf87":122,"81942d9b":122,"699b90c1":122,"d9b5a7a8":122,"1e7914d2":122,"e5d8fdb2":122,"3412ab75":122,"080d5d42":122,"5d03f5dc":122,"f0a01341":122,"bcac5daf":122,"62d028cc":122,"0af2cf39":122,"27491297":122,"d041ea86":122,"1eda11b2":122,"fc442678":122,"1ee4d9f9":122,"0d6e45e7":122,"0da97151":122,"e829038c":122,"4987cfb5":122,"ba90687c":122,"77f2cf92":122,"037e2be4":122,"9e7dbd20":122,"0c086273":122,"ac13c3b0":122,"b4d9c57f":122,"5d53c964":122,"8ee9cc91":122,"4cc0af91":122,"55f6a2ba":122,"9559ea96":122,"9cb044bf":122,"16b25add":122,"80ee333e":122,"3b329af2":122,"1cd662bf":122,"72992b35":122,"47589344":122,"593b1533":122,"e9f6e5ce":122,"ed6bead5":122,"96f594b9":122,"94dfcfc5":122,"8301986e":122,"830ecfec":122,"a8bae791":122,"312009ee":122,"c98759fd":122,"e8b6d676":122,"45ee5840":122,"76f04033":122,"43480b19":122,"fd955858":122,"69798d15":122,"efea71fa":122,"fb3aa867":122,"c9cf710b":122,"fcacdeb3":122,"0ea055ed":122,"e3b1bdf8":122,"644b45fb":122
1601327154646,"ba297382":122,"0287db2a":122,"96abe4a9":122,"753b10b1":122,"cf14bd99":122,"782022f4":122,"322e833f":122,"ab3619e4":122,"106006ad":122,"c8237be9":122,"1416e8f5":122,"dde2eed5":122,"a208caa8":122,"16605353":122,"77b39e15":122,"f1726edb":122,"590ce3d3":122,"1802d7ce":122,"0a49914b":122,"5d3f5cad":122,"cf347cba":122,"fc0c23f7":122,"641f9b9e":122,"c92edec5":122,"9f03c1e7":122,"06c24a8d":122,"2f35e75f":122,"3eddf7c8":122,"77970f8b":122,"efd594d5":122,"4718294d":122,"5352cf45":122,"e0ffe8ff":122,"ae14d6b5":122,"721f5f42":122,"0b50bca6":122,"bf2ca266":122,"5d8d9641":122,"0de67c6c":122,"2311399f":122,"5e3ebf5e":122,"9f6ca218":122,"6213799d":122,"44cb1fd2":122,"baf19c25":122,"24a79a6e":122,"edde30af":122,"4d949e11":122,"df12f689":122,"1da10cbf":122,"18c73816":122,"e491161e":122,"b5087677":122,"16f60bed":122,"cb0c3481":122,"7664512c":122,"df9a53b8":122,"f6c27b2b":122,"945f6c24":122,"f1daea7e":122,"b8fb90e3":122,"56227e35":122,"0d6bf22a":122,"b87321d0":122,"43205b5d":122,"8982905a":122,"f6fe1ad7":122,"230064fa":122,"764e0abb":122,"bba6d88e":122,"ea3479ec":122,"32266fa3":122,"50b090c3":122,"8be24763":122,"eb4800b2":122,"6e0ce9dc":122,"87d9bec4":122,"e30dfa0c":122,"6da34174":122,"bfb849fa":122,"0a10b423":122,"9ef7cee7":122,"49f1a0d1":122,"5f04aa76":122,"5b09e53e":122,"da5bb0f7":122,"6d925c84":122,"50b23ab2":122,"edfa56d4":122,"899c16eb":122,"41c76041":122,"6bb1fa99":122,"d73ff72e":122,"61c0ca91":122,"d2fda7be":122,"ce20ca3c":122,"1d2d958b":122,"81fb6a01":122,"7f5b27c8":122,"fb3444d9":122,"f05de640":122,"86a68967":122,"56cd4dca":122,"92b72493":122,"d3e58903":122,"4481c4be":122,"7954891b":122,"4afd60a9":122,"d44c0ea3":122,"68f87858":122,"533bac6b":122,"41634dba":122,"43fd1327":122,"113e7f4b":122,"8cce569a":122,"ce6401b6":122,"6f57824c":122,"28bd7aa1":122,"1d52fb0d":122,"cde0d748":122,"535ed444":122,"710f0d0e":122,"0905f1fb":122,"a20e529c":122,"1ae76fcc":122,"35b161d3":122,"344cd1a3":122,"77ea1236":122,"96d2a118":122,"23a0e41f":122,"b32a1080":122,"a2c4b591":122,"6dfa57be":122,"1854ce44":122,"f92b22f1":122,"ece12664":122,"36f4ecde":122,"568a0d58":122,"5fd569d2":122,"7f469f4c":122,"f92dedfc":122,"355d1489":122,"832c48e4":122,"dc90a44c":122,"1ad7c45b":122,"5566c17c":122,"86a22252":122,"0000dece":122,"ce5efdbe":122,"58ace2b5":122,"d379fd96":122,"7b819458":122,"7f8024cd":122,"ae562513":122,"7b66dacd":122,"9ab137d7":122,"7191d1cd":122,"005354dd":122,"f96fc1af":122,"06713bac":122,"61aca924":122,"d97fb857":122,"59ff5ec6":122,"ef04e64e":122,"6e2d04de":122,"2fca1798":122,"05028839":122,"3b3569f6":122,"b01ab62a":122,"76da16fa":122,"bffee581":122,"07150038":122,"080fa362":122,"7b6945ad":122,"a40d08e1":122,"cec79bc2":122,"f1e86522":122,"fa03f48f":122,"d2eff358":122,"5298dafa":122,"e70aebb5":122,"25f7f918":122,"a488b2f1":122,"4caa87d6":122,"c5311ebb":122,"5488826c":122,"84fff5c1":122,"c649992d":122,"d5ad3ed6":122,"8e5f7187":122,"55ba7579":122,"b7769ca6":122,"9c27de51":122,"38a75b48":122,"1792bfa3":122,"426f1904":122,"7c0f1ca9":122,"b2f820ac":122,"25d4f65d":122,"eddb6a2a":122,"ff8a00aa":122,"c146560b":122,"985068e7":122,"d543ba6f":122,"10c8fd03":122,"bd4ccb49":122,"e773d697":122,"7e8c11e7":122,"077eb15a":122,"5337c279":122,"8d256cb6":122,"7021c619":122,"32ae00db":122,"bf2defb2":122,"bc733a28":122,"30d32d34":122,"886c16d3":122,"e8d09b62":122,"105bb3f6":122,"f7076e21":122,"69e653b6":122,"58de5462":122,"f01c896d":122,"98d2991b":122,"1f2670d0":122,"3b411d6a":122,"962c9c8f":122,"83826ef3":122,"595609d5":122,"aec0bf28":122,"b47f1b89":122,"a017a323":122,"8801c469":122,"8e6caf71":122,"9a3433b8":122,"b6281f1a":122,"b89112cb":122,"48c6df81":122,"5e165f43":122,"66736d5e":122,"30de89a7":122,"f8785b71":122,"ab4a411a":122,"06aaa33f":122,"320c65bf":122,"d7a4b24c":122,"686d5c0b":122,"1fa1e7c2":122,"646af2b9":122,"f15eb1c5":122,"71789493":122,"659389ad":122,"240c8679":122,"5ac72353":122,"d1b14d06":122,"0718c3be":122,"f6c074a7":122,"8b503f7b":122,"87a8523c":122,"ffd6849d":122,"c416baa6":122,"962fca02":122,"75968179":122,"ae350a07":122,"680a32a6":122,"bc8bdc23":122,"a71f3f70":122,"83ba647d":122,"1f7aa83c":122,"cb0bd6b7":122,"8e426e39":122,"732d62ee":122,"d4b0751c":122,"51909df8":122,"5b01444b":122,"e22b0973":122,"79995b62":122,"23646ff9":122,"3abb827b":122,"97160db8":122,"589f0d6e":122,"0c73c293":122,"51b4016a":122,"88929b06":122,"08c4692e":122,"46bf9112":122,"092ad3d6":122,"5b2479ef":122,"bf940089":122,"1d882c36":122,"01f34f98":122,"eb62e8f2":122,"1670b0d3":122,"ec97d63e":122,"94208a41":122,"2cbcad17":122,"4dccb5ca":122,"83268abf":122,"578c4c95":122,"c606b472":122,"808bc372":122,"c792a7c1":122,"5a7da061":122,"06a94514":122,"73c420df":122,"0700da70":122,"ff591765":122,"93f12198":122,"62e270e5":122,"66b1b6d7":122,"b062adc4":122,"4aae5133":122,"63a3af32":122,"9666b973":122,"653b27c7":122,"83b37fd6":122,"4d852788":122,"e43a9448":122,"3542b748":122,"379c53ab":122,"e396d80d":122,"7da61f27":122,"3fec4b0b":122,"faa3de3e":122,"44983d13":122,"80999122":122,"72af9198":122,"e39e9552":122,"81c1b70d":122,"e72f0f82":122,"88374b72":122,"fdfaf1ed":122,"ea981bed":122,"5e197575":122,"e587c4d0":122,"525b2635":122,"caa38a45":122,"a9987a58":122,"b6b8e5c7":122,"e82177d3":122,"89914b94":122,"04bdf5e1":122,"da8b42be":122,"3b0576bf":122,"9458934f":122,"1dcc489c":122,"945badf3":122,"1327775b":122,"bdd40125":122,"75fd47f7":122,"1c52a07e":122,"e70ccc25":122,"afd1494f":122,"ca6bffd3":122,"829c44a4":122,"e76e2617":122,"dc874a97":122,"85a220de":122,"40a7cdd2":122,"ac033c7b":122,"87759976":122,"4df3f62e":122,"c881a53e":122,"80c1c8b1":122,"cf52acd8":122,"a63cb4ce":122,"d3b3492b":122,"7580cfa4":122,"22a96386":122,"5c672b50":122,"5df16440":122,"b666e56d":122,"8db378ff":122,"784d6375":122,"4541bf85":122,"a6b13f20":122,"2459c882":122,"3df97186":122,"ef0490de":122,"272e7d0d":122,"f92596ee":122,"68831ea9":122,"9713d076":122,"fd098272":122,"6ee788a7":122,"e0f47ced":122,"309bbf54":122,"cc537772":122,"6618390c":122,"99cc0813":122,"dc32c4e1":122,"2b4fd52e":122,"57162572":122,"d1d50cfe":122,"239c636e":122,"6ee160ff":122,"c55d40ca":122,"22c177a8":122,"00ae883f":122,"f416ee62":122,"0d2b182d":122,"320754c3":122,"232b2f64":122,"3171b6e7":122,"3b25460f":122,"d2064756":122,"8249641d":122,"45b0968f":122,"6a9bb182":122,"1f1afd4f":122,"25fb8826":122,"0dc5da58":122,"2874a625":122,"e61ae828":122,"f7ac3883":122,"ccd01528":122,"dab8cf68":122,"00f2a9cb":122,"916fe082":122,"b64dba8e":122,"c3bb30ce":122,"86219c70":122,"601990d8":122,"5c662c19":122,"d2a5d2fd":122,"89d220c2":122,"3e10c9cb":122,"5500a3e8":122,"3c0e87ac":122,"a891461f":122,"a246cdab":122,"117c7f0b":122,"0d21cf99":122,"14e6fe14":122,"37ec5e73":122,"bfff7913":122,"f8636899":122,"37724339":122,"d45d9727":122,"ee5ff2a3":122,"44322dfd":122,"295e4d1d":122,"8cf6570a":122,"403064a0":122,"312af46e":122,"b5a9f8c3":122,"fcbc0ae8":122,"2ff6b6a8":122,"66a71cc1":122,"bf4b58e4":122,"f7ffcbb8":122,"5728f934":122,"00b26865":122,"c333337d":122,"815c56bc":122,"5bd61a68":122,"8582c5cf":122,"0c353665":122,"231e8700":122,"1f9fbd85":122,"43f24679":122,"a1c0dfc4":122,"78f71162":122,"4b27a9a4":122,"163f4d19":122,"1d043d5a":122,"b2f82e06":122,"5b0b43e6":122,"b5474d69":122,"5a938eeb":122,"4fe0dedf":122,"951fc6d0":122,"61892a4c":122,"f096219e":122,"a3f0a6ec":122,"01051f84":122,"aa7e370d":122,"f995eeab":122,"4006e709":122,"0dedf63e":122,"a9d5374b":122,"4321f02d":122,"089b3f8f":122
1601327155183,"7698d0dc":122,"784414ce":122,"2df3efdb":122,"d0f1b7bd":122,"e7799883":122,"4f9456cf":122,"6e260ee8":122,"f4f84279":122,"b0950de5":122,"6f873999":122,"1f4e0e22":122,"60d69311":122,"3b09f1de":122,"b371f44a":122,"8b6180ff":122,"8819ac24":122,"dbbf7f69":122,"dfe4a061":122,"c2bf7d51":122,"781afef6":122,"de9229a0":122,"99a5feef":122,"f6266388":122,"e64fd39c":122,"e1b3ce36":122,"625fa164":122,"0c6ae551":122,"e8f4c1dd":122,"cede8b8c":122,"ad95ff4a":122,"893a99c5":122,"d8bf32b5":122,"0eb42efe":122,"03c4ab87":122,"4e3d3af7":122,"3a4803a8":122,"a8edfe84":122,"2ed19b1e":122,"959e16ea":122,"02f76c64":122,"5c6d1f33":122,"b4801cae":122,"c3c2fd05":122,"f8c97147":122,"c2526ff3":122,"cc386067":122,"a22ffd8f":122,"3cd28a4d":122,"f7a7de5d":122,"d4e56c3e":122,"0c045c2d":122,"8efd4801":122,"7eb8f268":122,"20236d3e":122,"36ae8cd8":122,"3ddd5391":122,"07f69c6d":122,"2254f0f5":122,"ea282e84":122,"6653c83b":122,"c896052c":122,"287ecd1c":122,"f9376d3e":122,"07a94e8c":122,"bb017b49":122,"37b52fe4":122,"61ad1519":122,"819c4185":122,"ba69b06b":122,"7d2a2cb4":122,"4f62491c":122,"70b4c438":122,"71ed93db":122,"c92efaa8":122,"c241ac7e":122,"62a45672":122,"210e507a":122,"ac6e268b":122,"742238e8":122,"44a12c31":122,"45a961ca":122,"5ca978fd":122,"668e601b":122,"7552d86c":122,"02ebf3b6":122,"bb17a968":122,"4abcb85d":122,"cba26072":122,"2a718dcc":122,"c6a9a8e1":122,"88854fd0":122,"8dc27d2a":122,"41d7f05d":122,"2b851827":122,"9f428a03":122,"4d504d96":122,"0533ece1":122,"bcee2ef3":122,"0afba00c":122,"04ff8100":122,"6c00d8d6":122,"ac9a02bc":122,"acfe69ed":122,"426603ff":122,"2db2f252":122,"2e84193b":122,"c55683c9":122,"51233daf":122,"02791635":122,"be081247":122,"5cc47d1b":122,"678b846f":122,"b4bd39d8":122,"b4cdbe5d":122,"fa0386f3":122,"b95d0f17":122,"cee9c347":122
1601327155851,"7800e7ce":123,"77869ff0":123,"4b8f7b16":123,"89f75690":123,"cb363e2f":123,"cd802f02":123,"d3cca7eb":123,"e866a899":123,"5690e712":123,"0b92d2a9":123,"070bed95":123,"67e5d108":123,"3d37b94b":123,"842c97c2":123,"c4cef92b":123,"0eecdc5b":123,"b7e495ea":123,"45ec63c0":123,"0ddfde2c":123,"a8b41774":123,"81f0da2d":123,"1fcc8ba4":123,"75a9c117":123,"12ba54ec":123,"be391c1a":123,"37d8a5b7":123,"d5ab81c4":123,"d5d94481":123,"ffe48500":123,"c7a45a33":123,"faffe099":123,"e99490cd":123,"3b830769":123,"583f0305":123,"1557c50a":123,"249e80ab":123,"f52a3d94":123,"eb74d3dd":123,"3bcbc28d":123,"3c0455e7":123,"df203c79":123,"df1e1ac0":123,"491708eb":123,"e421caaa":123,"2d2ecf27":123,"d38a4953":123,"eba5efdd":123,"a5463f93":123,"c85ac4f8":123,"bc253f4f":123,"0d9d2bf8":123,"846b7f11":123,"d3411467":123,"1df0ce7f":123,"a08171d0":123,"c8bc5677":123,"dfca0518":123,"b9a21017":123,"e47705d3":123,"3cae4115":123,"0ccf4731":123,"c7c6782d":123,"54346574":123,"b12cbf87":123,"81942d9b":123,"699b90c1":123,"d9b5a7a8":123,"1e7914d2":123,"e5d8fdb2":123,"3412ab75":123,"bcac5daf":123,"62d028cc":123,"0af2cf39":123,"27491297":123,"d041ea86":123,"1eda11b2":123,"fc442678":123,"2ecde685":123,"f0bd52d3":123,"dcc20f76":123,"666a8ef0":123,"c5b609f1":123,"4dc5849a":123,"d605c755":123,"8a8c1d67":123,"cc6b3306":123,"8c2dfd9a":123,"f11267b9":123,"a483b15e":123,"f80ab49d":123,"95eaed39":123,"a5ba0ebb":123,"f53362a9":123,"1901ef7e":123,"960c2e6b":123,"3515e999":123,"d11f8f1b":123,"9d9eb027":123,"325f9a29":123,"503aafe5":123,"080d5d42":123,"5d03f5dc":123,"f0a01341":123,"1ee4d9f9":123,"0d6e45e7":123,"0da97151":123,"e829038c":123,"4987cfb5":123,"ba90687c":123,"77f2cf92":123,"037e2be4":123,"9e7dbd20":123,"0c086273":123,"ac13c3b0":123,"b4d9c57f":123,"5d53c964":123,"8ee9cc91":123,"4cc0af91":123,"55f6a2ba":123,"9559ea96":123,"9cb044bf":123,"16b25add":123,"80ee333e":123,"3b329af2":123,"1cd662bf":123,"72992b35":123,"47589344":123,"593b1533":123,"e9f6e5ce":123,"ed6bead5":123,"96f594b9":123,"94dfcfc5":123,"8301986e":123,"830ecfec":123,"a8bae791":123,"312009ee":123,"c98759fd":123,"e8b6d676":123,"45ee5840":123,"76f04033":123,"43480b19":123,"fd955858":123,"69798d15":123,"efea71fa":123,"fb3aa867":123,"c9cf710b":123,"fcacdeb3":123,"0ea055ed":123,"e3b1bdf8":123,"644b45fb":123,"590ce3d3":123
1601327156756,"1802d7ce":123,"0a49914b":123,"5d3f5cad":123,"cf347cba":123,"fc0c23f7":123,"641f9b9e":123,"c92edec5":123,"9f03c1e7":123,"06c24a8d":123,"2f35e75f":123,"3eddf7c8":123,"77970f8b":123,"efd594d5":123,"4718294d":123,"5352cf45":123,"e0ffe8ff":123,"ae14d6b5":123,"721f5f42":123,"0b50bca6":123,"bf2ca266":123,"5d8d9641":123,"0de67c6c":123,"2311399f":123,"5e3ebf5e":123,"9f6ca218":123,"6213799d":123,"44cb1fd2":123,"baf19c25":123,"24a79a6e":123,"edde30af":123,"4d949e11":123,"df12f689":123,"1da10cbf":123,"832c48e4":123,"dc90a44c":123,"1ad7c45b":123,"5566c17c":123,"86a22252":123,"0000dece":123,"ce5efdbe":123,"58ace2b5":123,"d379fd96":123,"7b819458":123,"7f8024cd":123,"ae562513":123,"7b66dacd":123,"9ab137d7":123,"7191d1cd":123,"005354dd":123,"5f04aa76":123,"ba297382":123,"0287db2a":123,"96abe4a9":123,"753b10b1":123,"cf14bd99":123,"782022f4":123,"322e833f":123,"ab3619e4":123,"106006ad":123,"c8237be9":123,"1416e8f5":123,"dde2eed5":123,"a208caa8":123,"16605353":123,"77b39e15":123,"f1726edb":123,"92b72493":123,"18c73816":123,"e491161e":123,"b5087677":123,"16f60bed":123,"cb0c3481":123,"7664512c":123,"df9a53b8":123,"f6c27b2b":123,"945f6c24":123,"f1daea7e":123,"b8fb90e3":123,"56227e35":123,"0d6bf22a":123,"b87321d0":123,"43205b5d":123,"8982905a":123,"f6fe1ad7":123,"230064fa":123,"764e0abb":123,"bba6d88e":123,"ea3479ec":123,"32266fa3":123,"50b090c3":123,"8be24763":123,"eb4800b2":123,"6e0ce9dc":123,"87d9bec4":123,"e30dfa0c":123,"6da34174":123,"bfb849fa":123,"0a10b423":123,"9ef7cee7":123,"49f1a0d1":123,"d3e58903":123,"4481c4be":123,"7954891b":123,"4afd60a9":123,"d44c0ea3":123,"68f87858":123,"533bac6b":123,"41634dba":123,"43fd1327":123,"113e7f4b":123,"8cce569a":123,"ce6401b6":123,"6f57824c":123,"28bd7aa1":123,"1d52fb0d":123,"cde0d748":123,"535ed444":123,"710f0d0e":123,"0905f1fb":123,"a20e529c":123,"1ae76fcc":123,"35b161d3":123,"344cd1a3":123,"77ea1236":123,"96d2a118":123,"23a0e41f":123,"b32a1080":123,"a2c4b591":123,"6dfa57be":123,"1854ce44":123,"f92b22f1":123,"ece12664":123,"36f4ecde":123,"568a0d58":123,"5fd569d2":123,"10c8fd03":123,"bd4ccb49":123,"e773d697":123,"5b09e53e":123,"da5bb0f7":123,"6d925c84":123,"50b23ab2":123,"edfa56d4":123,"899c16eb":123,"41c76041":123,"6bb1fa99":123,"d73ff72e":123,"61c0ca91":123,"d2fda7be":123,"ce20ca3c":123,"7e8c11e7":123,"077eb15a":123,"5337c279":123,"8d256cb6":123,"7021c619":123,"32ae00db":123,"bf2defb2":123,"bc733a28":123,"30d32d34":123,"886c16d3":123,"e8d09b62":123,"1d2d958b":123,"81fb6a01":123,"7f5b27c8":123,"fb3444d9":123,"f05de640":123,"86a68967":123,"56cd4dca":123,"7f469f4c":123,"f92dedfc":123,"355d1489":123,"f96fc1af":123,"06713bac":123,"61aca924":123,"d97fb857":123,"59ff5ec6":123,"ef04e64e":123,"6e2d04de":123,"2fca1798":123,"05028839":123,"5488826c":123,"84fff5c1":123,"c649992d":123,"d5ad3ed6":123,"8e5f7187":123,"55ba7579":123,"b7769ca6":123,"9c27de51":123,"38a75b48":123,"1792bfa3":123,"426f1904":123,"7c0f1ca9":123,"b2f820ac":123,"25d4f65d":123,"eddb6a2a":123,"ff8a00aa":123,"c146560b":123,"3b3569f6":123,"b01ab62a":123,"76da16fa":123,"bffee581":123,"07150038":123,"080fa362":123,"7b6945ad":123,"a40d08e1":123,"cec79bc2":123,"d2eff358":123,"e70aebb5":123,"a488b2f1":123,"985068e7":123,"d543ba6f":123,"5b01444b":123,"0c73c293":123,"79995b62":123,"88929b06":123,"97160db8":123,"08c4692e":123,"589f0d6e":123,"5b2479ef":123,"51b4016a":123,"1d882c36":123,"eb62e8f2":123,"46bf9112":123,"092ad3d6":123,"bf940089":123,"01f34f98":123,"1670b0d3":123,"ec97d63e":123,"94208a41":123,"2cbcad17":123,"4dccb5ca":123,"83268abf":123,"578c4c95":123,"c606b472":123,"808bc372":123,"c792a7c1":123,"5a7da061":123,"06a94514":123,"73c420df":123,"0700da70":123,"ff591765":123,"93f12198":123,"62e270e5":123,"66b1b6d7":123,"b062adc4":123,"f1e86522":123,"4caa87d6":123,"fa03f48f":123,"f7076e21":123,"5298dafa":123,"25f7f918":123,"69e653b6":123,"c5311ebb":123,"98d2991b":123,"3b411d6a":123,"105bb3f6":123,"58de5462":123,"83826ef3":123,"f01c896d":123,"595609d5":123,"1f2670d0":123,"b47f1b89":123,"962c9c8f":123,"8e6caf71":123,"9a3433b8":123,"aec0bf28":123,"b89112cb":123,"a017a323":123,"66736d5e":123,"8801c469":123,"30de89a7":123,"b6281f1a":123,"48c6df81":123,"06aaa33f":123,"320c65bf":123,"5e165f43":123,"f8785b71":123,"1fa1e7c2":123,"646af2b9":123,"ab4a411a":123,"659389ad":123,"d7a4b24c":123,"686d5c0b":123,"240c8679":123,"0718c3be":123,"f15eb1c5":123,"71789493":123,"8b503f7b":123,"87a8523c":123,"5ac72353":123,"d1b14d06":123,"c416baa6":123,"f6c074a7":123,"ae350a07":123,"ffd6849d":123,"680a32a6":123,"83ba647d":123,"962fca02":123,"cb0bd6b7":123,"75968179":123,"8e426e39":123,"bc8bdc23":123,"a71f3f70":123,"51909df8":123,"e22b0973":123,"1f7aa83c":123,"732d62ee":123,"23646ff9":123,"3abb827b":123,"d4b0751c":123,"4aae5133":123,"63a3af32":123,"3fec4b0b":123,"faa3de3e":123,"44983d13":123,"80999122":123,"72af9198":123,"e39e9552":123,"81c1b70d":123,"e72f0f82":123,"88374b72":123,"fdfaf1ed":123,"ea981bed":123,"5e197575":123,"e587c4d0":123,"525b2635":123,"caa38a45":123,"a9987a58":123,"b6b8e5c7":123,"e82177d3":123,"89914b94":123,"04bdf5e1":123,"da8b42be":123,"3b0576bf":123,"9458934f":123,"1dcc489c":123,"945badf3":123,"1327775b":123,"bdd40125":123,"75fd47f7":123,"1c52a07e":123,"e70ccc25":123,"9666b973":123,"653b27c7":123,"83b37fd6":123,"4d852788":123,"e43a9448":123,"3542b748":123,"379c53ab":123,"e396d80d":123,"7da61f27":123,"dc874a97":123,"85a220de":123,"40a7cdd2":123,"ac033c7b":123,"87759976":123,"4df3f62e":123,"c881a53e":123,"80c1c8b1":123,"cf52acd8":123,"a63cb4ce":123,"d3b3492b":123,"7580cfa4":123,"f7ffcbb8":123,"272e7d0d":123,"f92596ee":123,"68831ea9":123,"9713d076":123,"fd098272":123,"6ee788a7":123,"8249641d":123,"45b0968f":123,"6a9bb182":123,"1f1afd4f":123,"25fb8826":123,"0dc5da58":123,"2874a625":123,"e61ae828":123,"f7ac3883":123,"ccd01528":123,"dab8cf68":123,"00f2a9cb":123,"916fe082":123,"b64dba8e":123,"c3bb30ce":123,"86219c70":123,"601990d8":123,"5c662c19":123,"d2a5d2fd":123,"89d220c2":123,"5728f934":123,"afd1494f":123,"ca6bffd3":123,"829c44a4":123,"e76e2617":123,"2b4fd52e":123,"57162572":123,"d1d50cfe":123,"00b26865":123,"c333337d":123,"815c56bc":123,"5bd61a68":123,"8582c5cf":123,"0c353665":123,"231e8700":123,"1f9fbd85":123,"43f24679":123,"a1c0dfc4":123,"78f71162":123,"4b27a9a4":123,"163f4d19":123,"1d043d5a":123,"b2f82e06":123,"5b0b43e6":123,"b5474d69":123,"5a938eeb":123,"4fe0dedf":123,"951fc6d0":123,"61892a4c":123,"f096219e":123,"22a96386":123,"5c672b50":123,"5df16440":123,"b666e56d":123,"8db378ff":123,"784d6375":123,"4541bf85":123,"a6b13f20":123,"2459c882":123,"3df97186":123,"ef0490de":123,"e0f47ced":123,"309bbf54":123,"cc537772":123,"6618390c":123,"99cc0813":123,"dc32c4e1":123,"239c636e":123,"6ee160ff":123,"c55d40ca":123,"22c177a8":123,"00ae883f":123,"f416ee62":123,"0d2b182d":123,"320754c3":123,"232b2f64":123,"3171b6e7":123,"3b25460f":123,"d2064756":123,"a3f0a6ec":123,"01051f84":123,"aa7e370d":123,"f995eeab":123,"4006e709":123,"0dedf63e":123,"a9d5374b":123,"4321f02d":123,"089b3f8f":123,"7698d0dc":123,"784414ce":123,"3e10c9cb":123,"5500a3e8":123,"3c0e87ac":123,"a891461f":123,"a246cdab":123,"117c7f0b":123,"0d21cf99":123,"14e6fe14":123,"37ec5e73":123,"bfff7913":123,"f8636899":123,"37724339":123,"d45d9727":123,"ee5ff2a3":123,"44322dfd":123,"295e4d1d":123,"8cf6570a":123,"403064a0":123,"312af46e":123,"b5a9f8c3":123,"fcbc0ae8":123,"2ff6b6a8":123,"66a71cc1":123,"bf4b58e4":123,"2df3efdb":123,"d0f1b7bd":123,"e7799883":123,"4f9456cf":123,"6e260ee8":123,"f4f84279":123,"b0950de5":123,"6f873999":123,"1f4e0e22":123,"60d69311":123,"3b09f1de":123,"b371f44a":123,"8b6180ff":123,"8819ac24":123,"dfe4a061":123,"c2bf7d51":123,"dbbf7f69":123,"781afef6":123,"de9229a0":123,"99a5feef":123,"f6266388":123,"e64fd39c":123,"e1b3ce36":123,"625fa164":123,"0c6ae551":123,"e8f4c1dd":123,"cede8b8c":123,"ad95ff4a":123,"893a99c5":123,"d8bf32b5":123,"0eb42efe":123,"03c4ab87":123,"4e3d3af7":123,"3a4803a8":123,"f7a7de5d":123,"d4e56c3e":123,"0c045c2d":123,"8efd4801":123,"7eb8f268":123,"20236d3e":123,"36ae8cd8":123,"3ddd5391":123,"07f69c6d":123,"2254f0f5":123,"ea282e84":123,"6653c83b":123,"c896052c":123,"287ecd1c":123,"f9376d3e":123,"07a94e8c":123,"bb017b49":123,"37b52fe4":123,"61ad1519":123,"819c4185":123,"ba69b06b":123,"7d2a2cb4":123,"4f62491c":123,"70b4c438":123,"71ed93db":123,"c92efaa8":123,"c241ac7e":123,"62a45672":123,"210e507a":123,"ac6e268b":123,"742238e8":123,"a8edfe84":123,"2ed19b1e":123,"959e16ea":123,"02f76c64":123,"5c6d1f33":123,"b4801cae":123,"c3c2fd05":123,"f8c97147":123,"c2526ff3":123,"cc386067":123,"a22ffd8f":123,"3cd28a4d":123,"44a12c31":123,"45a961ca":123,"5ca978fd":123,"668e601b":123,"7552d86c":123,"02ebf3b6":123,"bb17a968":123,"4abcb85d":123,"cba26072":123,"2a718dcc":123,"c6a9a8e1":123,"88854fd0":123,"8dc27d2a":123,"41d7f05d":123,"2b851827":123,"9f428a03":123,"4d504d96":123,"0533ece1":123,"bcee2ef3":123,"0afba00c":123,"04ff8100":123,"6c00d8d6":123,"ac9a02bc":123,"acfe69ed":123,"426603ff":123,"2db2f252":123,"2e84193b":123,"c55683c9":123,"51233daf":123,"02791635":123,"be081247":123,"5cc47d1b":123,"678b846f":123,"b4bd39d8":123,"b4cdbe5d":123,"fa0386f3":123,"b95d0f17":123,"cee9c347":123
1601327157967,"d5d94481":124,"ffe48500":124,"c7a45a33":124,"faffe099":124,"e99490cd":124,"3b830769":124,"583f0305":124,"1557c50a":124,"249e80ab":124,"f52a3d94":124,"eb74d3dd":124,"3bcbc28d":124,"3c0455e7":124,"df203c79":124,"df1e1ac0":124,"491708eb":124,"e421caaa":124,"2d2ecf27":124,"d38a4953":124,"eba5efdd":124,"a5463f93":124,"c85ac4f8":124,"bc253f4f":124,"0d9d2bf8":124,"846b7f11":124,"d3411467":124,"1df0ce7f":124,"a08171d0":124,"c8bc5677":124,"dfca0518":124,"b9a21017":124,"e47705d3":124,"3cae4115":124,"0ccf4731":124,"c7c6782d":124,"54346574":124,"b12cbf87":124,"81942d9b":124,"699b90c1":124,"d9b5a7a8":124,"1e7914d2":124,"e5d8fdb2":124,"3412ab75":124,"bcac5daf":124,"62d028cc":124,"0af2cf39":124,"27491297":124,"d041ea86":124,"1eda11b2":124,"fc442678":124,"080d5d42":124,"5d03f5dc":124,"d605c755":124,"8a8c1d67":124,"cc6b3306":124,"8c2dfd9a":124,"f11267b9":124,"a483b15e":124,"f80ab49d":124,"95eaed39":124,"a5ba0ebb":124,"f53362a9":124,"1901ef7e":124,"960c2e6b":124,"3515e999":124,"d11f8f1b":124,"9d9eb027":124,"325f9a29":124,"503aafe5":124,"7800e7ce":124,"77869ff0":124,"4b8f7b16":124,"89f75690":124,"cb363e2f":124,"cd802f02":124,"d3cca7eb":124,"e866a899":124,"5690e712":124,"0b92d2a9":124,"070bed95":124,"67e5d108":124,"3d37b94b":124,"842c97c2":124,"c4cef92b":124,"0eecdc5b":124,"b7e495ea":124,"45ec63c0":124,"0ddfde2c":124,"a8b41774":124,"81f0da2d":124,"1fcc8ba4":124,"75a9c117":124,"12ba54ec":124,"be391c1a":124,"37d8a5b7":124,"d5ab81c4":124,"2ecde685":124,"f0bd52d3":124,"dcc20f76":124,"666a8ef0":124,"c5b609f1":124,"4dc5849a":124,"43480b19":124,"fd955858":124,"69798d15":124,"efea71fa":124,"fb3aa867":124,"c9cf710b":124,"fcacdeb3":124,"0ea055ed":124,"e3b1bdf8":124,"644b45fb":124,"f0a01341":124,"1ee4d9f9":124,"0d6e45e7":124,"0da97151":124,"e829038c":124,"4987cfb5":124,"ba90687c":124,"77f2cf92":124,"037e2be4":124,"9e7dbd20":124,"0c086273":124,"ac13c3b0":124,"b4d9c57f":124,"5d53c964":124,"8ee9cc91":124,"4cc0af91":124,"55f6a2ba":124,"9559ea96":124,"9cb044bf":124,"16b25add":124,"80ee333e":124,"3b329af2":124,"1cd662bf":124,"72992b35":124,"47589344":124,"593b1533":124,"e9f6e5ce":124,"ed6bead5":124,"96f594b9":124,"94dfcfc5":124,"8301986e":124,"830ecfec":124,"a8bae791":124,"312009ee":124,"c98759fd":124,"e8b6d676":124,"45ee5840":124,"76f04033":124
1601327158546,"590ce3d3":124,"1802d7ce":124,"0a49914b":124,"5d3f5cad":124,"cf347cba":124,"fc0c23f7":124,"641f9b9e":124,"49f1a0d1":124,"5f04aa76":124,"ba297382":124,"0287db2a":124,"96abe4a9":124,"753b10b1":124,"cf14bd99":124,"782022f4":124,"322e833f":124,"ab3619e4":124,"106006ad":124,"c8237be9":124,"1416e8f5":124,"dde2eed5":124,"a208caa8":124,"16605353":124,"77b39e15":124,"f1726edb":124,"92b72493":124,"d3e58903":124,"4481c4be":124,"7954891b":124,"4afd60a9":124,"18c73816":124,"e491161e":124,"b5087677":124,"16f60bed":124,"cb0c3481":124,"7664512c":124,"df9a53b8":124,"f6c27b2b":124,"945f6c24":124,"f1daea7e":124,"b8fb90e3":124,"56227e35":124,"0d6bf22a":124,"b87321d0":124,"43205b5d":124,"8982905a":124,"f6fe1ad7":124,"230064fa":124,"764e0abb":124,"bba6d88e":124,"ea3479ec":124,"32266fa3":124,"50b090c3":124,"8be24763":124,"eb4800b2":124,"6e0ce9dc":124,"87d9bec4":124,"e30dfa0c":124,"6da34174":124,"bfb849fa":124,"0a10b423":124,"9ef7cee7":124,"c92edec5":124,"9f03c1e7":124,"06c24a8d":124,"2f35e75f":124,"3eddf7c8":124,"77970f8b":124,"efd594d5":124,"4718294d":124,"5352cf45":124,"e0ffe8ff":124,"ae14d6b5":124,"721f5f42":124,"0b50bca6":124,"bf2ca266":124,"5d8d9641":124,"0de67c6c":124,"2311399f":124,"5e3ebf5e":124,"9f6ca218":124,"6213799d":124,"44cb1fd2":124,"baf19c25":124,"24a79a6e":124,"edde30af":124,"4d949e11":124,"df12f689":124,"1da10cbf":124,"832c48e4":124,"dc90a44c":124,"1ad7c45b":124,"5566c17c":124,"86a22252":124,"0000dece":124,"ce5efdbe":124,"58ace2b5":124,"d379fd96":124,"7b819458":124,"7f8024cd":124,"3b3569f6":124,"b01ab62a":124,"76da16fa":124,"bffee581":124,"07150038":124,"080fa362":124,"7b6945ad":124,"a40d08e1":124,"cec79bc2":124,"d2eff358":124,"e70aebb5":124,"a488b2f1":124,"ae562513":124,"7b66dacd":124,"9ab137d7":124,"7191d1cd":124,"005354dd":124,"4caa87d6":124,"f7076e21":124,"f1e86522":124,"69e653b6":124,"fa03f48f":124,"5298dafa":124,"98d2991b":124,"25f7f918":124,"3b411d6a":124,"83826ef3":124,"c5311ebb":124,"105bb3f6":124,"595609d5":124,"5b09e53e":124,"da5bb0f7":124,"6d925c84":124,"50b23ab2":124,"edfa56d4":124,"899c16eb":124,"41c76041":124,"6bb1fa99":124,"d73ff72e":124,"61c0ca91":124,"d2fda7be":124,"ce20ca3c":124,"1d2d958b":124,"81fb6a01":124,"7f5b27c8":124,"fb3444d9":124,"f05de640":124,"86a68967":124,"56cd4dca":124,"7f469f4c":124,"f92dedfc":124,"355d1489":124,"f96fc1af":124,"06713bac":124,"61aca924":124,"d97fb857":124,"59ff5ec6":124,"ef04e64e":124,"58de5462":124,"b47f1b89":124,"f01c896d":124,"8e6caf71":124,"1f2670d0":124,"9a3433b8":124,"b89112cb":124,"962c9c8f":124,"66736d5e":124,"aec0bf28":124,"a017a323":124,"30de89a7":124,"8801c469":124,"06aaa33f":124,"b6281f1a":124,"320c65bf":124,"1fa1e7c2":124,"48c6df81":124,"646af2b9":124,"5e165f43":124,"659389ad":124,"f8785b71":124,"240c8679":124,"ab4a411a":124,"d7a4b24c":124,"0718c3be":124,"8b503f7b":124,"686d5c0b":124,"f15eb1c5":124,"87a8523c":124,"c416baa6":124,"71789493":124,"ae350a07":124,"5ac72353":124,"d1b14d06":124,"680a32a6":124,"83ba647d":124,"f6c074a7":124,"cb0bd6b7":124,"ffd6849d":124,"962fca02":124,"8e426e39":124,"75968179":124,"51909df8":124,"bc8bdc23":124,"e22b0973":124,"a71f3f70":124,"23646ff9":124,"32ae00db":124,"bf2defb2":124,"bc733a28":124,"30d32d34":124,"886c16d3":124,"e8d09b62":124,"1f7aa83c":124,"3abb827b":124,"0c73c293":124,"732d62ee":124,"88929b06":124,"d4b0751c":124,"5b01444b":124,"08c4692e":124,"d44c0ea3":124,"68f87858":124,"533bac6b":124,"41634dba":124,"43fd1327":124,"113e7f4b":124,"8cce569a":124,"ce6401b6":124,"6f57824c":124,"28bd7aa1":124,"1d52fb0d":124,"cde0d748":124,"535ed444":124,"710f0d0e":124,"0905f1fb":124,"a20e529c":124,"1ae76fcc":124,"35b161d3":124,"344cd1a3":124,"77ea1236":124,"96d2a118":124,"23a0e41f":124,"b32a1080":124,"a2c4b591":124,"6dfa57be":124,"1854ce44":124,"f92b22f1":124,"ece12664":124,"36f4ecde":124,"568a0d58":124,"5fd569d2":124,"10c8fd03":124,"bd4ccb49":124,"e773d697":124,"7e8c11e7":124,"077eb15a":124,"5337c279":124,"8d256cb6":124,"7021c619":124,"79995b62":124,"5b2479ef":124,"1d882c36":124,"97160db8":124,"589f0d6e":124,"eb62e8f2":124,"51b4016a":124,"6e2d04de":124,"2fca1798":124,"05028839":124,"5488826c":124,"84fff5c1":124,"c649992d":124,"d5ad3ed6":124,"8e5f7187":124,"55ba7579":124,"b7769ca6":124,"9c27de51":124,"38a75b48":124,"1792bfa3":124,"426f1904":124,"7c0f1ca9":124,"b2f820ac":124,"25d4f65d":124,"eddb6a2a":124,"ff8a00aa":124,"c146560b":124,"985068e7":124,"d543ba6f":124,"46bf9112":124,"092ad3d6":124,"bf940089":124,"01f34f98":124,"1670b0d3":124,"ec97d63e":124,"94208a41":124,"2cbcad17":124,"4dccb5ca":124,"83268abf":124,"578c4c95":124,"c606b472":124,"808bc372":124,"c792a7c1":124,"5a7da061":124,"06a94514":124,"73c420df":124,"0700da70":124,"ff591765":124,"93f12198":124,"62e270e5":124,"66b1b6d7":124,"b062adc4":124,"4aae5133":124,"63a3af32":124,"3fec4b0b":124,"faa3de3e":124,"44983d13":124,"80999122":124,"72af9198":124,"e39e9552":124,"81c1b70d":124,"e72f0f82":124,"88374b72":124,"fdfaf1ed":124,"ea981bed":124,"5e197575":124,"e587c4d0":124,"525b2635":124,"caa38a45":124,"a9987a58":124,"b6b8e5c7":124,"e82177d3":124,"89914b94":124,"04bdf5e1":124,"da8b42be":124,"3b0576bf":124,"9458934f":124,"1dcc489c":124,"945badf3":124,"1327775b":124,"bdd40125":124,"75fd47f7":124,"1c52a07e":124,"e70ccc25":124,"9666b973":124,"afd1494f":124,"ca6bffd3":124,"829c44a4":124,"e76e2617":124,"2b4fd52e":124,"57162572":124,"d1d50cfe":124,"653b27c7":124,"83b37fd6":124,"4d852788":124,"e43a9448":124,"3542b748":124,"379c53ab":124,"e396d80d":124,"7da61f27":124,"dc874a97":124,"85a220de":124,"40a7cdd2":124,"ac033c7b":124,"87759976":124,"4df3f62e":124,"c881a53e":124,"80c1c8b1":124,"cf52acd8":124,"a63cb4ce":124,"d3b3492b":124,"7580cfa4":124,"22a96386":124,"5c672b50":124,"5df16440":124,"b666e56d":124,"8db378ff":124,"784d6375":124,"4541bf85":124,"a6b13f20":124,"2459c882":124,"3df97186":124,"ef0490de":124,"e0f47ced":124,"309bbf54":124,"cc537772":124,"6618390c":124,"99cc0813":124,"dc32c4e1":124,"239c636e":124,"6ee160ff":124,"c55d40ca":124,"22c177a8":124,"00ae883f":124,"f416ee62":124,"0d2b182d":124,"320754c3":124,"232b2f64":124,"3171b6e7":124,"3b25460f":124,"d2064756":124,"272e7d0d":124,"f92596ee":124,"68831ea9":124,"9713d076":124,"fd098272":124,"6ee788a7":124,"8249641d":124,"45b0968f":124,"6a9bb182":124,"1f1afd4f":124,"25fb8826":124,"0dc5da58":124,"2874a625":124,"e61ae828":124,"f7ac3883":124,"ccd01528":124,"dab8cf68":124,"00f2a9cb":124,"916fe082":124,"b64dba8e":124,"c3bb30ce":124,"86219c70":124,"601990d8":124,"5c662c19":124,"d2a5d2fd":124,"89d220c2":124,"3e10c9cb":124,"5500a3e8":124,"3c0e87ac":124,"a891461f":124,"a246cdab":124,"117c7f0b":124,"0d21cf99":124,"14e6fe14":124,"37ec5e73":124,"bfff7913":124,"f8636899":124,"37724339":124,"d45d9727":124,"ee5ff2a3":124,"44322dfd":124,"295e4d1d":124,"8cf6570a":124,"403064a0":124,"312af46e":124,"b5a9f8c3":124,"fcbc0ae8":124,"2ff6b6a8":124,"66a71cc1":124,"bf4b58e4":124,"f7ffcbb8":124,"5728f934":124,"00b26865":124,"c333337d":124,"815c56bc":124,"5bd61a68":124,"8582c5cf":124,"0c353665":124,"231e8700":124,"1f9fbd85":124,"43f24679":124,"a1c0dfc4":124,"78f71162":124,"4b27a9a4":124,"163f4d19":124,"1d043d5a":124,"b2f82e06":124,"5b0b43e6":124,"b5474d69":124,"5a938eeb":124,"4fe0dedf":124,"951fc6d0":124,"61892a4c":124,"f096219e":124,"a3f0a6ec":124,"01051f84":124,"aa7e370d":124,"f995eeab":124,"4006e709":124,"0dedf63e":124,"a9d5374b":124,"4321f02d":124,"089b3f8f":124,"7698d0dc":124,"784414ce":124,"2df3efdb":124,"d0f1b7bd":124,"e7799883":124,"4f9456cf":124,"6e260ee8":124,"f4f84279":124,"b0950de5":124,"6f873999":124,"1f4e0e22":124,"60d69311":124,"3b09f1de":124,"b371f44a":124,"8b6180ff":124,"8819ac24":124,"dbbf7f69":124,"dfe4a061":124,"c2bf7d51":124,"781afef6":124,"de9229a0":124,"99a5feef":124,"f6266388":124,"e64fd39c":124,"e1b3ce36":124,"625fa164":124,"0c6ae551":124,"e8f4c1dd":124,"cede8b8c":124,"ad95ff4a":124,"893a99c5":124,"a8edfe84":124,"2ed19b1e":124,"959e16ea":124,"02f76c64":124,"5c6d1f33":124,"b4801cae":124,"c3c2fd05":124,"f8c97147":124
1601327159066,"d8bf32b5":124,"0eb42efe":124,"03c4ab87":124,"4e3d3af7":124,"3a4803a8":124,"f7a7de5d":124,"d4e56c3e":124,"0c045c2d":124,"8efd4801":124,"7eb8f268":124,"20236d3e":124,"36ae8cd8":124,"3ddd5391":124,"07f69c6d":124,"2254f0f5":124,"ea282e84":124,"6653c83b":124,"c896052c":124,"287ecd1c":124,"f9376d3e":124,"07a94e8c":124,"bb017b49":124,"37b52fe4":124,"61ad1519":124,"819c4185":124,"ba69b06b":124,"7d2a2cb4":124,"4f62491c":124,"70b4c438":124,"71ed93db":124,"c92efaa8":124,"c241ac7e":124,"62a45672":124,"210e507a":124,"ac6e268b":124,"742238e8":124,"c2526ff3":124,"cc386067":124,"a22ffd8f":124,"3cd28a4d":124,"44a12c31":124,"45a961ca":124,"5ca978fd":124,"668e601b":124,"7552d86c":124,"02ebf3b6":124,"bb17a968":124,"4abcb85d":124,"cba26072":124,"2a718dcc":124,"c6a9a8e1":124,"88854fd0":124,"8dc27d2a":124,"41d7f05d":124,"2b851827":124,"9f428a03":124,"4d504d96":124,"0533ece1":124,"bcee2ef3":124,"0afba00c":124,"04ff8100":124,"6c00d8d6":124,"ac9a02bc":124,"acfe69ed":124,"426603ff":124,"2db2f252":124,"2e84193b":124,"c55683c9":124,"51233daf":124,"02791635":124,"be081247":124,"5cc47d1b":124,"678b846f":124,"b4bd39d8":124,"b4cdbe5d":124,"fa0386f3":124,"b95d0f17":124,"cee9c347":124
1601327159804,"7800e7ce":125,"77869ff0":125,"4b8f7b16":125,"89f75690":125,"cb363e2f":125,"cd802f02":125,"d3cca7eb":125,"e866a899":125,"5690e712":125,"0b92d2a9":125,"070bed95":125,"67e5d108":125,"3d37b94b":125,"842c97c2":125,"c4cef92b":125,"0eecdc5b":125,"b7e495ea":125,"45ec63c0":125,"0ddfde2c":125,"a8b41774":125,"81f0da2d":125,"1fcc8ba4":125,"75a9c117":125,"12ba54ec":125,"be391c1a":125,"37d8a5b7":125,"d5ab81c4":125,"2ecde685":125,"f0bd52d3":125,"dcc20f76":125,"666a8ef0":125,"c5b609f1":125,"4dc5849a":125,"d605c755":125,"8a8c1d67":125,"cc6b3306":125,"8c2dfd9a":125,"f11267b9":125,"a483b15e":125,"f80ab49d":125,"95eaed39":125,"a5ba0ebb":125,"f53362a9":125,"1901ef7e":125,"960c2e6b":125,"3515e999":125,"d11f8f1b":125,"9d9eb027":125,"325f9a29":125,"503aafe5":125
1601327160050,"d5d94481":125,"ffe48500":125,"c7a45a33":125,"faffe099":125,"e99490cd":125,"3b830769":125,"583f0305":125,"1557c50a":125,"249e80ab":125,"f52a3d94":125,"eb74d3dd":125,"3bcbc28d":125,"3c0455e7":125,"df203c79":125,"df1e1ac0":125,"491708eb":125,"e421caaa":125,"2d2ecf27":125,"d38a4953":125,"eba5efdd":125,"a5463f93":125,"c85ac4f8":125,"bc253f4f":125,"0d9d2bf8":125,"846b7f11":125,"d3411467":125,"1df0ce7f":125,"a08171d0":125,"c8bc5677":125,"dfca0518":125,"b9a21017":125,"e47705d3":125,"3cae4115":125,"0ccf4731":125,"c7c6782d":125,"54346574":125,"b12cbf87":125,"81942d9b":125,"699b90c1":125,"d9b5a7a8":125,"1e7914d2":125,"e5d8fdb2":125,"3412ab75":125,"bcac5daf":125,"62d028cc":125,"0af2cf39":125,"27491297":125,"d041ea86":125,"1eda11b2":125,"fc442678":125,"080d5d42":125,"5d03f5dc":125,"f0a01341":125,"1ee4d9f9":125,"0d6e45e7":125,"0da97151":125,"e829038c":125,"4987cfb5":125,"ba90687c":125,"77f2cf92":125,"037e2be4":125,"9e7dbd20":125,"0c086273":125,"ac13c3b0":125,"b4d9c57f":125,"5d53c964":125,"8ee9cc91":125,"4cc0af91":125,"55f6a2ba":125,"9559ea96":125,"9cb044bf":125,"16b25add":125,"80ee333e":125,"3b329af2":125,"1cd662bf":125,"72992b35":125,"47589344":125,"593b1533":125,"e9f6e5ce":125,"ed6bead5":125,"96f594b9":125,"94dfcfc5":125,"8301986e":125,"830ecfec":125,"a8bae791":125,"312009ee":125,"c98759fd":125,"e8b6d676":125,"45ee5840":125,"76f04033":125,"43480b19":125,"fd955858":125,"69798d15":125,"efea71fa":125,"fb3aa867":125,"c9cf710b":125,"18c73816":125,"e491161e":125,"b5087677":125,"16f60bed":125,"cb0c3481":125,"7664512c":125,"df9a53b8":125,"f6c27b2b":125,"fcacdeb3":125,"0ea055ed":125,"e3b1bdf8":125,"644b45fb":125,"590ce3d3":125,"1802d7ce":125,"0a49914b":125,"5d3f5cad":125,"cf347cba":125,"fc0c23f7":125,"641f9b9e":125,"c92edec5":125,"9f03c1e7":125,"06c24a8d":125,"2f35e75f":125,"3eddf7c8":125,"77970f8b":125,"efd594d5":125,"945f6c24":125,"f1daea7e":125,"b8fb90e3":125,"56227e35":125,"0d6bf22a":125,"b87321d0":125,"43205b5d":125,"8982905a":125,"f6fe1ad7":125,"230064fa":125,"764e0abb":125,"bba6d88e":125,"ea3479ec":125,"32266fa3":125,"50b090c3":125,"8be24763":125,"eb4800b2":125,"6e0ce9dc":125,"87d9bec4":125,"e30dfa0c":125,"6da34174":125,"bfb849fa":125,"0a10b423":125,"9ef7cee7":125,"49f1a0d1":125,"5f04aa76":125,"ba297382":125,"0287db2a":125,"96abe4a9":125,"753b10b1":125,"cf14bd99":125,"782022f4":125,"322e833f":125,"ab3619e4":125,"106006ad":125,"c8237be9":125,"1416e8f5":125,"dde2eed5":125,"a208caa8":125,"16605353":125,"77b39e15":125,"f1726edb":125,"92b72493":125,"d3e58903":125,"4481c4be":125,"7954891b":125,"4afd60a9":125,"d44c0ea3":125,"68f87858":125,"533bac6b":125,"41634dba":125,"43fd1327":125,"113e7f4b":125,"8cce569a":125,"5b09e53e":125,"da5bb0f7":125,"6d925c84":125,"50b23ab2":125,"edfa56d4":125,"4718294d":125,"5352cf45":125,"e0ffe8ff":125,"ae14d6b5":125,"721f5f42":125,"0b50bca6":125,"bf2ca266":125,"5d8d9641":125,"0de67c6c":125,"2311399f":125,"5e3ebf5e":125,"9f6ca218":125,"6213799d":125,"44cb1fd2":125,"baf19c25":125,"24a79a6e":125,"edde30af":125,"4d949e11":125,"df12f689":125,"1da10cbf":125,"832c48e4":125,"dc90a44c":125,"1ad7c45b":125,"5566c17c":125,"86a22252":125,"0000dece":125,"ce5efdbe":125,"58ace2b5":125,"d379fd96":125,"7b819458":125,"7f8024cd":125,"ae562513":125,"7b66dacd":125,"9ab137d7":125,"7191d1cd":125,"005354dd":125,"899c16eb":125,"41c76041":125,"6bb1fa99":125,"d73ff72e":125,"61c0ca91":125,"d2fda7be":125,"ce6401b6":125,"6f57824c":125,"28bd7aa1":125,"1d52fb0d":125,"cde0d748":125,"535ed444":125,"710f0d0e":125,"0905f1fb":125,"a20e529c":125,"1ae76fcc":125,"35b161d3":125,"344cd1a3":125,"77ea1236":125,"96d2a118":125,"23a0e41f":125,"b32a1080":125,"a2c4b591":125,"6dfa57be":125,"1854ce44":125,"f92b22f1":125,"ece12664":125,"36f4ecde":125,"568a0d58":125,"5fd569d2":125,"10c8fd03":125,"bd4ccb49":125,"e773d697":125,"7e8c11e7":125,"077eb15a":125,"5337c279":125,"8d256cb6":125,"7021c619":125,"32ae00db":125,"bf2defb2":125,"bc733a28":125,"30d32d34":125,"886c16d3":125,"e8d09b62":125,"ce20ca3c":125,"1d2d958b":125,"81fb6a01":125,"7f5b27c8":125,"fb3444d9":125,"f05de640":125,"86a68967":125,"56cd4dca":125,"7f469f4c":125,"f92dedfc":125,"355d1489":125,"f96fc1af":125,"06713bac":125,"61aca924":125,"d97fb857":125,"59ff5ec6":125,"ef04e64e":125,"6e2d04de":125,"2fca1798":125,"05028839":125,"5488826c":125,"84fff5c1":125,"c649992d":125,"d5ad3ed6":125,"8e5f7187":125,"55ba7579":125,"b7769ca6":125,"9c27de51":125,"38a75b48":125,"1792bfa3":125,"3b3569f6":125,"b01ab62a":125,"76da16fa":125,"bffee581":125,"07150038":125,"080fa362":125,"7b6945ad":125,"a40d08e1":125,"cec79bc2":125,"d2eff358":125,"e70aebb5":125,"a488b2f1":125,"4caa87d6":125,"f7076e21":125,"69e653b6":125,"98d2991b":125,"3b411d6a":125,"83826ef3":125,"595609d5":125,"f1e86522":125,"b47f1b89":125,"fa03f48f":125,"8e6caf71":125,"5298dafa":125,"9a3433b8":125,"426f1904":125,"7c0f1ca9":125,"b2f820ac":125,"25d4f65d":125,"eddb6a2a":125,"ff8a00aa":125,"c146560b":125,"985068e7":125,"d543ba6f":125,"25f7f918":125,"b89112cb":125,"c5311ebb":125,"66736d5e":125,"105bb3f6":125,"30de89a7":125,"58de5462":125,"06aaa33f":125,"f01c896d":125,"320c65bf":125,"1f2670d0":125,"1fa1e7c2":125,"962c9c8f":125,"646af2b9":125,"aec0bf28":125,"659389ad":125,"a017a323":125,"240c8679":125,"8801c469":125,"0718c3be":125,"b6281f1a":125,"8b503f7b":125,"48c6df81":125,"5e165f43":125,"87a8523c":125,"c416baa6":125,"f8785b71":125,"ab4a411a":125,"ae350a07":125,"680a32a6":125,"d7a4b24c":125,"686d5c0b":125,"83ba647d":125,"cb0bd6b7":125,"f15eb1c5":125,"71789493":125,"8e426e39":125,"51909df8":125,"5ac72353":125,"e22b0973":125,"d1b14d06":125,"23646ff9":125,"f6c074a7":125,"ffd6849d":125,"3abb827b":125,"962fca02":125,"0c73c293":125,"88929b06":125,"75968179":125,"08c4692e":125,"bc8bdc23":125,"a71f3f70":125,"5b2479ef":125,"1f7aa83c":125,"1d882c36":125,"eb62e8f2":125,"732d62ee":125,"d4b0751c":125,"5b01444b":125,"79995b62":125,"97160db8":125,"589f0d6e":125,"51b4016a":125,"46bf9112":125,"092ad3d6":125,"bf940089":125,"01f34f98":125,"1670b0d3":125,"ec97d63e":125,"94208a41":125,"2cbcad17":125,"4dccb5ca":125,"83268abf":125,"578c4c95":125,"c606b472":125,"808bc372":125,"c792a7c1":125,"5a7da061":125,"06a94514":125,"73c420df":125,"0700da70":125,"ff591765":125,"93f12198":125,"62e270e5":125,"66b1b6d7":125,"b062adc4":125,"4aae5133":125,"63a3af32":125,"3fec4b0b":125,"faa3de3e":125,"44983d13":125,"80999122":125,"72af9198":125,"e39e9552":125,"81c1b70d":125,"e72f0f82":125,"9666b973":125,"653b27c7":125,"83b37fd6":125,"4d852788":125,"e43a9448":125,"3542b748":125,"379c53ab":125,"e396d80d":125,"7da61f27":125,"dc874a97":125,"85a220de":125,"40a7cdd2":125,"ac033c7b":125,"87759976":125,"4df3f62e":125,"88374b72":125,"fdfaf1ed":125,"ea981bed":125,"5e197575":125,"e587c4d0":125,"525b2635":125,"caa38a45":125,"a9987a58":125,"b6b8e5c7":125,"e82177d3":125,"89914b94":125,"04bdf5e1":125,"da8b42be":125,"3b0576bf":125,"9458934f":125,"1dcc489c":125,"945badf3":125,"1327775b":125,"bdd40125":125,"75fd47f7":125,"1c52a07e":125,"e70ccc25":125,"afd1494f":125,"ca6bffd3":125,"829c44a4":125,"e76e2617":125,"2b4fd52e":125,"57162572":125,"d1d50cfe":125,"c881a53e":125,"80c1c8b1":125
1601327160759,"cf52acd8":125,"a63cb4ce":125,"d3b3492b":125,"7580cfa4":125,"22a96386":125,"5c672b50":125,"5df16440":125,"b666e56d":125,"8db378ff":125,"784d6375":125,"4541bf85":125,"a6b13f20":125,"2459c882":125,"3df97186":125,"ef0490de":125,"e0f47ced":125,"309bbf54":125,"cc537772":125,"6618390c":125,"99cc0813":125,"dc32c4e1":125,"239c636e":125,"6ee160ff":125,"c55d40ca":125,"22c177a8":125,"00ae883f":125,"f416ee62":125,"0d2b182d":125,"320754c3":125,"232b2f64":125,"3171b6e7":125,"3b25460f":125,"d2064756":125,"272e7d0d":125,"f92596ee":125,"68831ea9":125,"9713d076":125,"fd098272":125,"6ee788a7":125,"8249641d":125,"45b0968f":125,"6a9bb182":125,"1f1afd4f":125,"25fb8826":125,"0dc5da58":125,"2874a625":125,"e61ae828":125,"f7ac3883":125,"ccd01528":125,"dab8cf68":125,"00f2a9cb":125,"916fe082":125,"b64dba8e":125,"c3bb30ce":125,"86219c70":125,"601990d8":125,"5c662c19":125,"d2a5d2fd":125,"89d220c2":125,"3e10c9cb":125,"5500a3e8":125,"3c0e87ac":125,"a891461f":125,"f7ffcbb8":125,"5728f934":125,"00b26865":125,"c333337d":125,"815c56bc":125,"5bd61a68":125,"a246cdab":125,"117c7f0b":125,"0d21cf99":125,"14e6fe14":125,"37ec5e73":125,"bfff7913":125,"f8636899":125,"37724339":125,"d45d9727":125,"ee5ff2a3":125,"44322dfd":125,"295e4d1d":125,"8cf6570a":125,"403064a0":125,"312af46e":125,"b5a9f8c3":125,"fcbc0ae8":125,"2ff6b6a8":125,"66a71cc1":125,"bf4b58e4":125,"8582c5cf":125,"0c353665":125,"231e8700":125,"1f9fbd85":125,"43f24679":125,"a1c0dfc4":125,"78f71162":125,"4b27a9a4":125,"163f4d19":125,"1d043d5a":125,"b2f82e06":125,"5b0b43e6":125,"b5474d69":125,"5a938eeb":125,"4fe0dedf":125,"951fc6d0":125,"61892a4c":125,"f096219e":125,"a3f0a6ec":125,"01051f84":125,"aa7e370d":125,"f995eeab":125,"4006e709":125,"0dedf63e":125,"a9d5374b":125,"4321f02d":125,"089b3f8f":125,"7698d0dc":125,"784414ce":125,"2df3efdb":125,"d0f1b7bd":125,"e7799883":125,"4f9456cf":125,"6e260ee8":125,"f4f84279":125,"b0950de5":125,"6f873999":125,"1f4e0e22":125,"60d69311":125,"3b09f1de":125,"b371f44a":125,"8b6180ff":125,"8819ac24":125,"dbbf7f69":125,"dfe4a061":125,"c2bf7d51":125,"781afef6":125,"de9229a0":125,"99a5feef":125,"f6266388":125,"e64fd39c":125,"e1b3ce36":125,"625fa164":125,"0c6ae551":125,"e8f4c1dd":125,"cede8b8c":125,"ad95ff4a":125,"893a99c5":125,"d8bf32b5":125,"0eb42efe":125,"03c4ab87":125,"4e3d3af7":125,"3a4803a8":125,"f7a7de5d":125,"a8edfe84":125,"2ed19b1e":125,"959e16ea":125,"02f76c64":125,"5c6d1f33":125,"b4801cae":125,"c3c2fd05":125,"f8c97147":125,"c2526ff3":125,"cc386067":125,"a22ffd8f":125,"3cd28a4d":125,"44a12c31":125,"d4e56c3e":125,"0c045c2d":125,"8efd4801":125,"7eb8f268":125,"20236d3e":125,"36ae8cd8":125,"3ddd5391":125,"07f69c6d":125,"2254f0f5":125,"ea282e84":125,"6653c83b":125,"c896052c":125,"287ecd1c":125,"f9376d3e":125,"07a94e8c":125,"bb017b49":125,"37b52fe4":125,"61ad1519":125,"819c4185":125,"ba69b06b":125,"7d2a2cb4":125,"4f62491c":125,"70b4c438":125,"71ed93db":125,"c92efaa8":125,"c241ac7e":125,"62a45672":125,"210e507a":125,"ac6e268b":125,"742238e8":125,"45a961ca":125,"5ca978fd":125,"668e601b":125,"7552d86c":125,"02ebf3b6":125,"bb17a968":125,"4abcb85d":125,"cba26072":125,"2a718dcc":125,"c6a9a8e1":125,"88854fd0":125,"8dc27d2a":125,"41d7f05d":125,"2b851827":125,"9f428a03":125,"4d504d96":125,"0533ece1":125,"bcee2ef3":125,"0afba00c":125,"04ff8100":125,"6c00d8d6":125,"ac9a02bc":125,"acfe69ed":125,"426603ff":125,"2db2f252":125,"2e84193b":125,"c55683c9":125,"51233daf":125,"02791635":125,"be081247":125,"5cc47d1b":125,"678b846f":125,"b4bd39d8":125,"b4cdbe5d":125,"fa0386f3":125,"b95d0f17":125,"cee9c347":125
1601327161971,"7800e7ce":126,"77869ff0":126,"4b8f7b16":126,"89f75690":126,"cb363e2f":126,"cd802f02":126,"d3cca7eb":126,"e866a899":126,"5690e712":126,"0b92d2a9":126,"070bed95":126,"67e5d108":126,"3d37b94b":126,"842c97c2":126,"c4cef92b":126,"0eecdc5b":126,"b7e495ea":126,"45ec63c0":126,"0ddfde2c":126,"a8b41774":126,"81f0da2d":126,"1fcc8ba4":126,"75a9c117":126,"12ba54ec":126,"be391c1a":126,"37d8a5b7":126,"d5ab81c4":126,"2ecde685":126,"f0bd52d3":126,"dcc20f76":126,"666a8ef0":126,"c5b609f1":126,"4dc5849a":126,"d605c755":126,"8a8c1d67":126,"cc6b3306":126,"8c2dfd9a":126,"f11267b9":126,"a483b15e":126,"f80ab49d":126,"95eaed39":126,"a5ba0ebb":126,"f53362a9":126,"1901ef7e":126,"960c2e6b":126,"3515e999":126,"d11f8f1b":126,"9d9eb027":126,"325f9a29":126,"503aafe5":126,"080d5d42":126,"5d03f5dc":126,"f0a01341":126,"1ee4d9f9":126,"0d6e45e7":126,"0da97151":126,"d5d94481":126,"ffe48500":126,"c7a45a33":126,"e829038c":126,"4987cfb5":126,"ba90687c":126,"77f2cf92":126,"037e2be4":126,"9e7dbd20":126,"0c086273":126,"ac13c3b0":126,"b4d9c57f":126,"5d53c964":126,"8ee9cc91":126,"4cc0af91":126,"55f6a2ba":126,"9559ea96":126,"9cb044bf":126,"16b25add":126,"80ee333e":126,"3b329af2":126,"1cd662bf":126,"72992b35":126,"47589344":126,"593b1533":126,"e9f6e5ce":126,"ed6bead5":126,"96f594b9":126,"94dfcfc5":126,"8301986e":126,"830ecfec":126,"a8bae791":126,"312009ee":126,"c98759fd":126,"e8b6d676":126,"45ee5840":126,"76f04033":126,"43480b19":126,"fd955858":126,"69798d15":126,"efea71fa":126,"fb3aa867":126,"c9cf710b":126,"fcacdeb3":126,"0ea055ed":126,"e3b1bdf8":126,"644b45fb":126,"faffe099":126,"e99490cd":126,"3b830769":126,"583f0305":126,"1557c50a":126,"249e80ab":126,"f52a3d94":126,"eb74d3dd":126,"3bcbc28d":126,"3c0455e7":126,"df203c79":126,"df1e1ac0":126,"491708eb":126,"e421caaa":126,"2d2ecf27":126,"d38a4953":126,"eba5efdd":126,"a5463f93":126,"c85ac4f8":126,"bc253f4f":126,"0d9d2bf8":126,"846b7f11":126,"d3411467":126,"1df0ce7f":126,"a08171d0":126,"c8bc5677":126,"dfca0518":126,"b9a21017":126,"e47705d3":126,"3cae4115":126,"0ccf4731":126,"c7c6782d":126,"54346574":126,"b12cbf87":126,"81942d9b":126,"699b90c1":126,"d9b5a7a8":126,"1e7914d2":126,"e5d8fdb2":126,"3412ab75":126,"bcac5daf":126,"62d028cc":126,"0af2cf39":126,"27491297":126,"d041ea86":126,"1eda11b2":126,"fc442678":126
1601327162397,"18c73816":126,"e491161e":126,"b5087677":126,"16f60bed":126,"cb0c3481":126,"7664512c":126,"df9a53b8":126,"f6c27b2b":126,"945f6c24":126,"f1daea7e":126,"b8fb90e3":126,"56227e35":126,"0d6bf22a":126,"590ce3d3":126,"1802d7ce":126,"0a49914b":126,"5d3f5cad":126,"cf347cba":126,"fc0c23f7":126,"641f9b9e":126,"c92edec5":126,"9f03c1e7":126,"06c24a8d":126,"2f35e75f":126,"3eddf7c8":126,"77970f8b":126,"efd594d5":126,"4718294d":126,"5352cf45":126,"e0ffe8ff":126,"ae14d6b5":126,"721f5f42":126,"0b50bca6":126,"bf2ca266":126,"5d8d9641":126,"0de67c6c":126,"2311399f":126,"5e3ebf5e":126,"9f6ca218":126,"6213799d":126,"44cb1fd2":126,"b87321d0":126,"43205b5d":126,"8982905a":126,"f6fe1ad7":126,"230064fa":126,"764e0abb":126,"bba6d88e":126,"ea3479ec":126,"32266fa3":126,"50b090c3":126,"8be24763":126,"eb4800b2":126,"6e0ce9dc":126,"87d9bec4":126,"e30dfa0c":126,"6da34174":126,"bfb849fa":126,"0a10b423":126,"9ef7cee7":126,"49f1a0d1":126,"5f04aa76":126,"ba297382":126,"0287db2a":126,"96abe4a9":126,"753b10b1":126,"cf14bd99":126,"782022f4":126,"322e833f":126,"ab3619e4":126,"106006ad":126,"c8237be9":126,"1416e8f5":126,"dde2eed5":126,"a208caa8":126,"16605353":126,"77b39e15":126,"baf19c25":126,"24a79a6e":126,"edde30af":126,"4d949e11":126,"df12f689":126,"1da10cbf":126,"832c48e4":126,"dc90a44c":126,"1ad7c45b":126,"5566c17c":126,"86a22252":126,"0000dece":126,"ce5efdbe":126,"58ace2b5":126,"d379fd96":126,"7b819458":126,"7f8024cd":126,"ae562513":126,"7b66dacd":126,"9ab137d7":126,"7191d1cd":126,"005354dd":126,"f1726edb":126,"92b72493":126,"d3e58903":126,"4481c4be":126,"7954891b":126,"4afd60a9":126,"d44c0ea3":126,"68f87858":126,"533bac6b":126,"41634dba":126,"43fd1327":126,"113e7f4b":126,"8cce569a":126,"ce6401b6":126,"6f57824c":126,"28bd7aa1":126,"1d52fb0d":126,"cde0d748":126,"535ed444":126,"710f0d0e":126,"0905f1fb":126,"a20e529c":126,"1ae76fcc":126,"35b161d3":126,"344cd1a3":126,"77ea1236":126,"96d2a118":126,"23a0e41f":126,"b32a1080":126,"a2c4b591":126,"6dfa57be":126,"1854ce44":126,"f92b22f1":126,"ece12664":126,"36f4ecde":126,"568a0d58":126,"5fd569d2":126,"10c8fd03":126,"bd4ccb49":126,"e773d697":126,"7e8c11e7":126,"077eb15a":126,"5337c279":126,"8d256cb6":126,"7021c619":126,"32ae00db":126,"bf2defb2":126,"bc733a28":126,"30d32d34":126,"886c16d3":126,"e8d09b62":126,"5b09e53e":126,"da5bb0f7":126,"6d925c84":126,"50b23ab2":126,"edfa56d4":126,"899c16eb":126,"41c76041":126,"6bb1fa99":126,"d73ff72e":126,"61c0ca91":126,"d2fda7be":126,"ce20ca3c":126,"1d2d958b":126,"81fb6a01":126,"7f5b27c8":126,"fb3444d9":126,"f05de640":126,"86a68967":126,"56cd4dca":126,"7f469f4c":126,"f92dedfc":126,"355d1489":126,"f96fc1af":126,"06713bac":126,"61aca924":126,"d97fb857":126,"59ff5ec6":126,"ef04e64e":126,"6e2d04de":126,"2fca1798":126,"05028839":126,"5488826c":126,"3b3569f6":126,"b01ab62a":126,"76da16fa":126,"bffee581":126,"07150038":126,"080fa362":126,"7b6945ad":126,"a40d08e1":126,"cec79bc2":126,"d2eff358":126,"e70aebb5":126,"a488b2f1":126,"4caa87d6":126,"f7076e21":126,"69e653b6":126,"98d2991b":126,"3b411d6a":126,"83826ef3":126,"f1e86522":126,"fa03f48f":126,"595609d5":126,"5298dafa":126,"b47f1b89":126,"8e6caf71":126,"25f7f918":126,"c5311ebb":126,"9a3433b8":126,"b89112cb":126,"105bb3f6":126,"84fff5c1":126,"c649992d":126,"d5ad3ed6":126,"8e5f7187":126,"55ba7579":126,"b7769ca6":126,"9c27de51":126,"38a75b48":126,"1792bfa3":126,"426f1904":126,"7c0f1ca9":126,"b2f820ac":126,"25d4f65d":126,"eddb6a2a":126,"ff8a00aa":126,"c146560b":126,"985068e7":126,"d543ba6f":126,"66736d5e":126,"58de5462":126,"30de89a7":126,"f01c896d":126,"1f2670d0":126,"06aaa33f":126,"320c65bf":126,"962c9c8f":126,"aec0bf28":126,"1fa1e7c2":126,"a017a323":126,"646af2b9":126,"8801c469":126,"659389ad":126,"b6281f1a":126,"240c8679":126,"48c6df81":126,"0718c3be":126,"8b503f7b":126,"5e165f43":126,"87a8523c":126,"f8785b71":126,"c416baa6":126,"ab4a411a":126,"d7a4b24c":126,"ae350a07":126,"686d5c0b":126,"680a32a6":126,"f15eb1c5":126,"83ba647d":126,"71789493":126,"cb0bd6b7":126,"5ac72353":126,"8e426e39":126,"51909df8":126,"d1b14d06":126,"e22b0973":126,"f6c074a7":126,"ffd6849d":126,"23646ff9":126,"962fca02":126,"3abb827b":126,"75968179":126,"0c73c293":126,"88929b06":126,"bc8bdc23":126,"08c4692e":126,"a71f3f70":126,"1f7aa83c":126,"5b2479ef":126,"732d62ee":126,"1d882c36":126,"eb62e8f2":126,"d4b0751c":126,"5b01444b":126,"79995b62":126,"97160db8":126,"589f0d6e":126,"51b4016a":126,"46bf9112":126,"092ad3d6":126,"bf940089":126,"01f34f98":126,"1670b0d3":126,"ec97d63e":126,"94208a41":126,"2cbcad17":126,"4dccb5ca":126,"808bc372":126,"83268abf":126,"c792a7c1":126,"578c4c95":126,"5a7da061":126,"c606b472":126,"06a94514":126,"73c420df":126,"0700da70":126,"ff591765":126,"93f12198":126,"62e270e5":126,"66b1b6d7":126,"b062adc4":126,"4aae5133":126,"63a3af32":126,"3fec4b0b":126,"faa3de3e":126,"44983d13":126,"80999122":126,"72af9198":126,"e39e9552":126,"81c1b70d":126,"e72f0f82":126,"88374b72":126,"fdfaf1ed":126,"ea981bed":126,"5e197575":126,"9666b973":126,"653b27c7":126,"83b37fd6":126,"4d852788":126,"272e7d0d":126,"f92596ee":126,"e587c4d0":126,"525b2635":126,"caa38a45":126,"a9987a58":126,"b6b8e5c7":126,"e82177d3":126,"89914b94":126,"04bdf5e1":126,"da8b42be":126,"3b0576bf":126,"9458934f":126,"1dcc489c":126,"945badf3":126,"1327775b":126,"bdd40125":126,"75fd47f7":126,"1c52a07e":126,"e70ccc25":126,"afd1494f":126,"ca6bffd3":126,"829c44a4":126,"e76e2617":126,"2b4fd52e":126,"57162572":126,"d1d50cfe":126,"e43a9448":126,"3542b748":126,"379c53ab":126,"e396d80d":126,"7da61f27":126,"dc874a97":126,"85a220de":126,"40a7cdd2":126,"ac033c7b":126,"87759976":126,"4df3f62e":126,"c881a53e":126,"80c1c8b1":126,"cf52acd8":126,"a63cb4ce":126,"d3b3492b":126,"7580cfa4":126,"22a96386":126,"5c672b50":126,"5df16440":126,"b666e56d":126,"8db378ff":126,"784d6375":126,"4541bf85":126,"a6b13f20":126,"2459c882":126,"3df97186":126,"ef0490de":126,"e0f47ced":126,"309bbf54":126,"cc537772":126,"6618390c":126,"99cc0813":126,"dc32c4e1":126,"239c636e":126,"6ee160ff":126,"c55d40ca":126,"68831ea9":126,"9713d076":126,"fd098272":126,"6ee788a7":126,"8249641d":126,"45b0968f":126,"6a9bb182":126,"1f1afd4f":126,"25fb8826":126,"0dc5da58":126,"2874a625":126,"e61ae828":126,"f7ac3883":126,"ccd01528":126,"dab8cf68":126,"00f2a9cb":126,"916fe082":126,"b64dba8e":126,"c3bb30ce":126,"86219c70":126,"601990d8":126,"5c662c19":126,"d2a5d2fd":126,"89d220c2":126,"3e10c9cb":126,"5500a3e8":126,"3c0e87ac":126,"a891461f":126,"a246cdab":126,"117c7f0b":126,"0d21cf99":126,"14e6fe14":126,"37ec5e73":126,"bfff7913":126,"f8636899":126,"37724339":126,"d45d9727":126,"ee5ff2a3":126,"f7ffcbb8":126,"5728f934":126,"00b26865":126,"c333337d":126,"815c56bc":126,"5bd61a68":126,"8582c5cf":126,"0c353665":126,"231e8700":126,"1f9fbd85":126,"43f24679":126,"a1c0dfc4":126,"78f71162":126,"4b27a9a4":126,"163f4d19":126,"1d043d5a":126,"b2f82e06":126,"5b0b43e6":126,"b5474d69":126,"5a938eeb":126,"4fe0dedf":126,"951fc6d0":126,"61892a4c":126
1601327162580,"f096219e":126,"a3f0a6ec":126,"01051f84":126,"aa7e370d":126,"f995eeab":126,"4006e709":126,"0dedf63e":126,"a9d5374b":126,"4321f02d":126,"089b3f8f":126,"7698d0dc":126,"784414ce":126,"2df3efdb":126,"d0f1b7bd":126,"e7799883":126,"4f9456cf":126,"6e260ee8":126,"f4f84279":126,"b0950de5":126,"6f873999":126,"22c177a8":126,"00ae883f":126,"f416ee62":126,"0d2b182d":126,"320754c3":126,"232b2f64":126,"3171b6e7":126,"3b25460f":126,"d2064756":126,"1f4e0e22":126,"60d69311":126,"3b09f1de":126,"b371f44a":126,"8b6180ff":126,"8819ac24":126,"dbbf7f69":126,"44322dfd":126,"295e4d1d":126,"8cf6570a":126,"403064a0":126,"312af46e":126,"b5a9f8c3":126,"fcbc0ae8":126,"2ff6b6a8":126,"66a71cc1":126,"bf4b58e4":126,"dfe4a061":126,"c2bf7d51":126,"781afef6":126,"de9229a0":126,"99a5feef":126,"f6266388":126,"e64fd39c":126,"e1b3ce36":126,"625fa164":126,"0c6ae551":126,"e8f4c1dd":126,"cede8b8c":126,"ad95ff4a":126,"893a99c5":126,"d8bf32b5":126,"0eb42efe":126,"03c4ab87":126,"4e3d3af7":126,"3a4803a8":126,"f7a7de5d":126,"d4e56c3e":126,"0c045c2d":126,"8efd4801":126,"7eb8f268":126,"20236d3e":126,"36ae8cd8":126,"3ddd5391":126,"07f69c6d":126,"2254f0f5":126,"ea282e84":126,"6653c83b":126,"c896052c":126,"287ecd1c":126,"f9376d3e":126,"07a94e8c":126,"a8edfe84":126,"2ed19b1e":126,"959e16ea":126,"02f76c64":126,"5c6d1f33":126,"b4801cae":126,"c3c2fd05":126,"f8c97147":126,"c2526ff3":126,"cc386067":126,"a22ffd8f":126,"3cd28a4d":126,"44a12c31":126,"45a961ca":126,"5ca978fd":126,"668e601b":126,"7552d86c":126,"02ebf3b6":126,"bb17a968":126,"4abcb85d":126,"bb017b49":126,"37b52fe4":126,"61ad1519":126,"819c4185":126,"ba69b06b":126,"7d2a2cb4":126,"4f62491c":126,"70b4c438":126,"71ed93db":126,"c92efaa8":126,"c241ac7e":126,"62a45672":126,"210e507a":126,"ac6e268b":126,"742238e8":126,"cba26072":126,"2a718dcc":126,"c6a9a8e1":126,"88854fd0":126,"8dc27d2a":126,"41d7f05d":126,"2b851827":126,"9f428a03":126,"4d504d96":126,"0533ece1":126,"bcee2ef3":126,"0afba00c":126,"04ff8100":126,"6c00d8d6":126,"ac9a02bc":126,"acfe69ed":126,"426603ff":126,"2db2f252":126,"2e84193b":126,"c55683c9":126,"51233daf":126,"02791635":126,"be081247":126,"5cc47d1b":126,"678b846f":126,"b4bd39d8":126,"b4cdbe5d":126,"fa0386f3":126,"b95d0f17":126,"cee9c347":126
1601327164249,"7800e7ce":127,"77869ff0":127,"4b8f7b16":127,"89f75690":127,"cb363e2f":127,"cd802f02":127,"d3cca7eb":127,"e866a899":127,"5690e712":127,"0b92d2a9":127,"070bed95":127,"67e5d108":127,"3d37b94b":127,"842c97c2":127,"c4cef92b":127,"0eecdc5b":127,"b7e495ea":127,"45ec63c0":127,"0ddfde2c":127,"a8b41774":127,"81f0da2d":127,"1fcc8ba4":127,"75a9c117":127,"12ba54ec":127,"be391c1a":127,"37d8a5b7":127,"d5ab81c4":127,"2ecde685":127,"f0bd52d3":127,"dcc20f76":127,"666a8ef0":127,"c5b609f1":127,"d5d94481":127,"4dc5849a":127,"d605c755":127,"8a8c1d67":127,"cc6b3306":127,"8c2dfd9a":127,"f11267b9":127,"a483b15e":127,"f80ab49d":127,"95eaed39":127,"a5ba0ebb":127,"f53362a9":127,"1901ef7e":127,"960c2e6b":127,"3515e999":127,"d11f8f1b":127,"9d9eb027":127,"325f9a29":127,"503aafe5":127,"080d5d42":127,"5d03f5dc":127,"f0a01341":127,"1ee4d9f9":127,"0d6e45e7":127,"0da97151":127,"e829038c":127,"4987cfb5":127,"ba90687c":127,"77f2cf92":127,"037e2be4":127,"9e7dbd20":127,"0c086273":127,"ac13c3b0":127,"b4d9c57f":127,"ffe48500":127,"c7a45a33":127,"faffe099":127,"e99490cd":127,"3b830769":127,"583f0305":127,"1557c50a":127,"249e80ab":127,"f52a3d94":127,"eb74d3dd":127,"3bcbc28d":127,"3c0455e7":127,"df203c79":127,"df1e1ac0":127,"491708eb":127,"e421caaa":127,"2d2ecf27":127,"d38a4953":127,"eba5efdd":127,"a5463f93":127,"c85ac4f8":127,"bc253f4f":127,"0d9d2bf8":127,"846b7f11":127,"d3411467":127,"1df0ce7f":127,"a08171d0":127,"c8bc5677":127,"dfca0518":127,"b9a21017":127,"e47705d3":127,"3cae4115":127,"0ccf4731":127,"18c73816":127,"e491161e":127,"b5087677":127,"16f60bed":127,"cb0c3481":127,"7664512c":127,"df9a53b8":127,"f6c27b2b":127,"945f6c24":127,"f1daea7e":127,"b8fb90e3":127,"56227e35":127,"0d6bf22a":127,"b87321d0":127,"5d53c964":127,"8ee9cc91":127,"4cc0af91":127,"55f6a2ba":127,"9559ea96":127,"9cb044bf":127,"16b25add":127,"80ee333e":127,"3b329af2":127,"1cd662bf":127,"72992b35":127,"47589344":127,"593b1533":127,"e9f6e5ce":127,"ed6bead5":127,"96f594b9":127,"94dfcfc5":127,"8301986e":127,"830ecfec":127,"a8bae791":127,"312009ee":127,"c98759fd":127,"e8b6d676":127,"45ee5840":127,"76f04033":127,"43480b19":127,"fd955858":127,"69798d15":127,"efea71fa":127,"fb3aa867":127,"c9cf710b":127,"fcacdeb3":127,"0ea055ed":127,"e3b1bdf8":127,"644b45fb":127,"43205b5d":127,"8982905a":127,"f6fe1ad7":127,"230064fa":127,"764e0abb":127,"bba6d88e":127,"ea3479ec":127,"32266fa3":127,"50b090c3":127,"8be24763":127,"eb4800b2":127,"6e0ce9dc":127,"87d9bec4":127,"e30dfa0c":127,"6da34174":127,"bfb849fa":127,"0a10b423":127,"9ef7cee7":127,"49f1a0d1":127,"5f04aa76":127,"c7c6782d":127,"54346574":127,"b12cbf87":127,"81942d9b":127,"699b90c1":127,"d9b5a7a8":127,"1e7914d2":127,"e5d8fdb2":127,"3412ab75":127,"bcac5daf":127,"62d028cc":127,"0af2cf39":127,"27491297":127,"d041ea86":127,"1eda11b2":127,"fc442678":127,"ba297382":127,"0287db2a":127,"96abe4a9":127,"753b10b1":127,"cf14bd99":127,"782022f4":127,"322e833f":127,"ab3619e4":127,"106006ad":127,"c8237be9":127,"1416e8f5":127,"dde2eed5":127,"a208caa8":127,"16605353":127,"77b39e15":127,"f1726edb":127,"92b72493":127,"d3e58903":127,"4481c4be":127,"7954891b":127,"4afd60a9":127,"d44c0ea3":127,"68f87858":127,"533bac6b":127,"41634dba":127
1601327164834,"590ce3d3":127,"1802d7ce":127,"0a49914b":127,"5d3f5cad":127,"cf347cba":127,"fc0c23f7":127,"641f9b9e":127,"c92edec5":127,"9f03c1e7":127,"06c24a8d":127,"2f35e75f":127,"3eddf7c8":127,"77970f8b":127,"efd594d5":127,"4718294d":127,"5352cf45":127,"e0ffe8ff":127,"ae14d6b5":127,"721f5f42":127,"0b50bca6":127,"bf2ca266":127,"5d8d9641":127,"0de67c6c":127,"2311399f":127,"5e3ebf5e":127,"9f6ca218":127,"6213799d":127,"44cb1fd2":127,"baf19c25":127,"24a79a6e":127,"edde30af":127,"4d949e11":127,"df12f689":127,"3b3569f6":127,"b01ab62a":127,"76da16fa":127,"bffee581":127,"07150038":127,"080fa362":127,"7b6945ad":127,"a40d08e1":127,"cec79bc2":127,"d2eff358":127,"e70aebb5":127,"a488b2f1":127,"4caa87d6":127,"f7076e21":127,"69e653b6":127,"98d2991b":127,"3b411d6a":127,"83826ef3":127,"595609d5":127,"5b09e53e":127,"da5bb0f7":127,"6d925c84":127,"50b23ab2":127,"edfa56d4":127,"899c16eb":127,"41c76041":127,"6bb1fa99":127,"d73ff72e":127,"61c0ca91":127,"d2fda7be":127,"ce20ca3c":127,"1d2d958b":127,"81fb6a01":127,"7f5b27c8":127,"fb3444d9":127,"f05de640":127,"86a68967":127,"56cd4dca":127,"7f469f4c":127,"f92dedfc":127,"355d1489":127,"f96fc1af":127,"06713bac":127,"61aca924":127,"d97fb857":127,"59ff5ec6":127,"ef04e64e":127,"6e2d04de":127,"2fca1798":127,"05028839":127,"5488826c":127,"84fff5c1":127,"c649992d":127,"d5ad3ed6":127,"b47f1b89":127,"f1e86522":127,"fa03f48f":127,"8e6caf71":127,"9a3433b8":127,"5298dafa":127,"25f7f918":127,"b89112cb":127,"66736d5e":127,"c5311ebb":127,"30de89a7":127,"105bb3f6":127,"58de5462":127,"06aaa33f":127,"f01c896d":127,"320c65bf":127,"1f2670d0":127,"1fa1e7c2":127,"962c9c8f":127,"646af2b9":127,"659389ad":127,"aec0bf28":127,"240c8679":127,"a017a323":127,"0718c3be":127,"8801c469":127,"b6281f1a":127,"8b503f7b":127,"87a8523c":127,"48c6df81":127,"c416baa6":127,"5e165f43":127,"f8785b71":127,"ae350a07":127,"ab4a411a":127,"680a32a6":127,"83ba647d":127,"d7a4b24c":127,"cb0bd6b7":127,"686d5c0b":127,"1da10cbf":127,"832c48e4":127,"dc90a44c":127,"1ad7c45b":127,"5566c17c":127,"86a22252":127,"0000dece":127,"ce5efdbe":127,"58ace2b5":127,"d379fd96":127,"7b819458":127,"7f8024cd":127,"ae562513":127,"7b66dacd":127,"9ab137d7":127,"7191d1cd":127,"005354dd":127,"f15eb1c5":127,"8e426e39":127,"71789493":127,"51909df8":127,"5ac72353":127,"e22b0973":127,"d1b14d06":127,"23646ff9":127,"f6c074a7":127,"3abb827b":127,"0c73c293":127,"ffd6849d":127,"88929b06":127,"962fca02":127,"08c4692e":127,"75968179":127,"5b2479ef":127,"bc8bdc23":127,"1d882c36":127,"a71f3f70":127,"1f7aa83c":127,"eb62e8f2":127,"732d62ee":127,"8e5f7187":127,"55ba7579":127,"b7769ca6":127,"9c27de51":127,"38a75b48":127,"1792bfa3":127,"426f1904":127,"7c0f1ca9":127,"b2f820ac":127,"25d4f65d":127,"eddb6a2a":127,"ff8a00aa":127,"c146560b":127,"985068e7":127,"d543ba6f":127,"d4b0751c":127,"5b01444b":127,"79995b62":127,"97160db8":127,"589f0d6e":127,"51b4016a":127,"46bf9112":127,"092ad3d6":127,"bf940089":127,"01f34f98":127,"1670b0d3":127,"ec97d63e":127,"94208a41":127,"2cbcad17":127,"4dccb5ca":127,"83268abf":127,"578c4c95":127,"c606b472":127,"808bc372":127,"c792a7c1":127,"5a7da061":127,"06a94514":127,"73c420df":127,"0700da70":127,"ff591765":127,"93f12198":127,"62e270e5":127,"66b1b6d7":127,"b062adc4":127,"4aae5133":127,"63a3af32":127,"3fec4b0b":127,"faa3de3e":127,"44983d13":127,"80999122":127,"72af9198":127,"e39e9552":127,"81c1b70d":127,"e72f0f82":127,"88374b72":127,"fdfaf1ed":127,"ea981bed":127,"5e197575":127,"e587c4d0":127,"525b2635":127,"caa38a45":127,"a9987a58":127,"b6b8e5c7":127,"e82177d3":127,"89914b94":127,"04bdf5e1":127,"da8b42be":127,"3b0576bf":127,"9458934f":127,"1dcc489c":127,"945badf3":127,"1327775b":127,"bdd40125":127,"75fd47f7":127,"1c52a07e":127,"e70ccc25":127,"10c8fd03":127,"bd4ccb49":127,"e773d697":127,"7e8c11e7":127,"077eb15a":127,"5337c279":127,"8d256cb6":127,"7021c619":127,"32ae00db":127,"bf2defb2":127,"bc733a28":127,"30d32d34":127,"886c16d3":127,"e8d09b62":127,"afd1494f":127,"ca6bffd3":127,"829c44a4":127,"e76e2617":127,"2b4fd52e":127,"43fd1327":127,"113e7f4b":127,"8cce569a":127,"ce6401b6":127,"6f57824c":127,"28bd7aa1":127,"1d52fb0d":127,"cde0d748":127,"535ed444":127,"710f0d0e":127,"0905f1fb":127,"a20e529c":127,"1ae76fcc":127,"35b161d3":127,"344cd1a3":127,"77ea1236":127,"96d2a118":127,"23a0e41f":127,"b32a1080":127,"a2c4b591":127,"6dfa57be":127,"1854ce44":127,"f92b22f1":127,"ece12664":127,"36f4ecde":127,"568a0d58":127,"5fd569d2":127,"57162572":127,"d1d50cfe":127,"9666b973":127,"653b27c7":127,"83b37fd6":127,"4d852788":127,"e43a9448":127,"3542b748":127,"379c53ab":127,"e396d80d":127,"7da61f27":127,"dc874a97":127,"85a220de":127,"40a7cdd2":127,"ac033c7b":127,"87759976":127,"4df3f62e":127,"c881a53e":127,"80c1c8b1":127,"cf52acd8":127,"a63cb4ce":127,"d3b3492b":127,"7580cfa4":127,"22a96386":127,"5c672b50":127,"5df16440":127,"b666e56d":127,"8db378ff":127,"784d6375":127,"4541bf85":127,"a6b13f20":127,"2459c882":127,"3df97186":127,"ef0490de":127,"e0f47ced":127,"309bbf54":127,"cc537772":127,"272e7d0d":127,"f92596ee":127,"68831ea9":127,"9713d076":127,"fd098272":127,"6ee788a7":127,"8249641d":127,"45b0968f":127,"6a9bb182":127,"1f1afd4f":127,"25fb8826":127,"0dc5da58":127,"2874a625":127,"e61ae828":127,"f7ac3883":127,"ccd01528":127,"dab8cf68":127,"00f2a9cb":127,"6618390c":127,"99cc0813":127,"dc32c4e1":127,"239c636e":127,"6ee160ff":127,"c55d40ca":127,"22c177a8":127,"00ae883f":127,"f416ee62":127,"0d2b182d":127,"320754c3":127,"232b2f64":127,"3171b6e7":127,"3b25460f":127,"d2064756":127,"916fe082":127,"b64dba8e":127,"c3bb30ce":127,"86219c70":127,"601990d8":127,"5c662c19":127,"d2a5d2fd":127,"89d220c2":127,"3e10c9cb":127,"5500a3e8":127,"3c0e87ac":127,"a891461f":127,"a246cdab":127,"117c7f0b":127,"0d21cf99":127,"14e6fe14":127,"37ec5e73":127,"bfff7913":127,"f8636899":127,"37724339":127,"d45d9727":127,"ee5ff2a3":127,"44322dfd":127,"295e4d1d":127,"8cf6570a":127,"403064a0":127,"312af46e":127,"b5a9f8c3":127,"fcbc0ae8":127,"2ff6b6a8":127,"66a71cc1":127,"bf4b58e4":127,"f7ffcbb8":127,"5728f934":127,"00b26865":127,"c333337d":127,"815c56bc":127,"5bd61a68":127,"8582c5cf":127,"0c353665":127,"231e8700":127,"1f9fbd85":127,"43f24679":127,"a1c0dfc4":127,"78f71162":127,"4b27a9a4":127,"163f4d19":127,"1d043d5a":127,"b2f82e06":127,"5b0b43e6":127,"b5474d69":127,"5a938eeb":127,"4fe0dedf":127,"951fc6d0":127,"61892a4c":127,"f096219e":127,"a3f0a6ec":127,"01051f84":127,"aa7e370d":127,"f995eeab":127,"4006e709":127,"0dedf63e":127,"a9d5374b":127,"4321f02d":127,"089b3f8f":127,"7698d0dc":127,"784414ce":127,"2df3efdb":127,"d0f1b7bd":127,"e7799883":127,"4f9456cf":127,"6e260ee8":127,"f4f84279":127,"b0950de5":127,"6f873999":127,"1f4e0e22":127,"60d69311":127,"3b09f1de":127,"b371f44a":127,"8b6180ff":127,"8819ac24":127,"dbbf7f69":127,"a8edfe84":127,"2ed19b1e":127,"959e16ea":127,"02f76c64":127,"5c6d1f33":127,"b4801cae":127,"c3c2fd05":127,"f8c97147":127,"c2526ff3":127,"dfe4a061":127,"c2bf7d51":127,"781afef6":127,"de9229a0":127,"99a5feef":127,"f6266388":127,"e64fd39c":127,"e1b3ce36":127,"625fa164":127,"0c6ae551":127,"e8f4c1dd":127,"cede8b8c":127,"ad95ff4a":127,"893a99c5":127,"d8bf32b5":127,"0eb42efe":127,"03c4ab87":127,"4e3d3af7":127,"3a4803a8":127,"f7a7de5d":127,"d4e56c3e":127,"0c045c2d":127,"8efd4801":127,"7eb8f268":127,"20236d3e":127,"36ae8cd8":127,"3ddd5391":127,"07f69c6d":127,"2254f0f5":127,"ea282e84":127,"6653c83b":127,"c896052c":127,"287ecd1c":127,"cc386067":127,"a22ffd8f":127,"3cd28a4d":127,"44a12c31":127,"45a961ca":127,"5ca978fd":127,"668e601b":127,"7552d86c":127,"02ebf3b6":127,"bb17a968":127,"4abcb85d":127,"cba26072":127,"2a718dcc":127,"c6a9a8e1":127,"88854fd0":127,"8dc27d2a":127,"41d7f05d":127,"2b851827":127,"9f428a03":127,"4d504d96":127,"0533ece1":127,"bcee2ef3":127,"0afba00c":127,"04ff8100":127,"6c00d8d6":127,"ac9a02bc":127,"acfe69ed":127,"426603ff":127,"2db2f252":127,"2e84193b":127,"c55683c9":127,"51233daf":127,"02791635":127,"be081247":127,"5cc47d1b":127,"678b846f":127,"b4bd39d8":127,"f9376d3e":127,"07a94e8c":127,"bb017b49":127,"37b52fe4":127,"61ad1519":127,"819c4185":127,"ba69b06b":127,"7d2a2cb4":127,"4f62491c":127,"70b4c438":127,"71ed93db":127,"c92efaa8":127,"c241ac7e":127,"62a45672":127,"210e507a":127,"ac6e268b":127,"742238e8":127
1601327164986,"b4cdbe5d":127,"fa0386f3":127,"b95d0f17":127,"cee9c347":127
1601327166105,"d5d94481":128,"ffe48500":128,"c7a45a33":128,"faffe099":128,"e99490cd":128,"3b830769":128,"583f0305":128,"1557c50a":128,"249e80ab":128,"f52a3d94":128,"eb74d3dd":128,"3bcbc28d":128,"3c0455e7":128,"df203c79":128,"df1e1ac0":128,"491708eb":128,"e421caaa":128,"2d2ecf27":128,"d38a4953":128,"eba5efdd":128,"a5463f93":128,"c85ac4f8":128,"bc253f4f":128,"0d9d2bf8":128,"846b7f11":128,"d3411467":128,"1df0ce7f":128,"a08171d0":128,"c8bc5677":128,"dfca0518":128,"b9a21017":128,"e47705d3":128,"3cae4115":128,"0ccf4731":128,"c7c6782d":128,"54346574":128,"b12cbf87":128,"81942d9b":128,"699b90c1":128,"d9b5a7a8":128,"1e7914d2":128,"e5d8fdb2":128,"3412ab75":128,"bcac5daf":128,"7800e7ce":128,"77869ff0":128,"4b8f7b16":128,"89f75690":128,"cb363e2f":128,"cd802f02":128,"d3cca7eb":128,"e866a899":128,"5690e712":128,"0b92d2a9":128,"070bed95":128,"67e5d108":128,"3d37b94b":128,"842c97c2":128,"c4cef92b":128,"0eecdc5b":128,"b7e495ea":128,"45ec63c0":128,"0ddfde2c":128,"a8b41774":128,"81f0da2d":128,"1fcc8ba4":128,"75a9c117":128,"12ba54ec":128,"be391c1a":128,"37d8a5b7":128,"d5ab81c4":128,"2ecde685":128,"f0bd52d3":128,"dcc20f76":128,"666a8ef0":128,"c5b609f1":128,"62d028cc":128,"0af2cf39":128,"27491297":128,"d041ea86":128,"1eda11b2":128,"fc442678":128,"4dc5849a":128,"d605c755":128,"8a8c1d67":128,"cc6b3306":128,"8c2dfd9a":128,"f11267b9":128,"a483b15e":128,"f80ab49d":128,"95eaed39":128,"a5ba0ebb":128,"f53362a9":128,"1901ef7e":128,"960c2e6b":128,"3515e999":128,"d11f8f1b":128,"9d9eb027":128,"325f9a29":128,"503aafe5":128
1601327166501,"18c73816":128,"e491161e":128,"b5087677":128,"16f60bed":128,"cb0c3481":128,"7664512c":128,"df9a53b8":128,"f6c27b2b":128,"945f6c24":128,"f1daea7e":128,"b8fb90e3":128,"56227e35":128,"0d6bf22a":128,"b87321d0":128,"43205b5d":128,"8982905a":128,"f6fe1ad7":128,"230064fa":128,"764e0abb":128,"bba6d88e":128,"ea3479ec":128,"32266fa3":128,"080d5d42":128,"5d03f5dc":128,"f0a01341":128,"1ee4d9f9":128,"0d6e45e7":128,"0da97151":128,"e829038c":128,"4987cfb5":128,"ba90687c":128,"77f2cf92":128,"037e2be4":128,"9e7dbd20":128,"0c086273":128,"ac13c3b0":128,"b4d9c57f":128,"5d53c964":128,"8ee9cc91":128,"4cc0af91":128,"55f6a2ba":128,"9559ea96":128,"9cb044bf":128,"16b25add":128,"80ee333e":128,"3b329af2":128,"1cd662bf":128,"72992b35":128,"47589344":128,"593b1533":128,"e9f6e5ce":128,"ed6bead5":128,"96f594b9":128,"94dfcfc5":128,"8301986e":128,"830ecfec":128,"a8bae791":128,"50b090c3":128,"8be24763":128,"eb4800b2":128,"6e0ce9dc":128,"87d9bec4":128,"e30dfa0c":128,"6da34174":128,"bfb849fa":128,"0a10b423":128,"9ef7cee7":128,"49f1a0d1":128,"5f04aa76":128,"ba297382":128,"312009ee":128,"c98759fd":128,"e8b6d676":128,"45ee5840":128,"76f04033":128,"43480b19":128,"fd955858":128,"69798d15":128,"efea71fa":128,"fb3aa867":128,"c9cf710b":128,"fcacdeb3":128,"0ea055ed":128,"e3b1bdf8":128,"644b45fb":128,"0287db2a":128,"96abe4a9":128,"753b10b1":128,"cf14bd99":128,"782022f4":128,"322e833f":128,"ab3619e4":128,"106006ad":128,"c8237be9":128,"1416e8f5":128,"dde2eed5":128,"a208caa8":128,"16605353":128,"77b39e15":128,"f1726edb":128,"92b72493":128,"d3e58903":128,"4481c4be":128,"7954891b":128,"4afd60a9":128,"d44c0ea3":128,"68f87858":128,"533bac6b":128,"41634dba":128,"43fd1327":128,"113e7f4b":128,"8cce569a":128,"ce6401b6":128,"6f57824c":128,"28bd7aa1":128,"1d52fb0d":128,"cde0d748":128,"535ed444":128,"710f0d0e":128,"0905f1fb":128,"a20e529c":128,"1ae76fcc":128,"35b161d3":128,"344cd1a3":128,"77ea1236":128,"96d2a118":128,"23a0e41f":128,"b32a1080":128,"a2c4b591":128,"6dfa57be":128,"1854ce44":128,"f92b22f1":128,"ece12664":128,"36f4ecde":128,"568a0d58":128,"5fd569d2":128,"10c8fd03":128,"bd4ccb49":128,"e773d697":128,"7e8c11e7":128,"077eb15a":128,"5337c279":128,"8d256cb6":128,"7021c619":128,"32ae00db":128,"bf2defb2":128,"bc733a28":128,"30d32d34":128,"886c16d3":128,"e8d09b62":128,"590ce3d3":128,"1802d7ce":128,"0a49914b":128,"5d3f5cad":128,"cf347cba":128,"fc0c23f7":128,"641f9b9e":128,"c92edec5":128,"9f03c1e7":128,"06c24a8d":128,"2f35e75f":128,"3eddf7c8":128,"77970f8b":128,"efd594d5":128,"4718294d":128,"5352cf45":128,"e0ffe8ff":128,"ae14d6b5":128,"721f5f42":128,"0b50bca6":128,"bf2ca266":128,"5d8d9641":128,"0de67c6c":128,"2311399f":128,"5e3ebf5e":128,"9f6ca218":128,"6213799d":128,"44cb1fd2":128,"baf19c25":128,"5b09e53e":128,"da5bb0f7":128,"6d925c84":128,"50b23ab2":128,"edfa56d4":128,"899c16eb":128,"41c76041":128,"6bb1fa99":128,"d73ff72e":128,"61c0ca91":128,"d2fda7be":128,"ce20ca3c":128,"1d2d958b":128,"24a79a6e":128,"edde30af":128,"4d949e11":128,"df12f689":128,"1da10cbf":128,"832c48e4":128,"dc90a44c":128,"1ad7c45b":128,"5566c17c":128,"86a22252":128,"0000dece":128,"ce5efdbe":128,"58ace2b5":128,"d379fd96":128,"7b819458":128,"7f8024cd":128,"ae562513":128,"7b66dacd":128,"9ab137d7":128,"7191d1cd":128,"005354dd":128,"3b3569f6":128,"b01ab62a":128,"76da16fa":128,"bffee581":128,"07150038":128,"080fa362":128,"7b6945ad":128,"a40d08e1":128,"81fb6a01":128,"7f5b27c8":128,"fb3444d9":128,"f05de640":128,"86a68967":128,"56cd4dca":128,"7f469f4c":128,"f92dedfc":128,"355d1489":128,"f96fc1af":128,"06713bac":128,"61aca924":128,"d97fb857":128,"59ff5ec6":128,"ef04e64e":128,"6e2d04de":128,"2fca1798":128,"05028839":128,"5488826c":128,"84fff5c1":128,"c649992d":128,"d5ad3ed6":128,"8e5f7187":128,"55ba7579":128,"b7769ca6":128,"9c27de51":128,"38a75b48":128,"1792bfa3":128,"426f1904":128,"7c0f1ca9":128,"b2f820ac":128,"25d4f65d":128,"eddb6a2a":128,"ff8a00aa":128,"c146560b":128,"985068e7":128,"d543ba6f":128,"cec79bc2":128,"d2eff358":128,"e70aebb5":128,"a488b2f1":128,"4caa87d6":128,"f7076e21":128,"69e653b6":128,"98d2991b":128,"3b411d6a":128,"83826ef3":128,"595609d5":128,"f1e86522":128,"b47f1b89":128,"fa03f48f":128,"8e6caf71":128,"5298dafa":128,"25f7f918":128,"9a3433b8":128,"c5311ebb":128,"b89112cb":128,"66736d5e":128,"105bb3f6":128,"30de89a7":128,"58de5462":128,"06aaa33f":128,"f01c896d":128,"1f2670d0":128,"320c65bf":128,"1fa1e7c2":128,"962c9c8f":128,"aec0bf28":128,"646af2b9":128,"a017a323":128,"659389ad":128,"240c8679":128,"8801c469":128,"b6281f1a":128,"0718c3be":128,"8b503f7b":128,"48c6df81":128,"5e165f43":128,"87a8523c":128,"c416baa6":128,"f8785b71":128,"ae350a07":128,"ab4a411a":128,"d7a4b24c":128,"680a32a6":128,"83ba647d":128,"686d5c0b":128,"cb0bd6b7":128,"f15eb1c5":128,"272e7d0d":128,"f92596ee":128,"68831ea9":128,"9713d076":128,"fd098272":128,"6ee788a7":128,"8249641d":128,"45b0968f":128,"6a9bb182":128,"1f1afd4f":128,"25fb8826":128,"8e426e39":128,"71789493":128,"5ac72353":128,"51909df8":128,"d1b14d06":128,"e22b0973":128,"f6c074a7":128,"23646ff9":128,"3abb827b":128,"ffd6849d":128,"0c73c293":128,"962fca02":128,"75968179":128,"88929b06":128,"bc8bdc23":128,"08c4692e":128,"a71f3f70":128,"5b2479ef":128,"1f7aa83c":128,"1d882c36":128,"eb62e8f2":128,"732d62ee":128,"d4b0751c":128,"5b01444b":128,"79995b62":128,"97160db8":128,"589f0d6e":128,"51b4016a":128,"46bf9112":128,"092ad3d6":128,"bf940089":128,"01f34f98":128,"1670b0d3":128,"ec97d63e":128,"94208a41":128,"2cbcad17":128,"4dccb5ca":128,"83268abf":128,"578c4c95":128,"c606b472":128,"0dc5da58":128
1601327167071,"2874a625":128,"e61ae828":128,"f7ac3883":128,"ccd01528":128,"dab8cf68":128,"00f2a9cb":128,"916fe082":128,"b64dba8e":128,"c3bb30ce":128,"86219c70":128,"601990d8":128,"5c662c19":128,"d2a5d2fd":128,"89d220c2":128,"808bc372":128,"c792a7c1":128,"5a7da061":128,"06a94514":128,"73c420df":128,"0700da70":128,"ff591765":128,"93f12198":128,"62e270e5":128,"66b1b6d7":128,"b062adc4":128,"4aae5133":128,"63a3af32":128,"3fec4b0b":128,"faa3de3e":128,"44983d13":128,"80999122":128,"72af9198":128,"e39e9552":128,"81c1b70d":128,"e72f0f82":128,"88374b72":128,"fdfaf1ed":128,"ea981bed":128,"5e197575":128,"e587c4d0":128,"525b2635":128,"caa38a45":128,"a9987a58":128,"b6b8e5c7":128,"e82177d3":128,"89914b94":128,"04bdf5e1":128,"da8b42be":128,"3b0576bf":128,"9458934f":128,"1dcc489c":128,"945badf3":128,"1327775b":128,"bdd40125":128,"3e10c9cb":128,"5500a3e8":128,"3c0e87ac":128,"a891461f":128,"a246cdab":128,"117c7f0b":128,"0d21cf99":128,"14e6fe14":128,"37ec5e73":128,"bfff7913":128,"f8636899":128,"37724339":128,"d45d9727":128,"ee5ff2a3":128,"44322dfd":128,"295e4d1d":128,"9666b973":128,"653b27c7":128,"83b37fd6":128,"4d852788":128,"e43a9448":128,"3542b748":128,"379c53ab":128,"e396d80d":128,"7da61f27":128,"dc874a97":128,"85a220de":128,"40a7cdd2":128,"ac033c7b":128,"87759976":128,"4df3f62e":128,"c881a53e":128,"80c1c8b1":128,"cf52acd8":128,"a63cb4ce":128,"d3b3492b":128,"7580cfa4":128,"8cf6570a":128,"403064a0":128,"312af46e":128,"b5a9f8c3":128,"fcbc0ae8":128,"2ff6b6a8":128,"66a71cc1":128,"bf4b58e4":128,"75fd47f7":128,"1c52a07e":128,"e70ccc25":128,"afd1494f":128,"ca6bffd3":128,"829c44a4":128,"e76e2617":128,"2b4fd52e":128,"57162572":128,"d1d50cfe":128,"22a96386":128,"5c672b50":128,"5df16440":128,"b666e56d":128,"8db378ff":128,"784d6375":128,"4541bf85":128,"a6b13f20":128,"2459c882":128,"3df97186":128,"ef0490de":128,"e0f47ced":128,"309bbf54":128,"cc537772":128,"6618390c":128,"99cc0813":128,"dc32c4e1":128,"239c636e":128,"6ee160ff":128,"c55d40ca":128,"22c177a8":128,"00ae883f":128,"f416ee62":128,"0d2b182d":128,"320754c3":128,"232b2f64":128,"3171b6e7":128,"3b25460f":128,"d2064756":128,"f7ffcbb8":128,"5728f934":128,"00b26865":128,"c333337d":128,"815c56bc":128,"5bd61a68":128,"8582c5cf":128,"0c353665":128,"231e8700":128,"1f9fbd85":128,"43f24679":128,"a1c0dfc4":128,"78f71162":128,"4b27a9a4":128,"163f4d19":128,"1d043d5a":128,"b2f82e06":128,"5b0b43e6":128,"b5474d69":128,"5a938eeb":128,"4fe0dedf":128,"951fc6d0":128,"61892a4c":128,"f096219e":128,"a3f0a6ec":128,"01051f84":128,"aa7e370d":128,"f995eeab":128,"4006e709":128,"0dedf63e":128,"a9d5374b":128,"4321f02d":128,"089b3f8f":128,"7698d0dc":128,"784414ce":128,"2df3efdb":128,"d0f1b7bd":128,"e7799883":128,"4f9456cf":128,"6e260ee8":128,"f4f84279":128,"b0950de5":128,"6f873999":128,"1f4e0e22":128,"60d69311":128,"3b09f1de":128,"b371f44a":128,"8b6180ff":128,"8819ac24":128,"dbbf7f69":128,"dfe4a061":128,"c2bf7d51":128,"781afef6":128,"de9229a0":128,"99a5feef":128,"f6266388":128,"e64fd39c":128,"e1b3ce36":128,"625fa164":128,"0c6ae551":128,"e8f4c1dd":128,"cede8b8c":128,"ad95ff4a":128,"893a99c5":128,"d8bf32b5":128,"0eb42efe":128,"03c4ab87":128,"4e3d3af7":128,"3a4803a8":128,"f7a7de5d":128,"d4e56c3e":128,"0c045c2d":128,"8efd4801":128,"7eb8f268":128,"a8edfe84":128,"2ed19b1e":128,"959e16ea":128,"02f76c64":128,"5c6d1f33":128,"b4801cae":128,"c3c2fd05":128,"f8c97147":128,"c2526ff3":128,"cc386067":128,"a22ffd8f":128,"3cd28a4d":128,"44a12c31":128,"45a961ca":128,"5ca978fd":128,"668e601b":128,"7552d86c":128,"02ebf3b6":128,"bb17a968":128,"4abcb85d":128,"cba26072":128,"2a718dcc":128,"c6a9a8e1":128,"88854fd0":128,"8dc27d2a":128,"41d7f05d":128,"2b851827":128,"9f428a03":128,"4d504d96":128,"0533ece1":128,"20236d3e":128,"36ae8cd8":128,"3ddd5391":128,"07f69c6d":128,"2254f0f5":128,"ea282e84":128,"6653c83b":128,"c896052c":128,"287ecd1c":128,"f9376d3e":128,"07a94e8c":128,"bb017b49":128,"37b52fe4":128,"61ad1519":128,"819c4185":128,"ba69b06b":128,"7d2a2cb4":128,"4f62491c":128,"70b4c438":128,"71ed93db":128,"c92efaa8":128,"c241ac7e":128,"62a45672":128,"210e507a":128,"ac6e268b":128,"742238e8":128,"bcee2ef3":128,"0afba00c":128,"04ff8100":128,"6c00d8d6":128,"ac9a02bc":128,"acfe69ed":128,"426603ff":128,"2db2f252":128,"2e84193b":128,"c55683c9":128,"51233daf":128,"02791635":128,"be081247":128,"5cc47d1b":128,"678b846f":128,"b4bd39d8":128,"b4cdbe5d":128,"fa0386f3":128,"b95d0f17":128,"cee9c347":128
1601327168235,"d5d94481":129,"ffe48500":129,"c7a45a33":129,"faffe099":129,"e99490cd":129,"3b830769":129,"583f0305":129,"7800e7ce":129,"77869ff0":129,"4b8f7b16":129,"89f75690":129,"cb363e2f":129,"cd802f02":129,"d3cca7eb":129,"e866a899":129,"5690e712":129,"0b92d2a9":129,"070bed95":129,"67e5d108":129,"3d37b94b":129,"842c97c2":129,"c4cef92b":129,"0eecdc5b":129,"b7e495ea":129,"1557c50a":129,"249e80ab":129,"f52a3d94":129,"eb74d3dd":129,"3bcbc28d":129,"3c0455e7":129,"df203c79":129,"df1e1ac0":129,"491708eb":129,"e421caaa":129,"2d2ecf27":129,"d38a4953":129,"eba5efdd":129,"a5463f93":129,"c85ac4f8":129,"bc253f4f":129,"0d9d2bf8":129,"846b7f11":129,"d3411467":129,"1df0ce7f":129,"a08171d0":129,"c8bc5677":129,"dfca0518":129,"b9a21017":129,"e47705d3":129,"3cae4115":129,"0ccf4731":129,"c7c6782d":129,"54346574":129,"b12cbf87":129,"81942d9b":129,"699b90c1":129,"d9b5a7a8":129,"1e7914d2":129,"45ec63c0":129,"0ddfde2c":129,"a8b41774":129,"81f0da2d":129,"1fcc8ba4":129,"75a9c117":129,"12ba54ec":129,"be391c1a":129,"37d8a5b7":129,"d5ab81c4":129,"2ecde685":129,"f0bd52d3":129,"dcc20f76":129,"666a8ef0":129,"c5b609f1":129,"4dc5849a":129,"d605c755":129,"8a8c1d67":129,"cc6b3306":129,"8c2dfd9a":129,"f11267b9":129,"a483b15e":129,"f80ab49d":129,"95eaed39":129,"a5ba0ebb":129,"f53362a9":129,"1901ef7e":129,"960c2e6b":129,"3515e999":129,"d11f8f1b":129,"9d9eb027":129,"325f9a29":129,"503aafe5":129,"e5d8fdb2":129,"3412ab75":129,"bcac5daf":129,"62d028cc":129,"0af2cf39":129,"27491297":129,"d041ea86":129,"1eda11b2":129,"fc442678":129,"080d5d42":129,"5d03f5dc":129,"f0a01341":129,"1ee4d9f9":129,"0d6e45e7":129,"0da97151":129,"e829038c":129,"4987cfb5":129,"ba90687c":129,"77f2cf92":129,"037e2be4":129,"9e7dbd20":129,"0c086273":129,"ac13c3b0":129,"b4d9c57f":129,"5d53c964":129,"8ee9cc91":129,"4cc0af91":129,"55f6a2ba":129,"9559ea96":129,"9cb044bf":129,"16b25add":129,"80ee333e":129,"3b329af2":129,"1cd662bf":129,"72992b35":129,"47589344":129,"593b1533":129,"e9f6e5ce":129,"ed6bead5":129,"96f594b9":129,"94dfcfc5":129,"8301986e":129,"830ecfec":129,"a8bae791":129,"312009ee":129,"c98759fd":129,"e8b6d676":129,"45ee5840":129,"76f04033":129,"43480b19":129,"fd955858":129,"69798d15":129,"efea71fa":129,"fb3aa867":129,"c9cf710b":129,"fcacdeb3":129,"0ea055ed":129,"e3b1bdf8":129,"644b45fb":129,"18c73816":129,"e491161e":129,"b5087677":129,"16f60bed":129,"cb0c3481":129,"7664512c":129
1601327168926,"df9a53b8":129,"f6c27b2b":129,"945f6c24":129,"f1daea7e":129,"b8fb90e3":129,"56227e35":129,"0d6bf22a":129,"b87321d0":129,"43205b5d":129,"8982905a":129,"f6fe1ad7":129,"230064fa":129,"764e0abb":129,"bba6d88e":129,"ea3479ec":129,"32266fa3":129,"50b090c3":129,"8be24763":129,"eb4800b2":129,"6e0ce9dc":129,"87d9bec4":129,"e30dfa0c":129,"6da34174":129,"bfb849fa":129,"0a10b423":129,"9ef7cee7":129,"49f1a0d1":129,"5f04aa76":129,"ba297382":129,"0287db2a":129,"96abe4a9":129,"753b10b1":129,"cf14bd99":129,"782022f4":129,"322e833f":129,"ab3619e4":129,"106006ad":129,"c8237be9":129,"1416e8f5":129,"dde2eed5":129,"a208caa8":129,"16605353":129,"77b39e15":129,"f1726edb":129,"92b72493":129,"d3e58903":129,"4481c4be":129,"7954891b":129,"4afd60a9":129,"d44c0ea3":129,"68f87858":129,"533bac6b":129,"41634dba":129,"43fd1327":129,"113e7f4b":129,"8cce569a":129,"ce6401b6":129,"6f57824c":129,"28bd7aa1":129,"1d52fb0d":129,"cde0d748":129,"535ed444":129,"710f0d0e":129,"0905f1fb":129,"a20e529c":129,"1ae76fcc":129,"35b161d3":129,"344cd1a3":129,"77ea1236":129,"96d2a118":129,"23a0e41f":129,"b32a1080":129,"a2c4b591":129,"6dfa57be":129,"1854ce44":129,"f92b22f1":129,"ece12664":129,"36f4ecde":129,"568a0d58":129,"5fd569d2":129,"10c8fd03":129,"bd4ccb49":129,"e773d697":129,"7e8c11e7":129,"077eb15a":129,"5337c279":129,"8d256cb6":129,"7021c619":129,"32ae00db":129,"bf2defb2":129,"bc733a28":129,"30d32d34":129,"886c16d3":129,"e8d09b62":129,"590ce3d3":129,"1802d7ce":129,"0a49914b":129,"5d3f5cad":129,"cf347cba":129,"fc0c23f7":129,"641f9b9e":129,"c92edec5":129,"9f03c1e7":129,"06c24a8d":129,"2f35e75f":129,"3eddf7c8":129,"77970f8b":129,"efd594d5":129,"4718294d":129,"5352cf45":129,"e0ffe8ff":129,"5b09e53e":129,"da5bb0f7":129,"6d925c84":129,"50b23ab2":129,"ae14d6b5":129,"721f5f42":129,"0b50bca6":129,"bf2ca266":129,"5d8d9641":129,"0de67c6c":129,"2311399f":129,"5e3ebf5e":129,"9f6ca218":129,"6213799d":129,"44cb1fd2":129,"baf19c25":129,"24a79a6e":129,"edde30af":129,"4d949e11":129,"df12f689":129,"1da10cbf":129,"832c48e4":129,"dc90a44c":129,"1ad7c45b":129,"5566c17c":129,"86a22252":129,"0000dece":129,"ce5efdbe":129,"58ace2b5":129,"d379fd96":129,"7b819458":129,"7f8024cd":129,"ae562513":129,"7b66dacd":129,"9ab137d7":129,"7191d1cd":129,"005354dd":129,"edfa56d4":129,"899c16eb":129,"41c76041":129,"6bb1fa99":129,"d73ff72e":129,"61c0ca91":129,"d2fda7be":129,"ce20ca3c":129,"1d2d958b":129,"81fb6a01":129,"7f5b27c8":129,"fb3444d9":129,"f05de640":129,"86a68967":129,"56cd4dca":129,"7f469f4c":129,"f92dedfc":129,"355d1489":129,"f96fc1af":129,"06713bac":129,"61aca924":129,"d97fb857":129,"59ff5ec6":129,"ef04e64e":129,"6e2d04de":129,"2fca1798":129,"05028839":129,"5488826c":129,"84fff5c1":129,"c649992d":129,"d5ad3ed6":129,"8e5f7187":129,"55ba7579":129,"b7769ca6":129,"9c27de51":129,"38a75b48":129,"1792bfa3":129,"426f1904":129,"7c0f1ca9":129,"b2f820ac":129,"25d4f65d":129,"eddb6a2a":129,"ff8a00aa":129,"c146560b":129,"985068e7":129,"d543ba6f":129,"3b3569f6":129,"b01ab62a":129,"76da16fa":129,"bffee581":129,"07150038":129,"080fa362":129,"7b6945ad":129,"a40d08e1":129,"cec79bc2":129,"d2eff358":129,"e70aebb5":129,"a488b2f1":129,"4caa87d6":129,"f7076e21":129,"69e653b6":129,"98d2991b":129,"3b411d6a":129,"83826ef3":129,"f1e86522":129,"595609d5":129,"fa03f48f":129,"b47f1b89":129,"5298dafa":129,"8e6caf71":129,"25f7f918":129,"9a3433b8":129,"c5311ebb":129,"b89112cb":129,"105bb3f6":129,"66736d5e":129,"30de89a7":129,"58de5462":129,"06aaa33f":129,"f01c896d":129,"1f2670d0":129,"320c65bf":129,"962c9c8f":129,"1fa1e7c2":129,"aec0bf28":129,"646af2b9":129,"a017a323":129,"659389ad":129,"240c8679":129,"8801c469":129,"272e7d0d":129,"f92596ee":129,"68831ea9":129,"9713d076":129,"fd098272":129,"6ee788a7":129,"8249641d":129,"45b0968f":129,"6a9bb182":129,"1f1afd4f":129,"25fb8826":129,"808bc372":129,"c792a7c1":129,"5a7da061":129,"06a94514":129,"73c420df":129,"0700da70":129,"ff591765":129,"93f12198":129,"62e270e5":129,"66b1b6d7":129,"b062adc4":129,"4aae5133":129,"63a3af32":129,"3fec4b0b":129,"faa3de3e":129,"44983d13":129,"80999122":129,"72af9198":129,"e39e9552":129,"0dc5da58":129,"2874a625":129,"e61ae828":129,"f7ac3883":129,"ccd01528":129,"b6281f1a":129,"0718c3be":129,"8b503f7b":129,"48c6df81":129,"87a8523c":129,"5e165f43":129,"f8785b71":129,"c416baa6":129,"ab4a411a":129,"ae350a07":129,"680a32a6":129,"d7a4b24c":129,"83ba647d":129,"686d5c0b":129,"cb0bd6b7":129,"f15eb1c5":129,"71789493":129,"8e426e39":129,"51909df8":129,"5ac72353":129,"d1b14d06":129,"e22b0973":129,"23646ff9":129,"f6c074a7":129,"3abb827b":129,"ffd6849d":129,"0c73c293":129,"962fca02":129,"88929b06":129,"75968179":129,"08c4692e":129,"bc8bdc23":129,"a71f3f70":129,"5b2479ef":129,"1f7aa83c":129,"1d882c36":129,"eb62e8f2":129,"732d62ee":129,"d4b0751c":129,"5b01444b":129,"79995b62":129,"97160db8":129,"589f0d6e":129,"51b4016a":129,"46bf9112":129,"092ad3d6":129,"bf940089":129,"01f34f98":129,"1670b0d3":129,"ec97d63e":129,"94208a41":129,"2cbcad17":129,"4dccb5ca":129,"83268abf":129,"578c4c95":129,"c606b472":129,"dab8cf68":129,"00f2a9cb":129,"916fe082":129,"b64dba8e":129,"c3bb30ce":129,"86219c70":129,"601990d8":129,"5c662c19":129,"d2a5d2fd":129,"89d220c2":129,"3e10c9cb":129,"5500a3e8":129,"3c0e87ac":129,"a891461f":129,"a246cdab":129,"9666b973":129,"653b27c7":129,"83b37fd6":129,"4d852788":129,"e43a9448":129,"3542b748":129,"117c7f0b":129,"0d21cf99":129,"14e6fe14":129,"37ec5e73":129,"bfff7913":129,"f8636899":129,"37724339":129,"d45d9727":129,"81c1b70d":129,"e72f0f82":129,"88374b72":129,"fdfaf1ed":129,"ea981bed":129,"5e197575":129,"e587c4d0":129,"525b2635":129,"caa38a45":129,"a9987a58":129,"b6b8e5c7":129,"e82177d3":129,"89914b94":129,"04bdf5e1":129,"da8b42be":129,"3b0576bf":129,"9458934f":129,"1dcc489c":129,"945badf3":129,"1327775b":129,"bdd40125":129,"75fd47f7":129,"1c52a07e":129,"e70ccc25":129,"afd1494f":129,"ca6bffd3":129,"829c44a4":129,"e76e2617":129,"2b4fd52e":129,"57162572":129,"d1d50cfe":129,"ee5ff2a3":129,"44322dfd":129,"295e4d1d":129,"8cf6570a":129,"403064a0":129,"312af46e":129,"b5a9f8c3":129,"fcbc0ae8":129,"2ff6b6a8":129,"66a71cc1":129,"bf4b58e4":129,"379c53ab":129,"e396d80d":129,"7da61f27":129,"dc874a97":129,"85a220de":129,"40a7cdd2":129,"ac033c7b":129,"87759976":129,"4df3f62e":129,"c881a53e":129,"80c1c8b1":129,"cf52acd8":129,"a63cb4ce":129,"d3b3492b":129,"7580cfa4":129,"22a96386":129,"5c672b50":129,"5df16440":129,"b666e56d":129,"8db378ff":129,"784d6375":129,"4541bf85":129,"a6b13f20":129,"2459c882":129,"3df97186":129,"ef0490de":129,"e0f47ced":129,"309bbf54":129,"cc537772":129,"6618390c":129,"99cc0813":129,"dc32c4e1":129,"239c636e":129,"6ee160ff":129,"c55d40ca":129,"22c177a8":129,"00ae883f":129,"f416ee62":129,"0d2b182d":129,"320754c3":129,"232b2f64":129,"3171b6e7":129,"3b25460f":129,"d2064756":129,"f7ffcbb8":129,"5728f934":129,"00b26865":129,"c333337d":129,"815c56bc":129,"5bd61a68":129,"8582c5cf":129,"0c353665":129,"231e8700":129,"1f9fbd85":129,"43f24679":129,"a1c0dfc4":129,"78f71162":129,"4b27a9a4":129,"163f4d19":129,"1d043d5a":129,"b2f82e06":129,"5b0b43e6":129,"b5474d69":129,"5a938eeb":129,"4fe0dedf":129,"951fc6d0":129,"61892a4c":129,"f096219e":129,"a3f0a6ec":129,"01051f84":129,"aa7e370d":129,"f995eeab":129,"4006e709":129
1601327169518,"0dedf63e":129,"a9d5374b":129,"4321f02d":129,"089b3f8f":129,"7698d0dc":129,"784414ce":129,"2df3efdb":129,"d0f1b7bd":129,"e7799883":129,"4f9456cf":129,"6e260ee8":129,"f4f84279":129,"b0950de5":129,"6f873999":129,"1f4e0e22":129,"60d69311":129,"3b09f1de":129,"b371f44a":129,"8b6180ff":129,"8819ac24":129,"dbbf7f69":129,"dfe4a061":129,"c2bf7d51":129,"781afef6":129,"de9229a0":129,"99a5feef":129,"f6266388":129,"e64fd39c":129,"e1b3ce36":129,"a8edfe84":129,"2ed19b1e":129,"959e16ea":129,"02f76c64":129,"5c6d1f33":129,"b4801cae":129,"c3c2fd05":129,"f8c97147":129,"c2526ff3":129,"cc386067":129,"a22ffd8f":129,"3cd28a4d":129,"44a12c31":129,"45a961ca":129,"5ca978fd":129,"625fa164":129,"0c6ae551":129,"e8f4c1dd":129,"cede8b8c":129,"ad95ff4a":129,"893a99c5":129,"d8bf32b5":129,"0eb42efe":129,"03c4ab87":129,"4e3d3af7":129,"3a4803a8":129,"f7a7de5d":129,"d4e56c3e":129,"0c045c2d":129,"8efd4801":129,"7eb8f268":129,"20236d3e":129,"36ae8cd8":129,"3ddd5391":129,"07f69c6d":129,"2254f0f5":129,"ea282e84":129,"6653c83b":129,"c896052c":129,"287ecd1c":129,"f9376d3e":129,"07a94e8c":129,"bb017b49":129,"37b52fe4":129,"61ad1519":129,"819c4185":129,"ba69b06b":129,"7d2a2cb4":129,"4f62491c":129,"70b4c438":129,"71ed93db":129,"c92efaa8":129,"668e601b":129,"7552d86c":129,"02ebf3b6":129,"bb17a968":129,"4abcb85d":129,"cba26072":129,"2a718dcc":129,"c6a9a8e1":129,"88854fd0":129,"8dc27d2a":129,"41d7f05d":129,"2b851827":129,"9f428a03":129,"4d504d96":129,"0533ece1":129,"bcee2ef3":129,"0afba00c":129,"04ff8100":129,"6c00d8d6":129,"ac9a02bc":129,"acfe69ed":129,"426603ff":129,"2db2f252":129,"2e84193b":129,"c55683c9":129,"51233daf":129,"02791635":129,"be081247":129,"5cc47d1b":129,"678b846f":129,"b4bd39d8":129,"b4cdbe5d":129,"c241ac7e":129,"62a45672":129,"210e507a":129,"ac6e268b":129,"742238e8":129,"fa0386f3":129,"b95d0f17":129,"cee9c347":129
1601327170359,"7800e7ce":130,"77869ff0":130,"4b8f7b16":130,"89f75690":130,"cb363e2f":130,"cd802f02":130,"d3cca7eb":130,"e866a899":130,"5690e712":130,"0b92d2a9":130,"070bed95":130,"67e5d108":130,"3d37b94b":130,"842c97c2":130,"c4cef92b":130,"0eecdc5b":130,"b7e495ea":130,"45ec63c0":130,"0ddfde2c":130,"a8b41774":130,"81f0da2d":130,"1fcc8ba4":130,"75a9c117":130,"12ba54ec":130,"be391c1a":130,"37d8a5b7":130,"d5ab81c4":130,"2ecde685":130,"f0bd52d3":130,"dcc20f76":130,"666a8ef0":130,"c5b609f1":130,"4dc5849a":130,"d605c755":130,"8a8c1d67":130,"cc6b3306":130,"8c2dfd9a":130,"f11267b9":130,"a483b15e":130,"f80ab49d":130,"95eaed39":130,"a5ba0ebb":130,"f53362a9":130,"1901ef7e":130,"960c2e6b":130,"3515e999":130,"d11f8f1b":130,"9d9eb027":130,"325f9a29":130,"503aafe5":130,"080d5d42":130,"5d03f5dc":130,"f0a01341":130,"1ee4d9f9":130,"0d6e45e7":130,"0da97151":130,"e829038c":130,"4987cfb5":130,"ba90687c":130,"77f2cf92":130,"037e2be4":130,"9e7dbd20":130,"0c086273":130,"ac13c3b0":130,"b4d9c57f":130,"5d53c964":130,"d5d94481":130,"ffe48500":130,"c7a45a33":130,"faffe099":130,"e99490cd":130,"3b830769":130,"583f0305":130,"1557c50a":130,"249e80ab":130,"f52a3d94":130,"eb74d3dd":130,"3bcbc28d":130,"3c0455e7":130,"df203c79":130,"df1e1ac0":130,"8ee9cc91":130,"4cc0af91":130,"55f6a2ba":130,"9559ea96":130,"9cb044bf":130,"16b25add":130,"80ee333e":130,"3b329af2":130,"1cd662bf":130,"72992b35":130,"47589344":130,"593b1533":130,"e9f6e5ce":130,"ed6bead5":130,"96f594b9":130,"94dfcfc5":130,"8301986e":130,"830ecfec":130,"a8bae791":130,"312009ee":130,"c98759fd":130,"e8b6d676":130
1601327170735,"45ee5840":130,"76f04033":130,"43480b19":130,"fd955858":130,"69798d15":130,"efea71fa":130,"fb3aa867":130,"c9cf710b":130,"fcacdeb3":130,"0ea055ed":130,"e3b1bdf8":130,"644b45fb":130,"491708eb":130,"e421caaa":130,"2d2ecf27":130,"d38a4953":130,"eba5efdd":130,"a5463f93":130,"c85ac4f8":130,"bc253f4f":130,"0d9d2bf8":130,"846b7f11":130,"d3411467":130,"1df0ce7f":130,"a08171d0":130,"c8bc5677":130,"dfca0518":130,"b9a21017":130,"e47705d3":130,"3cae4115":130,"0ccf4731":130,"c7c6782d":130,"54346574":130,"b12cbf87":130,"81942d9b":130,"699b90c1":130,"d9b5a7a8":130,"1e7914d2":130,"e5d8fdb2":130,"3412ab75":130,"bcac5daf":130,"62d028cc":130,"0af2cf39":130,"27491297":130,"d041ea86":130,"1eda11b2":130,"fc442678":130,"590ce3d3":130,"1802d7ce":130,"0a49914b":130,"5d3f5cad":130,"cf347cba":130,"fc0c23f7":130,"641f9b9e":130,"c92edec5":130,"9f03c1e7":130,"06c24a8d":130,"2f35e75f":130,"3eddf7c8":130,"77970f8b":130,"efd594d5":130,"4718294d":130,"5352cf45":130,"e0ffe8ff":130,"18c73816":130,"e491161e":130,"b5087677":130,"16f60bed":130,"cb0c3481":130,"7664512c":130,"df9a53b8":130,"f6c27b2b":130,"945f6c24":130,"f1daea7e":130,"b8fb90e3":130,"56227e35":130,"0d6bf22a":130,"b87321d0":130,"43205b5d":130,"8982905a":130,"f6fe1ad7":130,"230064fa":130,"764e0abb":130,"bba6d88e":130,"ea3479ec":130,"32266fa3":130,"50b090c3":130,"8be24763":130,"eb4800b2":130,"6e0ce9dc":130,"87d9bec4":130,"e30dfa0c":130,"6da34174":130,"bfb849fa":130,"0a10b423":130,"ae14d6b5":130,"721f5f42":130,"0b50bca6":130,"bf2ca266":130,"5d8d9641":130,"0de67c6c":130,"2311399f":130,"5e3ebf5e":130,"9f6ca218":130,"6213799d":130,"44cb1fd2":130,"baf19c25":130,"24a79a6e":130,"edde30af":130,"4d949e11":130,"df12f689":130,"1da10cbf":130,"832c48e4":130,"dc90a44c":130,"1ad7c45b":130,"5566c17c":130,"86a22252":130,"0000dece":130,"ce5efdbe":130,"58ace2b5":130,"d379fd96":130,"7b819458":130,"7f8024cd":130,"ae562513":130,"7b66dacd":130,"9ab137d7":130,"7191d1cd":130,"9ef7cee7":130,"49f1a0d1":130,"5f04aa76":130,"ba297382":130,"0287db2a":130,"96abe4a9":130,"753b10b1":130,"cf14bd99":130,"782022f4":130,"322e833f":130,"ab3619e4":130,"106006ad":130,"c8237be9":130,"1416e8f5":130,"dde2eed5":130,"a208caa8":130,"16605353":130,"77b39e15":130,"f1726edb":130,"92b72493":130,"d3e58903":130,"4481c4be":130,"7954891b":130,"4afd60a9":130,"d44c0ea3":130,"68f87858":130,"533bac6b":130,"005354dd":130,"41634dba":130,"43fd1327":130,"113e7f4b":130,"8cce569a":130,"ce6401b6":130,"6f57824c":130,"28bd7aa1":130,"1d52fb0d":130,"cde0d748":130,"535ed444":130,"710f0d0e":130,"0905f1fb":130,"a20e529c":130,"1ae76fcc":130,"35b161d3":130,"344cd1a3":130,"77ea1236":130,"96d2a118":130,"23a0e41f":130,"b32a1080":130,"a2c4b591":130,"6dfa57be":130,"1854ce44":130,"f92b22f1":130,"ece12664":130,"36f4ecde":130,"568a0d58":130,"5fd569d2":130,"10c8fd03":130,"bd4ccb49":130,"e773d697":130,"7e8c11e7":130,"077eb15a":130,"5337c279":130,"8d256cb6":130,"7021c619":130,"32ae00db":130,"bf2defb2":130,"bc733a28":130,"30d32d34":130,"886c16d3":130,"e8d09b62":130,"5b09e53e":130,"da5bb0f7":130,"6d925c84":130,"50b23ab2":130,"edfa56d4":130,"899c16eb":130,"41c76041":130,"6bb1fa99":130,"d73ff72e":130,"61c0ca91":130,"d2fda7be":130,"ce20ca3c":130,"1d2d958b":130,"81fb6a01":130,"7f5b27c8":130,"fb3444d9":130,"f05de640":130,"86a68967":130,"56cd4dca":130,"7f469f4c":130,"f92dedfc":130,"355d1489":130,"f96fc1af":130,"06713bac":130,"61aca924":130,"d97fb857":130,"59ff5ec6":130,"ef04e64e":130,"6e2d04de":130,"2fca1798":130,"05028839":130,"5488826c":130,"84fff5c1":130,"c649992d":130,"d5ad3ed6":130,"8e5f7187":130,"55ba7579":130,"b7769ca6":130,"9c27de51":130,"38a75b48":130,"1792bfa3":130,"426f1904":130,"7c0f1ca9":130,"b2f820ac":130,"25d4f65d":130,"eddb6a2a":130,"ff8a00aa":130,"c146560b":130,"985068e7":130,"d543ba6f":130,"3b3569f6":130,"b01ab62a":130,"76da16fa":130,"bffee581":130,"07150038":130,"080fa362":130,"7b6945ad":130,"a40d08e1":130,"cec79bc2":130,"d2eff358":130,"e70aebb5":130,"a488b2f1":130,"4caa87d6":130,"f1e86522":130,"fa03f48f":130,"f7076e21":130,"69e653b6":130,"5298dafa":130,"98d2991b":130,"25f7f918":130,"3b411d6a":130,"c5311ebb":130,"105bb3f6":130,"83826ef3":130,"58de5462":130,"595609d5":130,"f01c896d":130,"b47f1b89":130,"8e6caf71":130,"1f2670d0":130,"9a3433b8":130,"962c9c8f":130,"aec0bf28":130,"b89112cb":130,"66736d5e":130,"a017a323":130,"8801c469":130,"30de89a7":130,"b6281f1a":130,"06aaa33f":130,"320c65bf":130,"48c6df81":130,"9666b973":130,"653b27c7":130,"83b37fd6":130,"4d852788":130,"e43a9448":130,"3542b748":130,"379c53ab":130,"e396d80d":130,"7da61f27":130,"dc874a97":130
1601327170975,"272e7d0d":130,"f92596ee":130,"68831ea9":130,"9713d076":130,"fd098272":130,"6ee788a7":130,"8249641d":130,"45b0968f":130,"6a9bb182":130,"1f1afd4f":130,"25fb8826":130,"0dc5da58":130,"2874a625":130,"e61ae828":130,"f7ac3883":130,"ccd01528":130,"dab8cf68":130,"00f2a9cb":130,"916fe082":130,"b64dba8e":130,"c3bb30ce":130,"86219c70":130,"601990d8":130,"5c662c19":130,"d2a5d2fd":130,"89d220c2":130,"3e10c9cb":130,"5500a3e8":130,"f7ffcbb8":130,"5728f934":130,"00b26865":130,"c333337d":130,"815c56bc":130,"5bd61a68":130,"8582c5cf":130,"0c353665":130,"231e8700":130,"85a220de":130,"40a7cdd2":130,"ac033c7b":130,"87759976":130,"4df3f62e":130,"c881a53e":130,"80c1c8b1":130,"cf52acd8":130,"a63cb4ce":130,"d3b3492b":130,"7580cfa4":130,"22a96386":130,"5c672b50":130,"5df16440":130,"b666e56d":130,"8db378ff":130,"784d6375":130,"4541bf85":130,"a6b13f20":130,"2459c882":130,"3df97186":130,"ef0490de":130,"e0f47ced":130,"309bbf54":130,"cc537772":130,"6618390c":130,"99cc0813":130,"dc32c4e1":130,"239c636e":130,"6ee160ff":130,"c55d40ca":130,"22c177a8":130,"00ae883f":130,"f416ee62":130,"1f9fbd85":130,"43f24679":130,"a1c0dfc4":130,"78f71162":130,"4b27a9a4":130,"163f4d19":130,"1d043d5a":130,"b2f82e06":130,"5b0b43e6":130,"b5474d69":130,"5a938eeb":130,"4fe0dedf":130,"951fc6d0":130,"5e165f43":130,"1fa1e7c2":130,"646af2b9":130,"f8785b71":130,"ab4a411a":130,"659389ad":130,"d7a4b24c":130,"240c8679":130,"686d5c0b":130,"0718c3be":130,"f15eb1c5":130,"8b503f7b":130,"71789493":130,"87a8523c":130,"c416baa6":130,"5ac72353":130,"ae350a07":130,"d1b14d06":130,"f6c074a7":130,"680a32a6":130,"ffd6849d":130,"83ba647d":130,"cb0bd6b7":130,"962fca02":130,"8e426e39":130,"75968179":130,"bc8bdc23":130,"51909df8":130,"e22b0973":130,"a71f3f70":130,"23646ff9":130,"1f7aa83c":130,"3abb827b":130,"732d62ee":130,"0c73c293":130,"d4b0751c":130,"5b01444b":130,"88929b06":130,"08c4692e":130,"79995b62":130,"97160db8":130,"5b2479ef":130,"589f0d6e":130,"1d882c36":130,"eb62e8f2":130,"51b4016a":130,"46bf9112":130,"092ad3d6":130,"bf940089":130,"01f34f98":130,"1670b0d3":130,"ec97d63e":130,"94208a41":130,"2cbcad17":130,"4dccb5ca":130,"83268abf":130,"578c4c95":130,"c606b472":130,"61892a4c":130,"f096219e":130,"1dcc489c":130,"945badf3":130,"1327775b":130,"bdd40125":130,"75fd47f7":130,"1c52a07e":130,"e70ccc25":130,"afd1494f":130,"ca6bffd3":130,"829c44a4":130,"e76e2617":130,"2b4fd52e":130,"57162572":130,"d1d50cfe":130,"a3f0a6ec":130,"01051f84":130,"aa7e370d":130,"808bc372":130,"c792a7c1":130,"5a7da061":130,"06a94514":130,"73c420df":130,"0700da70":130,"ff591765":130,"93f12198":130,"62e270e5":130,"66b1b6d7":130,"b062adc4":130,"4aae5133":130,"63a3af32":130,"3fec4b0b":130,"faa3de3e":130,"44983d13":130,"80999122":130,"72af9198":130,"e39e9552":130,"81c1b70d":130,"e72f0f82":130,"88374b72":130,"fdfaf1ed":130,"ea981bed":130,"5e197575":130,"e587c4d0":130,"525b2635":130,"caa38a45":130,"a9987a58":130,"b6b8e5c7":130,"e82177d3":130,"89914b94":130,"04bdf5e1":130,"da8b42be":130,"3b0576bf":130,"9458934f":130,"f995eeab":130,"4006e709":130,"0dedf63e":130,"a9d5374b":130,"4321f02d":130,"089b3f8f":130,"7698d0dc":130,"784414ce":130,"3c0e87ac":130,"a891461f":130,"a246cdab":130,"117c7f0b":130,"0d21cf99":130,"14e6fe14":130,"37ec5e73":130,"bfff7913":130,"f8636899":130,"37724339":130,"d45d9727":130,"ee5ff2a3":130,"44322dfd":130,"295e4d1d":130,"8cf6570a":130,"403064a0":130,"312af46e":130,"b5a9f8c3":130,"fcbc0ae8":130,"2ff6b6a8":130,"66a71cc1":130,"bf4b58e4":130,"2df3efdb":130,"d0f1b7bd":130,"e7799883":130,"4f9456cf":130,"6e260ee8":130,"0d2b182d":130,"320754c3":130,"232b2f64":130,"3171b6e7":130,"3b25460f":130,"d2064756":130,"f4f84279":130,"b0950de5":130,"6f873999":130,"1f4e0e22":130,"60d69311":130,"3b09f1de":130,"b371f44a":130,"8b6180ff":130,"8819ac24":130,"dbbf7f69":130,"dfe4a061":130,"c2bf7d51":130,"781afef6":130,"de9229a0":130,"99a5feef":130,"f6266388":130,"e64fd39c":130,"e1b3ce36":130,"625fa164":130,"0c6ae551":130,"e8f4c1dd":130,"cede8b8c":130,"ad95ff4a":130,"893a99c5":130,"d8bf32b5":130,"0eb42efe":130,"03c4ab87":130,"a8edfe84":130,"2ed19b1e":130,"959e16ea":130,"02f76c64":130,"5c6d1f33":130,"b4801cae":130,"c3c2fd05":130,"4e3d3af7":130,"3a4803a8":130,"f7a7de5d":130,"d4e56c3e":130,"0c045c2d":130,"8efd4801":130,"7eb8f268":130,"20236d3e":130,"36ae8cd8":130,"3ddd5391":130,"07f69c6d":130,"2254f0f5":130,"ea282e84":130,"6653c83b":130,"c896052c":130,"287ecd1c":130,"f9376d3e":130,"07a94e8c":130,"bb017b49":130,"37b52fe4":130,"61ad1519":130,"819c4185":130,"ba69b06b":130,"7d2a2cb4":130,"4f62491c":130,"70b4c438":130,"71ed93db":130,"c92efaa8":130,"c241ac7e":130,"62a45672":130,"210e507a":130,"ac6e268b":130,"742238e8":130,"f8c97147":130,"c2526ff3":130,"cc386067":130,"a22ffd8f":130,"3cd28a4d":130,"44a12c31":130,"45a961ca":130,"5ca978fd":130,"668e601b":130,"7552d86c":130,"02ebf3b6":130,"bb17a968":130,"4abcb85d":130,"cba26072":130,"2a718dcc":130,"c6a9a8e1":130,"88854fd0":130,"8dc27d2a":130,"41d7f05d":130,"2b851827":130,"9f428a03":130,"4d504d96":130,"0533ece1":130,"bcee2ef3":130,"0afba00c":130,"04ff8100":130,"6c00d8d6":130,"ac9a02bc":130,"acfe69ed":130,"426603ff":130,"2db2f252":130,"2e84193b":130,"c55683c9":130,"51233daf":130,"02791635":130,"be081247":130,"5cc47d1b":130,"678b846f":130,"b4bd39d8":130,"b4cdbe5d":130,"fa0386f3":130,"b95d0f17":130,"cee9c347":130
1601327172281,"7800e7ce":131,"77869ff0":131,"4b8f7b16":131,"89f75690":131,"cb363e2f":131,"cd802f02":131,"d3cca7eb":131,"e866a899":131,"5690e712":131,"0b92d2a9":131,"070bed95":131,"67e5d108":131,"3d37b94b":131,"842c97c2":131,"c4cef92b":131,"0eecdc5b":131,"b7e495ea":131,"45ec63c0":131,"0ddfde2c":131,"a8b41774":131,"81f0da2d":131,"1fcc8ba4":131,"75a9c117":131,"12ba54ec":131,"be391c1a":131,"37d8a5b7":131,"d5ab81c4":131,"2ecde685":131,"f0bd52d3":131,"dcc20f76":131,"666a8ef0":131,"c5b609f1":131,"4dc5849a":131,"d605c755":131,"8a8c1d67":131,"cc6b3306":131,"8c2dfd9a":131,"f11267b9":131,"a483b15e":131,"f80ab49d":131,"95eaed39":131,"a5ba0ebb":131,"f53362a9":131,"1901ef7e":131,"960c2e6b":131,"3515e999":131,"d11f8f1b":131
1601327172596,"9d9eb027":131,"325f9a29":131,"503aafe5":131,"080d5d42":131,"5d03f5dc":131,"f0a01341":131,"1ee4d9f9":131,"0d6e45e7":131,"0da97151":131,"e829038c":131,"4987cfb5":131,"ba90687c":131,"77f2cf92":131,"037e2be4":131,"9e7dbd20":131,"0c086273":131,"ac13c3b0":131,"b4d9c57f":131,"5d53c964":131,"8ee9cc91":131,"4cc0af91":131,"55f6a2ba":131,"9559ea96":131,"9cb044bf":131,"16b25add":131,"80ee333e":131,"3b329af2":131,"1cd662bf":131,"72992b35":131,"47589344":131,"593b1533":131,"e9f6e5ce":131,"ed6bead5":131,"96f594b9":131,"94dfcfc5":131,"8301986e":131,"830ecfec":131,"a8bae791":131,"312009ee":131,"c98759fd":131,"e8b6d676":131,"18c73816":131,"e491161e":131,"b5087677":131,"16f60bed":131,"cb0c3481":131,"7664512c":131,"df9a53b8":131,"f6c27b2b":131,"945f6c24":131,"f1daea7e":131,"b8fb90e3":131,"56227e35":131,"0d6bf22a":131,"b87321d0":131,"43205b5d":131,"8982905a":131,"f6fe1ad7":131,"230064fa":131,"764e0abb":131,"bba6d88e":131,"3cae4115":131,"0ccf4731":131,"c7c6782d":131,"54346574":131,"b12cbf87":131,"81942d9b":131,"699b90c1":131,"d9b5a7a8":131,"1e7914d2":131,"e5d8fdb2":131,"3412ab75":131,"bcac5daf":131,"62d028cc":131,"0af2cf39":131,"27491297":131,"d041ea86":131,"1eda11b2":131,"fc442678":131,"ea3479ec":131,"32266fa3":131,"50b090c3":131,"8be24763":131,"eb4800b2":131,"d5d94481":131,"ffe48500":131,"c7a45a33":131,"faffe099":131,"e99490cd":131,"3b830769":131,"583f0305":131,"1557c50a":131,"249e80ab":131,"f52a3d94":131,"eb74d3dd":131,"3bcbc28d":131,"3c0455e7":131,"df203c79":131,"df1e1ac0":131,"491708eb":131,"e421caaa":131,"2d2ecf27":131,"d38a4953":131,"eba5efdd":131,"a5463f93":131,"c85ac4f8":131,"bc253f4f":131,"0d9d2bf8":131,"846b7f11":131,"d3411467":131,"1df0ce7f":131,"a08171d0":131,"c8bc5677":131,"dfca0518":131,"b9a21017":131,"e47705d3":131,"6e0ce9dc":131,"87d9bec4":131,"45ee5840":131,"76f04033":131,"43480b19":131,"fd955858":131,"69798d15":131,"efea71fa":131,"fb3aa867":131,"c9cf710b":131,"fcacdeb3":131,"0ea055ed":131,"e3b1bdf8":131,"644b45fb":131,"e30dfa0c":131,"6da34174":131,"bfb849fa":131,"0a10b423":131,"9ef7cee7":131,"49f1a0d1":131,"5f04aa76":131,"ba297382":131,"0287db2a":131,"96abe4a9":131,"753b10b1":131,"cf14bd99":131,"782022f4":131,"322e833f":131,"ab3619e4":131,"106006ad":131,"c8237be9":131,"1416e8f5":131,"dde2eed5":131,"a208caa8":131,"16605353":131,"77b39e15":131,"f1726edb":131,"92b72493":131,"d3e58903":131,"4481c4be":131,"7954891b":131,"4afd60a9":131,"d44c0ea3":131,"68f87858":131,"533bac6b":131,"41634dba":131,"43fd1327":131,"113e7f4b":131,"8cce569a":131,"ce6401b6":131,"6f57824c":131,"28bd7aa1":131,"1d52fb0d":131,"cde0d748":131,"535ed444":131,"710f0d0e":131,"0905f1fb":131,"a20e529c":131,"1ae76fcc":131,"35b161d3":131,"344cd1a3":131,"77ea1236":131,"96d2a118":131,"23a0e41f":131,"b32a1080":131,"a2c4b591":131,"6dfa57be":131,"1854ce44":131,"f92b22f1":131,"ece12664":131,"36f4ecde":131,"568a0d58":131,"5fd569d2":131,"10c8fd03":131,"bd4ccb49":131,"e773d697":131,"7e8c11e7":131,"077eb15a":131,"5337c279":131,"8d256cb6":131,"7021c619":131,"32ae00db":131,"bf2defb2":131,"bc733a28":131,"30d32d34":131,"886c16d3":131,"e8d09b62":131,"590ce3d3":131,"1802d7ce":131,"0a49914b":131,"5d3f5cad":131,"cf347cba":131,"fc0c23f7":131,"641f9b9e":131,"c92edec5":131,"9f03c1e7":131,"06c24a8d":131,"2f35e75f":131,"3eddf7c8":131,"77970f8b":131,"efd594d5":131,"4718294d":131,"5352cf45":131,"e0ffe8ff":131,"ae14d6b5":131,"721f5f42":131,"0b50bca6":131,"bf2ca266":131,"5d8d9641":131,"0de67c6c":131,"2311399f":131,"5e3ebf5e":131,"9f6ca218":131,"6213799d":131,"44cb1fd2":131,"baf19c25":131,"24a79a6e":131,"edde30af":131,"4d949e11":131,"df12f689":131,"1da10cbf":131,"832c48e4":131,"dc90a44c":131,"1ad7c45b":131,"5566c17c":131,"86a22252":131,"0000dece":131,"ce5efdbe":131,"58ace2b5":131,"d379fd96":131,"7b819458":131,"7f8024cd":131,"ae562513":131,"7b66dacd":131,"9ab137d7":131,"7191d1cd":131,"005354dd":131
1601327172857,"5b09e53e":131,"da5bb0f7":131,"6d925c84":131,"50b23ab2":131,"edfa56d4":131,"899c16eb":131,"41c76041":131,"6bb1fa99":131,"d73ff72e":131,"61c0ca91":131,"d2fda7be":131,"ce20ca3c":131,"1d2d958b":131,"81fb6a01":131,"7f5b27c8":131,"fb3444d9":131,"f05de640":131,"86a68967":131,"56cd4dca":131,"7f469f4c":131,"f92dedfc":131,"355d1489":131,"f96fc1af":131,"06713bac":131,"61aca924":131,"d97fb857":131,"59ff5ec6":131,"ef04e64e":131,"6e2d04de":131,"2fca1798":131,"05028839":131,"5488826c":131,"84fff5c1":131,"3b3569f6":131,"b01ab62a":131,"76da16fa":131,"bffee581":131,"07150038":131,"080fa362":131,"7b6945ad":131,"a40d08e1":131,"cec79bc2":131,"d2eff358":131,"e70aebb5":131,"a488b2f1":131,"4caa87d6":131,"f7076e21":131,"69e653b6":131,"98d2991b":131,"3b411d6a":131,"83826ef3":131,"595609d5":131,"f1e86522":131,"b47f1b89":131,"8e6caf71":131,"fa03f48f":131,"9a3433b8":131,"5298dafa":131,"25f7f918":131,"b89112cb":131,"66736d5e":131,"c5311ebb":131,"30de89a7":131,"105bb3f6":131,"06aaa33f":131,"58de5462":131,"c649992d":131,"d5ad3ed6":131,"8e5f7187":131,"55ba7579":131,"b7769ca6":131,"9c27de51":131,"38a75b48":131,"1792bfa3":131,"426f1904":131,"7c0f1ca9":131,"b2f820ac":131,"25d4f65d":131,"eddb6a2a":131,"ff8a00aa":131,"c146560b":131,"985068e7":131,"d543ba6f":131,"320c65bf":131,"f01c896d":131,"1f2670d0":131,"1fa1e7c2":131,"646af2b9":131,"962c9c8f":131,"aec0bf28":131,"659389ad":131,"a017a323":131,"240c8679":131,"8801c469":131,"0718c3be":131,"8b503f7b":131,"b6281f1a":131,"48c6df81":131,"87a8523c":131,"5e165f43":131,"c416baa6":131,"ae350a07":131,"f8785b71":131,"ab4a411a":131,"680a32a6":131,"d7a4b24c":131,"83ba647d":131,"cb0bd6b7":131,"686d5c0b":131,"f15eb1c5":131,"8e426e39":131,"51909df8":131,"71789493":131,"e22b0973":131,"5ac72353":131,"23646ff9":131,"d1b14d06":131,"f6c074a7":131,"3abb827b":131,"ffd6849d":131,"0c73c293":131,"88929b06":131,"962fca02":131,"08c4692e":131,"75968179":131,"5b2479ef":131,"bc8bdc23":131,"a71f3f70":131,"1d882c36":131,"1f7aa83c":131,"eb62e8f2":131,"732d62ee":131,"d4b0751c":131,"5b01444b":131,"79995b62":131,"97160db8":131,"589f0d6e":131,"51b4016a":131,"46bf9112":131,"092ad3d6":131,"9666b973":131,"653b27c7":131,"83b37fd6":131,"4d852788":131,"bf940089":131,"01f34f98":131,"1670b0d3":131,"ec97d63e":131,"94208a41":131,"2cbcad17":131,"4dccb5ca":131,"808bc372":131,"c792a7c1":131,"83268abf":131,"578c4c95":131,"5a7da061":131,"c606b472":131,"06a94514":131,"73c420df":131,"0700da70":131,"ff591765":131,"93f12198":131,"62e270e5":131,"66b1b6d7":131,"b062adc4":131,"4aae5133":131,"63a3af32":131,"3fec4b0b":131,"faa3de3e":131,"44983d13":131,"80999122":131,"72af9198":131,"e39e9552":131,"81c1b70d":131,"e72f0f82":131,"88374b72":131,"fdfaf1ed":131,"ea981bed":131,"5e197575":131,"e587c4d0":131,"525b2635":131,"caa38a45":131,"a9987a58":131,"272e7d0d":131,"f92596ee":131,"68831ea9":131,"9713d076":131,"fd098272":131,"6ee788a7":131,"8249641d":131,"45b0968f":131,"6a9bb182":131,"1f1afd4f":131,"25fb8826":131,"0dc5da58":131,"2874a625":131,"e61ae828":131,"f7ac3883":131,"ccd01528":131,"dab8cf68":131,"00f2a9cb":131,"916fe082":131,"b64dba8e":131,"c3bb30ce":131,"86219c70":131,"601990d8":131,"5c662c19":131,"e43a9448":131,"3542b748":131,"379c53ab":131,"e396d80d":131,"7da61f27":131,"dc874a97":131,"85a220de":131,"40a7cdd2":131,"ac033c7b":131,"87759976":131,"4df3f62e":131,"c881a53e":131,"80c1c8b1":131,"cf52acd8":131,"a63cb4ce":131,"d3b3492b":131,"7580cfa4":131,"22a96386":131,"5c672b50":131,"5df16440":131,"b666e56d":131,"8db378ff":131,"784d6375":131,"4541bf85":131,"a6b13f20":131,"2459c882":131,"3df97186":131,"ef0490de":131,"e0f47ced":131,"309bbf54":131,"cc537772":131,"6618390c":131,"99cc0813":131,"dc32c4e1":131,"239c636e":131,"f7ffcbb8":131,"5728f934":131,"00b26865":131,"c333337d":131,"815c56bc":131,"5bd61a68":131,"b6b8e5c7":131,"e82177d3":131,"89914b94":131,"04bdf5e1":131,"da8b42be":131,"3b0576bf":131,"9458934f":131,"1dcc489c":131,"945badf3":131,"1327775b":131,"bdd40125":131,"75fd47f7":131,"1c52a07e":131,"e70ccc25":131,"afd1494f":131,"ca6bffd3":131,"829c44a4":131,"e76e2617":131,"2b4fd52e":131,"57162572":131,"d1d50cfe":131,"d2a5d2fd":131,"89d220c2":131,"3e10c9cb":131,"5500a3e8":131,"3c0e87ac":131,"a891461f":131,"a246cdab":131,"117c7f0b":131,"0d21cf99":131,"14e6fe14":131,"37ec5e73":131,"bfff7913":131,"f8636899":131,"37724339":131,"d45d9727":131,"ee5ff2a3":131,"44322dfd":131,"295e4d1d":131,"8cf6570a":131,"403064a0":131,"312af46e":131,"b5a9f8c3":131,"fcbc0ae8":131,"2ff6b6a8":131,"66a71cc1":131,"bf4b58e4":131,"6ee160ff":131,"c55d40ca":131,"22c177a8":131,"00ae883f":131,"f416ee62":131,"0d2b182d":131,"320754c3":131,"232b2f64":131,"3171b6e7":131,"3b25460f":131,"d2064756":131,"8582c5cf":131,"0c353665":131,"231e8700":131,"1f9fbd85":131,"43f24679":131,"a1c0dfc4":131,"78f71162":131,"4b27a9a4":131,"163f4d19":131,"1d043d5a":131,"b2f82e06":131,"5b0b43e6":131,"b5474d69":131,"5a938eeb":131,"4fe0dedf":131,"951fc6d0":131,"61892a4c":131,"f096219e":131,"a3f0a6ec":131,"01051f84":131,"aa7e370d":131,"f995eeab":131,"4006e709":131,"0dedf63e":131,"a9d5374b":131,"4321f02d":131,"089b3f8f":131,"7698d0dc":131,"784414ce":131,"2df3efdb":131,"d0f1b7bd":131,"e7799883":131,"4f9456cf":131,"6e260ee8":131,"a8edfe84":131,"2ed19b1e":131,"959e16ea":131,"02f76c64":131,"5c6d1f33":131,"b4801cae":131,"c3c2fd05":131,"f8c97147":131,"c2526ff3":131,"cc386067":131,"a22ffd8f":131,"3cd28a4d":131,"44a12c31":131,"45a961ca":131,"5ca978fd":131,"668e601b":131,"7552d86c":131,"02ebf3b6":131,"bb17a968":131,"4abcb85d":131,"f4f84279":131,"b0950de5":131,"6f873999":131,"1f4e0e22":131,"60d69311":131,"dfe4a061":131,"3b09f1de":131,"b371f44a":131,"c2bf7d51":131,"8b6180ff":131,"781afef6":131,"de9229a0":131,"8819ac24":131,"dbbf7f69":131,"99a5feef":131,"f6266388":131,"e64fd39c":131,"e1b3ce36":131,"625fa164":131,"0c6ae551":131,"e8f4c1dd":131,"cede8b8c":131,"ad95ff4a":131,"893a99c5":131,"d8bf32b5":131,"0eb42efe":131,"03c4ab87":131,"4e3d3af7":131,"3a4803a8":131,"f7a7de5d":131,"d4e56c3e":131,"cba26072":131,"2a718dcc":131,"c6a9a8e1":131,"88854fd0":131,"8dc27d2a":131,"41d7f05d":131,"2b851827":131,"9f428a03":131,"4d504d96":131,"0533ece1":131,"bcee2ef3":131,"0afba00c":131,"04ff8100":131,"6c00d8d6":131,"ac9a02bc":131,"acfe69ed":131,"426603ff":131,"2db2f252":131,"2e84193b":131,"c55683c9":131,"51233daf":131,"02791635":131,"be081247":131,"5cc47d1b":131,"678b846f":131,"b4bd39d8":131,"b4cdbe5d":131,"fa0386f3":131,"b95d0f17":131,"cee9c347":131,"0c045c2d":131,"8efd4801":131,"7eb8f268":131,"20236d3e":131,"36ae8cd8":131,"3ddd5391":131,"07f69c6d":131,"2254f0f5":131,"ea282e84":131,"6653c83b":131,"c896052c":131,"287ecd1c":131,"f9376d3e":131,"07a94e8c":131,"bb017b49":131,"37b52fe4":131,"61ad1519":131,"819c4185":131,"ba69b06b":131,"7d2a2cb4":131,"4f62491c":131,"70b4c438":131,"71ed93db":131,"c92efaa8":131,"c241ac7e":131,"62a45672":131,"210e507a":131,"ac6e268b":131,"742238e8":131
1601327174536,"7800e7ce":132,"77869ff0":132,"4b8f7b16":132,"89f75690":132,"cb363e2f":132,"cd802f02":132,"d3cca7eb":132,"e866a899":132,"5690e712":132,"0b92d2a9":132,"070bed95":132,"67e5d108":132,"3d37b94b":132,"842c97c2":132,"c4cef92b":132,"0eecdc5b":132,"b7e495ea":132,"45ec63c0":132,"0ddfde2c":132,"a8b41774":132,"81f0da2d":132,"1fcc8ba4":132,"75a9c117":132,"12ba54ec":132,"be391c1a":132,"37d8a5b7":132,"d5ab81c4":132,"2ecde685":132,"f0bd52d3":132,"dcc20f76":132,"666a8ef0":132,"c5b609f1":132,"4dc5849a":132,"d605c755":132,"8a8c1d67":132,"cc6b3306":132,"8c2dfd9a":132,"f11267b9":132,"a483b15e":132,"f80ab49d":132,"95eaed39":132,"a5ba0ebb":132,"f53362a9":132,"1901ef7e":132,"960c2e6b":132,"3515e999":132,"d11f8f1b":132,"9d9eb027":132,"325f9a29":132,"503aafe5":132,"080d5d42":132,"5d03f5dc":132,"f0a01341":132,"1ee4d9f9":132,"0d6e45e7":132,"0da97151":132,"e829038c":132,"4987cfb5":132,"ba90687c":132,"77f2cf92":132,"037e2be4":132,"9e7dbd20":132,"0c086273":132,"ac13c3b0":132,"b4d9c57f":132,"5d53c964":132,"8ee9cc91":132,"4cc0af91":132,"55f6a2ba":132,"9559ea96":132,"9cb044bf":132,"16b25add":132,"80ee333e":132,"3b329af2":132,"1cd662bf":132,"72992b35":132,"47589344":132,"593b1533":132,"e9f6e5ce":132,"ed6bead5":132,"96f594b9":132,"94dfcfc5":132,"8301986e":132,"830ecfec":132,"a8bae791":132,"312009ee":132,"c98759fd":132,"e8b6d676":132,"45ee5840":132,"76f04033":132,"18c73816":132,"e491161e":132,"b5087677":132,"16f60bed":132,"cb0c3481":132,"7664512c":132,"df9a53b8":132,"f6c27b2b":132,"945f6c24":132,"f1daea7e":132,"b8fb90e3":132,"56227e35":132,"0d6bf22a":132,"b87321d0":132,"43205b5d":132,"8982905a":132,"f6fe1ad7":132,"230064fa":132,"764e0abb":132,"bba6d88e":132,"ea3479ec":132,"32266fa3":132,"50b090c3":132,"8be24763":132,"b12cbf87":132,"81942d9b":132,"699b90c1":132,"d9b5a7a8":132,"1e7914d2":132,"e5d8fdb2":132,"3412ab75":132,"bcac5daf":132,"62d028cc":132,"0af2cf39":132,"27491297":132,"d041ea86":132,"1eda11b2":132,"fc442678":132,"eb4800b2":132,"6e0ce9dc":132,"d5d94481":132,"ffe48500":132,"c7a45a33":132,"faffe099":132,"e99490cd":132,"3b830769":132,"583f0305":132,"1557c50a":132,"249e80ab":132,"f52a3d94":132,"eb74d3dd":132,"3bcbc28d":132,"3c0455e7":132,"df203c79":132,"df1e1ac0":132,"491708eb":132,"e421caaa":132,"2d2ecf27":132,"d38a4953":132,"eba5efdd":132,"a5463f93":132,"c85ac4f8":132,"bc253f4f":132,"0d9d2bf8":132,"846b7f11":132,"d3411467":132,"1df0ce7f":132,"a08171d0":132,"c8bc5677":132,"dfca0518":132,"b9a21017":132,"e47705d3":132,"3cae4115":132,"0ccf4731":132,"c7c6782d":132,"54346574":132,"43480b19":132,"fd955858":132,"69798d15":132,"efea71fa":132,"fb3aa867":132,"c9cf710b":132,"fcacdeb3":132,"0ea055ed":132,"e3b1bdf8":132,"644b45fb":132,"87d9bec4":132,"e30dfa0c":132,"6da34174":132,"bfb849fa":132,"0a10b423":132,"9ef7cee7":132,"49f1a0d1":132,"5f04aa76":132,"ba297382":132,"0287db2a":132,"96abe4a9":132,"753b10b1":132,"cf14bd99":132,"782022f4":132,"322e833f":132,"ab3619e4":132,"106006ad":132,"c8237be9":132,"1416e8f5":132,"dde2eed5":132,"a208caa8":132,"16605353":132
1601327175053,"590ce3d3":132,"1802d7ce":132,"0a49914b":132,"5d3f5cad":132,"cf347cba":132,"fc0c23f7":132,"641f9b9e":132,"c92edec5":132,"9f03c1e7":132,"06c24a8d":132,"2f35e75f":132,"3eddf7c8":132,"77970f8b":132,"efd594d5":132,"4718294d":132,"5352cf45":132,"e0ffe8ff":132,"ae14d6b5":132,"721f5f42":132,"0b50bca6":132,"bf2ca266":132,"5d8d9641":132,"0de67c6c":132,"77b39e15":132,"f1726edb":132,"92b72493":132,"3b3569f6":132,"5b09e53e":132,"da5bb0f7":132,"6d925c84":132,"50b23ab2":132,"edfa56d4":132,"899c16eb":132,"41c76041":132,"6bb1fa99":132,"d73ff72e":132,"61c0ca91":132,"d2fda7be":132,"ce20ca3c":132,"1d2d958b":132,"81fb6a01":132,"7f5b27c8":132,"fb3444d9":132,"f05de640":132,"86a68967":132,"56cd4dca":132,"7f469f4c":132,"f92dedfc":132,"355d1489":132,"f96fc1af":132,"b01ab62a":132,"76da16fa":132,"bffee581":132,"07150038":132,"080fa362":132,"7b6945ad":132,"a40d08e1":132,"cec79bc2":132,"d2eff358":132,"e70aebb5":132,"a488b2f1":132,"4caa87d6":132,"f7076e21":132,"69e653b6":132,"98d2991b":132,"3b411d6a":132,"83826ef3":132,"595609d5":132,"f1e86522":132,"2311399f":132,"5e3ebf5e":132,"9f6ca218":132,"6213799d":132,"44cb1fd2":132,"baf19c25":132,"24a79a6e":132,"edde30af":132,"4d949e11":132,"df12f689":132,"1da10cbf":132,"832c48e4":132,"dc90a44c":132,"1ad7c45b":132,"5566c17c":132,"86a22252":132,"0000dece":132,"ce5efdbe":132,"58ace2b5":132,"d379fd96":132,"7b819458":132,"7f8024cd":132,"ae562513":132,"7b66dacd":132,"9ab137d7":132,"7191d1cd":132,"005354dd":132,"b47f1b89":132,"fa03f48f":132,"5298dafa":132,"8e6caf71":132,"25f7f918":132,"9a3433b8":132,"b89112cb":132,"c5311ebb":132,"66736d5e":132,"105bb3f6":132,"58de5462":132,"30de89a7":132,"f01c896d":132,"06aaa33f":132,"1f2670d0":132,"320c65bf":132,"962c9c8f":132,"1fa1e7c2":132,"646af2b9":132,"aec0bf28":132,"a017a323":132,"659389ad":132,"8801c469":132,"240c8679":132,"0718c3be":132,"b6281f1a":132,"8b503f7b":132,"48c6df81":132,"87a8523c":132,"5e165f43":132,"c416baa6":132,"f8785b71":132,"ab4a411a":132,"ae350a07":132,"d7a4b24c":132,"680a32a6":132,"06713bac":132,"61aca924":132,"d97fb857":132,"59ff5ec6":132,"ef04e64e":132,"6e2d04de":132,"2fca1798":132,"05028839":132,"5488826c":132,"84fff5c1":132,"c649992d":132,"d5ad3ed6":132,"8e5f7187":132,"55ba7579":132,"b7769ca6":132,"9c27de51":132,"38a75b48":132,"1792bfa3":132,"426f1904":132,"7c0f1ca9":132,"b2f820ac":132,"25d4f65d":132,"eddb6a2a":132,"ff8a00aa":132,"c146560b":132,"985068e7":132,"d543ba6f":132,"83ba647d":132,"686d5c0b":132,"cb0bd6b7":132,"f15eb1c5":132,"71789493":132,"8e426e39":132,"5ac72353":132,"51909df8":132,"d1b14d06":132,"e22b0973":132,"f6c074a7":132,"23646ff9":132,"3abb827b":132,"ffd6849d":132,"962fca02":132,"0c73c293":132,"88929b06":132,"75968179":132,"08c4692e":132,"bc8bdc23":132,"5b2479ef":132,"a71f3f70":132,"1f7aa83c":132,"1d882c36":132,"732d62ee":132,"eb62e8f2":132,"d4b0751c":132,"5b01444b":132,"79995b62":132,"97160db8":132,"589f0d6e":132,"51b4016a":132,"46bf9112":132,"092ad3d6":132,"bf940089":132,"01f34f98":132,"1670b0d3":132,"ec97d63e":132,"94208a41":132,"2cbcad17":132,"808bc372":132,"4dccb5ca":132,"c792a7c1":132,"83268abf":132,"5a7da061":132,"578c4c95":132,"c606b472":132,"06a94514":132,"73c420df":132,"0700da70":132,"ff591765":132,"93f12198":132,"62e270e5":132,"66b1b6d7":132,"b062adc4":132,"4aae5133":132,"63a3af32":132,"3fec4b0b":132,"faa3de3e":132,"44983d13":132,"80999122":132,"72af9198":132,"e39e9552":132,"81c1b70d":132,"e72f0f82":132,"88374b72":132,"fdfaf1ed":132,"ea981bed":132,"5e197575":132,"e587c4d0":132,"525b2635":132,"caa38a45":132,"a9987a58":132,"b6b8e5c7":132,"e82177d3":132,"89914b94":132,"04bdf5e1":132,"5fd569d2":132,"10c8fd03":132,"bd4ccb49":132,"e773d697":132,"7e8c11e7":132,"077eb15a":132,"5337c279":132,"8d256cb6":132,"7021c619":132,"32ae00db":132,"bf2defb2":132,"bc733a28":132,"30d32d34":132,"886c16d3":132,"e8d09b62":132,"da8b42be":132,"3b0576bf":132,"9458934f":132,"d3e58903":132,"4481c4be":132,"7954891b":132,"4afd60a9":132,"d44c0ea3":132,"68f87858":132,"533bac6b":132,"41634dba":132,"43fd1327":132,"113e7f4b":132,"8cce569a":132,"ce6401b6":132,"6f57824c":132,"28bd7aa1":132,"1d52fb0d":132,"cde0d748":132,"535ed444":132,"710f0d0e":132,"0905f1fb":132,"a20e529c":132,"1ae76fcc":132,"35b161d3":132,"344cd1a3":132,"77ea1236":132,"96d2a118":132,"23a0e41f":132,"b32a1080":132,"a2c4b591":132,"6dfa57be":132,"1854ce44":132,"f92b22f1":132,"ece12664":132,"36f4ecde":132,"568a0d58":132,"1dcc489c":132,"945badf3":132,"1327775b":132,"bdd40125":132,"75fd47f7":132,"1c52a07e":132,"e70ccc25":132,"afd1494f":132,"ca6bffd3":132,"829c44a4":132,"e76e2617":132,"2b4fd52e":132,"57162572":132,"d1d50cfe":132,"9666b973":132,"653b27c7":132,"83b37fd6":132,"4d852788":132,"e43a9448":132,"3542b748":132,"379c53ab":132,"e396d80d":132,"7da61f27":132,"dc874a97":132,"85a220de":132,"40a7cdd2":132,"ac033c7b":132,"87759976":132,"4df3f62e":132,"c881a53e":132,"80c1c8b1":132,"cf52acd8":132,"a63cb4ce":132,"d3b3492b":132,"7580cfa4":132,"22a96386":132,"5c672b50":132,"5df16440":132,"b666e56d":132,"8db378ff":132,"784d6375":132,"4541bf85":132,"272e7d0d":132,"f92596ee":132,"68831ea9":132,"9713d076":132,"fd098272":132,"6ee788a7":132,"8249641d":132,"45b0968f":132,"6a9bb182":132,"1f1afd4f":132,"25fb8826":132,"0dc5da58":132,"2874a625":132,"e61ae828":132,"f7ac3883":132,"ccd01528":132,"dab8cf68":132,"00f2a9cb":132,"916fe082":132,"b64dba8e":132,"c3bb30ce":132,"a6b13f20":132,"2459c882":132,"3df97186":132,"ef0490de":132,"e0f47ced":132,"309bbf54":132,"cc537772":132,"6618390c":132,"99cc0813":132,"dc32c4e1":132,"239c636e":132,"6ee160ff":132,"c55d40ca":132,"22c177a8":132,"00ae883f":132,"f416ee62":132,"0d2b182d":132,"320754c3":132,"232b2f64":132,"3171b6e7":132,"3b25460f":132,"d2064756":132,"86219c70":132,"601990d8":132,"5c662c19":132,"d2a5d2fd":132,"89d220c2":132,"3e10c9cb":132,"5500a3e8":132,"3c0e87ac":132,"a891461f":132,"a246cdab":132,"117c7f0b":132,"0d21cf99":132,"14e6fe14":132,"37ec5e73":132,"bfff7913":132,"f8636899":132,"37724339":132,"d45d9727":132,"ee5ff2a3":132,"44322dfd":132,"295e4d1d":132,"8cf6570a":132,"403064a0":132,"312af46e":132,"b5a9f8c3":132,"fcbc0ae8":132,"2ff6b6a8":132,"66a71cc1":132,"bf4b58e4":132,"f7ffcbb8":132,"5728f934":132,"00b26865":132,"c333337d":132,"815c56bc":132,"5bd61a68":132,"8582c5cf":132,"0c353665":132,"231e8700":132,"1f9fbd85":132,"43f24679":132,"a1c0dfc4":132,"78f71162":132,"4b27a9a4":132,"163f4d19":132,"1d043d5a":132,"b2f82e06":132,"5b0b43e6":132,"b5474d69":132,"5a938eeb":132,"4fe0dedf":132,"951fc6d0":132,"61892a4c":132,"f096219e":132,"a3f0a6ec":132,"01051f84":132
1601327175598,"aa7e370d":132,"f995eeab":132,"4006e709":132,"0dedf63e":132,"a9d5374b":132,"4321f02d":132,"089b3f8f":132,"7698d0dc":132,"784414ce":132,"2df3efdb":132,"d0f1b7bd":132,"e7799883":132,"4f9456cf":132,"6e260ee8":132,"f4f84279":132,"b0950de5":132,"6f873999":132,"dfe4a061":132,"1f4e0e22":132,"c2bf7d51":132,"60d69311":132,"781afef6":132,"de9229a0":132,"3b09f1de":132,"b371f44a":132,"99a5feef":132,"f6266388":132,"8b6180ff":132,"e64fd39c":132,"8819ac24":132,"dbbf7f69":132,"e1b3ce36":132,"625fa164":132,"0c6ae551":132,"e8f4c1dd":132,"cede8b8c":132,"ad95ff4a":132,"893a99c5":132,"d8bf32b5":132,"0eb42efe":132,"03c4ab87":132,"4e3d3af7":132,"3a4803a8":132,"f7a7de5d":132,"d4e56c3e":132,"0c045c2d":132,"8efd4801":132,"7eb8f268":132,"20236d3e":132,"a8edfe84":132,"2ed19b1e":132,"959e16ea":132,"02f76c64":132,"5c6d1f33":132,"b4801cae":132,"c3c2fd05":132,"f8c97147":132,"c2526ff3":132,"cc386067":132,"a22ffd8f":132,"3cd28a4d":132,"44a12c31":132,"45a961ca":132,"5ca978fd":132,"668e601b":132,"7552d86c":132,"02ebf3b6":132,"bb17a968":132,"4abcb85d":132,"cba26072":132,"2a718dcc":132,"c6a9a8e1":132,"88854fd0":132,"8dc27d2a":132,"41d7f05d":132,"2b851827":132,"9f428a03":132,"4d504d96":132,"36ae8cd8":132,"3ddd5391":132,"07f69c6d":132,"2254f0f5":132,"ea282e84":132,"6653c83b":132,"c896052c":132,"287ecd1c":132,"f9376d3e":132,"07a94e8c":132,"bb017b49":132,"37b52fe4":132,"61ad1519":132,"819c4185":132,"ba69b06b":132,"7d2a2cb4":132,"4f62491c":132,"70b4c438":132,"71ed93db":132,"c92efaa8":132,"c241ac7e":132,"62a45672":132,"210e507a":132,"ac6e268b":132,"742238e8":132,"0533ece1":132,"bcee2ef3":132,"0afba00c":132,"04ff8100":132,"6c00d8d6":132,"ac9a02bc":132,"acfe69ed":132,"426603ff":132,"2db2f252":132,"2e84193b":132,"c55683c9":132,"51233daf":132,"02791635":132,"be081247":132,"5cc47d1b":132,"678b846f":132,"b4bd39d8":132,"b4cdbe5d":132,"fa0386f3":132,"b95d0f17":132,"cee9c347":132
1601327176482,"7800e7ce":133,"77869ff0":133,"4b8f7b16":133,"89f75690":133,"cb363e2f":133,"cd802f02":133,"d3cca7eb":133,"e866a899":133,"5690e712":133,"0b92d2a9":133,"070bed95":133,"67e5d108":133,"3d37b94b":133,"842c97c2":133,"c4cef92b":133,"0eecdc5b":133,"b7e495ea":133,"45ec63c0":133,"0ddfde2c":133,"a8b41774":133,"81f0da2d":133,"1fcc8ba4":133,"75a9c117":133,"12ba54ec":133,"be391c1a":133,"37d8a5b7":133,"d5ab81c4":133,"2ecde685":133,"f0bd52d3":133,"dcc20f76":133,"666a8ef0":133,"c5b609f1":133,"4dc5849a":133,"d605c755":133,"8a8c1d67":133,"cc6b3306":133,"8c2dfd9a":133,"f11267b9":133,"a483b15e":133,"f80ab49d":133,"95eaed39":133,"a5ba0ebb":133,"f53362a9":133,"1901ef7e":133,"960c2e6b":133,"3515e999":133,"d11f8f1b":133,"9d9eb027":133,"325f9a29":133,"503aafe5":133,"080d5d42":133,"5d03f5dc":133,"f0a01341":133,"1ee4d9f9":133,"0d6e45e7":133,"0da97151":133,"e829038c":133,"4987cfb5":133,"ba90687c":133,"d5d94481":133,"ffe48500":133,"c7a45a33":133,"faffe099":133,"e99490cd":133,"3b830769":133,"583f0305":133,"1557c50a":133,"249e80ab":133,"77f2cf92":133,"037e2be4":133,"9e7dbd20":133,"0c086273":133,"ac13c3b0":133,"b4d9c57f":133,"5d53c964":133,"8ee9cc91":133,"4cc0af91":133,"55f6a2ba":133,"9559ea96":133,"9cb044bf":133,"16b25add":133,"80ee333e":133,"3b329af2":133,"1cd662bf":133,"72992b35":133,"47589344":133,"593b1533":133,"e9f6e5ce":133,"ed6bead5":133,"96f594b9":133,"94dfcfc5":133,"8301986e":133,"830ecfec":133,"a8bae791":133,"312009ee":133,"c98759fd":133,"e8b6d676":133,"45ee5840":133,"76f04033":133,"43480b19":133,"fd955858":133
1601327176875,"f52a3d94":133,"eb74d3dd":133,"3bcbc28d":133,"3c0455e7":133,"df203c79":133,"df1e1ac0":133,"491708eb":133,"e421caaa":133,"2d2ecf27":133,"d38a4953":133,"eba5efdd":133,"a5463f93":133,"c85ac4f8":133,"bc253f4f":133,"0d9d2bf8":133,"846b7f11":133,"d3411467":133,"1df0ce7f":133,"a08171d0":133,"c8bc5677":133,"dfca0518":133,"b9a21017":133,"e47705d3":133,"3cae4115":133,"0ccf4731":133,"c7c6782d":133,"54346574":133,"b12cbf87":133,"81942d9b":133,"699b90c1":133,"d9b5a7a8":133,"1e7914d2":133,"e5d8fdb2":133,"3412ab75":133,"bcac5daf":133,"62d028cc":133,"0af2cf39":133,"27491297":133,"d041ea86":133,"1eda11b2":133,"fc442678":133,"18c73816":133,"e491161e":133,"b5087677":133,"16f60bed":133,"cb0c3481":133,"7664512c":133,"df9a53b8":133,"f6c27b2b":133,"945f6c24":133,"f1daea7e":133,"b8fb90e3":133,"56227e35":133,"0d6bf22a":133,"b87321d0":133,"43205b5d":133,"8982905a":133,"f6fe1ad7":133,"230064fa":133,"764e0abb":133,"bba6d88e":133,"ea3479ec":133,"32266fa3":133,"50b090c3":133,"69798d15":133,"efea71fa":133,"fb3aa867":133,"c9cf710b":133,"fcacdeb3":133,"0ea055ed":133,"e3b1bdf8":133,"644b45fb":133,"8be24763":133,"eb4800b2":133,"6e0ce9dc":133,"87d9bec4":133,"e30dfa0c":133,"6da34174":133,"bfb849fa":133,"0a10b423":133,"9ef7cee7":133,"49f1a0d1":133,"5f04aa76":133,"ba297382":133,"0287db2a":133,"96abe4a9":133,"753b10b1":133,"cf14bd99":133,"782022f4":133,"322e833f":133,"ab3619e4":133,"106006ad":133,"c8237be9":133,"1416e8f5":133,"dde2eed5":133,"a208caa8":133,"16605353":133,"77b39e15":133,"f1726edb":133,"92b72493":133,"d3e58903":133,"4481c4be":133,"7954891b":133,"3b3569f6":133,"5b09e53e":133,"da5bb0f7":133,"6d925c84":133,"50b23ab2":133,"edfa56d4":133,"899c16eb":133,"41c76041":133,"6bb1fa99":133,"d73ff72e":133,"61c0ca91":133,"d2fda7be":133,"ce20ca3c":133,"1d2d958b":133,"81fb6a01":133,"7f5b27c8":133,"fb3444d9":133,"f05de640":133,"86a68967":133,"56cd4dca":133,"7f469f4c":133,"f92dedfc":133,"355d1489":133,"f96fc1af":133,"06713bac":133,"61aca924":133,"d97fb857":133,"b01ab62a":133,"76da16fa":133,"bffee581":133,"07150038":133,"080fa362":133,"7b6945ad":133,"a40d08e1":133,"cec79bc2":133,"d2eff358":133,"e70aebb5":133,"a488b2f1":133,"4caa87d6":133,"f7076e21":133,"69e653b6":133,"98d2991b":133,"3b411d6a":133,"f1e86522":133,"83826ef3":133,"fa03f48f":133,"5298dafa":133,"595609d5":133,"b47f1b89":133,"25f7f918":133,"c5311ebb":133,"8e6caf71":133,"edde30af":133,"4d949e11":133,"df12f689":133,"1da10cbf":133,"832c48e4":133,"dc90a44c":133,"1ad7c45b":133,"5566c17c":133,"86a22252":133,"0000dece":133,"ce5efdbe":133,"58ace2b5":133,"d379fd96":133,"7b819458":133,"7f8024cd":133,"ae562513":133,"7b66dacd":133,"9ab137d7":133,"7191d1cd":133,"005354dd":133,"590ce3d3":133,"1802d7ce":133,"0a49914b":133,"5d3f5cad":133,"cf347cba":133,"fc0c23f7":133,"641f9b9e":133,"c92edec5":133,"9f03c1e7":133,"06c24a8d":133,"2f35e75f":133,"3eddf7c8":133,"77970f8b":133,"efd594d5":133,"4718294d":133,"5352cf45":133,"e0ffe8ff":133,"ae14d6b5":133,"721f5f42":133,"0b50bca6":133,"bf2ca266":133,"5d8d9641":133,"0de67c6c":133,"2311399f":133,"5e3ebf5e":133,"9f6ca218":133,"6213799d":133,"44cb1fd2":133,"baf19c25":133,"24a79a6e":133,"105bb3f6":133,"9a3433b8":133,"b89112cb":133,"58de5462":133,"66736d5e":133,"f01c896d":133,"077eb15a":133,"5337c279":133,"8d256cb6":133,"7021c619":133,"32ae00db":133,"bf2defb2":133,"bc733a28":133,"30d32d34":133,"886c16d3":133,"e8d09b62":133,"1f2670d0":133,"30de89a7":133,"962c9c8f":133,"06aaa33f":133,"320c65bf":133,"aec0bf28":133,"1fa1e7c2":133,"a017a323":133,"4afd60a9":133,"d44c0ea3":133,"68f87858":133,"533bac6b":133,"41634dba":133,"43fd1327":133,"113e7f4b":133,"8cce569a":133,"ce6401b6":133,"6f57824c":133,"28bd7aa1":133,"1d52fb0d":133,"cde0d748":133,"535ed444":133,"710f0d0e":133,"0905f1fb":133,"a20e529c":133,"1ae76fcc":133,"35b161d3":133,"344cd1a3":133,"77ea1236":133,"96d2a118":133,"23a0e41f":133,"b32a1080":133,"a2c4b591":133,"6dfa57be":133,"1854ce44":133,"f92b22f1":133,"ece12664":133,"36f4ecde":133,"568a0d58":133,"5fd569d2":133,"10c8fd03":133,"bd4ccb49":133,"e773d697":133,"7e8c11e7":133,"8801c469":133,"646af2b9":133,"b6281f1a":133,"659389ad":133,"59ff5ec6":133,"ef04e64e":133,"6e2d04de":133,"2fca1798":133,"05028839":133,"5488826c":133,"84fff5c1":133,"c649992d":133,"d5ad3ed6":133,"8e5f7187":133,"55ba7579":133,"b7769ca6":133,"9c27de51":133,"38a75b48":133,"1792bfa3":133,"426f1904":133,"7c0f1ca9":133,"b2f820ac":133,"25d4f65d":133,"eddb6a2a":133,"ff8a00aa":133,"c146560b":133,"985068e7":133,"d543ba6f":133,"48c6df81":133,"240c8679":133,"5e165f43":133,"0718c3be":133,"f8785b71":133,"8b503f7b":133,"87a8523c":133,"ab4a411a":133,"d7a4b24c":133,"c416baa6":133,"686d5c0b":133,"ae350a07":133,"680a32a6":133,"f15eb1c5":133,"71789493":133,"83ba647d":133,"5ac72353":133,"cb0bd6b7":133,"d1b14d06":133,"8e426e39":133,"f6c074a7":133,"51909df8":133,"ffd6849d":133,"e22b0973":133,"23646ff9":133,"962fca02":133,"75968179":133,"3abb827b":133,"0c73c293":133,"bc8bdc23":133,"88929b06":133,"a71f3f70":133,"1f7aa83c":133,"08c4692e":133,"732d62ee":133,"5b2479ef":133,"1d882c36":133,"d4b0751c":133,"5b01444b":133,"eb62e8f2":133,"79995b62":133,"97160db8":133,"589f0d6e":133,"51b4016a":133,"46bf9112":133,"092ad3d6":133,"bf940089":133,"01f34f98":133,"1670b0d3":133,"808bc372":133,"ec97d63e":133,"c792a7c1":133,"94208a41":133,"5a7da061":133,"06a94514":133,"2cbcad17":133,"73c420df":133,"4dccb5ca":133,"83268abf":133,"0700da70":133,"ff591765":133,"578c4c95":133,"c606b472":133,"93f12198":133,"62e270e5":133,"66b1b6d7":133,"b062adc4":133,"4aae5133":133,"63a3af32":133,"3fec4b0b":133,"faa3de3e":133,"44983d13":133,"80999122":133,"72af9198":133,"e39e9552":133,"81c1b70d":133,"e72f0f82":133,"88374b72":133,"fdfaf1ed":133,"ea981bed":133,"5e197575":133,"e587c4d0":133,"525b2635":133,"caa38a45":133,"a9987a58":133,"b6b8e5c7":133,"e82177d3":133,"89914b94":133,"04bdf5e1":133,"da8b42be":133,"3b0576bf":133,"9458934f":133,"1dcc489c":133,"945badf3":133,"1327775b":133,"bdd40125":133,"75fd47f7":133,"1c52a07e":133,"e70ccc25":133,"afd1494f":133,"ca6bffd3":133,"829c44a4":133,"e76e2617":133,"2b4fd52e":133,"57162572":133,"d1d50cfe":133,"9666b973":133,"653b27c7":133,"83b37fd6":133,"4d852788":133,"e43a9448":133,"3542b748":133,"379c53ab":133,"e396d80d":133,"7da61f27":133,"dc874a97":133,"85a220de":133,"40a7cdd2":133,"ac033c7b":133,"87759976":133,"4df3f62e":133,"c881a53e":133,"80c1c8b1":133,"cf52acd8":133,"a63cb4ce":133,"d3b3492b":133,"7580cfa4":133,"22a96386":133,"5c672b50":133,"5df16440":133,"b666e56d":133,"8db378ff":133,"784d6375":133,"4541bf85":133,"a6b13f20":133
1601327177323,"272e7d0d":133,"f92596ee":133,"68831ea9":133,"9713d076":133,"fd098272":133,"6ee788a7":133,"8249641d":133,"45b0968f":133,"6a9bb182":133,"1f1afd4f":133,"25fb8826":133,"0dc5da58":133,"2874a625":133,"e61ae828":133,"f7ac3883":133,"ccd01528":133,"dab8cf68":133,"00f2a9cb":133,"916fe082":133,"b64dba8e":133,"c3bb30ce":133,"86219c70":133,"601990d8":133,"5c662c19":133,"2459c882":133,"3df97186":133,"ef0490de":133,"e0f47ced":133,"f7ffcbb8":133,"5728f934":133,"00b26865":133,"c333337d":133,"815c56bc":133,"5bd61a68":133,"8582c5cf":133,"0c353665":133,"231e8700":133,"1f9fbd85":133,"43f24679":133,"a1c0dfc4":133,"78f71162":133,"4b27a9a4":133,"163f4d19":133,"1d043d5a":133,"b2f82e06":133,"d2a5d2fd":133,"89d220c2":133,"3e10c9cb":133,"5500a3e8":133,"3c0e87ac":133,"a891461f":133,"a246cdab":133,"117c7f0b":133,"0d21cf99":133,"14e6fe14":133,"37ec5e73":133,"bfff7913":133,"f8636899":133,"37724339":133,"d45d9727":133,"ee5ff2a3":133,"44322dfd":133,"295e4d1d":133,"8cf6570a":133,"403064a0":133,"312af46e":133,"b5a9f8c3":133,"fcbc0ae8":133,"2ff6b6a8":133,"66a71cc1":133,"bf4b58e4":133,"5b0b43e6":133,"b5474d69":133,"5a938eeb":133,"309bbf54":133,"cc537772":133,"6618390c":133,"99cc0813":133,"dc32c4e1":133,"239c636e":133,"6ee160ff":133,"c55d40ca":133,"22c177a8":133,"00ae883f":133,"f416ee62":133,"0d2b182d":133,"320754c3":133,"232b2f64":133,"3171b6e7":133,"3b25460f":133,"d2064756":133,"4fe0dedf":133,"951fc6d0":133,"61892a4c":133,"f096219e":133,"a3f0a6ec":133,"01051f84":133,"aa7e370d":133,"f995eeab":133,"4006e709":133,"0dedf63e":133,"a9d5374b":133,"4321f02d":133,"089b3f8f":133,"7698d0dc":133,"784414ce":133,"2df3efdb":133,"d0f1b7bd":133,"e7799883":133,"4f9456cf":133,"6e260ee8":133,"f4f84279":133,"b0950de5":133,"6f873999":133,"1f4e0e22":133,"60d69311":133,"3b09f1de":133,"b371f44a":133,"dfe4a061":133,"8b6180ff":133,"c2bf7d51":133,"8819ac24":133,"dbbf7f69":133,"781afef6":133,"de9229a0":133,"99a5feef":133,"f6266388":133,"e64fd39c":133,"e1b3ce36":133,"625fa164":133,"0c6ae551":133,"e8f4c1dd":133,"cede8b8c":133,"ad95ff4a":133,"893a99c5":133,"d8bf32b5":133,"0eb42efe":133,"03c4ab87":133,"4e3d3af7":133,"3a4803a8":133,"f7a7de5d":133,"d4e56c3e":133,"0c045c2d":133,"8efd4801":133,"7eb8f268":133,"20236d3e":133,"36ae8cd8":133,"3ddd5391":133,"07f69c6d":133,"2254f0f5":133,"ea282e84":133,"6653c83b":133,"c896052c":133,"287ecd1c":133,"f9376d3e":133,"07a94e8c":133,"bb017b49":133,"37b52fe4":133,"61ad1519":133,"819c4185":133,"ba69b06b":133,"7d2a2cb4":133,"4f62491c":133,"a8edfe84":133,"2ed19b1e":133,"959e16ea":133,"02f76c64":133,"5c6d1f33":133,"b4801cae":133,"c3c2fd05":133,"f8c97147":133,"c2526ff3":133,"cc386067":133,"a22ffd8f":133,"3cd28a4d":133,"44a12c31":133,"45a961ca":133,"5ca978fd":133,"668e601b":133,"7552d86c":133,"02ebf3b6":133,"bb17a968":133,"4abcb85d":133,"cba26072":133,"2a718dcc":133,"c6a9a8e1":133,"88854fd0":133,"8dc27d2a":133,"41d7f05d":133,"2b851827":133,"9f428a03":133,"4d504d96":133,"0533ece1":133,"bcee2ef3":133,"70b4c438":133,"71ed93db":133,"c92efaa8":133,"c241ac7e":133,"62a45672":133,"210e507a":133,"ac6e268b":133,"742238e8":133,"0afba00c":133,"04ff8100":133,"6c00d8d6":133,"ac9a02bc":133,"acfe69ed":133,"426603ff":133,"2db2f252":133,"2e84193b":133,"c55683c9":133,"51233daf":133,"02791635":133,"be081247":133,"5cc47d1b":133,"678b846f":133,"b4bd39d8":133,"b4cdbe5d":133,"fa0386f3":133,"b95d0f17":133,"cee9c347":133
1601327178213,"7800e7ce":134,"77869ff0":134,"4b8f7b16":134,"89f75690":134,"cb363e2f":134,"cd802f02":134,"d3cca7eb":134,"e866a899":134,"5690e712":134,"0b92d2a9":134,"070bed95":134,"67e5d108":134,"3d37b94b":134,"842c97c2":134,"c4cef92b":134
1601327178600,"d5d94481":134,"ffe48500":134,"c7a45a33":134,"faffe099":134,"e99490cd":134,"3b830769":134,"583f0305":134,"1557c50a":134,"249e80ab":134,"f52a3d94":134,"eb74d3dd":134,"3bcbc28d":134,"3c0455e7":134,"df203c79":134,"df1e1ac0":134,"491708eb":134,"e421caaa":134,"2d2ecf27":134,"d38a4953":134,"eba5efdd":134,"0eecdc5b":134,"b7e495ea":134,"45ec63c0":134,"0ddfde2c":134,"a8b41774":134,"81f0da2d":134,"1fcc8ba4":134,"75a9c117":134,"12ba54ec":134,"be391c1a":134,"37d8a5b7":134,"d5ab81c4":134,"2ecde685":134,"f0bd52d3":134,"dcc20f76":134,"666a8ef0":134,"c5b609f1":134,"4dc5849a":134,"d605c755":134,"8a8c1d67":134,"cc6b3306":134,"8c2dfd9a":134,"f11267b9":134,"a483b15e":134,"f80ab49d":134,"95eaed39":134,"a5ba0ebb":134,"f53362a9":134,"1901ef7e":134,"960c2e6b":134,"3515e999":134,"d11f8f1b":134,"9d9eb027":134,"325f9a29":134,"503aafe5":134,"a5463f93":134,"c85ac4f8":134,"bc253f4f":134,"0d9d2bf8":134,"846b7f11":134,"d3411467":134,"1df0ce7f":134,"a08171d0":134,"c8bc5677":134,"dfca0518":134,"b9a21017":134,"e47705d3":134,"3cae4115":134,"0ccf4731":134,"c7c6782d":134,"54346574":134,"b12cbf87":134,"81942d9b":134,"699b90c1":134,"d9b5a7a8":134,"1e7914d2":134,"e5d8fdb2":134,"3412ab75":134,"bcac5daf":134,"62d028cc":134,"0af2cf39":134,"27491297":134,"d041ea86":134,"1eda11b2":134,"fc442678":134,"080d5d42":134,"5d03f5dc":134,"f0a01341":134,"1ee4d9f9":134,"0d6e45e7":134,"0da97151":134,"e829038c":134,"4987cfb5":134,"ba90687c":134,"77f2cf92":134,"037e2be4":134,"9e7dbd20":134,"0c086273":134,"ac13c3b0":134,"b4d9c57f":134,"5d53c964":134,"8ee9cc91":134,"4cc0af91":134,"55f6a2ba":134,"9559ea96":134,"9cb044bf":134,"16b25add":134,"80ee333e":134,"3b329af2":134,"1cd662bf":134,"72992b35":134,"47589344":134,"593b1533":134,"e9f6e5ce":134,"ed6bead5":134,"96f594b9":134,"94dfcfc5":134,"8301986e":134,"830ecfec":134,"a8bae791":134,"312009ee":134,"c98759fd":134,"e8b6d676":134,"45ee5840":134,"76f04033":134,"43480b19":134,"fd955858":134,"69798d15":134,"efea71fa":134,"fb3aa867":134,"c9cf710b":134,"fcacdeb3":134,"0ea055ed":134,"e3b1bdf8":134,"644b45fb":134,"18c73816":134,"e491161e":134,"b5087677":134,"16f60bed":134,"cb0c3481":134,"7664512c":134,"df9a53b8":134,"f6c27b2b":134,"945f6c24":134,"f1daea7e":134,"b8fb90e3":134,"56227e35":134,"0d6bf22a":134,"b87321d0":134,"43205b5d":134,"8982905a":134,"f6fe1ad7":134,"230064fa":134,"764e0abb":134,"bba6d88e":134,"ea3479ec":134,"32266fa3":134,"50b090c3":134,"8be24763":134,"590ce3d3":134
1601327179099,"1802d7ce":134,"0a49914b":134,"5d3f5cad":134,"cf347cba":134,"fc0c23f7":134,"641f9b9e":134,"c92edec5":134,"9f03c1e7":134,"06c24a8d":134,"2f35e75f":134,"3eddf7c8":134,"77970f8b":134,"efd594d5":134,"4718294d":134,"5352cf45":134,"e0ffe8ff":134,"ae14d6b5":134,"721f5f42":134,"0b50bca6":134,"bf2ca266":134,"5d8d9641":134,"0de67c6c":134,"2311399f":134,"5e3ebf5e":134,"9f6ca218":134,"6213799d":134,"44cb1fd2":134,"baf19c25":134,"24a79a6e":134,"edde30af":134,"4d949e11":134,"df12f689":134,"1da10cbf":134,"832c48e4":134,"dc90a44c":134,"1ad7c45b":134,"5566c17c":134,"86a22252":134,"5b09e53e":134,"da5bb0f7":134,"6d925c84":134,"eb4800b2":134,"6e0ce9dc":134,"87d9bec4":134,"e30dfa0c":134,"6da34174":134,"bfb849fa":134,"0a10b423":134,"9ef7cee7":134,"49f1a0d1":134,"5f04aa76":134,"ba297382":134,"0287db2a":134,"96abe4a9":134,"753b10b1":134,"cf14bd99":134,"782022f4":134,"322e833f":134,"ab3619e4":134,"106006ad":134,"c8237be9":134,"1416e8f5":134,"dde2eed5":134,"a208caa8":134,"16605353":134,"77b39e15":134,"f1726edb":134,"92b72493":134,"d3e58903":134,"4481c4be":134,"7954891b":134,"4afd60a9":134,"d44c0ea3":134,"68f87858":134,"533bac6b":134,"50b23ab2":134,"edfa56d4":134,"899c16eb":134,"41c76041":134,"6bb1fa99":134,"d73ff72e":134,"61c0ca91":134,"d2fda7be":134,"ce20ca3c":134,"1d2d958b":134,"81fb6a01":134,"7f5b27c8":134,"fb3444d9":134,"f05de640":134,"86a68967":134,"56cd4dca":134,"7f469f4c":134,"f92dedfc":134,"355d1489":134,"f96fc1af":134,"06713bac":134,"61aca924":134,"d97fb857":134,"59ff5ec6":134,"ef04e64e":134,"0000dece":134,"ce5efdbe":134,"58ace2b5":134,"d379fd96":134,"7b819458":134,"7f8024cd":134,"ae562513":134,"7b66dacd":134,"9ab137d7":134,"7191d1cd":134,"005354dd":134,"6e2d04de":134,"2fca1798":134,"05028839":134,"5488826c":134,"84fff5c1":134,"c649992d":134,"3b3569f6":134,"bf2defb2":134,"bc733a28":134,"30d32d34":134,"886c16d3":134,"e8d09b62":134,"d5ad3ed6":134,"8e5f7187":134,"55ba7579":134,"b7769ca6":134,"41634dba":134,"43fd1327":134,"113e7f4b":134,"8cce569a":134,"ce6401b6":134,"6f57824c":134,"28bd7aa1":134,"1d52fb0d":134,"cde0d748":134,"535ed444":134,"710f0d0e":134,"0905f1fb":134,"a20e529c":134,"1ae76fcc":134,"35b161d3":134,"344cd1a3":134,"77ea1236":134,"96d2a118":134,"23a0e41f":134,"b32a1080":134,"a2c4b591":134,"6dfa57be":134,"1854ce44":134,"f92b22f1":134,"ece12664":134,"36f4ecde":134,"568a0d58":134,"5fd569d2":134,"10c8fd03":134,"bd4ccb49":134,"e773d697":134,"7e8c11e7":134,"077eb15a":134,"5337c279":134,"8d256cb6":134,"7021c619":134,"32ae00db":134,"9c27de51":134,"38a75b48":134,"1792bfa3":134,"426f1904":134,"7c0f1ca9":134,"b2f820ac":134,"25d4f65d":134,"eddb6a2a":134,"ff8a00aa":134,"c146560b":134,"985068e7":134,"d543ba6f":134,"b01ab62a":134,"76da16fa":134,"bffee581":134,"07150038":134,"080fa362":134,"7b6945ad":134,"a40d08e1":134,"cec79bc2":134,"d2eff358":134,"e70aebb5":134,"a488b2f1":134,"4caa87d6":134,"f7076e21":134,"69e653b6":134,"98d2991b":134,"3b411d6a":134,"83826ef3":134,"595609d5":134,"b47f1b89":134,"8e6caf71":134,"f1e86522":134,"9a3433b8":134,"b89112cb":134,"fa03f48f":134,"5298dafa":134,"66736d5e":134,"30de89a7":134,"25f7f918":134,"c5311ebb":134,"06aaa33f":134,"105bb3f6":134,"320c65bf":134,"1fa1e7c2":134,"58de5462":134,"f01c896d":134,"646af2b9":134,"659389ad":134,"1f2670d0":134,"962c9c8f":134,"240c8679":134,"0718c3be":134,"aec0bf28":134,"8b503f7b":134,"a017a323":134,"8801c469":134,"87a8523c":134,"c416baa6":134,"b6281f1a":134,"48c6df81":134,"ae350a07":134,"680a32a6":134,"5e165f43":134,"f8785b71":134,"83ba647d":134,"ab4a411a":134,"cb0bd6b7":134,"d7a4b24c":134,"8e426e39":134,"686d5c0b":134,"51909df8":134,"e22b0973":134,"f15eb1c5":134,"71789493":134,"23646ff9":134,"3abb827b":134,"5ac72353":134,"d1b14d06":134,"0c73c293":134,"f6c074a7":134,"88929b06":134,"08c4692e":134,"ffd6849d":134,"962fca02":134,"5b2479ef":134,"1d882c36":134,"75968179":134,"eb62e8f2":134,"bc8bdc23":134,"a71f3f70":134,"1f7aa83c":134,"732d62ee":134,"d4b0751c":134,"5b01444b":134,"79995b62":134,"97160db8":134,"589f0d6e":134,"51b4016a":134,"46bf9112":134,"092ad3d6":134,"bf940089":134,"01f34f98":134,"1670b0d3":134,"808bc372":134,"ec97d63e":134,"94208a41":134,"c792a7c1":134,"5a7da061":134,"2cbcad17":134,"4dccb5ca":134,"06a94514":134,"73c420df":134,"83268abf":134,"578c4c95":134,"0700da70":134,"c606b472":134,"ff591765":134,"93f12198":134,"62e270e5":134,"66b1b6d7":134,"b062adc4":134,"4aae5133":134,"63a3af32":134,"3fec4b0b":134,"faa3de3e":134,"44983d13":134,"80999122":134,"72af9198":134,"e39e9552":134,"81c1b70d":134,"e72f0f82":134,"88374b72":134,"fdfaf1ed":134,"ea981bed":134,"5e197575":134,"e587c4d0":134,"525b2635":134,"caa38a45":134,"a9987a58":134,"b6b8e5c7":134,"e82177d3":134,"89914b94":134,"04bdf5e1":134,"da8b42be":134,"3b0576bf":134,"9458934f":134,"1dcc489c":134,"945badf3":134,"1327775b":134,"9666b973":134,"653b27c7":134,"83b37fd6":134,"4d852788":134,"e43a9448":134,"3542b748":134,"379c53ab":134,"e396d80d":134,"7da61f27":134,"dc874a97":134,"85a220de":134,"40a7cdd2":134,"ac033c7b":134,"87759976":134,"4df3f62e":134,"c881a53e":134,"80c1c8b1":134,"cf52acd8":134,"a63cb4ce":134,"d3b3492b":134,"7580cfa4":134,"22a96386":134,"5c672b50":134,"5df16440":134,"bdd40125":134,"75fd47f7":134,"1c52a07e":134,"e70ccc25":134,"afd1494f":134,"ca6bffd3":134,"829c44a4":134,"e76e2617":134,"2b4fd52e":134,"57162572":134,"d1d50cfe":134,"b666e56d":134,"8db378ff":134,"784d6375":134,"4541bf85":134,"a6b13f20":134,"2459c882":134,"3df97186":134,"ef0490de":134,"e0f47ced":134,"309bbf54":134,"cc537772":134,"6618390c":134,"99cc0813":134,"dc32c4e1":134,"239c636e":134,"6ee160ff":134,"c55d40ca":134,"22c177a8":134,"00ae883f":134,"f416ee62":134,"0d2b182d":134,"320754c3":134,"232b2f64":134,"3171b6e7":134,"3b25460f":134,"d2064756":134,"272e7d0d":134,"f92596ee":134,"68831ea9":134,"9713d076":134,"fd098272":134,"6ee788a7":134,"8249641d":134,"45b0968f":134,"6a9bb182":134,"1f1afd4f":134,"25fb8826":134,"0dc5da58":134,"2874a625":134,"e61ae828":134,"f7ac3883":134,"ccd01528":134,"dab8cf68":134,"00f2a9cb":134,"916fe082":134,"b64dba8e":134,"c3bb30ce":134,"86219c70":134,"601990d8":134,"5c662c19":134,"d2a5d2fd":134,"89d220c2":134,"3e10c9cb":134,"5500a3e8":134,"3c0e87ac":134,"a891461f":134,"a246cdab":134,"117c7f0b":134,"0d21cf99":134,"14e6fe14":134,"37ec5e73":134,"bfff7913":134,"f8636899":134,"37724339":134,"d45d9727":134,"ee5ff2a3":134,"44322dfd":134,"295e4d1d":134,"8cf6570a":134,"403064a0":134,"312af46e":134,"b5a9f8c3":134,"fcbc0ae8":134,"2ff6b6a8":134,"66a71cc1":134,"bf4b58e4":134,"f7ffcbb8":134,"5728f934":134,"00b26865":134,"c333337d":134,"815c56bc":134,"5bd61a68":134,"8582c5cf":134,"0c353665":134,"231e8700":134,"1f9fbd85":134,"43f24679":134,"a1c0dfc4":134,"78f71162":134,"4b27a9a4":134,"163f4d19":134,"1d043d5a":134,"b2f82e06":134,"5b0b43e6":134,"b5474d69":134,"5a938eeb":134,"4fe0dedf":134,"951fc6d0":134,"61892a4c":134,"f096219e":134,"a3f0a6ec":134,"01051f84":134,"aa7e370d":134,"f995eeab":134,"4006e709":134,"0dedf63e":134,"a9d5374b":134,"4321f02d":134,"089b3f8f":134,"7698d0dc":134,"784414ce":134,"2df3efdb":134,"d0f1b7bd":134,"e7799883":134
1601327179595,"a8edfe84":134,"2ed19b1e":134,"959e16ea":134,"02f76c64":134,"5c6d1f33":134,"b4801cae":134,"c3c2fd05":134,"f8c97147":134,"c2526ff3":134,"cc386067":134,"a22ffd8f":134,"3cd28a4d":134,"44a12c31":134,"45a961ca":134,"5ca978fd":134,"668e601b":134,"7552d86c":134,"02ebf3b6":134,"bb17a968":134,"4abcb85d":134,"cba26072":134,"2a718dcc":134,"c6a9a8e1":134,"88854fd0":134,"8dc27d2a":134,"41d7f05d":134,"2b851827":134,"9f428a03":134,"4d504d96":134,"0533ece1":134,"bcee2ef3":134,"4f9456cf":134,"6e260ee8":134,"f4f84279":134,"b0950de5":134,"6f873999":134,"1f4e0e22":134,"dfe4a061":134,"60d69311":134,"c2bf7d51":134,"3b09f1de":134,"781afef6":134,"de9229a0":134,"b371f44a":134,"8b6180ff":134,"99a5feef":134,"f6266388":134,"8819ac24":134,"dbbf7f69":134,"e64fd39c":134,"e1b3ce36":134,"625fa164":134,"0c6ae551":134,"e8f4c1dd":134,"cede8b8c":134,"ad95ff4a":134,"893a99c5":134,"d8bf32b5":134,"0eb42efe":134,"03c4ab87":134,"4e3d3af7":134,"3a4803a8":134,"f7a7de5d":134,"d4e56c3e":134,"0c045c2d":134,"8efd4801":134,"7eb8f268":134,"20236d3e":134,"36ae8cd8":134,"3ddd5391":134,"07f69c6d":134,"2254f0f5":134,"ea282e84":134,"6653c83b":134,"0afba00c":134,"04ff8100":134,"6c00d8d6":134,"ac9a02bc":134,"acfe69ed":134,"426603ff":134,"2db2f252":134,"2e84193b":134,"c55683c9":134,"51233daf":134,"02791635":134,"be081247":134,"5cc47d1b":134,"678b846f":134,"b4bd39d8":134,"b4cdbe5d":134,"fa0386f3":134,"b95d0f17":134,"cee9c347":134,"c896052c":134,"287ecd1c":134,"f9376d3e":134,"07a94e8c":134,"bb017b49":134,"37b52fe4":134,"61ad1519":134,"819c4185":134,"ba69b06b":134,"7d2a2cb4":134,"4f62491c":134,"70b4c438":134,"71ed93db":134,"c92efaa8":134,"c241ac7e":134,"62a45672":134,"210e507a":134,"ac6e268b":134,"742238e8":134
1601327180794,"d5d94481":135,"ffe48500":135,"c7a45a33":135,"7800e7ce":135,"77869ff0":135,"4b8f7b16":135,"89f75690":135,"cb363e2f":135,"cd802f02":135,"d3cca7eb":135,"e866a899":135,"5690e712":135,"0b92d2a9":135,"070bed95":135,"67e5d108":135,"3d37b94b":135,"842c97c2":135,"c4cef92b":135,"0eecdc5b":135,"b7e495ea":135,"45ec63c0":135,"0ddfde2c":135,"a8b41774":135,"81f0da2d":135,"1fcc8ba4":135,"75a9c117":135,"12ba54ec":135,"be391c1a":135,"37d8a5b7":135,"d5ab81c4":135,"2ecde685":135,"f0bd52d3":135,"dcc20f76":135,"666a8ef0":135,"c5b609f1":135,"4dc5849a":135,"d605c755":135,"8a8c1d67":135,"cc6b3306":135,"faffe099":135,"e99490cd":135,"3b830769":135,"583f0305":135,"1557c50a":135,"249e80ab":135,"f52a3d94":135,"eb74d3dd":135,"3bcbc28d":135,"3c0455e7":135,"df203c79":135,"df1e1ac0":135,"491708eb":135,"e421caaa":135,"2d2ecf27":135,"d38a4953":135,"eba5efdd":135,"a5463f93":135,"c85ac4f8":135,"bc253f4f":135,"0d9d2bf8":135,"846b7f11":135,"d3411467":135,"1df0ce7f":135,"a08171d0":135,"c8bc5677":135,"dfca0518":135,"b9a21017":135,"e47705d3":135,"3cae4115":135,"0ccf4731":135,"c7c6782d":135,"54346574":135,"8c2dfd9a":135,"f11267b9":135,"a483b15e":135,"f80ab49d":135,"95eaed39":135,"a5ba0ebb":135,"f53362a9":135,"1901ef7e":135,"960c2e6b":135,"3515e999":135,"d11f8f1b":135,"9d9eb027":135,"325f9a29":135,"503aafe5":135,"b12cbf87":135,"81942d9b":135,"699b90c1":135,"d9b5a7a8":135,"1e7914d2":135,"e5d8fdb2":135,"3412ab75":135,"bcac5daf":135,"62d028cc":135,"0af2cf39":135,"27491297":135,"d041ea86":135,"1eda11b2":135,"fc442678":135
1601327180989,"080d5d42":135,"5d03f5dc":135,"f0a01341":135,"1ee4d9f9":135,"0d6e45e7":135,"0da97151":135,"e829038c":135,"4987cfb5":135,"ba90687c":135,"77f2cf92":135,"037e2be4":135,"9e7dbd20":135,"0c086273":135,"ac13c3b0":135,"b4d9c57f":135,"5d53c964":135,"8ee9cc91":135,"4cc0af91":135,"55f6a2ba":135,"9559ea96":135,"9cb044bf":135,"16b25add":135,"80ee333e":135,"3b329af2":135,"1cd662bf":135,"72992b35":135,"47589344":135,"593b1533":135,"e9f6e5ce":135,"ed6bead5":135,"96f594b9":135,"94dfcfc5":135,"8301986e":135,"830ecfec":135,"a8bae791":135,"312009ee":135,"c98759fd":135,"e8b6d676":135,"45ee5840":135,"76f04033":135,"43480b19":135,"fd955858":135,"69798d15":135,"efea71fa":135,"fb3aa867":135,"c9cf710b":135,"fcacdeb3":135,"0ea055ed":135,"e3b1bdf8":135,"644b45fb":135,"18c73816":135,"e491161e":135,"b5087677":135,"16f60bed":135,"cb0c3481":135,"7664512c":135,"df9a53b8":135,"f6c27b2b":135,"945f6c24":135,"f1daea7e":135,"b8fb90e3":135,"56227e35":135,"0d6bf22a":135,"b87321d0":135,"43205b5d":135,"8982905a":135,"f6fe1ad7":135,"230064fa":135,"764e0abb":135,"bba6d88e":135,"ea3479ec":135,"32266fa3":135,"50b090c3":135,"8be24763":135,"eb4800b2":135,"6e0ce9dc":135,"87d9bec4":135,"e30dfa0c":135,"6da34174":135,"bfb849fa":135,"0a10b423":135,"9ef7cee7":135,"49f1a0d1":135,"5f04aa76":135,"ba297382":135,"0287db2a":135,"96abe4a9":135,"753b10b1":135,"590ce3d3":135,"1802d7ce":135,"0a49914b":135,"5d3f5cad":135,"cf347cba":135,"fc0c23f7":135,"641f9b9e":135,"c92edec5":135,"9f03c1e7":135,"06c24a8d":135,"2f35e75f":135,"3eddf7c8":135,"77970f8b":135,"efd594d5":135,"4718294d":135,"5352cf45":135,"e0ffe8ff":135,"ae14d6b5":135,"721f5f42":135,"0b50bca6":135,"bf2ca266":135,"5d8d9641":135,"0de67c6c":135,"2311399f":135,"5e3ebf5e":135,"9f6ca218":135,"6213799d":135,"44cb1fd2":135,"baf19c25":135,"24a79a6e":135,"edde30af":135,"4d949e11":135,"df12f689":135,"1da10cbf":135,"832c48e4":135,"dc90a44c":135,"1ad7c45b":135,"5566c17c":135,"86a22252":135,"0000dece":135,"ce5efdbe":135,"58ace2b5":135,"d379fd96":135,"7b819458":135,"5b09e53e":135,"da5bb0f7":135,"6d925c84":135,"50b23ab2":135,"cf14bd99":135,"782022f4":135,"322e833f":135,"ab3619e4":135,"106006ad":135,"c8237be9":135,"1416e8f5":135,"dde2eed5":135,"a208caa8":135,"16605353":135,"77b39e15":135,"f1726edb":135,"92b72493":135,"d3e58903":135,"4481c4be":135,"7954891b":135,"4afd60a9":135,"d44c0ea3":135,"68f87858":135,"533bac6b":135,"41634dba":135,"43fd1327":135,"113e7f4b":135,"8cce569a":135,"ce6401b6":135,"6f57824c":135,"edfa56d4":135,"899c16eb":135,"41c76041":135,"28bd7aa1":135,"1d52fb0d":135,"cde0d748":135,"535ed444":135,"710f0d0e":135,"0905f1fb":135,"a20e529c":135,"1ae76fcc":135,"35b161d3":135,"344cd1a3":135,"77ea1236":135,"96d2a118":135,"23a0e41f":135,"b32a1080":135,"a2c4b591":135,"6dfa57be":135,"1854ce44":135,"f92b22f1":135,"ece12664":135,"36f4ecde":135,"568a0d58":135,"5fd569d2":135,"10c8fd03":135,"bd4ccb49":135,"e773d697":135,"7e8c11e7":135,"077eb15a":135,"5337c279":135,"8d256cb6":135,"7021c619":135,"32ae00db":135,"bf2defb2":135,"bc733a28":135,"30d32d34":135,"886c16d3":135,"6bb1fa99":135,"d73ff72e":135,"61c0ca91":135,"d2fda7be":135,"ce20ca3c":135,"1d2d958b":135,"81fb6a01":135,"7f5b27c8":135,"fb3444d9":135,"f05de640":135,"86a68967":135,"56cd4dca":135,"7f469f4c":135,"f92dedfc":135,"355d1489":135,"f96fc1af":135,"06713bac":135,"61aca924":135,"d97fb857":135,"7f8024cd":135,"ae562513":135,"7b66dacd":135,"9ab137d7":135,"7191d1cd":135,"005354dd":135,"59ff5ec6":135,"ef04e64e":135,"6e2d04de":135,"2fca1798":135,"05028839":135,"5488826c":135,"84fff5c1":135,"3b3569f6":135,"b01ab62a":135,"76da16fa":135,"bffee581":135,"07150038":135,"c649992d":135,"e8d09b62":135,"d5ad3ed6":135,"8e5f7187":135,"55ba7579":135,"b7769ca6":135,"9c27de51":135,"38a75b48":135,"1792bfa3":135,"426f1904":135,"7c0f1ca9":135,"b2f820ac":135,"25d4f65d":135,"eddb6a2a":135,"ff8a00aa":135,"c146560b":135,"985068e7":135,"d543ba6f":135,"080fa362":135,"7b6945ad":135,"a40d08e1":135,"cec79bc2":135,"d2eff358":135,"e70aebb5":135,"a488b2f1":135,"4caa87d6":135,"f7076e21":135,"69e653b6":135,"98d2991b":135,"3b411d6a":135,"83826ef3":135,"595609d5":135,"b47f1b89":135,"8e6caf71":135,"9a3433b8":135,"f1e86522":135,"fa03f48f":135,"b89112cb":135,"5298dafa":135,"66736d5e":135,"25f7f918":135,"30de89a7":135,"06aaa33f":135,"c5311ebb":135,"320c65bf":135,"105bb3f6":135,"1fa1e7c2":135,"58de5462":135,"f01c896d":135,"646af2b9":135,"659389ad":135,"1f2670d0":135,"240c8679":135,"962c9c8f":135,"aec0bf28":135,"0718c3be":135,"a017a323":135,"8b503f7b":135,"8801c469":135,"87a8523c":135,"b6281f1a":135,"c416baa6":135,"48c6df81":135,"ae350a07":135,"680a32a6":135,"5e165f43":135,"83ba647d":135,"f8785b71":135,"cb0bd6b7":135,"ab4a411a":135,"8e426e39":135,"d7a4b24c":135,"51909df8":135,"686d5c0b":135,"e22b0973":135,"f15eb1c5":135,"71789493":135,"23646ff9":135,"5ac72353":135,"3abb827b":135,"0c73c293":135,"d1b14d06":135,"88929b06":135,"f6c074a7":135,"ffd6849d":135,"08c4692e":135,"962fca02":135,"5b2479ef":135,"1d882c36":135,"75968179":135,"bc8bdc23":135,"eb62e8f2":135,"a71f3f70":135,"1f7aa83c":135,"732d62ee":135,"d4b0751c":135,"5b01444b":135,"79995b62":135,"97160db8":135,"589f0d6e":135,"51b4016a":135,"46bf9112":135,"092ad3d6":135,"bf940089":135,"01f34f98":135,"1670b0d3":135,"ec97d63e":135,"94208a41":135,"808bc372":135,"2cbcad17":135,"c792a7c1":135,"5a7da061":135,"4dccb5ca":135,"83268abf":135,"06a94514":135,"73c420df":135,"578c4c95":135,"c606b472":135,"0700da70":135,"ff591765":135,"93f12198":135,"62e270e5":135,"66b1b6d7":135,"b062adc4":135
1601327181697,"272e7d0d":135,"f92596ee":135,"68831ea9":135,"9666b973":135,"653b27c7":135,"4aae5133":135,"63a3af32":135,"3fec4b0b":135,"faa3de3e":135,"44983d13":135,"80999122":135,"72af9198":135,"e39e9552":135,"81c1b70d":135,"e72f0f82":135,"88374b72":135,"fdfaf1ed":135,"ea981bed":135,"5e197575":135,"e587c4d0":135,"525b2635":135,"caa38a45":135,"a9987a58":135,"b6b8e5c7":135,"e82177d3":135,"89914b94":135,"04bdf5e1":135,"da8b42be":135,"3b0576bf":135,"9458934f":135,"1dcc489c":135,"945badf3":135,"1327775b":135,"bdd40125":135,"75fd47f7":135,"1c52a07e":135,"e70ccc25":135,"afd1494f":135,"ca6bffd3":135,"829c44a4":135,"e76e2617":135,"2b4fd52e":135,"57162572":135,"d1d50cfe":135,"9713d076":135,"fd098272":135,"6ee788a7":135,"8249641d":135,"45b0968f":135,"6a9bb182":135,"1f1afd4f":135,"25fb8826":135,"0dc5da58":135,"2874a625":135,"e61ae828":135,"f7ac3883":135,"ccd01528":135,"dab8cf68":135,"00f2a9cb":135,"916fe082":135,"b64dba8e":135,"c3bb30ce":135,"86219c70":135,"601990d8":135,"5c662c19":135,"d2a5d2fd":135,"89d220c2":135,"3e10c9cb":135,"5500a3e8":135,"3c0e87ac":135,"a891461f":135,"a246cdab":135,"117c7f0b":135,"0d21cf99":135,"14e6fe14":135,"37ec5e73":135,"bfff7913":135,"f8636899":135,"37724339":135,"d45d9727":135,"ee5ff2a3":135,"f7ffcbb8":135,"5728f934":135,"00b26865":135,"c333337d":135,"815c56bc":135,"5bd61a68":135,"8582c5cf":135,"0c353665":135,"44322dfd":135,"295e4d1d":135,"8cf6570a":135,"403064a0":135,"312af46e":135,"b5a9f8c3":135,"fcbc0ae8":135,"2ff6b6a8":135,"66a71cc1":135,"bf4b58e4":135,"6618390c":135,"99cc0813":135,"dc32c4e1":135,"239c636e":135,"6ee160ff":135,"c55d40ca":135,"22c177a8":135,"00ae883f":135,"f416ee62":135,"0d2b182d":135,"320754c3":135,"232b2f64":135,"3171b6e7":135,"3b25460f":135,"d2064756":135,"83b37fd6":135,"4d852788":135,"e43a9448":135,"3542b748":135,"379c53ab":135,"e396d80d":135,"7da61f27":135,"dc874a97":135,"85a220de":135,"40a7cdd2":135,"ac033c7b":135,"87759976":135,"4df3f62e":135,"c881a53e":135,"80c1c8b1":135,"cf52acd8":135,"a63cb4ce":135,"d3b3492b":135,"7580cfa4":135,"22a96386":135,"5c672b50":135,"5df16440":135,"b666e56d":135,"8db378ff":135,"784d6375":135,"4541bf85":135,"a6b13f20":135,"2459c882":135,"3df97186":135,"ef0490de":135,"e0f47ced":135,"309bbf54":135,"cc537772":135,"231e8700":135,"1f9fbd85":135,"43f24679":135,"a1c0dfc4":135,"78f71162":135,"4b27a9a4":135,"163f4d19":135,"1d043d5a":135,"b2f82e06":135,"5b0b43e6":135,"b5474d69":135,"5a938eeb":135,"4fe0dedf":135,"951fc6d0":135,"61892a4c":135,"f096219e":135,"a3f0a6ec":135,"01051f84":135,"aa7e370d":135,"f995eeab":135,"4006e709":135,"0dedf63e":135,"a9d5374b":135,"4321f02d":135,"089b3f8f":135,"7698d0dc":135,"784414ce":135,"2df3efdb":135,"a8edfe84":135,"2ed19b1e":135,"959e16ea":135,"02f76c64":135,"5c6d1f33":135,"b4801cae":135,"c3c2fd05":135,"f8c97147":135,"c2526ff3":135,"cc386067":135,"a22ffd8f":135,"3cd28a4d":135,"44a12c31":135,"45a961ca":135,"5ca978fd":135,"668e601b":135,"7552d86c":135,"02ebf3b6":135,"bb17a968":135,"4abcb85d":135,"cba26072":135,"2a718dcc":135,"c6a9a8e1":135,"88854fd0":135,"d0f1b7bd":135,"e7799883":135,"4f9456cf":135,"6e260ee8":135,"f4f84279":135,"b0950de5":135,"6f873999":135,"1f4e0e22":135,"60d69311":135,"3b09f1de":135,"dfe4a061":135,"b371f44a":135,"8b6180ff":135,"c2bf7d51":135,"781afef6":135,"8819ac24":135,"de9229a0":135,"dbbf7f69":135,"99a5feef":135,"f6266388":135,"e64fd39c":135,"e1b3ce36":135,"625fa164":135,"0c6ae551":135,"e8f4c1dd":135,"cede8b8c":135,"ad95ff4a":135,"893a99c5":135,"d8bf32b5":135,"0eb42efe":135,"03c4ab87":135,"4e3d3af7":135,"3a4803a8":135,"f7a7de5d":135,"d4e56c3e":135,"0c045c2d":135,"8efd4801":135,"7eb8f268":135,"20236d3e":135,"36ae8cd8":135,"8dc27d2a":135,"41d7f05d":135,"2b851827":135,"9f428a03":135,"4d504d96":135,"0533ece1":135,"bcee2ef3":135,"0afba00c":135,"04ff8100":135,"6c00d8d6":135,"ac9a02bc":135,"acfe69ed":135,"426603ff":135,"2db2f252":135,"2e84193b":135,"c55683c9":135,"51233daf":135,"02791635":135,"be081247":135,"5cc47d1b":135,"678b846f":135,"b4bd39d8":135,"b4cdbe5d":135,"fa0386f3":135,"b95d0f17":135,"cee9c347":135,"3ddd5391":135,"07f69c6d":135,"2254f0f5":135,"ea282e84":135,"6653c83b":135,"c896052c":135,"287ecd1c":135,"f9376d3e":135,"07a94e8c":135,"bb017b49":135,"37b52fe4":135,"61ad1519":135,"819c4185":135,"ba69b06b":135,"7d2a2cb4":135,"4f62491c":135,"70b4c438":135,"71ed93db":135,"c92efaa8":135,"c241ac7e":135,"62a45672":135,"210e507a":135,"ac6e268b":135,"742238e8":135
1601327182346,"7800e7ce":136,"77869ff0":136,"4b8f7b16":136,"89f75690":136
1601327182777,"cb363e2f":136,"cd802f02":136,"d3cca7eb":136,"e866a899":136,"5690e712":136,"0b92d2a9":136,"070bed95":136,"67e5d108":136,"3d37b94b":136,"842c97c2":136,"c4cef92b":136,"0eecdc5b":136,"b7e495ea":136,"45ec63c0":136,"0ddfde2c":136,"a8b41774":136,"81f0da2d":136,"1fcc8ba4":136,"75a9c117":136,"12ba54ec":136,"be391c1a":136,"37d8a5b7":136,"d5ab81c4":136,"2ecde685":136,"f0bd52d3":136,"dcc20f76":136,"666a8ef0":136,"c5b609f1":136,"4dc5849a":136,"d605c755":136,"8a8c1d67":136,"cc6b3306":136,"8c2dfd9a":136,"f11267b9":136,"a483b15e":136,"f80ab49d":136,"95eaed39":136,"a5ba0ebb":136,"f53362a9":136,"1901ef7e":136,"960c2e6b":136,"3515e999":136,"d11f8f1b":136,"9d9eb027":136,"d5d94481":136,"ffe48500":136,"325f9a29":136,"503aafe5":136,"c7a45a33":136,"faffe099":136,"e99490cd":136,"3b830769":136,"583f0305":136,"1557c50a":136,"249e80ab":136,"f52a3d94":136,"eb74d3dd":136,"3bcbc28d":136,"3c0455e7":136,"df203c79":136,"df1e1ac0":136,"491708eb":136,"e421caaa":136,"2d2ecf27":136,"d38a4953":136,"eba5efdd":136,"a5463f93":136,"c85ac4f8":136,"bc253f4f":136,"0d9d2bf8":136,"846b7f11":136,"d3411467":136,"1df0ce7f":136,"a08171d0":136,"c8bc5677":136,"dfca0518":136,"b9a21017":136,"e47705d3":136,"3cae4115":136,"0ccf4731":136,"c7c6782d":136,"54346574":136,"080d5d42":136,"5d03f5dc":136,"f0a01341":136,"1ee4d9f9":136,"0d6e45e7":136,"b12cbf87":136,"81942d9b":136,"699b90c1":136,"d9b5a7a8":136,"1e7914d2":136,"e5d8fdb2":136,"3412ab75":136,"bcac5daf":136,"62d028cc":136,"0af2cf39":136,"27491297":136,"d041ea86":136,"1eda11b2":136,"fc442678":136,"0da97151":136,"e829038c":136,"4987cfb5":136,"ba90687c":136,"77f2cf92":136,"037e2be4":136,"9e7dbd20":136,"0c086273":136,"ac13c3b0":136,"b4d9c57f":136,"5d53c964":136,"8ee9cc91":136,"4cc0af91":136,"55f6a2ba":136,"9559ea96":136,"9cb044bf":136,"16b25add":136,"80ee333e":136,"3b329af2":136,"1cd662bf":136,"72992b35":136,"47589344":136,"593b1533":136,"e9f6e5ce":136,"ed6bead5":136,"96f594b9":136,"94dfcfc5":136,"8301986e":136,"830ecfec":136,"a8bae791":136,"312009ee":136,"c98759fd":136,"e8b6d676":136,"45ee5840":136,"76f04033":136,"43480b19":136,"fd955858":136,"69798d15":136,"18c73816":136,"e491161e":136,"b5087677":136,"16f60bed":136,"cb0c3481":136,"7664512c":136,"df9a53b8":136,"f6c27b2b":136,"945f6c24":136,"f1daea7e":136,"b8fb90e3":136,"56227e35":136,"0d6bf22a":136,"b87321d0":136,"43205b5d":136,"8982905a":136,"f6fe1ad7":136,"230064fa":136,"764e0abb":136,"bba6d88e":136,"ea3479ec":136,"32266fa3":136,"50b090c3":136,"8be24763":136,"eb4800b2":136,"6e0ce9dc":136,"87d9bec4":136,"e30dfa0c":136,"6da34174":136,"efea71fa":136,"fb3aa867":136,"c9cf710b":136,"fcacdeb3":136,"0ea055ed":136,"e3b1bdf8":136,"644b45fb":136,"bfb849fa":136,"0a10b423":136,"9ef7cee7":136,"49f1a0d1":136,"5f04aa76":136,"ba297382":136,"0287db2a":136,"96abe4a9":136,"753b10b1":136,"cf14bd99":136,"782022f4":136,"322e833f":136,"ab3619e4":136,"106006ad":136,"c8237be9":136,"1416e8f5":136,"dde2eed5":136,"a208caa8":136,"16605353":136,"77b39e15":136
1601327183407,"f1726edb":136,"92b72493":136,"d3e58903":136,"4481c4be":136,"7954891b":136,"4afd60a9":136,"d44c0ea3":136,"68f87858":136,"533bac6b":136,"41634dba":136,"43fd1327":136,"113e7f4b":136,"8cce569a":136,"ce6401b6":136,"6f57824c":136,"28bd7aa1":136,"1d52fb0d":136,"cde0d748":136,"535ed444":136,"710f0d0e":136,"0905f1fb":136,"a20e529c":136,"1ae76fcc":136,"35b161d3":136,"344cd1a3":136,"77ea1236":136,"96d2a118":136,"23a0e41f":136,"b32a1080":136,"a2c4b591":136,"6dfa57be":136,"1854ce44":136,"f92b22f1":136,"ece12664":136,"36f4ecde":136,"568a0d58":136,"5fd569d2":136,"10c8fd03":136,"bd4ccb49":136,"e773d697":136,"7e8c11e7":136,"077eb15a":136,"5337c279":136,"8d256cb6":136,"7021c619":136,"32ae00db":136,"bf2defb2":136,"bc733a28":136,"30d32d34":136,"886c16d3":136,"e8d09b62":136,"590ce3d3":136,"1802d7ce":136,"0a49914b":136,"5d3f5cad":136,"cf347cba":136,"fc0c23f7":136,"641f9b9e":136,"c92edec5":136,"9f03c1e7":136,"06c24a8d":136,"2f35e75f":136,"3eddf7c8":136,"77970f8b":136,"efd594d5":136,"4718294d":136,"5352cf45":136,"e0ffe8ff":136,"ae14d6b5":136,"721f5f42":136,"0b50bca6":136,"bf2ca266":136,"5d8d9641":136,"0de67c6c":136,"2311399f":136,"5e3ebf5e":136,"9f6ca218":136,"6213799d":136,"44cb1fd2":136,"baf19c25":136,"24a79a6e":136,"edde30af":136,"4d949e11":136,"df12f689":136,"1da10cbf":136,"832c48e4":136,"dc90a44c":136,"1ad7c45b":136,"5566c17c":136,"86a22252":136,"0000dece":136,"ce5efdbe":136,"58ace2b5":136,"d379fd96":136,"7b819458":136,"7f8024cd":136,"ae562513":136,"7b66dacd":136,"9ab137d7":136,"7191d1cd":136,"005354dd":136,"5b09e53e":136,"da5bb0f7":136,"6d925c84":136,"50b23ab2":136,"edfa56d4":136,"899c16eb":136,"41c76041":136,"6bb1fa99":136,"d73ff72e":136,"61c0ca91":136,"d2fda7be":136,"ce20ca3c":136,"1d2d958b":136,"81fb6a01":136,"7f5b27c8":136,"fb3444d9":136,"3b3569f6":136,"b01ab62a":136,"76da16fa":136,"bffee581":136,"07150038":136,"080fa362":136,"7b6945ad":136,"a40d08e1":136,"cec79bc2":136,"d2eff358":136,"e70aebb5":136,"a488b2f1":136,"4caa87d6":136,"f7076e21":136,"69e653b6":136,"98d2991b":136,"3b411d6a":136,"83826ef3":136,"595609d5":136,"b47f1b89":136,"f05de640":136,"86a68967":136,"56cd4dca":136,"7f469f4c":136,"f92dedfc":136,"355d1489":136,"f96fc1af":136,"06713bac":136,"61aca924":136,"d97fb857":136,"59ff5ec6":136,"ef04e64e":136,"6e2d04de":136,"2fca1798":136,"05028839":136,"5488826c":136,"84fff5c1":136,"c649992d":136,"d5ad3ed6":136,"8e5f7187":136,"55ba7579":136,"b7769ca6":136,"9c27de51":136,"38a75b48":136,"1792bfa3":136,"426f1904":136,"7c0f1ca9":136,"b2f820ac":136,"25d4f65d":136,"eddb6a2a":136,"ff8a00aa":136,"c146560b":136,"985068e7":136,"d543ba6f":136,"272e7d0d":136,"f92596ee":136,"68831ea9":136,"9713d076":136,"fd098272":136,"6ee788a7":136,"8249641d":136,"45b0968f":136,"6a9bb182":136,"1f1afd4f":136,"25fb8826":136,"0dc5da58":136,"2874a625":136,"e61ae828":136,"f7ac3883":136,"ccd01528":136,"dab8cf68":136,"00f2a9cb":136,"916fe082":136,"b64dba8e":136,"c3bb30ce":136,"86219c70":136,"601990d8":136,"5c662c19":136,"d2a5d2fd":136,"89d220c2":136,"3e10c9cb":136,"5500a3e8":136,"3c0e87ac":136,"a891461f":136,"a246cdab":136,"117c7f0b":136,"0d21cf99":136,"14e6fe14":136,"37ec5e73":136,"bfff7913":136,"f8636899":136,"37724339":136,"d45d9727":136,"ee5ff2a3":136,"44322dfd":136,"295e4d1d":136,"8cf6570a":136,"403064a0":136,"312af46e":136,"b5a9f8c3":136,"fcbc0ae8":136,"2ff6b6a8":136,"9666b973":136,"653b27c7":136,"83b37fd6":136,"4d852788":136,"e43a9448":136,"3542b748":136,"379c53ab":136,"e396d80d":136,"7da61f27":136,"66a71cc1":136,"bf4b58e4":136,"e72f0f82":136,"88374b72":136,"fdfaf1ed":136,"ea981bed":136,"5e197575":136,"e587c4d0":136,"525b2635":136,"caa38a45":136,"a9987a58":136,"b6b8e5c7":136,"e82177d3":136,"89914b94":136,"04bdf5e1":136,"da8b42be":136,"3b0576bf":136,"9458934f":136,"1dcc489c":136,"945badf3":136,"1327775b":136,"bdd40125":136,"75fd47f7":136,"1c52a07e":136,"e70ccc25":136,"afd1494f":136,"ca6bffd3":136,"829c44a4":136,"e76e2617":136,"2b4fd52e":136,"57162572":136,"d1d50cfe":136,"732d62ee":136,"d4b0751c":136,"5b01444b":136,"79995b62":136,"97160db8":136,"589f0d6e":136,"51b4016a":136,"46bf9112":136,"092ad3d6":136,"bf940089":136,"01f34f98":136,"1670b0d3":136,"ec97d63e":136,"94208a41":136,"808bc372":136,"c792a7c1":136,"2cbcad17":136,"5a7da061":136,"4dccb5ca":136,"83268abf":136,"06a94514":136,"73c420df":136,"578c4c95":136,"0700da70":136,"c606b472":136,"ff591765":136,"93f12198":136,"62e270e5":136,"66b1b6d7":136,"b062adc4":136,"4aae5133":136,"63a3af32":136,"3fec4b0b":136,"faa3de3e":136,"44983d13":136,"80999122":136,"72af9198":136,"e39e9552":136,"81c1b70d":136,"8e6caf71":136,"9a3433b8":136,"b89112cb":136,"f1e86522":136,"66736d5e":136,"fa03f48f":136,"30de89a7":136,"06aaa33f":136,"5298dafa":136,"25f7f918":136,"320c65bf":136,"1fa1e7c2":136,"c5311ebb":136,"105bb3f6":136,"646af2b9":136,"58de5462":136,"659389ad":136,"240c8679":136,"f01c896d":136,"0718c3be":136,"1f2670d0":136,"8b503f7b":136,"962c9c8f":136,"aec0bf28":136,"87a8523c":136,"c416baa6":136,"a017a323":136,"8801c469":136,"ae350a07":136,"680a32a6":136,"b6281f1a":136,"48c6df81":136,"83ba647d":136,"cb0bd6b7":136,"5e165f43":136,"8e426e39":136,"f8785b71":136,"ab4a411a":136,"51909df8":136,"e22b0973":136,"d7a4b24c":136,"23646ff9":136,"686d5c0b":136,"3abb827b":136,"f15eb1c5":136,"71789493":136,"0c73c293":136,"5ac72353":136,"88929b06":136,"d1b14d06":136,"08c4692e":136,"5b2479ef":136,"f6c074a7":136,"ffd6849d":136,"1d882c36":136,"962fca02":136,"eb62e8f2":136,"75968179":136,"bc8bdc23":136,"a71f3f70":136,"1f7aa83c":136,"dc874a97":136,"85a220de":136,"40a7cdd2":136,"ac033c7b":136,"87759976":136,"4df3f62e":136,"c881a53e":136,"80c1c8b1":136,"cf52acd8":136,"a63cb4ce":136,"d3b3492b":136,"7580cfa4":136,"22a96386":136,"5c672b50":136,"5df16440":136,"b666e56d":136,"8db378ff":136,"784d6375":136,"4541bf85":136,"a6b13f20":136,"2459c882":136,"3df97186":136,"ef0490de":136,"e0f47ced":136,"309bbf54":136,"cc537772":136,"6618390c":136,"99cc0813":136,"dc32c4e1":136,"239c636e":136,"6ee160ff":136,"c55d40ca":136,"22c177a8":136,"00ae883f":136,"f416ee62":136,"0d2b182d":136,"320754c3":136,"232b2f64":136,"3171b6e7":136,"3b25460f":136,"d2064756":136,"f7ffcbb8":136,"5728f934":136,"00b26865":136,"c333337d":136,"815c56bc":136,"5bd61a68":136,"8582c5cf":136,"0c353665":136,"231e8700":136,"1f9fbd85":136,"43f24679":136,"a1c0dfc4":136,"78f71162":136,"4b27a9a4":136,"163f4d19":136,"1d043d5a":136,"b2f82e06":136,"5b0b43e6":136,"b5474d69":136,"5a938eeb":136,"4fe0dedf":136,"951fc6d0":136,"61892a4c":136,"f096219e":136,"a3f0a6ec":136,"01051f84":136,"aa7e370d":136,"f995eeab":136,"4006e709":136,"0dedf63e":136,"a9d5374b":136,"4321f02d":136,"089b3f8f":136,"7698d0dc":136,"784414ce":136,"2df3efdb":136,"d0f1b7bd":136,"e7799883":136,"4f9456cf":136,"6e260ee8":136,"f4f84279":136,"b0950de5":136,"6f873999":136,"1f4e0e22":136,"60d69311":136,"3b09f1de":136,"b371f44a":136,"8b6180ff":136,"8819ac24":136,"dbbf7f69":136,"a8edfe84":136,"2ed19b1e":136,"959e16ea":136,"02f76c64":136,"5c6d1f33":136,"b4801cae":136,"c3c2fd05":136,"f8c97147":136,"c2526ff3":136,"cc386067":136,"a22ffd8f":136,"3cd28a4d":136,"44a12c31":136,"dfe4a061":136,"c2bf7d51":136,"781afef6":136,"de9229a0":136,"99a5feef":136,"f6266388":136,"e64fd39c":136,"e1b3ce36":136,"625fa164":136,"0c6ae551":136,"e8f4c1dd":136,"cede8b8c":136,"ad95ff4a":136,"893a99c5":136,"d8bf32b5":136,"0eb42efe":136,"03c4ab87":136,"4e3d3af7":136,"3a4803a8":136,"f7a7de5d":136,"d4e56c3e":136,"0c045c2d":136,"8efd4801":136,"7eb8f268":136,"20236d3e":136,"36ae8cd8":136,"3ddd5391":136,"07f69c6d":136,"2254f0f5":136,"ea282e84":136,"6653c83b":136,"c896052c":136,"287ecd1c":136,"f9376d3e":136,"07a94e8c":136,"bb017b49":136,"37b52fe4":136,"45a961ca":136,"5ca978fd":136,"668e601b":136,"7552d86c":136,"02ebf3b6":136,"bb17a968":136,"4abcb85d":136,"cba26072":136,"2a718dcc":136,"c6a9a8e1":136,"88854fd0":136,"8dc27d2a":136,"41d7f05d":136,"2b851827":136,"9f428a03":136,"4d504d96":136,"0533ece1":136,"bcee2ef3":136,"0afba00c":136,"04ff8100":136,"6c00d8d6":136,"ac9a02bc":136,"acfe69ed":136,"426603ff":136,"2db2f252":136,"2e84193b":136,"c55683c9":136,"51233daf":136,"02791635":136,"be081247":136,"5cc47d1b":136,"678b846f":136,"b4bd39d8":136,"b4cdbe5d":136,"fa0386f3":136,"b95d0f17":136,"cee9c347":136
1601327183869,"61ad1519":136,"819c4185":136,"ba69b06b":136,"7d2a2cb4":136,"4f62491c":136,"70b4c438":136,"71ed93db":136,"c92efaa8":136,"c241ac7e":136,"62a45672":136,"210e507a":136,"ac6e268b":136,"742238e8":136
1601327184785,"d5d94481":137,"ffe48500":137,"c7a45a33":137,"faffe099":137,"e99490cd":137,"3b830769":137,"583f0305":137,"1557c50a":137,"249e80ab":137,"f52a3d94":137,"eb74d3dd":137,"3bcbc28d":137,"3c0455e7":137,"df203c79":137,"df1e1ac0":137,"491708eb":137,"e421caaa":137,"2d2ecf27":137,"d38a4953":137,"eba5efdd":137,"7800e7ce":137,"77869ff0":137,"4b8f7b16":137,"89f75690":137,"cb363e2f":137,"cd802f02":137,"d3cca7eb":137,"e866a899":137,"5690e712":137,"0b92d2a9":137,"070bed95":137,"67e5d108":137,"3d37b94b":137,"842c97c2":137,"c4cef92b":137,"0eecdc5b":137,"b7e495ea":137,"45ec63c0":137,"0ddfde2c":137,"a8b41774":137,"81f0da2d":137,"1fcc8ba4":137,"75a9c117":137,"12ba54ec":137,"be391c1a":137,"37d8a5b7":137,"d5ab81c4":137,"2ecde685":137,"f0bd52d3":137,"dcc20f76":137,"666a8ef0":137,"a5463f93":137,"c85ac4f8":137,"bc253f4f":137,"0d9d2bf8":137,"846b7f11":137,"d3411467":137,"1df0ce7f":137,"a08171d0":137,"c8bc5677":137,"dfca0518":137,"b9a21017":137,"e47705d3":137,"3cae4115":137,"0ccf4731":137,"c7c6782d":137,"54346574":137,"b12cbf87":137,"81942d9b":137,"699b90c1":137,"d9b5a7a8":137,"1e7914d2":137,"e5d8fdb2":137,"3412ab75":137,"bcac5daf":137,"62d028cc":137,"0af2cf39":137,"27491297":137,"d041ea86":137,"1eda11b2":137,"fc442678":137,"c5b609f1":137,"4dc5849a":137,"d605c755":137,"8a8c1d67":137,"cc6b3306":137,"8c2dfd9a":137,"f11267b9":137,"a483b15e":137,"f80ab49d":137,"95eaed39":137,"a5ba0ebb":137,"f53362a9":137,"1901ef7e":137,"960c2e6b":137,"3515e999":137,"d11f8f1b":137,"9d9eb027":137,"325f9a29":137,"503aafe5":137,"080d5d42":137,"5d03f5dc":137,"f0a01341":137,"1ee4d9f9":137,"0d6e45e7":137,"0da97151":137,"e829038c":137,"4987cfb5":137,"ba90687c":137,"77f2cf92":137,"037e2be4":137,"9e7dbd20":137,"0c086273":137,"ac13c3b0":137,"b4d9c57f":137,"5d53c964":137,"8ee9cc91":137,"4cc0af91":137,"55f6a2ba":137,"9559ea96":137,"9cb044bf":137,"16b25add":137,"80ee333e":137,"3b329af2":137,"1cd662bf":137,"72992b35":137,"47589344":137,"593b1533":137,"e9f6e5ce":137,"ed6bead5":137,"96f594b9":137,"94dfcfc5":137,"8301986e":137,"830ecfec":137,"a8bae791":137,"312009ee":137,"c98759fd":137,"e8b6d676":137,"45ee5840":137,"76f04033":137,"43480b19":137,"fd955858":137,"69798d15":137,"efea71fa":137,"fb3aa867":137,"c9cf710b":137,"fcacdeb3":137,"0ea055ed":137,"e3b1bdf8":137,"644b45fb":137
1601327185351,"18c73816":137,"e491161e":137,"b5087677":137,"16f60bed":137,"cb0c3481":137,"7664512c":137,"df9a53b8":137,"f6c27b2b":137,"945f6c24":137,"f1daea7e":137,"b8fb90e3":137,"56227e35":137,"0d6bf22a":137,"b87321d0":137,"43205b5d":137,"8982905a":137,"f6fe1ad7":137,"230064fa":137,"764e0abb":137,"bba6d88e":137,"ea3479ec":137,"32266fa3":137,"50b090c3":137,"8be24763":137,"eb4800b2":137,"6e0ce9dc":137,"87d9bec4":137,"e30dfa0c":137,"6da34174":137,"bfb849fa":137,"0a10b423":137,"9ef7cee7":137,"49f1a0d1":137,"5f04aa76":137,"ba297382":137,"0287db2a":137,"96abe4a9":137,"753b10b1":137,"cf14bd99":137,"782022f4":137,"322e833f":137,"ab3619e4":137,"106006ad":137,"c8237be9":137,"1416e8f5":137,"dde2eed5":137,"a208caa8":137,"16605353":137,"77b39e15":137,"f1726edb":137,"92b72493":137,"d3e58903":137,"4481c4be":137,"7954891b":137,"4afd60a9":137,"d44c0ea3":137,"68f87858":137,"533bac6b":137,"41634dba":137,"43fd1327":137,"113e7f4b":137,"8cce569a":137,"ce6401b6":137,"6f57824c":137,"28bd7aa1":137,"1d52fb0d":137,"cde0d748":137,"535ed444":137,"710f0d0e":137,"0905f1fb":137,"a20e529c":137,"1ae76fcc":137,"35b161d3":137,"344cd1a3":137,"77ea1236":137,"96d2a118":137,"23a0e41f":137,"b32a1080":137,"a2c4b591":137,"6dfa57be":137,"1854ce44":137,"f92b22f1":137,"ece12664":137,"36f4ecde":137,"568a0d58":137,"5fd569d2":137,"10c8fd03":137,"bd4ccb49":137,"e773d697":137,"7e8c11e7":137,"077eb15a":137,"3b3569f6":137,"b01ab62a":137,"76da16fa":137,"bffee581":137,"07150038":137,"080fa362":137,"5337c279":137,"8d256cb6":137,"7021c619":137,"32ae00db":137,"bf2defb2":137,"bc733a28":137,"30d32d34":137,"886c16d3":137,"e8d09b62":137,"7b6945ad":137,"a40d08e1":137,"cec79bc2":137,"d2eff358":137,"e70aebb5":137,"a488b2f1":137,"4caa87d6":137,"f7076e21":137,"5b09e53e":137,"da5bb0f7":137,"6d925c84":137,"50b23ab2":137,"edfa56d4":137,"899c16eb":137,"41c76041":137,"6bb1fa99":137,"d73ff72e":137,"61c0ca91":137,"d2fda7be":137,"ce20ca3c":137,"1d2d958b":137,"81fb6a01":137,"7f5b27c8":137,"fb3444d9":137,"f05de640":137,"86a68967":137,"56cd4dca":137,"7f469f4c":137,"f92dedfc":137,"355d1489":137,"f96fc1af":137,"06713bac":137,"61aca924":137,"d97fb857":137,"59ff5ec6":137,"ef04e64e":137,"6e2d04de":137,"2fca1798":137,"05028839":137,"5488826c":137,"84fff5c1":137,"c649992d":137,"d5ad3ed6":137,"8e5f7187":137,"55ba7579":137,"69e653b6":137,"98d2991b":137,"3b411d6a":137,"83826ef3":137,"595609d5":137,"b47f1b89":137,"8e6caf71":137,"9a3433b8":137,"b89112cb":137,"66736d5e":137,"f1e86522":137,"fa03f48f":137,"30de89a7":137,"06aaa33f":137,"5298dafa":137,"25f7f918":137,"320c65bf":137,"c5311ebb":137,"1fa1e7c2":137,"646af2b9":137,"105bb3f6":137,"58de5462":137,"659389ad":137,"f01c896d":137,"240c8679":137,"1ad7c45b":137,"5566c17c":137,"86a22252":137,"0000dece":137,"ce5efdbe":137,"58ace2b5":137,"d379fd96":137,"7b819458":137,"7f8024cd":137,"ae562513":137,"7b66dacd":137,"9ab137d7":137,"7191d1cd":137,"005354dd":137,"0718c3be":137,"1f2670d0":137,"962c9c8f":137,"8b503f7b":137,"aec0bf28":137,"87a8523c":137,"c416baa6":137,"a017a323":137,"590ce3d3":137,"1802d7ce":137,"0a49914b":137,"5d3f5cad":137,"cf347cba":137,"fc0c23f7":137,"641f9b9e":137,"c92edec5":137,"9f03c1e7":137,"06c24a8d":137,"2f35e75f":137,"3eddf7c8":137,"77970f8b":137,"efd594d5":137,"4718294d":137,"5352cf45":137,"e0ffe8ff":137,"ae14d6b5":137,"721f5f42":137,"0b50bca6":137,"bf2ca266":137,"5d8d9641":137,"0de67c6c":137,"2311399f":137,"5e3ebf5e":137,"9f6ca218":137,"6213799d":137,"44cb1fd2":137,"baf19c25":137,"24a79a6e":137,"edde30af":137,"4d949e11":137,"df12f689":137,"1da10cbf":137,"832c48e4":137,"dc90a44c":137,"ae350a07":137,"8801c469":137,"680a32a6":137,"b6281f1a":137,"83ba647d":137,"48c6df81":137,"5e165f43":137,"cb0bd6b7":137,"8e426e39":137,"f8785b71":137,"ab4a411a":137,"51909df8":137,"d7a4b24c":137,"e22b0973":137,"686d5c0b":137,"23646ff9":137,"3abb827b":137,"b7769ca6":137,"9c27de51":137,"38a75b48":137,"1792bfa3":137,"426f1904":137,"7c0f1ca9":137,"b2f820ac":137,"25d4f65d":137,"eddb6a2a":137,"ff8a00aa":137,"c146560b":137,"985068e7":137,"d543ba6f":137,"0c73c293":137,"88929b06":137,"08c4692e":137,"5b2479ef":137,"1d882c36":137,"f15eb1c5":137,"eb62e8f2":137,"71789493":137,"5ac72353":137,"d1b14d06":137,"f6c074a7":137,"ffd6849d":137,"962fca02":137,"75968179":137,"bc8bdc23":137,"a71f3f70":137,"1f7aa83c":137,"732d62ee":137,"d4b0751c":137,"5b01444b":137,"79995b62":137,"97160db8":137,"589f0d6e":137,"51b4016a":137,"46bf9112":137,"092ad3d6":137,"bf940089":137,"01f34f98":137,"1670b0d3":137,"ec97d63e":137,"94208a41":137,"808bc372":137,"2cbcad17":137,"c792a7c1":137,"5a7da061":137,"4dccb5ca":137,"06a94514":137,"83268abf":137,"578c4c95":137,"73c420df":137,"c606b472":137,"0700da70":137,"ff591765":137,"93f12198":137,"62e270e5":137,"66b1b6d7":137,"b062adc4":137,"4aae5133":137,"63a3af32":137,"3fec4b0b":137,"faa3de3e":137,"44983d13":137,"80999122":137,"72af9198":137,"e39e9552":137,"81c1b70d":137,"e72f0f82":137,"88374b72":137,"fdfaf1ed":137,"ea981bed":137,"5e197575":137,"e587c4d0":137,"525b2635":137,"caa38a45":137,"a9987a58":137,"b6b8e5c7":137,"e82177d3":137,"89914b94":137,"04bdf5e1":137,"da8b42be":137,"3b0576bf":137,"9458934f":137,"1dcc489c":137,"945badf3":137,"1327775b":137,"bdd40125":137,"75fd47f7":137,"1c52a07e":137,"e70ccc25":137,"afd1494f":137,"ca6bffd3":137,"829c44a4":137,"e76e2617":137,"2b4fd52e":137,"57162572":137,"d1d50cfe":137,"9666b973":137,"653b27c7":137,"83b37fd6":137,"4d852788":137,"e43a9448":137,"3542b748":137,"379c53ab":137,"e396d80d":137,"7da61f27":137,"dc874a97":137,"85a220de":137,"40a7cdd2":137,"ac033c7b":137,"87759976":137,"4df3f62e":137,"c881a53e":137,"80c1c8b1":137,"cf52acd8":137,"a63cb4ce":137,"d3b3492b":137,"7580cfa4":137,"22a96386":137,"5c672b50":137,"5df16440":137,"b666e56d":137,"8db378ff":137,"272e7d0d":137,"f92596ee":137,"68831ea9":137,"9713d076":137,"fd098272":137,"6ee788a7":137,"8249641d":137,"45b0968f":137,"6a9bb182":137,"1f1afd4f":137,"25fb8826":137,"0dc5da58":137,"2874a625":137,"e61ae828":137,"f7ac3883":137,"ccd01528":137,"dab8cf68":137,"00f2a9cb":137,"916fe082":137,"b64dba8e":137,"c3bb30ce":137,"86219c70":137,"601990d8":137,"784d6375":137,"4541bf85":137,"a6b13f20":137,"2459c882":137,"3df97186":137,"ef0490de":137,"e0f47ced":137,"309bbf54":137,"cc537772":137,"6618390c":137,"99cc0813":137,"dc32c4e1":137,"239c636e":137,"6ee160ff":137,"c55d40ca":137,"22c177a8":137,"00ae883f":137,"f416ee62":137,"0d2b182d":137,"320754c3":137,"232b2f64":137,"3171b6e7":137,"3b25460f":137,"d2064756":137,"5c662c19":137,"d2a5d2fd":137,"89d220c2":137,"3e10c9cb":137,"5500a3e8":137,"3c0e87ac":137,"a891461f":137,"a246cdab":137,"117c7f0b":137,"0d21cf99":137,"14e6fe14":137,"37ec5e73":137,"bfff7913":137,"f8636899":137,"37724339":137,"d45d9727":137,"ee5ff2a3":137,"44322dfd":137,"295e4d1d":137,"8cf6570a":137,"403064a0":137,"312af46e":137,"b5a9f8c3":137,"fcbc0ae8":137,"2ff6b6a8":137,"66a71cc1":137,"bf4b58e4":137,"f7ffcbb8":137,"5728f934":137,"00b26865":137,"c333337d":137,"815c56bc":137,"5bd61a68":137,"8582c5cf":137,"0c353665":137,"231e8700":137,"1f9fbd85":137,"43f24679":137,"a1c0dfc4":137,"78f71162":137,"4b27a9a4":137,"163f4d19":137,"1d043d5a":137,"b2f82e06":137,"5b0b43e6":137,"b5474d69":137,"5a938eeb":137,"4fe0dedf":137,"951fc6d0":137,"61892a4c":137,"f096219e":137,"a3f0a6ec":137,"01051f84":137,"aa7e370d":137,"f995eeab":137,"4006e709":137,"0dedf63e":137,"a9d5374b":137,"4321f02d":137,"089b3f8f":137,"7698d0dc":137,"784414ce":137,"2df3efdb":137,"d0f1b7bd":137,"e7799883":137,"4f9456cf":137,"6e260ee8":137,"f4f84279":137
1601327185877,"b0950de5":137,"6f873999":137,"1f4e0e22":137,"60d69311":137,"3b09f1de":137,"b371f44a":137,"8b6180ff":137,"8819ac24":137,"dbbf7f69":137,"dfe4a061":137,"c2bf7d51":137,"781afef6":137,"de9229a0":137,"99a5feef":137,"f6266388":137,"e64fd39c":137,"e1b3ce36":137,"625fa164":137,"0c6ae551":137,"e8f4c1dd":137,"cede8b8c":137,"ad95ff4a":137,"893a99c5":137,"d8bf32b5":137,"0eb42efe":137,"03c4ab87":137,"4e3d3af7":137,"3a4803a8":137,"f7a7de5d":137,"d4e56c3e":137,"0c045c2d":137,"8efd4801":137,"7eb8f268":137,"20236d3e":137,"36ae8cd8":137,"3ddd5391":137,"07f69c6d":137,"2254f0f5":137,"ea282e84":137,"6653c83b":137,"c896052c":137,"287ecd1c":137,"f9376d3e":137,"07a94e8c":137,"bb017b49":137,"37b52fe4":137,"61ad1519":137,"819c4185":137,"ba69b06b":137,"a8edfe84":137,"2ed19b1e":137,"959e16ea":137,"02f76c64":137,"5c6d1f33":137,"b4801cae":137,"c3c2fd05":137,"f8c97147":137,"c2526ff3":137,"cc386067":137,"a22ffd8f":137,"3cd28a4d":137,"44a12c31":137,"45a961ca":137,"5ca978fd":137,"668e601b":137,"7552d86c":137,"02ebf3b6":137,"bb17a968":137,"4abcb85d":137,"cba26072":137,"2a718dcc":137,"c6a9a8e1":137,"88854fd0":137,"8dc27d2a":137,"41d7f05d":137,"2b851827":137,"9f428a03":137,"4d504d96":137,"0533ece1":137,"bcee2ef3":137,"7d2a2cb4":137,"4f62491c":137,"70b4c438":137,"71ed93db":137,"c92efaa8":137,"c241ac7e":137,"62a45672":137,"210e507a":137,"ac6e268b":137,"742238e8":137,"0afba00c":137,"04ff8100":137,"6c00d8d6":137,"ac9a02bc":137,"acfe69ed":137,"426603ff":137,"2db2f252":137,"2e84193b":137,"c55683c9":137,"51233daf":137,"02791635":137,"be081247":137,"5cc47d1b":137,"678b846f":137,"b4bd39d8":137,"b4cdbe5d":137,"fa0386f3":137,"b95d0f17":137,"cee9c347":137
1601327186753,"7800e7ce":138,"77869ff0":138,"4b8f7b16":138,"89f75690":138,"cb363e2f":138,"cd802f02":138,"d3cca7eb":138,"e866a899":138,"5690e712":138,"0b92d2a9":138,"070bed95":138,"67e5d108":138,"3d37b94b":138,"842c97c2":138,"c4cef92b":138,"d5d94481":138,"ffe48500":138,"c7a45a33":138,"faffe099":138,"e99490cd":138,"3b830769":138,"583f0305":138,"1557c50a":138,"249e80ab":138,"f52a3d94":138,"eb74d3dd":138,"3bcbc28d":138,"3c0455e7":138,"df203c79":138,"df1e1ac0":138,"491708eb":138,"e421caaa":138,"2d2ecf27":138,"d38a4953":138,"eba5efdd":138,"a5463f93":138,"c85ac4f8":138,"bc253f4f":138,"0d9d2bf8":138,"846b7f11":138,"d3411467":138,"1df0ce7f":138,"a08171d0":138,"c8bc5677":138,"dfca0518":138,"b9a21017":138,"e47705d3":138,"3cae4115":138,"0ccf4731":138,"c7c6782d":138,"54346574":138,"b12cbf87":138,"81942d9b":138,"699b90c1":138,"d9b5a7a8":138,"1e7914d2":138,"e5d8fdb2":138,"3412ab75":138,"bcac5daf":138,"62d028cc":138,"0af2cf39":138,"27491297":138,"d041ea86":138,"1eda11b2":138,"fc442678":138,"0eecdc5b":138,"b7e495ea":138,"45ec63c0":138,"0ddfde2c":138,"a8b41774":138,"81f0da2d":138,"1fcc8ba4":138,"75a9c117":138,"12ba54ec":138,"be391c1a":138,"37d8a5b7":138,"d5ab81c4":138,"2ecde685":138,"f0bd52d3":138,"dcc20f76":138,"666a8ef0":138,"c5b609f1":138,"4dc5849a":138,"d605c755":138,"8a8c1d67":138,"cc6b3306":138,"8c2dfd9a":138,"f11267b9":138,"a483b15e":138,"f80ab49d":138,"95eaed39":138,"a5ba0ebb":138,"f53362a9":138,"1901ef7e":138,"960c2e6b":138,"3515e999":138,"d11f8f1b":138,"9d9eb027":138,"325f9a29":138,"503aafe5":138,"080d5d42":138,"5d03f5dc":138,"f0a01341":138,"1ee4d9f9":138,"0d6e45e7":138,"0da97151":138,"e829038c":138,"4987cfb5":138,"ba90687c":138,"77f2cf92":138,"037e2be4":138,"9e7dbd20":138,"0c086273":138,"ac13c3b0":138,"b4d9c57f":138,"5d53c964":138,"8ee9cc91":138,"4cc0af91":138,"55f6a2ba":138,"9559ea96":138,"9cb044bf":138,"16b25add":138,"80ee333e":138,"3b329af2":138,"1cd662bf":138,"72992b35":138,"47589344":138,"593b1533":138,"e9f6e5ce":138,"ed6bead5":138,"96f594b9":138,"94dfcfc5":138,"8301986e":138,"830ecfec":138,"a8bae791":138,"312009ee":138,"c98759fd":138,"e8b6d676":138,"45ee5840":138,"76f04033":138,"43480b19":138,"fd955858":138,"69798d15":138,"efea71fa":138,"fb3aa867":138,"c9cf710b":138,"fcacdeb3":138,"0ea055ed":138,"e3b1bdf8":138,"644b45fb":138
1601327187256,"18c73816":138,"e491161e":138,"b5087677":138,"16f60bed":138,"cb0c3481":138,"7664512c":138,"df9a53b8":138,"f6c27b2b":138,"945f6c24":138,"f1daea7e":138,"b8fb90e3":138,"56227e35":138,"0d6bf22a":138,"b87321d0":138,"43205b5d":138,"8982905a":138,"f6fe1ad7":138,"230064fa":138,"764e0abb":138,"bba6d88e":138,"ea3479ec":138,"32266fa3":138,"50b090c3":138,"8be24763":138,"eb4800b2":138,"590ce3d3":138,"1802d7ce":138,"0a49914b":138,"5d3f5cad":138,"cf347cba":138,"fc0c23f7":138,"641f9b9e":138,"c92edec5":138,"9f03c1e7":138,"06c24a8d":138,"2f35e75f":138,"3eddf7c8":138,"77970f8b":138,"efd594d5":138,"4718294d":138,"5352cf45":138,"e0ffe8ff":138,"ae14d6b5":138,"721f5f42":138,"0b50bca6":138,"bf2ca266":138,"5d8d9641":138,"0de67c6c":138,"2311399f":138,"5e3ebf5e":138,"9f6ca218":138,"6213799d":138,"44cb1fd2":138,"baf19c25":138,"24a79a6e":138,"edde30af":138,"4d949e11":138,"df12f689":138,"1da10cbf":138,"832c48e4":138,"dc90a44c":138,"1ad7c45b":138,"5566c17c":138,"86a22252":138,"0000dece":138,"ce5efdbe":138,"58ace2b5":138,"d379fd96":138,"7b819458":138,"7f8024cd":138,"ae562513":138,"7b66dacd":138,"9ab137d7":138,"7191d1cd":138,"005354dd":138,"92b72493":138,"d3e58903":138,"4481c4be":138,"7954891b":138,"4afd60a9":138,"d44c0ea3":138,"68f87858":138,"533bac6b":138,"41634dba":138,"43fd1327":138,"113e7f4b":138,"8cce569a":138,"ce6401b6":138,"6f57824c":138,"28bd7aa1":138,"1d52fb0d":138,"cde0d748":138,"535ed444":138,"710f0d0e":138,"0905f1fb":138,"a20e529c":138,"1ae76fcc":138,"35b161d3":138,"344cd1a3":138,"77ea1236":138,"96d2a118":138,"23a0e41f":138,"b32a1080":138,"6e0ce9dc":138,"87d9bec4":138,"e30dfa0c":138,"6da34174":138,"bfb849fa":138,"0a10b423":138,"9ef7cee7":138,"49f1a0d1":138,"5f04aa76":138,"ba297382":138,"0287db2a":138,"96abe4a9":138,"753b10b1":138,"cf14bd99":138,"782022f4":138,"322e833f":138,"ab3619e4":138,"106006ad":138,"c8237be9":138,"1416e8f5":138,"dde2eed5":138,"a208caa8":138,"16605353":138,"77b39e15":138,"f1726edb":138,"a2c4b591":138,"6dfa57be":138,"1854ce44":138,"f92b22f1":138,"ece12664":138,"36f4ecde":138,"568a0d58":138,"5fd569d2":138,"10c8fd03":138,"bd4ccb49":138,"e773d697":138,"7e8c11e7":138,"077eb15a":138,"5337c279":138,"8d256cb6":138,"7021c619":138,"32ae00db":138,"bf2defb2":138,"bc733a28":138,"30d32d34":138,"886c16d3":138,"e8d09b62":138,"5b09e53e":138,"da5bb0f7":138,"6d925c84":138,"50b23ab2":138,"edfa56d4":138,"899c16eb":138,"41c76041":138,"6bb1fa99":138,"d73ff72e":138,"61c0ca91":138,"d2fda7be":138,"ce20ca3c":138,"1d2d958b":138,"81fb6a01":138,"7f5b27c8":138,"fb3444d9":138,"f05de640":138,"86a68967":138,"56cd4dca":138,"7f469f4c":138,"f92dedfc":138,"355d1489":138,"f96fc1af":138,"3b3569f6":138,"b01ab62a":138,"76da16fa":138,"bffee581":138,"07150038":138,"080fa362":138,"7b6945ad":138,"a40d08e1":138,"cec79bc2":138,"06713bac":138,"61aca924":138,"d97fb857":138,"59ff5ec6":138,"ef04e64e":138,"6e2d04de":138,"2fca1798":138,"05028839":138,"5488826c":138,"84fff5c1":138,"c649992d":138,"d5ad3ed6":138,"8e5f7187":138,"55ba7579":138,"b7769ca6":138,"9c27de51":138,"38a75b48":138,"1792bfa3":138,"426f1904":138,"7c0f1ca9":138,"b2f820ac":138,"25d4f65d":138,"eddb6a2a":138,"ff8a00aa":138,"c146560b":138,"985068e7":138,"d543ba6f":138,"d2eff358":138,"e70aebb5":138,"a488b2f1":138,"4caa87d6":138,"f7076e21":138,"69e653b6":138,"98d2991b":138,"3b411d6a":138,"83826ef3":138,"595609d5":138,"f1e86522":138,"b47f1b89":138,"fa03f48f":138,"8e6caf71":138,"5298dafa":138,"25f7f918":138,"9a3433b8":138,"c5311ebb":138,"b89112cb":138,"66736d5e":138,"105bb3f6":138,"30de89a7":138,"58de5462":138,"f01c896d":138,"06aaa33f":138,"1f2670d0":138,"320c65bf":138,"962c9c8f":138,"1fa1e7c2":138,"646af2b9":138,"aec0bf28":138,"659389ad":138,"a017a323":138,"240c8679":138,"8801c469":138,"b6281f1a":138,"0718c3be":138,"8b503f7b":138,"48c6df81":138,"87a8523c":138,"5e165f43":138,"c416baa6":138,"f8785b71":138,"ae350a07":138,"ab4a411a":138,"680a32a6":138,"d7a4b24c":138,"686d5c0b":138,"83ba647d":138,"f15eb1c5":138,"cb0bd6b7":138,"8e426e39":138,"71789493":138,"5ac72353":138,"51909df8":138,"e22b0973":138,"d1b14d06":138,"23646ff9":138,"f6c074a7":138,"ffd6849d":138,"3abb827b":138,"962fca02":138,"0c73c293":138,"75968179":138,"88929b06":138,"bc8bdc23":138,"08c4692e":138,"5b2479ef":138,"a71f3f70":138,"1d882c36":138,"1f7aa83c":138,"eb62e8f2":138,"732d62ee":138,"d4b0751c":138,"5b01444b":138,"79995b62":138,"97160db8":138,"589f0d6e":138,"51b4016a":138,"46bf9112":138,"092ad3d6":138,"bf940089":138,"01f34f98":138,"1670b0d3":138,"ec97d63e":138,"94208a41":138,"2cbcad17":138,"4dccb5ca":138,"83268abf":138,"578c4c95":138,"808bc372":138,"c606b472":138,"c792a7c1":138,"5a7da061":138,"06a94514":138,"73c420df":138,"0700da70":138,"ff591765":138,"93f12198":138,"62e270e5":138,"66b1b6d7":138,"b062adc4":138,"4aae5133":138,"63a3af32":138,"3fec4b0b":138,"faa3de3e":138,"44983d13":138,"80999122":138,"72af9198":138,"e39e9552":138,"81c1b70d":138,"e72f0f82":138,"88374b72":138,"fdfaf1ed":138,"ea981bed":138,"5e197575":138,"e587c4d0":138,"525b2635":138,"caa38a45":138,"a9987a58":138,"b6b8e5c7":138,"e82177d3":138,"89914b94":138,"04bdf5e1":138,"da8b42be":138,"3b0576bf":138,"9458934f":138,"1dcc489c":138,"945badf3":138,"1327775b":138,"bdd40125":138,"75fd47f7":138,"1c52a07e":138,"e70ccc25":138,"afd1494f":138,"ca6bffd3":138,"829c44a4":138,"e76e2617":138,"2b4fd52e":138,"57162572":138,"272e7d0d":138,"f92596ee":138,"9666b973":138,"653b27c7":138,"83b37fd6":138,"d1d50cfe":138,"f7ffcbb8":138,"5728f934":138,"00b26865":138,"c333337d":138,"815c56bc":138,"68831ea9":138,"9713d076":138,"fd098272":138,"6ee788a7":138,"8249641d":138,"45b0968f":138,"6a9bb182":138,"1f1afd4f":138,"25fb8826":138,"0dc5da58":138,"2874a625":138,"e61ae828":138,"f7ac3883":138,"ccd01528":138,"dab8cf68":138,"00f2a9cb":138,"916fe082":138,"b64dba8e":138,"c3bb30ce":138,"86219c70":138,"601990d8":138,"5c662c19":138,"d2a5d2fd":138,"89d220c2":138,"3e10c9cb":138,"5500a3e8":138,"3c0e87ac":138,"a891461f":138,"a246cdab":138,"117c7f0b":138,"0d21cf99":138,"14e6fe14":138,"37ec5e73":138,"bfff7913":138,"f8636899":138,"5bd61a68":138,"8582c5cf":138,"0c353665":138,"231e8700":138,"4d852788":138,"e43a9448":138,"3542b748":138,"379c53ab":138,"e396d80d":138,"7da61f27":138,"dc874a97":138,"85a220de":138,"40a7cdd2":138,"ac033c7b":138,"87759976":138,"4df3f62e":138,"c881a53e":138,"80c1c8b1":138,"cf52acd8":138,"a63cb4ce":138,"d3b3492b":138,"7580cfa4":138,"22a96386":138,"5c672b50":138,"5df16440":138,"b666e56d":138,"8db378ff":138,"784d6375":138,"4541bf85":138,"a6b13f20":138,"2459c882":138,"3df97186":138,"ef0490de":138,"e0f47ced":138,"309bbf54":138,"cc537772":138,"6618390c":138,"99cc0813":138,"dc32c4e1":138,"1f9fbd85":138,"43f24679":138,"a1c0dfc4":138,"78f71162":138,"4b27a9a4":138,"163f4d19":138,"1d043d5a":138,"b2f82e06":138,"5b0b43e6":138,"b5474d69":138,"5a938eeb":138,"4fe0dedf":138,"951fc6d0":138,"61892a4c":138,"f096219e":138,"a3f0a6ec":138,"01051f84":138,"aa7e370d":138,"f995eeab":138,"4006e709":138,"0dedf63e":138,"a9d5374b":138,"4321f02d":138,"089b3f8f":138,"7698d0dc":138,"784414ce":138,"2df3efdb":138,"d0f1b7bd":138,"e7799883":138,"4f9456cf":138,"37724339":138,"d45d9727":138,"ee5ff2a3":138,"44322dfd":138,"295e4d1d":138,"8cf6570a":138,"403064a0":138,"312af46e":138,"b5a9f8c3":138,"fcbc0ae8":138,"2ff6b6a8":138,"66a71cc1":138,"bf4b58e4":138,"239c636e":138,"6ee160ff":138,"c55d40ca":138,"22c177a8":138,"00ae883f":138,"f416ee62":138,"0d2b182d":138,"320754c3":138,"232b2f64":138,"3171b6e7":138,"3b25460f":138,"d2064756":138,"6e260ee8":138,"f4f84279":138
1601327187726,"b0950de5":138,"6f873999":138,"1f4e0e22":138,"60d69311":138,"3b09f1de":138,"b371f44a":138,"8b6180ff":138,"8819ac24":138,"dbbf7f69":138,"a8edfe84":138,"2ed19b1e":138,"959e16ea":138,"02f76c64":138,"5c6d1f33":138,"b4801cae":138,"c3c2fd05":138,"f8c97147":138,"c2526ff3":138,"cc386067":138,"a22ffd8f":138,"3cd28a4d":138,"44a12c31":138,"45a961ca":138,"5ca978fd":138,"668e601b":138,"7552d86c":138,"02ebf3b6":138,"bb17a968":138,"4abcb85d":138,"cba26072":138,"2a718dcc":138,"c6a9a8e1":138,"88854fd0":138,"8dc27d2a":138,"41d7f05d":138,"2b851827":138,"9f428a03":138,"4d504d96":138,"0533ece1":138,"bcee2ef3":138,"0afba00c":138,"04ff8100":138,"6c00d8d6":138,"ac9a02bc":138,"dfe4a061":138,"c2bf7d51":138,"781afef6":138,"de9229a0":138,"99a5feef":138,"f6266388":138,"e64fd39c":138,"e1b3ce36":138,"625fa164":138,"0c6ae551":138,"e8f4c1dd":138,"cede8b8c":138,"ad95ff4a":138,"893a99c5":138,"d8bf32b5":138,"0eb42efe":138,"03c4ab87":138,"4e3d3af7":138,"3a4803a8":138,"f7a7de5d":138,"d4e56c3e":138,"0c045c2d":138,"8efd4801":138,"7eb8f268":138,"20236d3e":138,"36ae8cd8":138,"3ddd5391":138,"07f69c6d":138,"2254f0f5":138,"ea282e84":138,"6653c83b":138,"acfe69ed":138,"426603ff":138,"2db2f252":138,"2e84193b":138,"c55683c9":138,"51233daf":138,"02791635":138,"be081247":138,"5cc47d1b":138,"678b846f":138,"b4bd39d8":138,"b4cdbe5d":138,"fa0386f3":138,"b95d0f17":138,"cee9c347":138,"c896052c":138,"287ecd1c":138,"f9376d3e":138,"07a94e8c":138,"bb017b49":138,"37b52fe4":138,"61ad1519":138,"819c4185":138,"ba69b06b":138,"7d2a2cb4":138,"4f62491c":138,"70b4c438":138,"71ed93db":138,"c92efaa8":138,"c241ac7e":138,"62a45672":138,"210e507a":138,"ac6e268b":138,"742238e8":138
1601327188589,"7800e7ce":139,"77869ff0":139,"4b8f7b16":139,"89f75690":139,"d5d94481":139,"ffe48500":139,"c7a45a33":139,"faffe099":139,"e99490cd":139,"3b830769":139,"583f0305":139,"1557c50a":139,"249e80ab":139,"f52a3d94":139,"cb363e2f":139,"cd802f02":139,"d3cca7eb":139,"e866a899":139,"5690e712":139,"0b92d2a9":139,"070bed95":139,"67e5d108":139,"3d37b94b":139,"842c97c2":139,"c4cef92b":139,"0eecdc5b":139,"b7e495ea":139,"45ec63c0":139,"0ddfde2c":139,"a8b41774":139,"81f0da2d":139,"1fcc8ba4":139,"75a9c117":139,"12ba54ec":139,"be391c1a":139,"37d8a5b7":139,"d5ab81c4":139,"2ecde685":139,"f0bd52d3":139,"dcc20f76":139,"666a8ef0":139,"c5b609f1":139,"4dc5849a":139,"d605c755":139,"8a8c1d67":139,"cc6b3306":139,"8c2dfd9a":139,"f11267b9":139,"a483b15e":139,"f80ab49d":139,"95eaed39":139,"a5ba0ebb":139,"eb74d3dd":139,"3bcbc28d":139,"3c0455e7":139,"df203c79":139,"df1e1ac0":139,"491708eb":139,"e421caaa":139,"2d2ecf27":139,"d38a4953":139,"eba5efdd":139,"a5463f93":139,"c85ac4f8":139,"bc253f4f":139,"0d9d2bf8":139,"846b7f11":139,"d3411467":139,"1df0ce7f":139,"a08171d0":139,"c8bc5677":139,"dfca0518":139,"b9a21017":139,"e47705d3":139,"3cae4115":139,"0ccf4731":139,"c7c6782d":139,"54346574":139,"b12cbf87":139,"81942d9b":139,"699b90c1":139,"d9b5a7a8":139,"1e7914d2":139,"e5d8fdb2":139,"f53362a9":139,"1901ef7e":139,"960c2e6b":139,"3515e999":139,"d11f8f1b":139,"9d9eb027":139,"325f9a29":139,"503aafe5":139,"3412ab75":139,"bcac5daf":139,"62d028cc":139,"0af2cf39":139,"27491297":139,"d041ea86":139,"1eda11b2":139,"fc442678":139
1601327189043,"080d5d42":139,"5d03f5dc":139,"f0a01341":139,"1ee4d9f9":139,"0d6e45e7":139,"0da97151":139,"e829038c":139,"4987cfb5":139,"ba90687c":139,"77f2cf92":139,"037e2be4":139,"9e7dbd20":139,"0c086273":139,"ac13c3b0":139,"b4d9c57f":139,"5d53c964":139,"8ee9cc91":139,"4cc0af91":139,"55f6a2ba":139,"9559ea96":139,"9cb044bf":139,"16b25add":139,"80ee333e":139,"3b329af2":139,"1cd662bf":139,"72992b35":139,"47589344":139,"593b1533":139,"e9f6e5ce":139,"ed6bead5":139,"96f594b9":139,"94dfcfc5":139,"8301986e":139,"830ecfec":139,"a8bae791":139,"312009ee":139,"c98759fd":139,"e8b6d676":139,"45ee5840":139,"76f04033":139,"43480b19":139,"fd955858":139,"69798d15":139,"efea71fa":139,"fb3aa867":139,"c9cf710b":139,"fcacdeb3":139,"0ea055ed":139,"e3b1bdf8":139,"644b45fb":139,"18c73816":139,"e491161e":139,"b5087677":139,"16f60bed":139,"cb0c3481":139,"7664512c":139,"df9a53b8":139,"f6c27b2b":139,"945f6c24":139,"f1daea7e":139,"b8fb90e3":139,"56227e35":139,"590ce3d3":139,"1802d7ce":139,"0a49914b":139,"5d3f5cad":139,"cf347cba":139,"fc0c23f7":139,"641f9b9e":139,"c92edec5":139,"9f03c1e7":139,"06c24a8d":139,"2f35e75f":139,"3eddf7c8":139,"77970f8b":139,"efd594d5":139,"4718294d":139,"5352cf45":139,"e0ffe8ff":139,"92b72493":139,"d3e58903":139,"4481c4be":139,"7954891b":139,"4afd60a9":139,"d44c0ea3":139,"68f87858":139,"533bac6b":139,"41634dba":139,"43fd1327":139,"113e7f4b":139,"0d6bf22a":139,"b87321d0":139,"43205b5d":139,"8982905a":139,"f6fe1ad7":139,"230064fa":139,"764e0abb":139,"bba6d88e":139,"ea3479ec":139,"32266fa3":139,"50b090c3":139,"8be24763":139,"eb4800b2":139,"6e0ce9dc":139,"87d9bec4":139,"e30dfa0c":139,"6da34174":139,"bfb849fa":139,"0a10b423":139,"9ef7cee7":139,"49f1a0d1":139,"5f04aa76":139,"ba297382":139,"0287db2a":139,"96abe4a9":139,"753b10b1":139,"cf14bd99":139,"782022f4":139,"322e833f":139,"ab3619e4":139,"106006ad":139,"c8237be9":139,"1416e8f5":139,"dde2eed5":139,"a208caa8":139,"16605353":139,"77b39e15":139,"f1726edb":139,"5b09e53e":139,"da5bb0f7":139,"6d925c84":139,"50b23ab2":139,"edfa56d4":139,"899c16eb":139,"41c76041":139,"6bb1fa99":139,"ae14d6b5":139,"721f5f42":139,"0b50bca6":139,"bf2ca266":139,"5d8d9641":139,"0de67c6c":139,"2311399f":139,"5e3ebf5e":139,"9f6ca218":139,"6213799d":139,"44cb1fd2":139,"baf19c25":139,"24a79a6e":139,"edde30af":139,"4d949e11":139,"df12f689":139,"1da10cbf":139,"832c48e4":139,"dc90a44c":139,"1ad7c45b":139,"5566c17c":139,"86a22252":139,"0000dece":139,"ce5efdbe":139,"58ace2b5":139,"d379fd96":139,"7b819458":139,"7f8024cd":139,"ae562513":139,"7b66dacd":139,"9ab137d7":139,"7191d1cd":139,"005354dd":139,"d73ff72e":139,"61c0ca91":139,"d2fda7be":139,"ce20ca3c":139,"1d2d958b":139,"81fb6a01":139,"7f5b27c8":139,"fb3444d9":139,"f05de640":139,"86a68967":139,"56cd4dca":139,"7f469f4c":139,"f92dedfc":139,"355d1489":139,"f96fc1af":139,"06713bac":139,"61aca924":139,"d97fb857":139,"59ff5ec6":139,"ef04e64e":139,"6e2d04de":139,"2fca1798":139,"05028839":139,"5488826c":139,"84fff5c1":139,"c649992d":139,"d5ad3ed6":139,"8e5f7187":139,"55ba7579":139,"b7769ca6":139,"9c27de51":139,"38a75b48":139,"1792bfa3":139,"426f1904":139,"30d32d34":139,"886c16d3":139,"e8d09b62":139,"7c0f1ca9":139,"b2f820ac":139,"25d4f65d":139,"8cce569a":139,"ce6401b6":139,"6f57824c":139,"28bd7aa1":139,"1d52fb0d":139,"cde0d748":139,"535ed444":139,"710f0d0e":139,"0905f1fb":139,"a20e529c":139,"1ae76fcc":139,"35b161d3":139,"344cd1a3":139,"77ea1236":139,"96d2a118":139,"23a0e41f":139,"b32a1080":139,"a2c4b591":139,"6dfa57be":139,"1854ce44":139,"f92b22f1":139,"ece12664":139,"36f4ecde":139,"568a0d58":139,"5fd569d2":139,"10c8fd03":139,"bd4ccb49":139,"e773d697":139,"7e8c11e7":139,"077eb15a":139,"5337c279":139,"8d256cb6":139,"7021c619":139,"32ae00db":139,"bf2defb2":139,"bc733a28":139,"3b3569f6":139,"b01ab62a":139,"76da16fa":139,"bffee581":139,"07150038":139,"080fa362":139,"7b6945ad":139,"eddb6a2a":139,"ff8a00aa":139,"c146560b":139,"985068e7":139,"d543ba6f":139,"a40d08e1":139,"cec79bc2":139,"d2eff358":139,"e70aebb5":139,"a488b2f1":139,"4caa87d6":139,"f7076e21":139,"69e653b6":139,"98d2991b":139,"3b411d6a":139,"83826ef3":139,"595609d5":139,"f1e86522":139,"fa03f48f":139,"b47f1b89":139,"5298dafa":139,"8e6caf71":139,"9a3433b8":139,"25f7f918":139,"c5311ebb":139,"b89112cb":139,"105bb3f6":139,"66736d5e":139,"30de89a7":139,"58de5462":139,"f01c896d":139,"06aaa33f":139,"1f2670d0":139,"320c65bf":139,"1fa1e7c2":139,"962c9c8f":139,"aec0bf28":139,"646af2b9":139,"659389ad":139,"a017a323":139,"240c8679":139,"8801c469":139,"b6281f1a":139,"0718c3be":139,"8b503f7b":139,"48c6df81":139,"87a8523c":139,"5e165f43":139,"f8785b71":139,"c416baa6":139,"ab4a411a":139,"ae350a07":139,"680a32a6":139,"d7a4b24c":139,"83ba647d":139,"686d5c0b":139,"cb0bd6b7":139,"f15eb1c5":139,"8e426e39":139,"71789493":139,"51909df8":139,"5ac72353":139,"d1b14d06":139,"e22b0973":139,"23646ff9":139,"f6c074a7":139,"ffd6849d":139,"3abb827b":139,"962fca02":139,"0c73c293":139,"88929b06":139,"75968179":139,"bc8bdc23":139,"08c4692e":139,"a71f3f70":139,"5b2479ef":139,"1f7aa83c":139,"1d882c36":139,"eb62e8f2":139,"732d62ee":139,"d4b0751c":139,"5b01444b":139,"79995b62":139,"97160db8":139,"589f0d6e":139,"51b4016a":139,"46bf9112":139,"092ad3d6":139,"bf940089":139,"01f34f98":139,"1670b0d3":139,"ec97d63e":139,"94208a41":139,"2cbcad17":139,"4dccb5ca":139,"83268abf":139,"808bc372":139,"578c4c95":139,"c792a7c1":139,"c606b472":139,"5a7da061":139,"06a94514":139,"73c420df":139,"0700da70":139,"ff591765":139,"93f12198":139,"62e270e5":139,"66b1b6d7":139,"b062adc4":139,"4aae5133":139,"63a3af32":139,"3fec4b0b":139,"faa3de3e":139,"44983d13":139,"80999122":139,"72af9198":139,"e39e9552":139,"81c1b70d":139,"e72f0f82":139,"88374b72":139,"fdfaf1ed":139,"ea981bed":139,"5e197575":139,"e587c4d0":139,"525b2635":139,"caa38a45":139,"a9987a58":139,"b6b8e5c7":139,"e82177d3":139,"89914b94":139,"04bdf5e1":139,"da8b42be":139,"3b0576bf":139,"9458934f":139,"1dcc489c":139,"945badf3":139,"1327775b":139,"bdd40125":139,"75fd47f7":139,"1c52a07e":139,"e70ccc25":139,"afd1494f":139,"ca6bffd3":139,"829c44a4":139,"e76e2617":139,"2b4fd52e":139,"57162572":139,"d1d50cfe":139,"9666b973":139,"653b27c7":139,"83b37fd6":139,"4d852788":139,"e43a9448":139,"3542b748":139,"379c53ab":139,"e396d80d":139,"7da61f27":139,"dc874a97":139,"85a220de":139,"40a7cdd2":139,"ac033c7b":139,"87759976":139,"4df3f62e":139,"c881a53e":139,"80c1c8b1":139,"cf52acd8":139,"a63cb4ce":139,"d3b3492b":139,"7580cfa4":139,"22a96386":139,"5c672b50":139,"5df16440":139,"b666e56d":139,"8db378ff":139,"784d6375":139,"4541bf85":139,"a6b13f20":139,"2459c882":139,"3df97186":139,"ef0490de":139,"e0f47ced":139
1601327189566,"272e7d0d":139,"f92596ee":139,"68831ea9":139,"9713d076":139,"fd098272":139,"6ee788a7":139,"8249641d":139,"45b0968f":139,"6a9bb182":139,"1f1afd4f":139,"25fb8826":139,"0dc5da58":139,"2874a625":139,"e61ae828":139,"f7ac3883":139,"ccd01528":139,"dab8cf68":139,"00f2a9cb":139,"916fe082":139,"b64dba8e":139,"c3bb30ce":139,"86219c70":139,"601990d8":139,"5c662c19":139,"d2a5d2fd":139,"89d220c2":139,"3e10c9cb":139,"5500a3e8":139,"3c0e87ac":139,"a891461f":139,"a246cdab":139,"117c7f0b":139,"0d21cf99":139,"14e6fe14":139,"37ec5e73":139,"bfff7913":139,"f8636899":139,"37724339":139,"d45d9727":139,"ee5ff2a3":139,"44322dfd":139,"295e4d1d":139,"8cf6570a":139,"403064a0":139,"312af46e":139,"b5a9f8c3":139,"fcbc0ae8":139,"2ff6b6a8":139,"66a71cc1":139,"bf4b58e4":139,"f7ffcbb8":139,"5728f934":139,"00b26865":139,"c333337d":139,"815c56bc":139,"5bd61a68":139,"8582c5cf":139,"0c353665":139,"231e8700":139,"1f9fbd85":139,"43f24679":139,"a1c0dfc4":139,"78f71162":139,"4b27a9a4":139,"163f4d19":139,"1d043d5a":139,"b2f82e06":139,"5b0b43e6":139,"b5474d69":139,"5a938eeb":139,"309bbf54":139,"cc537772":139,"6618390c":139,"99cc0813":139,"dc32c4e1":139,"239c636e":139,"6ee160ff":139,"c55d40ca":139,"22c177a8":139,"00ae883f":139,"f416ee62":139,"0d2b182d":139,"320754c3":139,"232b2f64":139,"3171b6e7":139,"3b25460f":139,"d2064756":139,"4fe0dedf":139,"951fc6d0":139,"61892a4c":139,"f096219e":139,"a3f0a6ec":139,"01051f84":139,"aa7e370d":139,"f995eeab":139,"4006e709":139,"0dedf63e":139,"a9d5374b":139,"4321f02d":139,"089b3f8f":139,"7698d0dc":139,"784414ce":139,"2df3efdb":139,"d0f1b7bd":139,"e7799883":139,"4f9456cf":139,"6e260ee8":139,"f4f84279":139,"b0950de5":139,"6f873999":139,"1f4e0e22":139,"60d69311":139,"3b09f1de":139,"b371f44a":139,"8b6180ff":139,"8819ac24":139,"dbbf7f69":139,"dfe4a061":139,"c2bf7d51":139,"781afef6":139,"de9229a0":139,"99a5feef":139,"f6266388":139,"e64fd39c":139,"e1b3ce36":139,"625fa164":139,"0c6ae551":139,"e8f4c1dd":139,"cede8b8c":139,"ad95ff4a":139,"893a99c5":139,"d8bf32b5":139,"0eb42efe":139,"03c4ab87":139,"4e3d3af7":139,"3a4803a8":139,"f7a7de5d":139,"a8edfe84":139,"2ed19b1e":139,"959e16ea":139,"02f76c64":139,"5c6d1f33":139,"b4801cae":139,"c3c2fd05":139,"f8c97147":139,"c2526ff3":139,"cc386067":139,"a22ffd8f":139,"3cd28a4d":139,"44a12c31":139,"45a961ca":139,"5ca978fd":139,"668e601b":139,"7552d86c":139,"02ebf3b6":139,"bb17a968":139,"4abcb85d":139,"cba26072":139,"2a718dcc":139,"c6a9a8e1":139,"88854fd0":139,"8dc27d2a":139,"41d7f05d":139,"2b851827":139,"9f428a03":139,"d4e56c3e":139,"0c045c2d":139,"8efd4801":139,"7eb8f268":139,"20236d3e":139,"36ae8cd8":139,"3ddd5391":139,"07f69c6d":139,"2254f0f5":139,"ea282e84":139,"6653c83b":139,"c896052c":139,"287ecd1c":139,"f9376d3e":139,"07a94e8c":139,"bb017b49":139,"37b52fe4":139,"61ad1519":139,"819c4185":139,"ba69b06b":139,"7d2a2cb4":139,"4f62491c":139,"70b4c438":139,"71ed93db":139,"c92efaa8":139,"c241ac7e":139,"62a45672":139,"210e507a":139,"ac6e268b":139,"742238e8":139,"4d504d96":139,"0533ece1":139,"bcee2ef3":139,"0afba00c":139,"04ff8100":139,"6c00d8d6":139,"ac9a02bc":139,"acfe69ed":139,"426603ff":139,"2db2f252":139,"2e84193b":139,"c55683c9":139,"51233daf":139,"02791635":139,"be081247":139,"5cc47d1b":139,"678b846f":139,"b4bd39d8":139,"b4cdbe5d":139,"fa0386f3":139,"b95d0f17":139,"cee9c347":139
1601327190346,"7800e7ce":140,"77869ff0":140,"4b8f7b16":140,"89f75690":140,"cb363e2f":140,"cd802f02":140,"d3cca7eb":140,"e866a899":140,"5690e712":140,"0b92d2a9":140,"070bed95":140,"67e5d108":140,"3d37b94b":140,"842c97c2":140,"c4cef92b":140,"0eecdc5b":140,"b7e495ea":140,"45ec63c0":140,"0ddfde2c":140,"a8b41774":140,"81f0da2d":140,"1fcc8ba4":140,"75a9c117":140,"12ba54ec":140,"be391c1a":140,"37d8a5b7":140,"d5ab81c4":140,"2ecde685":140,"f0bd52d3":140,"dcc20f76":140,"666a8ef0":140,"c5b609f1":140,"4dc5849a":140,"d605c755":140,"8a8c1d67":140,"cc6b3306":140,"8c2dfd9a":140,"f11267b9":140,"a483b15e":140,"f80ab49d":140,"95eaed39":140,"a5ba0ebb":140,"f53362a9":140,"1901ef7e":140,"960c2e6b":140,"3515e999":140,"d11f8f1b":140,"9d9eb027":140,"325f9a29":140,"503aafe5":140
1601327190564,"d5d94481":140,"ffe48500":140,"c7a45a33":140,"faffe099":140,"e99490cd":140,"3b830769":140,"583f0305":140,"1557c50a":140,"249e80ab":140,"f52a3d94":140,"eb74d3dd":140,"3bcbc28d":140,"3c0455e7":140,"df203c79":140,"df1e1ac0":140,"491708eb":140,"e421caaa":140,"2d2ecf27":140,"d38a4953":140,"eba5efdd":140,"a5463f93":140,"c85ac4f8":140,"bc253f4f":140,"0d9d2bf8":140,"846b7f11":140,"080d5d42":140,"5d03f5dc":140,"f0a01341":140,"1ee4d9f9":140,"0d6e45e7":140,"0da97151":140,"e829038c":140,"4987cfb5":140,"ba90687c":140,"77f2cf92":140,"037e2be4":140,"9e7dbd20":140,"0c086273":140,"ac13c3b0":140,"b4d9c57f":140,"5d53c964":140,"8ee9cc91":140,"4cc0af91":140,"55f6a2ba":140,"9559ea96":140,"9cb044bf":140,"16b25add":140,"80ee333e":140,"3b329af2":140,"d3411467":140,"1df0ce7f":140,"a08171d0":140,"c8bc5677":140,"dfca0518":140,"b9a21017":140,"e47705d3":140,"3cae4115":140,"0ccf4731":140,"c7c6782d":140,"54346574":140,"b12cbf87":140,"81942d9b":140,"699b90c1":140,"d9b5a7a8":140,"1e7914d2":140,"e5d8fdb2":140,"3412ab75":140,"bcac5daf":140,"62d028cc":140,"0af2cf39":140,"27491297":140,"d041ea86":140,"1eda11b2":140,"fc442678":140,"1cd662bf":140,"72992b35":140,"47589344":140,"593b1533":140,"e9f6e5ce":140,"ed6bead5":140,"96f594b9":140,"94dfcfc5":140,"8301986e":140,"830ecfec":140,"a8bae791":140,"312009ee":140,"c98759fd":140,"e8b6d676":140,"45ee5840":140,"76f04033":140,"43480b19":140,"fd955858":140,"69798d15":140,"efea71fa":140,"fb3aa867":140,"c9cf710b":140,"fcacdeb3":140,"0ea055ed":140,"e3b1bdf8":140,"644b45fb":140,"18c73816":140,"e491161e":140,"590ce3d3":140,"1802d7ce":140,"0a49914b":140,"5d3f5cad":140,"cf347cba":140,"fc0c23f7":140,"641f9b9e":140,"c92edec5":140,"9f03c1e7":140,"06c24a8d":140,"2f35e75f":140,"3eddf7c8":140,"77970f8b":140,"efd594d5":140,"4718294d":140,"5352cf45":140,"e0ffe8ff":140,"b5087677":140,"16f60bed":140,"cb0c3481":140,"7664512c":140,"df9a53b8":140,"f6c27b2b":140,"945f6c24":140,"f1daea7e":140,"b8fb90e3":140,"56227e35":140,"0d6bf22a":140,"b87321d0":140,"43205b5d":140,"8982905a":140,"f6fe1ad7":140,"230064fa":140,"764e0abb":140,"bba6d88e":140,"ea3479ec":140,"32266fa3":140,"50b090c3":140,"8be24763":140,"eb4800b2":140,"6e0ce9dc":140,"87d9bec4":140,"e30dfa0c":140,"6da34174":140,"bfb849fa":140,"0a10b423":140,"9ef7cee7":140,"49f1a0d1":140,"5f04aa76":140,"ba297382":140,"0287db2a":140,"96abe4a9":140,"753b10b1":140,"cf14bd99":140,"782022f4":140,"322e833f":140,"ae14d6b5":140,"721f5f42":140,"0b50bca6":140,"bf2ca266":140,"5d8d9641":140,"0de67c6c":140,"2311399f":140,"5e3ebf5e":140,"9f6ca218":140,"6213799d":140,"44cb1fd2":140,"baf19c25":140,"24a79a6e":140,"edde30af":140,"4d949e11":140,"df12f689":140,"1da10cbf":140,"832c48e4":140,"dc90a44c":140,"1ad7c45b":140,"5566c17c":140,"86a22252":140,"0000dece":140,"ce5efdbe":140,"58ace2b5":140,"d379fd96":140,"7b819458":140,"7f8024cd":140,"ae562513":140,"7b66dacd":140,"9ab137d7":140,"7191d1cd":140,"ab3619e4":140,"106006ad":140,"c8237be9":140,"1416e8f5":140,"dde2eed5":140,"a208caa8":140,"16605353":140,"77b39e15":140,"f1726edb":140,"92b72493":140,"005354dd":140,"d3e58903":140,"4481c4be":140,"7954891b":140,"4afd60a9":140,"d44c0ea3":140,"68f87858":140,"533bac6b":140,"41634dba":140,"43fd1327":140,"113e7f4b":140,"8cce569a":140,"ce6401b6":140,"6f57824c":140,"28bd7aa1":140,"1d52fb0d":140,"cde0d748":140,"535ed444":140,"710f0d0e":140,"0905f1fb":140,"a20e529c":140,"1ae76fcc":140,"35b161d3":140,"344cd1a3":140,"77ea1236":140,"96d2a118":140,"23a0e41f":140,"b32a1080":140,"a2c4b591":140,"6dfa57be":140,"1854ce44":140,"f92b22f1":140,"ece12664":140,"36f4ecde":140,"568a0d58":140,"5fd569d2":140,"10c8fd03":140,"5b09e53e":140,"bd4ccb49":140,"e773d697":140,"7e8c11e7":140,"077eb15a":140,"5337c279":140,"8d256cb6":140,"7021c619":140,"32ae00db":140,"bf2defb2":140,"bc733a28":140,"30d32d34":140,"886c16d3":140,"e8d09b62":140
1601327191141,"3b3569f6":140,"b01ab62a":140,"76da16fa":140,"bffee581":140,"da5bb0f7":140,"6d925c84":140,"50b23ab2":140,"edfa56d4":140,"899c16eb":140,"41c76041":140,"6bb1fa99":140,"d73ff72e":140,"61c0ca91":140,"d2fda7be":140,"ce20ca3c":140,"1d2d958b":140,"81fb6a01":140,"7f5b27c8":140,"fb3444d9":140,"f05de640":140,"86a68967":140,"56cd4dca":140,"7f469f4c":140,"f92dedfc":140,"355d1489":140,"f96fc1af":140,"06713bac":140,"61aca924":140,"d97fb857":140,"59ff5ec6":140,"ef04e64e":140,"6e2d04de":140,"2fca1798":140,"05028839":140,"5488826c":140,"84fff5c1":140,"c649992d":140,"d5ad3ed6":140,"8e5f7187":140,"55ba7579":140,"b7769ca6":140,"9c27de51":140,"07150038":140,"080fa362":140,"7b6945ad":140,"a40d08e1":140,"cec79bc2":140,"d2eff358":140,"e70aebb5":140,"a488b2f1":140,"4caa87d6":140,"f7076e21":140,"69e653b6":140,"98d2991b":140,"3b411d6a":140,"83826ef3":140,"595609d5":140,"b47f1b89":140,"8e6caf71":140,"9a3433b8":140,"b89112cb":140,"66736d5e":140,"30de89a7":140,"f1e86522":140,"06aaa33f":140,"fa03f48f":140,"320c65bf":140,"1fa1e7c2":140,"5298dafa":140,"25f7f918":140,"646af2b9":140,"659389ad":140,"c5311ebb":140,"105bb3f6":140,"240c8679":140,"0718c3be":140,"58de5462":140,"8b503f7b":140,"f01c896d":140,"1f2670d0":140,"87a8523c":140,"c416baa6":140,"962c9c8f":140,"aec0bf28":140,"ae350a07":140,"38a75b48":140,"1792bfa3":140,"426f1904":140,"7c0f1ca9":140,"b2f820ac":140,"25d4f65d":140,"eddb6a2a":140,"ff8a00aa":140,"c146560b":140,"985068e7":140,"d543ba6f":140,"a017a323":140,"680a32a6":140,"83ba647d":140,"8801c469":140,"cb0bd6b7":140,"b6281f1a":140,"48c6df81":140,"8e426e39":140,"5e165f43":140,"51909df8":140,"e22b0973":140,"f8785b71":140,"23646ff9":140,"ab4a411a":140,"3abb827b":140,"d7a4b24c":140,"686d5c0b":140,"0c73c293":140,"88929b06":140,"f15eb1c5":140,"71789493":140,"08c4692e":140,"5b2479ef":140,"5ac72353":140,"1d882c36":140,"d1b14d06":140,"f6c074a7":140,"eb62e8f2":140,"ffd6849d":140,"962fca02":140,"75968179":140,"bc8bdc23":140,"a71f3f70":140,"1f7aa83c":140,"732d62ee":140,"d4b0751c":140,"5b01444b":140,"79995b62":140,"97160db8":140,"589f0d6e":140,"51b4016a":140,"46bf9112":140,"092ad3d6":140,"bf940089":140,"01f34f98":140,"1670b0d3":140,"ec97d63e":140,"808bc372":140,"94208a41":140,"c792a7c1":140,"2cbcad17":140,"5a7da061":140,"4dccb5ca":140,"06a94514":140,"83268abf":140,"73c420df":140,"578c4c95":140,"0700da70":140,"ff591765":140,"c606b472":140,"93f12198":140,"62e270e5":140,"66b1b6d7":140,"b062adc4":140,"4aae5133":140,"63a3af32":140,"3fec4b0b":140,"faa3de3e":140,"44983d13":140,"80999122":140,"72af9198":140,"e39e9552":140,"81c1b70d":140,"e72f0f82":140,"88374b72":140,"fdfaf1ed":140,"ea981bed":140,"5e197575":140,"e587c4d0":140,"525b2635":140,"caa38a45":140,"a9987a58":140,"b6b8e5c7":140,"e82177d3":140,"89914b94":140,"04bdf5e1":140,"da8b42be":140,"3b0576bf":140,"9458934f":140,"1dcc489c":140,"945badf3":140,"1327775b":140,"bdd40125":140,"75fd47f7":140,"1c52a07e":140,"e70ccc25":140,"afd1494f":140,"ca6bffd3":140,"829c44a4":140,"e76e2617":140,"2b4fd52e":140,"57162572":140,"d1d50cfe":140,"9666b973":140,"653b27c7":140,"83b37fd6":140,"4d852788":140,"e43a9448":140,"3542b748":140,"379c53ab":140,"e396d80d":140,"7da61f27":140,"dc874a97":140,"85a220de":140,"40a7cdd2":140,"ac033c7b":140,"272e7d0d":140,"f92596ee":140,"68831ea9":140,"9713d076":140,"fd098272":140,"6ee788a7":140,"8249641d":140,"45b0968f":140,"6a9bb182":140,"1f1afd4f":140,"25fb8826":140,"0dc5da58":140,"2874a625":140,"e61ae828":140,"f7ac3883":140,"ccd01528":140,"dab8cf68":140,"87759976":140,"4df3f62e":140,"c881a53e":140,"80c1c8b1":140,"cf52acd8":140,"a63cb4ce":140,"d3b3492b":140,"7580cfa4":140,"22a96386":140,"5c672b50":140,"5df16440":140,"b666e56d":140,"8db378ff":140,"784d6375":140,"4541bf85":140,"a6b13f20":140,"2459c882":140,"3df97186":140,"ef0490de":140,"e0f47ced":140,"309bbf54":140,"cc537772":140,"6618390c":140,"99cc0813":140,"dc32c4e1":140,"239c636e":140,"6ee160ff":140,"c55d40ca":140,"22c177a8":140,"00ae883f":140,"f416ee62":140,"0d2b182d":140,"320754c3":140,"232b2f64":140,"3171b6e7":140,"3b25460f":140,"d2064756":140,"00f2a9cb":140,"916fe082":140,"b64dba8e":140,"c3bb30ce":140,"86219c70":140,"601990d8":140,"5c662c19":140,"d2a5d2fd":140,"89d220c2":140,"3e10c9cb":140,"5500a3e8":140,"3c0e87ac":140,"a891461f":140,"a246cdab":140,"117c7f0b":140,"0d21cf99":140,"14e6fe14":140,"37ec5e73":140,"bfff7913":140,"f8636899":140,"37724339":140,"d45d9727":140,"ee5ff2a3":140,"44322dfd":140,"295e4d1d":140,"8cf6570a":140,"403064a0":140,"312af46e":140,"b5a9f8c3":140,"fcbc0ae8":140,"2ff6b6a8":140,"66a71cc1":140,"bf4b58e4":140,"f7ffcbb8":140,"5728f934":140,"00b26865":140,"c333337d":140,"815c56bc":140,"5bd61a68":140,"8582c5cf":140,"0c353665":140,"231e8700":140,"1f9fbd85":140,"43f24679":140,"a1c0dfc4":140,"78f71162":140,"4b27a9a4":140,"163f4d19":140,"1d043d5a":140,"b2f82e06":140,"5b0b43e6":140,"b5474d69":140,"5a938eeb":140,"4fe0dedf":140,"951fc6d0":140,"61892a4c":140,"f096219e":140,"a3f0a6ec":140,"01051f84":140,"aa7e370d":140,"f995eeab":140,"4006e709":140,"0dedf63e":140,"a9d5374b":140,"4321f02d":140,"089b3f8f":140,"7698d0dc":140,"784414ce":140,"2df3efdb":140,"d0f1b7bd":140,"e7799883":140,"4f9456cf":140,"6e260ee8":140,"f4f84279":140,"b0950de5":140,"6f873999":140,"1f4e0e22":140,"60d69311":140,"3b09f1de":140,"b371f44a":140,"8b6180ff":140,"8819ac24":140,"dbbf7f69":140,"dfe4a061":140,"c2bf7d51":140,"781afef6":140,"de9229a0":140,"99a5feef":140,"f6266388":140,"e64fd39c":140,"e1b3ce36":140,"625fa164":140,"0c6ae551":140,"e8f4c1dd":140,"a8edfe84":140,"2ed19b1e":140,"959e16ea":140,"02f76c64":140,"5c6d1f33":140,"b4801cae":140,"c3c2fd05":140,"f8c97147":140,"c2526ff3":140,"cc386067":140,"a22ffd8f":140,"3cd28a4d":140,"44a12c31":140,"45a961ca":140,"5ca978fd":140,"668e601b":140,"7552d86c":140,"02ebf3b6":140,"bb17a968":140,"4abcb85d":140,"cba26072":140
1601327191659,"cede8b8c":140,"ad95ff4a":140,"893a99c5":140,"d8bf32b5":140,"0eb42efe":140,"03c4ab87":140,"4e3d3af7":140,"3a4803a8":140,"f7a7de5d":140,"d4e56c3e":140,"0c045c2d":140,"8efd4801":140,"7eb8f268":140,"20236d3e":140,"36ae8cd8":140,"3ddd5391":140,"07f69c6d":140,"2254f0f5":140,"ea282e84":140,"6653c83b":140,"c896052c":140,"287ecd1c":140,"f9376d3e":140,"07a94e8c":140,"bb017b49":140,"37b52fe4":140,"61ad1519":140,"819c4185":140,"ba69b06b":140,"7d2a2cb4":140,"4f62491c":140,"70b4c438":140,"71ed93db":140,"c92efaa8":140,"c241ac7e":140,"62a45672":140,"2a718dcc":140,"c6a9a8e1":140,"88854fd0":140,"8dc27d2a":140,"41d7f05d":140,"2b851827":140,"9f428a03":140,"4d504d96":140,"0533ece1":140,"bcee2ef3":140,"0afba00c":140,"04ff8100":140,"6c00d8d6":140,"ac9a02bc":140,"acfe69ed":140,"426603ff":140,"2db2f252":140,"2e84193b":140,"c55683c9":140,"51233daf":140,"02791635":140,"be081247":140,"5cc47d1b":140,"678b846f":140,"b4bd39d8":140,"b4cdbe5d":140,"fa0386f3":140,"b95d0f17":140,"cee9c347":140,"210e507a":140,"ac6e268b":140,"742238e8":140
1601327192672,"d5d94481":141,"ffe48500":141,"c7a45a33":141,"faffe099":141,"e99490cd":141,"3b830769":141,"583f0305":141,"1557c50a":141,"249e80ab":141,"f52a3d94":141,"eb74d3dd":141,"3bcbc28d":141,"3c0455e7":141,"df203c79":141,"df1e1ac0":141,"491708eb":141,"e421caaa":141,"2d2ecf27":141,"d38a4953":141,"eba5efdd":141,"a5463f93":141,"c85ac4f8":141,"bc253f4f":141,"0d9d2bf8":141,"846b7f11":141,"d3411467":141,"1df0ce7f":141,"a08171d0":141,"c8bc5677":141,"dfca0518":141,"b9a21017":141,"e47705d3":141,"3cae4115":141,"0ccf4731":141,"c7c6782d":141,"54346574":141,"b12cbf87":141,"81942d9b":141,"699b90c1":141,"d9b5a7a8":141,"1e7914d2":141,"e5d8fdb2":141,"3412ab75":141,"bcac5daf":141,"62d028cc":141,"0af2cf39":141,"27491297":141,"d041ea86":141,"1eda11b2":141,"fc442678":141,"c5b609f1":141,"4dc5849a":141,"d605c755":141,"8a8c1d67":141,"cc6b3306":141,"8c2dfd9a":141,"f11267b9":141,"a483b15e":141,"f80ab49d":141,"95eaed39":141,"a5ba0ebb":141,"f53362a9":141,"1901ef7e":141,"960c2e6b":141,"3515e999":141,"d11f8f1b":141,"9d9eb027":141,"325f9a29":141,"503aafe5":141,"7800e7ce":141,"77869ff0":141,"4b8f7b16":141,"89f75690":141,"cb363e2f":141,"cd802f02":141,"d3cca7eb":141,"e866a899":141,"5690e712":141,"0b92d2a9":141,"070bed95":141,"67e5d108":141,"3d37b94b":141,"842c97c2":141,"c4cef92b":141,"0eecdc5b":141,"b7e495ea":141,"45ec63c0":141,"0ddfde2c":141,"a8b41774":141,"81f0da2d":141,"1fcc8ba4":141,"75a9c117":141,"12ba54ec":141,"be391c1a":141,"37d8a5b7":141,"d5ab81c4":141,"2ecde685":141,"f0bd52d3":141,"dcc20f76":141,"666a8ef0":141
1601327193067,"080d5d42":141,"5d03f5dc":141,"f0a01341":141,"1ee4d9f9":141,"0d6e45e7":141,"0da97151":141,"e829038c":141,"4987cfb5":141,"ba90687c":141,"77f2cf92":141,"037e2be4":141,"9e7dbd20":141,"0c086273":141,"ac13c3b0":141,"b4d9c57f":141,"5d53c964":141,"8ee9cc91":141,"4cc0af91":141,"55f6a2ba":141,"9559ea96":141,"9cb044bf":141,"16b25add":141,"80ee333e":141,"3b329af2":141,"1cd662bf":141,"72992b35":141,"47589344":141,"593b1533":141,"e9f6e5ce":141,"ed6bead5":141,"96f594b9":141,"94dfcfc5":141,"8301986e":141,"830ecfec":141,"a8bae791":141,"312009ee":141,"c98759fd":141,"e8b6d676":141,"45ee5840":141,"76f04033":141,"43480b19":141,"fd955858":141,"69798d15":141,"efea71fa":141,"fb3aa867":141,"c9cf710b":141,"fcacdeb3":141,"0ea055ed":141,"e3b1bdf8":141,"644b45fb":141,"18c73816":141,"e491161e":141,"b5087677":141,"16f60bed":141,"cb0c3481":141,"7664512c":141,"df9a53b8":141,"f6c27b2b":141,"945f6c24":141,"f1daea7e":141,"b8fb90e3":141,"56227e35":141,"0d6bf22a":141,"b87321d0":141,"43205b5d":141,"8982905a":141,"f6fe1ad7":141,"230064fa":141,"764e0abb":141,"bba6d88e":141,"ea3479ec":141,"32266fa3":141,"50b090c3":141,"8be24763":141,"eb4800b2":141,"6e0ce9dc":141,"87d9bec4":141,"e30dfa0c":141,"6da34174":141,"bfb849fa":141,"0a10b423":141,"9ef7cee7":141,"49f1a0d1":141,"5f04aa76":141,"ba297382":141,"0287db2a":141,"590ce3d3":141,"1802d7ce":141,"0a49914b":141,"5d3f5cad":141,"cf347cba":141,"fc0c23f7":141,"641f9b9e":141,"c92edec5":141,"9f03c1e7":141,"96abe4a9":141,"753b10b1":141,"cf14bd99":141,"782022f4":141,"322e833f":141,"ab3619e4":141,"106006ad":141,"c8237be9":141,"1416e8f5":141,"dde2eed5":141,"a208caa8":141,"16605353":141,"77b39e15":141,"f1726edb":141,"06c24a8d":141,"2f35e75f":141,"3eddf7c8":141,"77970f8b":141,"efd594d5":141,"4718294d":141,"5352cf45":141,"e0ffe8ff":141,"ae14d6b5":141,"721f5f42":141,"0b50bca6":141,"bf2ca266":141,"5d8d9641":141,"0de67c6c":141,"2311399f":141,"5e3ebf5e":141,"9f6ca218":141,"6213799d":141,"44cb1fd2":141,"baf19c25":141,"24a79a6e":141,"edde30af":141,"4d949e11":141,"df12f689":141,"1da10cbf":141,"832c48e4":141,"dc90a44c":141,"1ad7c45b":141,"5566c17c":141,"86a22252":141,"0000dece":141,"ce5efdbe":141,"58ace2b5":141,"d379fd96":141,"7b819458":141,"7f8024cd":141,"ae562513":141,"7b66dacd":141,"9ab137d7":141,"7191d1cd":141,"005354dd":141,"92b72493":141,"d3e58903":141,"4481c4be":141,"7954891b":141,"4afd60a9":141,"d44c0ea3":141,"68f87858":141,"533bac6b":141,"41634dba":141,"43fd1327":141,"113e7f4b":141,"8cce569a":141,"ce6401b6":141,"6f57824c":141,"28bd7aa1":141,"1d52fb0d":141,"cde0d748":141,"535ed444":141,"710f0d0e":141,"0905f1fb":141,"a20e529c":141,"1ae76fcc":141,"35b161d3":141,"344cd1a3":141,"77ea1236":141,"96d2a118":141,"23a0e41f":141,"b32a1080":141,"a2c4b591":141,"6dfa57be":141,"1854ce44":141,"f92b22f1":141,"ece12664":141,"36f4ecde":141,"568a0d58":141,"5fd569d2":141,"10c8fd03":141,"bd4ccb49":141,"e773d697":141,"7e8c11e7":141,"077eb15a":141,"5337c279":141,"8d256cb6":141,"7021c619":141,"32ae00db":141,"bf2defb2":141,"bc733a28":141,"30d32d34":141,"886c16d3":141,"e8d09b62":141,"5b09e53e":141,"da5bb0f7":141,"6d925c84":141,"50b23ab2":141,"edfa56d4":141,"899c16eb":141,"41c76041":141,"6bb1fa99":141,"d73ff72e":141,"61c0ca91":141,"d2fda7be":141,"ce20ca3c":141,"1d2d958b":141,"81fb6a01":141,"7f5b27c8":141,"fb3444d9":141,"f05de640":141,"86a68967":141,"56cd4dca":141,"7f469f4c":141,"f92dedfc":141,"355d1489":141,"f96fc1af":141,"06713bac":141,"61aca924":141,"d97fb857":141,"59ff5ec6":141,"ef04e64e":141,"6e2d04de":141,"2fca1798":141,"05028839":141,"5488826c":141,"84fff5c1":141,"c649992d":141,"d5ad3ed6":141,"8e5f7187":141,"55ba7579":141,"b7769ca6":141,"9c27de51":141,"38a75b48":141,"1792bfa3":141,"426f1904":141,"7c0f1ca9":141,"b2f820ac":141,"25d4f65d":141,"eddb6a2a":141,"ff8a00aa":141,"c146560b":141,"985068e7":141,"d543ba6f":141,"3b3569f6":141,"b01ab62a":141,"76da16fa":141,"bffee581":141,"07150038":141,"080fa362":141,"7b6945ad":141,"a40d08e1":141,"cec79bc2":141,"d2eff358":141,"e70aebb5":141,"a488b2f1":141,"4caa87d6":141,"f7076e21":141,"69e653b6":141,"98d2991b":141,"3b411d6a":141,"83826ef3":141,"595609d5":141,"b47f1b89":141,"8e6caf71":141,"9a3433b8":141,"b89112cb":141,"66736d5e":141,"30de89a7":141,"f1e86522":141,"06aaa33f":141,"fa03f48f":141,"320c65bf":141,"5298dafa":141,"25f7f918":141,"1fa1e7c2":141,"646af2b9":141,"c5311ebb":141,"659389ad":141,"105bb3f6":141,"240c8679":141,"58de5462":141,"0718c3be":141,"f01c896d":141,"8b503f7b":141,"1f2670d0":141,"962c9c8f":141,"87a8523c":141,"c416baa6":141,"aec0bf28":141,"ae350a07":141,"a017a323":141,"680a32a6":141,"8801c469":141,"83ba647d":141,"b6281f1a":141,"cb0bd6b7":141,"48c6df81":141,"8e426e39":141,"5e165f43":141,"f8785b71":141,"51909df8":141,"ab4a411a":141,"e22b0973":141,"d7a4b24c":141,"23646ff9":141,"686d5c0b":141,"3abb827b":141,"0c73c293":141,"f15eb1c5":141,"71789493":141,"88929b06":141,"08c4692e":141,"5ac72353":141,"5b2479ef":141,"d1b14d06":141,"f6c074a7":141,"1d882c36":141,"ffd6849d":141,"eb62e8f2":141,"962fca02":141,"75968179":141,"bc8bdc23":141,"a71f3f70":141,"1f7aa83c":141,"732d62ee":141,"d4b0751c":141,"5b01444b":141,"79995b62":141,"97160db8":141,"589f0d6e":141,"51b4016a":141
1601327193585,"46bf9112":141,"092ad3d6":141,"bf940089":141,"01f34f98":141,"1670b0d3":141,"ec97d63e":141,"94208a41":141,"2cbcad17":141,"4dccb5ca":141,"808bc372":141,"83268abf":141,"c792a7c1":141,"5a7da061":141,"578c4c95":141,"c606b472":141,"06a94514":141,"73c420df":141,"0700da70":141,"ff591765":141,"93f12198":141,"62e270e5":141,"66b1b6d7":141,"b062adc4":141,"4aae5133":141,"63a3af32":141,"3fec4b0b":141,"faa3de3e":141,"44983d13":141,"80999122":141,"72af9198":141,"e39e9552":141,"81c1b70d":141,"e72f0f82":141,"88374b72":141,"fdfaf1ed":141,"ea981bed":141,"272e7d0d":141,"f92596ee":141,"68831ea9":141,"9713d076":141,"fd098272":141,"6ee788a7":141,"8249641d":141,"5e197575":141,"e587c4d0":141,"525b2635":141,"caa38a45":141,"a9987a58":141,"b6b8e5c7":141,"e82177d3":141,"89914b94":141,"04bdf5e1":141,"da8b42be":141,"3b0576bf":141,"9458934f":141,"1dcc489c":141,"945badf3":141,"1327775b":141,"bdd40125":141,"75fd47f7":141,"1c52a07e":141,"e70ccc25":141,"afd1494f":141,"ca6bffd3":141,"829c44a4":141,"e76e2617":141,"2b4fd52e":141,"57162572":141,"d1d50cfe":141,"9666b973":141,"653b27c7":141,"83b37fd6":141,"4d852788":141,"e43a9448":141,"3542b748":141,"379c53ab":141,"e396d80d":141,"7da61f27":141,"dc874a97":141,"f7ffcbb8":141,"5728f934":141,"00b26865":141,"c333337d":141,"815c56bc":141,"45b0968f":141,"6a9bb182":141,"1f1afd4f":141,"25fb8826":141,"0dc5da58":141,"2874a625":141,"e61ae828":141,"f7ac3883":141,"ccd01528":141,"dab8cf68":141,"00f2a9cb":141,"916fe082":141,"b64dba8e":141,"c3bb30ce":141,"86219c70":141,"601990d8":141,"5c662c19":141,"d2a5d2fd":141,"89d220c2":141,"3e10c9cb":141,"5500a3e8":141,"3c0e87ac":141,"a891461f":141,"a246cdab":141,"117c7f0b":141,"0d21cf99":141,"14e6fe14":141,"37ec5e73":141,"bfff7913":141,"f8636899":141,"37724339":141,"d45d9727":141,"ee5ff2a3":141,"44322dfd":141,"5bd61a68":141,"8582c5cf":141,"0c353665":141,"85a220de":141,"40a7cdd2":141,"ac033c7b":141,"87759976":141,"4df3f62e":141,"c881a53e":141,"80c1c8b1":141,"cf52acd8":141,"a63cb4ce":141,"d3b3492b":141,"7580cfa4":141,"22a96386":141,"5c672b50":141,"5df16440":141,"b666e56d":141,"8db378ff":141,"784d6375":141,"4541bf85":141,"a6b13f20":141,"2459c882":141,"3df97186":141,"ef0490de":141,"e0f47ced":141,"309bbf54":141,"cc537772":141,"6618390c":141,"99cc0813":141,"dc32c4e1":141,"239c636e":141,"6ee160ff":141,"c55d40ca":141,"22c177a8":141,"00ae883f":141,"f416ee62":141,"0d2b182d":141,"231e8700":141,"1f9fbd85":141,"43f24679":141,"a1c0dfc4":141,"78f71162":141,"4b27a9a4":141,"163f4d19":141,"1d043d5a":141,"b2f82e06":141,"5b0b43e6":141,"b5474d69":141,"5a938eeb":141,"4fe0dedf":141,"951fc6d0":141,"61892a4c":141,"f096219e":141,"a3f0a6ec":141,"01051f84":141,"aa7e370d":141,"f995eeab":141,"4006e709":141,"0dedf63e":141,"a9d5374b":141,"4321f02d":141,"089b3f8f":141,"7698d0dc":141,"784414ce":141,"2df3efdb":141,"295e4d1d":141,"8cf6570a":141,"403064a0":141,"312af46e":141,"b5a9f8c3":141,"fcbc0ae8":141,"2ff6b6a8":141,"66a71cc1":141,"bf4b58e4":141,"d0f1b7bd":141,"e7799883":141,"320754c3":141,"232b2f64":141,"3171b6e7":141,"3b25460f":141,"d2064756":141,"4f9456cf":141,"6e260ee8":141,"f4f84279":141,"b0950de5":141,"6f873999":141,"1f4e0e22":141,"60d69311":141,"3b09f1de":141,"b371f44a":141,"8b6180ff":141,"8819ac24":141,"dbbf7f69":141,"dfe4a061":141,"c2bf7d51":141,"781afef6":141,"de9229a0":141,"99a5feef":141,"f6266388":141,"e64fd39c":141,"e1b3ce36":141,"625fa164":141,"0c6ae551":141,"e8f4c1dd":141,"cede8b8c":141,"ad95ff4a":141,"893a99c5":141,"d8bf32b5":141,"0eb42efe":141,"03c4ab87":141,"a8edfe84":141,"2ed19b1e":141,"959e16ea":141,"02f76c64":141,"5c6d1f33":141,"b4801cae":141,"c3c2fd05":141,"f8c97147":141,"c2526ff3":141,"cc386067":141,"a22ffd8f":141,"3cd28a4d":141,"44a12c31":141,"4e3d3af7":141,"3a4803a8":141,"f7a7de5d":141,"d4e56c3e":141,"0c045c2d":141,"8efd4801":141,"7eb8f268":141,"20236d3e":141,"36ae8cd8":141,"3ddd5391":141,"07f69c6d":141,"2254f0f5":141,"ea282e84":141,"6653c83b":141,"c896052c":141,"287ecd1c":141,"f9376d3e":141,"07a94e8c":141,"bb017b49":141,"37b52fe4":141,"61ad1519":141,"819c4185":141,"ba69b06b":141,"7d2a2cb4":141,"4f62491c":141,"70b4c438":141,"71ed93db":141,"c92efaa8":141,"c241ac7e":141,"62a45672":141,"210e507a":141,"ac6e268b":141,"742238e8":141,"45a961ca":141,"5ca978fd":141,"668e601b":141,"7552d86c":141,"02ebf3b6":141,"bb17a968":141,"4abcb85d":141,"cba26072":141,"2a718dcc":141,"c6a9a8e1":141,"88854fd0":141,"8dc27d2a":141,"41d7f05d":141,"2b851827":141,"9f428a03":141,"4d504d96":141,"0533ece1":141,"bcee2ef3":141,"0afba00c":141,"04ff8100":141,"6c00d8d6":141,"ac9a02bc":141,"acfe69ed":141,"426603ff":141,"2db2f252":141,"2e84193b":141,"c55683c9":141,"51233daf":141,"02791635":141,"be081247":141,"5cc47d1b":141,"678b846f":141,"b4bd39d8":141,"b4cdbe5d":141,"fa0386f3":141,"b95d0f17":141,"cee9c347":141
1601327194511,"7800e7ce":142,"77869ff0":142,"4b8f7b16":142,"89f75690":142,"cb363e2f":142,"cd802f02":142,"d3cca7eb":142,"e866a899":142,"5690e712":142,"0b92d2a9":142,"070bed95":142,"67e5d108":142,"3d37b94b":142,"842c97c2":142,"c4cef92b":142,"0eecdc5b":142,"b7e495ea":142,"45ec63c0":142,"0ddfde2c":142,"a8b41774":142,"81f0da2d":142,"1fcc8ba4":142,"75a9c117":142,"12ba54ec":142,"be391c1a":142,"37d8a5b7":142,"d5ab81c4":142,"2ecde685":142,"f0bd52d3":142,"dcc20f76":142,"666a8ef0":142,"c5b609f1":142,"4dc5849a":142,"d605c755":142,"8a8c1d67":142,"cc6b3306":142,"8c2dfd9a":142,"f11267b9":142,"a483b15e":142,"f80ab49d":142,"95eaed39":142,"a5ba0ebb":142,"f53362a9":142,"1901ef7e":142,"960c2e6b":142,"3515e999":142,"d11f8f1b":142,"9d9eb027":142,"325f9a29":142,"503aafe5":142,"080d5d42":142,"5d03f5dc":142,"f0a01341":142,"1ee4d9f9":142,"0d6e45e7":142,"0da97151":142,"e829038c":142,"4987cfb5":142,"ba90687c":142,"77f2cf92":142,"037e2be4":142,"9e7dbd20":142,"0c086273":142,"ac13c3b0":142,"b4d9c57f":142,"d5d94481":142,"ffe48500":142,"c7a45a33":142,"faffe099":142,"e99490cd":142,"3b830769":142,"583f0305":142,"1557c50a":142,"249e80ab":142,"f52a3d94":142,"eb74d3dd":142,"3bcbc28d":142,"3c0455e7":142,"df203c79":142,"df1e1ac0":142,"491708eb":142,"e421caaa":142,"2d2ecf27":142,"d38a4953":142,"eba5efdd":142,"a5463f93":142,"5d53c964":142,"8ee9cc91":142,"4cc0af91":142,"55f6a2ba":142,"9559ea96":142,"9cb044bf":142,"16b25add":142,"80ee333e":142
1601327194809,"c85ac4f8":142,"bc253f4f":142,"0d9d2bf8":142,"846b7f11":142,"d3411467":142,"1df0ce7f":142,"a08171d0":142,"c8bc5677":142,"dfca0518":142,"b9a21017":142,"e47705d3":142,"3cae4115":142,"0ccf4731":142,"c7c6782d":142,"54346574":142,"b12cbf87":142,"81942d9b":142,"699b90c1":142,"d9b5a7a8":142,"1e7914d2":142,"e5d8fdb2":142,"3412ab75":142,"bcac5daf":142,"62d028cc":142,"0af2cf39":142,"27491297":142,"d041ea86":142,"1eda11b2":142,"fc442678":142,"3b329af2":142,"1cd662bf":142,"72992b35":142,"47589344":142,"593b1533":142,"e9f6e5ce":142,"ed6bead5":142,"96f594b9":142,"94dfcfc5":142,"8301986e":142,"830ecfec":142,"a8bae791":142,"312009ee":142,"c98759fd":142,"e8b6d676":142,"45ee5840":142,"76f04033":142,"43480b19":142,"fd955858":142,"69798d15":142,"efea71fa":142,"fb3aa867":142,"c9cf710b":142,"fcacdeb3":142,"0ea055ed":142,"e3b1bdf8":142,"644b45fb":142,"590ce3d3":142,"1802d7ce":142,"0a49914b":142,"5d3f5cad":142,"cf347cba":142,"18c73816":142,"e491161e":142,"b5087677":142,"16f60bed":142,"cb0c3481":142,"7664512c":142,"df9a53b8":142,"f6c27b2b":142,"945f6c24":142,"f1daea7e":142,"b8fb90e3":142,"56227e35":142,"0d6bf22a":142,"b87321d0":142,"43205b5d":142,"8982905a":142,"f6fe1ad7":142,"230064fa":142,"764e0abb":142,"bba6d88e":142,"ea3479ec":142,"32266fa3":142,"50b090c3":142,"8be24763":142,"eb4800b2":142,"6e0ce9dc":142,"87d9bec4":142,"e30dfa0c":142,"6da34174":142,"bfb849fa":142,"0a10b423":142,"9ef7cee7":142,"49f1a0d1":142,"5f04aa76":142,"ba297382":142,"0287db2a":142,"96abe4a9":142,"753b10b1":142,"cf14bd99":142,"782022f4":142,"322e833f":142,"ab3619e4":142,"106006ad":142,"c8237be9":142,"1416e8f5":142,"dde2eed5":142,"a208caa8":142,"16605353":142,"77b39e15":142,"f1726edb":142,"fc0c23f7":142,"641f9b9e":142,"c92edec5":142,"9f03c1e7":142,"06c24a8d":142,"2f35e75f":142,"3eddf7c8":142,"77970f8b":142,"efd594d5":142,"4718294d":142,"5352cf45":142,"e0ffe8ff":142,"ae14d6b5":142,"721f5f42":142,"0b50bca6":142,"bf2ca266":142,"5d8d9641":142,"0de67c6c":142,"2311399f":142,"5e3ebf5e":142,"9f6ca218":142,"6213799d":142,"44cb1fd2":142,"baf19c25":142,"24a79a6e":142,"edde30af":142,"4d949e11":142,"df12f689":142,"1da10cbf":142,"832c48e4":142,"dc90a44c":142,"1ad7c45b":142,"5566c17c":142,"86a22252":142,"5b09e53e":142,"da5bb0f7":142,"6d925c84":142,"50b23ab2":142,"edfa56d4":142,"899c16eb":142,"41c76041":142,"6bb1fa99":142,"d73ff72e":142,"61c0ca91":142,"d2fda7be":142,"ce20ca3c":142,"1d2d958b":142,"81fb6a01":142,"7f5b27c8":142,"fb3444d9":142,"f05de640":142,"86a68967":142,"56cd4dca":142,"7f469f4c":142,"f92dedfc":142,"355d1489":142,"92b72493":142,"d3e58903":142,"4481c4be":142,"7954891b":142,"4afd60a9":142,"d44c0ea3":142,"68f87858":142,"533bac6b":142,"41634dba":142,"43fd1327":142,"113e7f4b":142,"8cce569a":142,"ce6401b6":142,"6f57824c":142,"28bd7aa1":142,"1d52fb0d":142,"cde0d748":142,"535ed444":142,"710f0d0e":142,"0905f1fb":142,"a20e529c":142,"1ae76fcc":142,"35b161d3":142,"344cd1a3":142,"77ea1236":142,"96d2a118":142,"23a0e41f":142,"f96fc1af":142,"06713bac":142,"61aca924":142,"d97fb857":142,"59ff5ec6":142,"ef04e64e":142,"0000dece":142,"ce5efdbe":142,"58ace2b5":142,"d379fd96":142,"7b819458":142,"7f8024cd":142,"ae562513":142,"7b66dacd":142,"9ab137d7":142,"7191d1cd":142,"005354dd":142,"6e2d04de":142,"2fca1798":142,"05028839":142,"5488826c":142,"b32a1080":142,"a2c4b591":142,"6dfa57be":142,"1854ce44":142,"f92b22f1":142,"ece12664":142,"36f4ecde":142,"568a0d58":142,"5fd569d2":142,"10c8fd03":142,"bd4ccb49":142,"e773d697":142,"7e8c11e7":142,"077eb15a":142,"5337c279":142,"8d256cb6":142,"7021c619":142,"32ae00db":142,"bf2defb2":142,"bc733a28":142,"30d32d34":142,"886c16d3":142,"e8d09b62":142,"84fff5c1":142,"c649992d":142,"d5ad3ed6":142,"8e5f7187":142,"55ba7579":142,"b7769ca6":142,"9c27de51":142,"38a75b48":142,"1792bfa3":142,"426f1904":142,"7c0f1ca9":142,"b2f820ac":142,"25d4f65d":142,"eddb6a2a":142,"ff8a00aa":142,"c146560b":142,"985068e7":142,"d543ba6f":142
1601327195292,"3b3569f6":142,"b01ab62a":142,"76da16fa":142,"bffee581":142,"07150038":142,"080fa362":142,"7b6945ad":142,"a40d08e1":142,"cec79bc2":142,"d2eff358":142,"e70aebb5":142,"a488b2f1":142,"4caa87d6":142,"f7076e21":142,"69e653b6":142,"98d2991b":142,"3b411d6a":142,"83826ef3":142,"595609d5":142,"b47f1b89":142,"8e6caf71":142,"9a3433b8":142,"b89112cb":142,"66736d5e":142,"30de89a7":142,"06aaa33f":142,"320c65bf":142,"1fa1e7c2":142,"646af2b9":142,"f1e86522":142,"659389ad":142,"fa03f48f":142,"5298dafa":142,"240c8679":142,"25f7f918":142,"0718c3be":142,"8b503f7b":142,"c5311ebb":142,"272e7d0d":142,"f92596ee":142,"68831ea9":142,"9713d076":142,"fd098272":142,"6ee788a7":142,"8249641d":142,"45b0968f":142,"6a9bb182":142,"1f1afd4f":142,"25fb8826":142,"0dc5da58":142,"2874a625":142,"e61ae828":142,"f7ac3883":142,"ccd01528":142,"dab8cf68":142,"00f2a9cb":142,"916fe082":142,"b64dba8e":142,"c3bb30ce":142,"87a8523c":142,"105bb3f6":142,"58de5462":142,"c416baa6":142,"f01c896d":142,"ae350a07":142,"680a32a6":142,"1f2670d0":142,"962c9c8f":142,"83ba647d":142,"aec0bf28":142,"cb0bd6b7":142,"a017a323":142,"8e426e39":142,"8801c469":142,"51909df8":142,"b6281f1a":142,"e22b0973":142,"48c6df81":142,"23646ff9":142,"5e165f43":142,"3abb827b":142,"f8785b71":142,"0c73c293":142,"88929b06":142,"ab4a411a":142,"d7a4b24c":142,"08c4692e":142,"686d5c0b":142,"5b2479ef":142,"f15eb1c5":142,"1d882c36":142,"71789493":142,"eb62e8f2":142,"5ac72353":142,"d1b14d06":142,"f6c074a7":142,"ffd6849d":142,"962fca02":142,"75968179":142,"bc8bdc23":142,"a71f3f70":142,"1f7aa83c":142,"732d62ee":142,"d4b0751c":142,"5b01444b":142,"79995b62":142,"97160db8":142,"589f0d6e":142,"51b4016a":142,"46bf9112":142,"86219c70":142,"601990d8":142,"5c662c19":142,"d2a5d2fd":142,"89d220c2":142,"3e10c9cb":142,"5500a3e8":142,"3c0e87ac":142,"a891461f":142,"a246cdab":142,"117c7f0b":142,"0d21cf99":142,"14e6fe14":142,"37ec5e73":142,"bfff7913":142,"f8636899":142,"37724339":142,"d45d9727":142,"ee5ff2a3":142,"44322dfd":142,"295e4d1d":142,"8cf6570a":142,"403064a0":142,"9666b973":142,"653b27c7":142,"83b37fd6":142,"4d852788":142,"e43a9448":142,"3542b748":142,"379c53ab":142,"e396d80d":142,"7da61f27":142,"312af46e":142,"b5a9f8c3":142,"fcbc0ae8":142,"2ff6b6a8":142,"66a71cc1":142,"bf4b58e4":142,"a9987a58":142,"b6b8e5c7":142,"e82177d3":142,"89914b94":142,"04bdf5e1":142,"da8b42be":142,"3b0576bf":142,"9458934f":142,"1dcc489c":142,"945badf3":142,"1327775b":142,"bdd40125":142,"75fd47f7":142,"1c52a07e":142,"e70ccc25":142,"afd1494f":142,"ca6bffd3":142,"829c44a4":142,"e76e2617":142,"2b4fd52e":142,"57162572":142,"d1d50cfe":142,"092ad3d6":142,"bf940089":142,"01f34f98":142,"1670b0d3":142,"ec97d63e":142,"94208a41":142,"2cbcad17":142,"4dccb5ca":142,"83268abf":142,"578c4c95":142,"808bc372":142,"c606b472":142,"c792a7c1":142,"5a7da061":142,"06a94514":142,"73c420df":142,"0700da70":142,"ff591765":142,"93f12198":142,"62e270e5":142,"66b1b6d7":142,"b062adc4":142,"4aae5133":142,"63a3af32":142,"3fec4b0b":142,"faa3de3e":142,"44983d13":142,"80999122":142,"72af9198":142,"e39e9552":142,"81c1b70d":142,"e72f0f82":142,"88374b72":142,"fdfaf1ed":142,"ea981bed":142,"5e197575":142,"e587c4d0":142,"525b2635":142,"caa38a45":142,"dc874a97":142,"85a220de":142,"40a7cdd2":142,"ac033c7b":142,"87759976":142,"4df3f62e":142,"c881a53e":142,"80c1c8b1":142,"cf52acd8":142,"a63cb4ce":142,"d3b3492b":142,"7580cfa4":142,"22a96386":142,"5c672b50":142,"5df16440":142,"b666e56d":142,"8db378ff":142,"784d6375":142,"4541bf85":142,"a6b13f20":142,"2459c882":142,"3df97186":142,"ef0490de":142,"e0f47ced":142,"309bbf54":142,"cc537772":142,"6618390c":142,"99cc0813":142,"dc32c4e1":142,"239c636e":142,"6ee160ff":142,"c55d40ca":142,"22c177a8":142,"00ae883f":142,"f416ee62":142,"0d2b182d":142,"320754c3":142,"232b2f64":142,"3171b6e7":142,"3b25460f":142,"d2064756":142,"f7ffcbb8":142,"5728f934":142,"00b26865":142,"c333337d":142,"815c56bc":142,"5bd61a68":142,"8582c5cf":142,"0c353665":142,"231e8700":142,"1f9fbd85":142,"43f24679":142,"a1c0dfc4":142,"78f71162":142,"4b27a9a4":142,"163f4d19":142,"1d043d5a":142,"b2f82e06":142,"5b0b43e6":142,"b5474d69":142,"5a938eeb":142,"4fe0dedf":142,"951fc6d0":142,"61892a4c":142,"f096219e":142,"a3f0a6ec":142,"01051f84":142,"aa7e370d":142,"f995eeab":142,"4006e709":142,"0dedf63e":142,"a9d5374b":142,"4321f02d":142,"089b3f8f":142,"7698d0dc":142,"784414ce":142,"2df3efdb":142,"d0f1b7bd":142,"e7799883":142,"4f9456cf":142,"6e260ee8":142,"f4f84279":142,"b0950de5":142,"6f873999":142,"1f4e0e22":142,"60d69311":142,"3b09f1de":142,"b371f44a":142,"8b6180ff":142,"8819ac24":142,"dbbf7f69":142,"dfe4a061":142,"c2bf7d51":142,"a8edfe84":142,"2ed19b1e":142,"959e16ea":142,"02f76c64":142,"5c6d1f33":142,"781afef6":142,"de9229a0":142,"99a5feef":142,"f6266388":142,"e64fd39c":142,"e1b3ce36":142,"625fa164":142,"0c6ae551":142,"e8f4c1dd":142,"cede8b8c":142,"ad95ff4a":142,"893a99c5":142,"d8bf32b5":142,"0eb42efe":142,"03c4ab87":142,"4e3d3af7":142,"3a4803a8":142,"f7a7de5d":142,"d4e56c3e":142,"0c045c2d":142,"8efd4801":142,"7eb8f268":142,"20236d3e":142,"36ae8cd8":142,"3ddd5391":142,"07f69c6d":142,"2254f0f5":142,"ea282e84":142,"6653c83b":142,"c896052c":142,"287ecd1c":142,"f9376d3e":142,"07a94e8c":142,"bb017b49":142,"37b52fe4":142,"b4801cae":142,"c3c2fd05":142,"f8c97147":142,"c2526ff3":142,"cc386067":142,"a22ffd8f":142,"3cd28a4d":142,"44a12c31":142,"45a961ca":142,"5ca978fd":142,"668e601b":142,"7552d86c":142,"02ebf3b6":142,"bb17a968":142,"4abcb85d":142,"cba26072":142,"2a718dcc":142,"c6a9a8e1":142,"88854fd0":142,"8dc27d2a":142,"41d7f05d":142,"2b851827":142,"9f428a03":142,"4d504d96":142,"0533ece1":142,"bcee2ef3":142,"0afba00c":142,"04ff8100":142,"6c00d8d6":142,"ac9a02bc":142,"acfe69ed":142,"426603ff":142,"2db2f252":142,"2e84193b":142,"61ad1519":142,"819c4185":142,"ba69b06b":142,"7d2a2cb4":142,"4f62491c":142,"70b4c438":142,"71ed93db":142,"c92efaa8":142,"c241ac7e":142,"62a45672":142,"210e507a":142,"ac6e268b":142,"742238e8":142,"c55683c9":142,"51233daf":142,"02791635":142,"be081247":142,"5cc47d1b":142,"678b846f":142,"b4bd39d8":142,"b4cdbe5d":142,"fa0386f3":142,"b95d0f17":142,"cee9c347":142
1601327196512,"7800e7ce":143,"77869ff0":143,"4b8f7b16":143,"89f75690":143,"cb363e2f":143,"cd802f02":143,"d3cca7eb":143,"e866a899":143,"5690e712":143,"0b92d2a9":143,"070bed95":143,"67e5d108":143,"3d37b94b":143,"842c97c2":143,"c4cef92b":143,"0eecdc5b":143,"b7e495ea":143,"45ec63c0":143,"0ddfde2c":143,"a8b41774":143,"81f0da2d":143,"1fcc8ba4":143,"75a9c117":143,"12ba54ec":143,"be391c1a":143,"37d8a5b7":143,"d5ab81c4":143,"2ecde685":143,"f0bd52d3":143,"dcc20f76":143,"666a8ef0":143,"c5b609f1":143,"d5d94481":143,"ffe48500":143,"c7a45a33":143,"faffe099":143,"e99490cd":143,"3b830769":143,"583f0305":143,"1557c50a":143,"249e80ab":143,"f52a3d94":143,"eb74d3dd":143,"3bcbc28d":143,"3c0455e7":143,"df203c79":143,"df1e1ac0":143,"491708eb":143,"e421caaa":143,"2d2ecf27":143,"d38a4953":143,"eba5efdd":143,"a5463f93":143,"c85ac4f8":143,"bc253f4f":143,"0d9d2bf8":143,"846b7f11":143,"d3411467":143,"1df0ce7f":143,"a08171d0":143,"c8bc5677":143,"4dc5849a":143,"d605c755":143,"8a8c1d67":143,"cc6b3306":143,"8c2dfd9a":143,"f11267b9":143,"a483b15e":143,"f80ab49d":143,"95eaed39":143,"a5ba0ebb":143,"f53362a9":143,"1901ef7e":143,"960c2e6b":143,"3515e999":143,"d11f8f1b":143,"9d9eb027":143,"325f9a29":143,"503aafe5":143,"dfca0518":143,"b9a21017":143,"e47705d3":143,"3cae4115":143,"0ccf4731":143,"c7c6782d":143,"54346574":143,"b12cbf87":143,"81942d9b":143,"699b90c1":143,"d9b5a7a8":143,"1e7914d2":143,"e5d8fdb2":143,"3412ab75":143,"bcac5daf":143,"62d028cc":143,"0af2cf39":143,"27491297":143,"d041ea86":143,"1eda11b2":143,"fc442678":143,"080d5d42":143,"5d03f5dc":143,"f0a01341":143,"1ee4d9f9":143,"0d6e45e7":143,"0da97151":143,"e829038c":143,"4987cfb5":143,"ba90687c":143,"77f2cf92":143,"037e2be4":143,"9e7dbd20":143,"0c086273":143,"ac13c3b0":143,"b4d9c57f":143,"5d53c964":143,"8ee9cc91":143,"4cc0af91":143,"55f6a2ba":143,"9559ea96":143,"9cb044bf":143,"16b25add":143,"80ee333e":143,"3b329af2":143,"1cd662bf":143,"72992b35":143,"47589344":143,"593b1533":143,"e9f6e5ce":143,"ed6bead5":143,"96f594b9":143,"94dfcfc5":143,"8301986e":143,"830ecfec":143,"a8bae791":143,"312009ee":143,"c98759fd":143,"e8b6d676":143,"45ee5840":143,"76f04033":143,"43480b19":143,"fd955858":143,"69798d15":143,"efea71fa":143,"fb3aa867":143,"c9cf710b":143,"fcacdeb3":143,"0ea055ed":143,"e3b1bdf8":143,"644b45fb":143
1601327196821,"590ce3d3":143,"1802d7ce":143,"0a49914b":143,"5d3f5cad":143,"cf347cba":143,"18c73816":143,"e491161e":143,"b5087677":143,"16f60bed":143,"cb0c3481":143,"7664512c":143,"df9a53b8":143,"f6c27b2b":143,"945f6c24":143,"f1daea7e":143,"b8fb90e3":143,"56227e35":143,"0d6bf22a":143,"b87321d0":143,"43205b5d":143,"8982905a":143,"f6fe1ad7":143,"230064fa":143,"764e0abb":143,"bba6d88e":143,"ea3479ec":143,"32266fa3":143,"50b090c3":143,"8be24763":143,"eb4800b2":143,"6e0ce9dc":143,"87d9bec4":143,"e30dfa0c":143,"6da34174":143,"bfb849fa":143,"0a10b423":143,"9ef7cee7":143,"49f1a0d1":143,"5f04aa76":143,"ba297382":143,"0287db2a":143,"fc0c23f7":143,"641f9b9e":143,"c92edec5":143,"9f03c1e7":143,"06c24a8d":143,"2f35e75f":143,"3eddf7c8":143,"77970f8b":143,"efd594d5":143,"4718294d":143,"5352cf45":143,"e0ffe8ff":143,"ae14d6b5":143,"721f5f42":143,"0b50bca6":143,"bf2ca266":143,"5d8d9641":143,"0de67c6c":143,"2311399f":143,"5e3ebf5e":143,"9f6ca218":143,"6213799d":143,"44cb1fd2":143,"baf19c25":143,"24a79a6e":143,"edde30af":143,"4d949e11":143,"df12f689":143,"1da10cbf":143,"832c48e4":143,"dc90a44c":143,"1ad7c45b":143,"5566c17c":143,"86a22252":143,"96abe4a9":143,"753b10b1":143,"cf14bd99":143,"782022f4":143,"322e833f":143,"ab3619e4":143,"106006ad":143,"c8237be9":143,"1416e8f5":143,"dde2eed5":143,"a208caa8":143,"16605353":143,"77b39e15":143,"f1726edb":143,"0000dece":143,"ce5efdbe":143,"58ace2b5":143,"d379fd96":143,"7b819458":143,"7f8024cd":143,"ae562513":143,"7b66dacd":143,"9ab137d7":143,"7191d1cd":143,"005354dd":143,"92b72493":143,"d3e58903":143,"4481c4be":143,"7954891b":143,"4afd60a9":143,"d44c0ea3":143,"68f87858":143,"533bac6b":143,"41634dba":143,"43fd1327":143,"113e7f4b":143,"8cce569a":143,"ce6401b6":143,"6f57824c":143,"28bd7aa1":143,"1d52fb0d":143,"cde0d748":143,"535ed444":143,"710f0d0e":143,"0905f1fb":143,"a20e529c":143,"1ae76fcc":143,"35b161d3":143,"344cd1a3":143,"77ea1236":143,"96d2a118":143,"23a0e41f":143,"b32a1080":143,"a2c4b591":143,"6dfa57be":143,"1854ce44":143,"f92b22f1":143,"ece12664":143,"36f4ecde":143,"568a0d58":143,"5fd569d2":143,"10c8fd03":143,"bd4ccb49":143,"e773d697":143,"7e8c11e7":143,"077eb15a":143,"5337c279":143,"8d256cb6":143,"7021c619":143,"32ae00db":143,"bf2defb2":143,"bc733a28":143,"30d32d34":143,"886c16d3":143,"e8d09b62":143,"5b09e53e":143,"da5bb0f7":143,"6d925c84":143,"50b23ab2":143,"edfa56d4":143,"899c16eb":143,"41c76041":143,"6bb1fa99":143,"d73ff72e":143,"61c0ca91":143,"d2fda7be":143,"ce20ca3c":143,"1d2d958b":143,"81fb6a01":143,"7f5b27c8":143,"fb3444d9":143,"f05de640":143,"86a68967":143,"56cd4dca":143,"7f469f4c":143,"f92dedfc":143,"355d1489":143,"f96fc1af":143,"06713bac":143,"61aca924":143,"d97fb857":143,"59ff5ec6":143,"ef04e64e":143,"6e2d04de":143,"2fca1798":143,"05028839":143,"5488826c":143,"84fff5c1":143,"c649992d":143,"d5ad3ed6":143,"8e5f7187":143,"55ba7579":143,"b7769ca6":143,"9c27de51":143,"38a75b48":143,"1792bfa3":143,"426f1904":143,"7c0f1ca9":143,"b2f820ac":143,"25d4f65d":143,"eddb6a2a":143,"ff8a00aa":143,"c146560b":143,"985068e7":143,"d543ba6f":143,"3b3569f6":143,"b01ab62a":143,"76da16fa":143,"bffee581":143,"07150038":143,"080fa362":143,"7b6945ad":143,"a40d08e1":143,"cec79bc2":143,"d2eff358":143,"e70aebb5":143,"a488b2f1":143,"4caa87d6":143,"f7076e21":143,"69e653b6":143,"98d2991b":143,"3b411d6a":143,"83826ef3":143,"595609d5":143,"b47f1b89":143,"8e6caf71":143,"9a3433b8":143,"b89112cb":143,"66736d5e":143,"30de89a7":143,"06aaa33f":143,"320c65bf":143,"1fa1e7c2":143,"646af2b9":143,"659389ad":143,"f1e86522":143,"240c8679":143,"fa03f48f":143,"0718c3be":143,"5298dafa":143,"25f7f918":143,"8b503f7b":143,"c5311ebb":143,"87a8523c":143,"c416baa6":143,"105bb3f6":143,"58de5462":143,"ae350a07":143,"680a32a6":143,"f01c896d":143,"83ba647d":143,"1f2670d0":143,"962c9c8f":143,"cb0bd6b7":143,"aec0bf28":143,"8e426e39":143,"a017a323":143,"51909df8":143,"e22b0973":143,"8801c469":143,"b6281f1a":143,"23646ff9":143,"3abb827b":143,"48c6df81":143,"5e165f43":143,"0c73c293":143,"88929b06":143,"f8785b71":143,"ab4a411a":143,"08c4692e":143,"5b2479ef":143,"d7a4b24c":143,"686d5c0b":143,"1d882c36":143,"f15eb1c5":143,"eb62e8f2":143,"71789493":143,"5ac72353":143
1601327197356,"9666b973":143,"653b27c7":143,"83b37fd6":143,"4d852788":143,"e43a9448":143,"3542b748":143,"272e7d0d":143,"f92596ee":143,"68831ea9":143,"9713d076":143,"fd098272":143,"6ee788a7":143,"8249641d":143,"45b0968f":143,"6a9bb182":143,"1f1afd4f":143,"f7ffcbb8":143,"b062adc4":143,"4aae5133":143,"63a3af32":143,"3fec4b0b":143,"faa3de3e":143,"44983d13":143,"80999122":143,"72af9198":143,"e39e9552":143,"81c1b70d":143,"e72f0f82":143,"88374b72":143,"fdfaf1ed":143,"ea981bed":143,"5e197575":143,"e587c4d0":143,"525b2635":143,"caa38a45":143,"a9987a58":143,"b6b8e5c7":143,"e82177d3":143,"89914b94":143,"04bdf5e1":143,"da8b42be":143,"3b0576bf":143,"9458934f":143,"1dcc489c":143,"945badf3":143,"1327775b":143,"bdd40125":143,"75fd47f7":143,"1c52a07e":143,"e70ccc25":143,"afd1494f":143,"ca6bffd3":143,"829c44a4":143,"e76e2617":143,"2b4fd52e":143,"57162572":143,"d1d50cfe":143,"5728f934":143,"d1b14d06":143,"f6c074a7":143,"ffd6849d":143,"962fca02":143,"75968179":143,"bc8bdc23":143,"a71f3f70":143,"1f7aa83c":143,"732d62ee":143,"d4b0751c":143,"5b01444b":143,"79995b62":143,"97160db8":143,"589f0d6e":143,"51b4016a":143,"46bf9112":143,"092ad3d6":143,"bf940089":143,"01f34f98":143,"1670b0d3":143,"ec97d63e":143,"94208a41":143,"2cbcad17":143,"808bc372":143,"4dccb5ca":143,"c792a7c1":143,"83268abf":143,"5a7da061":143,"578c4c95":143,"06a94514":143,"73c420df":143,"c606b472":143,"0700da70":143,"ff591765":143,"93f12198":143,"62e270e5":143,"66b1b6d7":143,"00b26865":143,"c333337d":143,"815c56bc":143,"5bd61a68":143,"8582c5cf":143,"0c353665":143,"231e8700":143,"25fb8826":143,"0dc5da58":143,"2874a625":143,"e61ae828":143,"f7ac3883":143,"ccd01528":143,"dab8cf68":143,"00f2a9cb":143,"916fe082":143,"b64dba8e":143,"c3bb30ce":143,"86219c70":143,"601990d8":143,"5c662c19":143,"d2a5d2fd":143,"89d220c2":143,"3e10c9cb":143,"5500a3e8":143,"3c0e87ac":143,"a891461f":143,"a246cdab":143,"117c7f0b":143,"0d21cf99":143,"14e6fe14":143,"37ec5e73":143,"bfff7913":143,"f8636899":143,"37724339":143,"d45d9727":143,"ee5ff2a3":143,"44322dfd":143,"295e4d1d":143,"8cf6570a":143,"403064a0":143,"312af46e":143,"1f9fbd85":143,"379c53ab":143,"e396d80d":143,"7da61f27":143,"dc874a97":143,"85a220de":143,"40a7cdd2":143,"ac033c7b":143,"87759976":143,"4df3f62e":143,"c881a53e":143,"80c1c8b1":143,"cf52acd8":143,"a63cb4ce":143,"d3b3492b":143,"7580cfa4":143,"22a96386":143,"5c672b50":143,"5df16440":143,"b666e56d":143,"8db378ff":143,"784d6375":143,"4541bf85":143,"a6b13f20":143,"2459c882":143,"3df97186":143,"ef0490de":143,"e0f47ced":143,"309bbf54":143,"cc537772":143,"6618390c":143,"99cc0813":143,"dc32c4e1":143,"239c636e":143,"6ee160ff":143,"c55d40ca":143,"22c177a8":143,"00ae883f":143,"43f24679":143,"a1c0dfc4":143,"78f71162":143,"4b27a9a4":143,"163f4d19":143,"1d043d5a":143,"b2f82e06":143,"5b0b43e6":143,"b5474d69":143,"5a938eeb":143,"4fe0dedf":143,"951fc6d0":143,"61892a4c":143,"f096219e":143,"a3f0a6ec":143,"01051f84":143,"aa7e370d":143,"f995eeab":143,"4006e709":143,"0dedf63e":143,"a9d5374b":143,"4321f02d":143,"089b3f8f":143,"7698d0dc":143,"784414ce":143,"2df3efdb":143,"d0f1b7bd":143,"e7799883":143,"f416ee62":143,"0d2b182d":143,"320754c3":143,"232b2f64":143,"3171b6e7":143,"3b25460f":143,"d2064756":143,"4f9456cf":143,"b5a9f8c3":143,"fcbc0ae8":143,"2ff6b6a8":143,"66a71cc1":143,"bf4b58e4":143,"6e260ee8":143,"f4f84279":143,"b0950de5":143,"6f873999":143,"1f4e0e22":143,"60d69311":143,"3b09f1de":143,"b371f44a":143,"8b6180ff":143,"8819ac24":143,"dbbf7f69":143,"dfe4a061":143,"c2bf7d51":143,"781afef6":143,"de9229a0":143,"99a5feef":143,"f6266388":143,"e64fd39c":143,"e1b3ce36":143,"625fa164":143,"0c6ae551":143,"a8edfe84":143,"2ed19b1e":143,"959e16ea":143,"02f76c64":143,"5c6d1f33":143,"b4801cae":143,"c3c2fd05":143,"f8c97147":143,"c2526ff3":143,"e8f4c1dd":143,"cede8b8c":143,"ad95ff4a":143,"893a99c5":143,"d8bf32b5":143,"0eb42efe":143,"03c4ab87":143,"4e3d3af7":143,"3a4803a8":143,"f7a7de5d":143,"d4e56c3e":143,"0c045c2d":143,"8efd4801":143,"7eb8f268":143,"20236d3e":143,"36ae8cd8":143,"3ddd5391":143,"07f69c6d":143,"2254f0f5":143,"ea282e84":143,"6653c83b":143,"c896052c":143,"287ecd1c":143,"f9376d3e":143,"07a94e8c":143,"bb017b49":143,"37b52fe4":143,"61ad1519":143,"819c4185":143,"ba69b06b":143,"7d2a2cb4":143,"4f62491c":143,"70b4c438":143,"71ed93db":143,"c92efaa8":143,"c241ac7e":143,"62a45672":143,"210e507a":143,"ac6e268b":143,"742238e8":143,"cc386067":143,"a22ffd8f":143,"3cd28a4d":143,"44a12c31":143,"45a961ca":143,"5ca978fd":143,"668e601b":143,"7552d86c":143,"02ebf3b6":143,"bb17a968":143,"4abcb85d":143,"cba26072":143,"2a718dcc":143,"c6a9a8e1":143,"88854fd0":143,"8dc27d2a":143,"41d7f05d":143,"2b851827":143,"9f428a03":143,"4d504d96":143,"0533ece1":143,"bcee2ef3":143,"0afba00c":143,"04ff8100":143,"6c00d8d6":143,"ac9a02bc":143,"acfe69ed":143,"426603ff":143,"2db2f252":143,"2e84193b":143,"c55683c9":143,"51233daf":143,"02791635":143,"be081247":143,"5cc47d1b":143,"678b846f":143,"b4bd39d8":143,"b4cdbe5d":143,"fa0386f3":143,"b95d0f17":143,"cee9c347":143
1601327201003,"7800e7ce":144,"77869ff0":144,"4b8f7b16":144,"89f75690":144,"cb363e2f":144,"cd802f02":144,"d3cca7eb":144,"e866a899":144
1601327201779,"5690e712":144,"0b92d2a9":144,"070bed95":144,"67e5d108":144,"3d37b94b":144,"842c97c2":144,"c4cef92b":144,"0eecdc5b":144,"b7e495ea":144,"45ec63c0":144,"0ddfde2c":144,"a8b41774":144,"81f0da2d":144,"1fcc8ba4":144,"75a9c117":144,"12ba54ec":144,"be391c1a":144,"37d8a5b7":144,"d5ab81c4":144,"2ecde685":144,"f0bd52d3":144,"dcc20f76":144,"666a8ef0":144,"c5b609f1":144,"4dc5849a":144,"d605c755":144,"8a8c1d67":144,"cc6b3306":144,"8c2dfd9a":144,"f11267b9":144,"a483b15e":144,"f80ab49d":144,"95eaed39":144,"a5ba0ebb":144,"f53362a9":144,"1901ef7e":144,"960c2e6b":144,"3515e999":144,"d11f8f1b":144,"9d9eb027":144,"325f9a29":144,"503aafe5":144,"d5d94481":144,"ffe48500":144,"c7a45a33":144,"faffe099":144,"e99490cd":144,"3b830769":144,"583f0305":144,"1557c50a":144,"249e80ab":144,"f52a3d94":144,"eb74d3dd":144,"3bcbc28d":144,"3c0455e7":144,"df203c79":144,"df1e1ac0":144,"491708eb":144,"e421caaa":144,"2d2ecf27":144,"d38a4953":144,"eba5efdd":144,"a5463f93":144,"c85ac4f8":144,"bc253f4f":144,"0d9d2bf8":144,"846b7f11":144,"d3411467":144,"1df0ce7f":144,"a08171d0":144,"080d5d42":144,"5d03f5dc":144,"f0a01341":144,"1ee4d9f9":144,"0d6e45e7":144,"0da97151":144,"e829038c":144,"4987cfb5":144,"ba90687c":144,"77f2cf92":144,"037e2be4":144,"9e7dbd20":144,"0c086273":144,"ac13c3b0":144,"b4d9c57f":144,"5d53c964":144,"8ee9cc91":144,"4cc0af91":144,"55f6a2ba":144,"9559ea96":144,"9cb044bf":144,"16b25add":144,"80ee333e":144,"3b329af2":144,"1cd662bf":144,"72992b35":144,"47589344":144,"c8bc5677":144,"dfca0518":144,"b9a21017":144,"e47705d3":144,"3cae4115":144,"0ccf4731":144,"c7c6782d":144,"54346574":144,"b12cbf87":144,"81942d9b":144,"699b90c1":144,"d9b5a7a8":144,"1e7914d2":144,"e5d8fdb2":144,"3412ab75":144,"bcac5daf":144,"62d028cc":144,"0af2cf39":144,"27491297":144,"d041ea86":144,"1eda11b2":144,"fc442678":144,"593b1533":144,"e9f6e5ce":144,"ed6bead5":144,"96f594b9":144,"94dfcfc5":144,"8301986e":144,"830ecfec":144,"a8bae791":144,"312009ee":144,"c98759fd":144,"e8b6d676":144,"45ee5840":144,"76f04033":144,"43480b19":144,"fd955858":144,"69798d15":144,"efea71fa":144,"fb3aa867":144,"c9cf710b":144,"fcacdeb3":144,"0ea055ed":144,"e3b1bdf8":144,"644b45fb":144,"18c73816":144,"e491161e":144,"b5087677":144,"16f60bed":144,"cb0c3481":144,"7664512c":144,"df9a53b8":144,"f6c27b2b":144,"945f6c24":144,"f1daea7e":144,"b8fb90e3":144,"56227e35":144,"0d6bf22a":144,"b87321d0":144,"43205b5d":144,"8982905a":144,"f6fe1ad7":144,"230064fa":144,"764e0abb":144,"bba6d88e":144,"ea3479ec":144,"32266fa3":144,"50b090c3":144,"8be24763":144,"590ce3d3":144,"1802d7ce":144,"0a49914b":144,"5d3f5cad":144,"cf347cba":144,"fc0c23f7":144,"641f9b9e":144,"c92edec5":144,"9f03c1e7":144
1601327202117,"06c24a8d":144,"2f35e75f":144,"3eddf7c8":144,"77970f8b":144,"efd594d5":144,"4718294d":144,"5352cf45":144,"e0ffe8ff":144,"ae14d6b5":144,"721f5f42":144,"0b50bca6":144,"bf2ca266":144,"5d8d9641":144,"0de67c6c":144,"2311399f":144,"5e3ebf5e":144,"9f6ca218":144,"6213799d":144,"44cb1fd2":144,"baf19c25":144,"24a79a6e":144,"edde30af":144,"4d949e11":144,"df12f689":144,"1da10cbf":144,"832c48e4":144,"dc90a44c":144,"1ad7c45b":144,"5566c17c":144,"86a22252":144,"0000dece":144,"ce5efdbe":144,"58ace2b5":144,"d379fd96":144,"7b819458":144,"7f8024cd":144,"ae562513":144,"92b72493":144,"d3e58903":144,"4481c4be":144,"7954891b":144,"4afd60a9":144,"d44c0ea3":144,"68f87858":144,"533bac6b":144,"41634dba":144,"eb4800b2":144,"6e0ce9dc":144,"87d9bec4":144,"e30dfa0c":144,"6da34174":144,"bfb849fa":144,"0a10b423":144,"9ef7cee7":144,"49f1a0d1":144,"5f04aa76":144,"ba297382":144,"0287db2a":144,"96abe4a9":144,"753b10b1":144,"cf14bd99":144,"782022f4":144,"322e833f":144,"ab3619e4":144,"106006ad":144,"c8237be9":144,"1416e8f5":144,"dde2eed5":144,"a208caa8":144,"16605353":144,"77b39e15":144,"f1726edb":144,"7b66dacd":144,"9ab137d7":144,"7191d1cd":144,"005354dd":144,"43fd1327":144,"113e7f4b":144,"8cce569a":144,"ce6401b6":144,"6f57824c":144,"28bd7aa1":144,"1d52fb0d":144,"cde0d748":144,"535ed444":144,"710f0d0e":144,"0905f1fb":144,"a20e529c":144,"1ae76fcc":144,"35b161d3":144,"344cd1a3":144,"77ea1236":144,"96d2a118":144,"23a0e41f":144,"b32a1080":144,"a2c4b591":144,"6dfa57be":144,"1854ce44":144,"f92b22f1":144,"ece12664":144,"36f4ecde":144,"568a0d58":144,"5fd569d2":144,"10c8fd03":144,"bd4ccb49":144,"e773d697":144,"7e8c11e7":144,"077eb15a":144,"5337c279":144,"8d256cb6":144,"7021c619":144,"32ae00db":144,"bf2defb2":144,"bc733a28":144,"30d32d34":144,"886c16d3":144,"e8d09b62":144,"5b09e53e":144,"da5bb0f7":144,"6d925c84":144,"50b23ab2":144,"edfa56d4":144,"899c16eb":144,"41c76041":144,"6bb1fa99":144,"d73ff72e":144,"61c0ca91":144,"d2fda7be":144,"ce20ca3c":144,"1d2d958b":144,"81fb6a01":144,"7f5b27c8":144,"fb3444d9":144,"f05de640":144,"86a68967":144,"56cd4dca":144,"7f469f4c":144,"f92dedfc":144,"355d1489":144,"f96fc1af":144,"06713bac":144,"61aca924":144,"d97fb857":144,"59ff5ec6":144,"ef04e64e":144,"6e2d04de":144,"2fca1798":144,"05028839":144,"5488826c":144,"84fff5c1":144,"c649992d":144,"d5ad3ed6":144,"8e5f7187":144,"55ba7579":144,"3b3569f6":144,"b01ab62a":144,"76da16fa":144,"bffee581":144,"b7769ca6":144,"9c27de51":144,"38a75b48":144,"1792bfa3":144,"426f1904":144,"7c0f1ca9":144,"b2f820ac":144,"25d4f65d":144,"eddb6a2a":144,"ff8a00aa":144,"c146560b":144,"985068e7":144,"d543ba6f":144,"07150038":144,"080fa362":144,"7b6945ad":144,"a40d08e1":144,"cec79bc2":144,"d2eff358":144,"e70aebb5":144,"a488b2f1":144,"4caa87d6":144,"f7076e21":144,"69e653b6":144,"98d2991b":144,"3b411d6a":144,"83826ef3":144,"595609d5":144,"b47f1b89":144,"8e6caf71":144,"9a3433b8":144,"b89112cb":144,"66736d5e":144,"30de89a7":144,"06aaa33f":144,"f1e86522":144,"320c65bf":144,"fa03f48f":144,"5298dafa":144,"1fa1e7c2":144,"25f7f918":144,"646af2b9":144,"659389ad":144,"c5311ebb":144,"105bb3f6":144,"240c8679":144,"58de5462":144,"0718c3be":144,"f01c896d":144,"8b503f7b":144,"87a8523c":144,"1f2670d0":144,"962c9c8f":144,"c416baa6":144,"aec0bf28":144,"ae350a07":144,"a017a323":144,"680a32a6":144,"8801c469":144,"83ba647d":144,"cb0bd6b7":144,"b6281f1a":144,"48c6df81":144,"8e426e39":144,"5e165f43":144,"51909df8":144,"f8785b71":144,"e22b0973":144,"23646ff9":144,"ab4a411a":144,"d7a4b24c":144,"3abb827b":144,"0c73c293":144,"686d5c0b":144,"f15eb1c5":144,"88929b06":144,"08c4692e":144,"71789493":144,"5b2479ef":144,"5ac72353":144,"d1b14d06":144,"1d882c36":144,"eb62e8f2":144,"f6c074a7":144,"ffd6849d":144,"962fca02":144,"75968179":144,"bc8bdc23":144,"a71f3f70":144,"1f7aa83c":144,"732d62ee":144,"d4b0751c":144,"5b01444b":144,"79995b62":144,"97160db8":144,"589f0d6e":144,"51b4016a":144,"46bf9112":144,"092ad3d6":144,"bf940089":144,"01f34f98":144,"1670b0d3":144,"ec97d63e":144,"94208a41":144,"2cbcad17":144,"4dccb5ca":144,"83268abf":144,"578c4c95":144,"9666b973":144,"653b27c7":144,"83b37fd6":144,"c606b472":144,"808bc372":144,"c792a7c1":144,"5a7da061":144,"06a94514":144,"73c420df":144,"0700da70":144,"ff591765":144,"93f12198":144,"62e270e5":144,"66b1b6d7":144,"b062adc4":144,"4aae5133":144,"63a3af32":144,"3fec4b0b":144,"faa3de3e":144,"44983d13":144,"80999122":144,"72af9198":144,"e39e9552":144,"81c1b70d":144,"e72f0f82":144,"88374b72":144,"fdfaf1ed":144,"ea981bed":144,"5e197575":144,"e587c4d0":144,"525b2635":144,"caa38a45":144,"a9987a58":144,"b6b8e5c7":144,"e82177d3":144,"89914b94":144,"04bdf5e1":144,"da8b42be":144,"3b0576bf":144,"9458934f":144,"1dcc489c":144,"945badf3":144,"1327775b":144,"bdd40125":144,"75fd47f7":144,"1c52a07e":144,"e70ccc25":144,"afd1494f":144,"ca6bffd3":144,"829c44a4":144,"e76e2617":144,"2b4fd52e":144,"57162572":144,"d1d50cfe":144,"272e7d0d":144,"f92596ee":144,"68831ea9":144,"9713d076":144,"fd098272":144,"6ee788a7":144,"8249641d":144,"45b0968f":144,"6a9bb182":144,"1f1afd4f":144,"25fb8826":144,"0dc5da58":144,"2874a625":144,"e61ae828":144,"f7ac3883":144,"ccd01528":144,"dab8cf68":144,"00f2a9cb":144,"916fe082":144,"b64dba8e":144,"c3bb30ce":144,"86219c70":144,"f7ffcbb8":144,"5728f934":144,"00b26865":144,"c333337d":144,"815c56bc":144,"5bd61a68":144,"8582c5cf":144,"0c353665":144,"231e8700":144,"4d852788":144,"e43a9448":144,"3542b748":144,"379c53ab":144,"e396d80d":144,"7da61f27":144,"dc874a97":144,"85a220de":144,"40a7cdd2":144,"ac033c7b":144,"87759976":144,"4df3f62e":144,"c881a53e":144,"80c1c8b1":144,"cf52acd8":144,"a63cb4ce":144,"d3b3492b":144,"7580cfa4":144,"22a96386":144,"5c672b50":144,"5df16440":144,"b666e56d":144,"8db378ff":144,"784d6375":144,"4541bf85":144,"a6b13f20":144,"2459c882":144,"3df97186":144,"ef0490de":144,"e0f47ced":144,"309bbf54":144,"cc537772":144,"6618390c":144,"99cc0813":144,"dc32c4e1":144,"601990d8":144,"5c662c19":144,"d2a5d2fd":144,"89d220c2":144,"3e10c9cb":144,"5500a3e8":144,"3c0e87ac":144,"a891461f":144,"a246cdab":144,"117c7f0b":144,"0d21cf99":144,"14e6fe14":144,"37ec5e73":144,"bfff7913":144,"f8636899":144,"37724339":144,"d45d9727":144,"ee5ff2a3":144,"44322dfd":144,"295e4d1d":144,"8cf6570a":144,"403064a0":144,"312af46e":144,"b5a9f8c3":144,"fcbc0ae8":144,"2ff6b6a8":144,"66a71cc1":144,"bf4b58e4":144
1601327203313,"239c636e":144,"6ee160ff":144,"c55d40ca":144,"22c177a8":144,"00ae883f":144,"f416ee62":144,"0d2b182d":144,"320754c3":144,"232b2f64":144,"3171b6e7":144,"3b25460f":144,"d2064756":144,"1f9fbd85":144,"43f24679":144,"a1c0dfc4":144,"78f71162":144,"4b27a9a4":144,"163f4d19":144,"1d043d5a":144,"b2f82e06":144,"5b0b43e6":144,"b5474d69":144,"5a938eeb":144,"4fe0dedf":144,"951fc6d0":144,"61892a4c":144,"f096219e":144,"a3f0a6ec":144,"01051f84":144,"aa7e370d":144,"f995eeab":144,"4006e709":144,"0dedf63e":144,"a9d5374b":144,"4321f02d":144,"089b3f8f":144,"7698d0dc":144,"784414ce":144,"2df3efdb":144,"d0f1b7bd":144,"e7799883":144,"4f9456cf":144,"6e260ee8":144,"f4f84279":144,"b0950de5":144,"6f873999":144,"1f4e0e22":144,"60d69311":144,"3b09f1de":144,"b371f44a":144,"8b6180ff":144,"8819ac24":144,"dbbf7f69":144,"dfe4a061":144,"c2bf7d51":144,"781afef6":144,"de9229a0":144,"99a5feef":144,"f6266388":144,"e64fd39c":144,"e1b3ce36":144,"625fa164":144,"0c6ae551":144,"e8f4c1dd":144,"cede8b8c":144,"ad95ff4a":144,"893a99c5":144,"d8bf32b5":144,"0eb42efe":144,"03c4ab87":144,"4e3d3af7":144,"3a4803a8":144,"f7a7de5d":144,"d4e56c3e":144,"0c045c2d":144,"8efd4801":144,"7eb8f268":144,"20236d3e":144,"36ae8cd8":144,"3ddd5391":144,"07f69c6d":144,"2254f0f5":144,"ea282e84":144,"6653c83b":144,"c896052c":144,"287ecd1c":144,"f9376d3e":144,"07a94e8c":144,"bb017b49":144,"37b52fe4":144,"61ad1519":144,"819c4185":144,"ba69b06b":144,"7d2a2cb4":144,"4f62491c":144,"70b4c438":144,"71ed93db":144,"c92efaa8":144,"c241ac7e":144,"62a45672":144,"210e507a":144,"ac6e268b":144,"742238e8":144,"a8edfe84":144,"2ed19b1e":144,"959e16ea":144,"02f76c64":144,"5c6d1f33":144,"b4801cae":144,"c3c2fd05":144,"f8c97147":144,"c2526ff3":144,"51233daf":144,"02791635":144,"be081247":144,"5cc47d1b":144,"678b846f":144,"b4bd39d8":144,"b4cdbe5d":144,"fa0386f3":144,"b95d0f17":144,"cee9c347":144,"cc386067":144,"a22ffd8f":144,"3cd28a4d":144,"44a12c31":144,"45a961ca":144,"5ca978fd":144,"668e601b":144,"7552d86c":144,"02ebf3b6":144,"bb17a968":144,"4abcb85d":144,"cba26072":144,"2a718dcc":144,"c6a9a8e1":144,"88854fd0":144,"8dc27d2a":144,"41d7f05d":144,"2b851827":144,"9f428a03":144,"4d504d96":144,"0533ece1":144,"bcee2ef3":144,"0afba00c":144,"04ff8100":144,"6c00d8d6":144,"ac9a02bc":144,"acfe69ed":144,"426603ff":144,"2db2f252":144,"2e84193b":144,"c55683c9":144,"7800e7ce":145,"77869ff0":145,"4b8f7b16":145,"89f75690":145,"cb363e2f":145,"cd802f02":145,"d3cca7eb":145,"e866a899":145,"5690e712":145,"0b92d2a9":145,"070bed95":145,"67e5d108":145,"3d37b94b":145,"842c97c2":145,"c4cef92b":145,"0eecdc5b":145,"b7e495ea":145,"45ec63c0":145,"0ddfde2c":145,"a8b41774":145,"81f0da2d":145,"1fcc8ba4":145,"75a9c117":145,"12ba54ec":145,"be391c1a":145,"37d8a5b7":145,"d5ab81c4":145,"2ecde685":145,"f0bd52d3":145,"dcc20f76":145,"666a8ef0":145,"c5b609f1":145,"4dc5849a":145,"d605c755":145,"8a8c1d67":145,"cc6b3306":145,"8c2dfd9a":145,"f11267b9":145,"a483b15e":145,"f80ab49d":145,"95eaed39":145,"a5ba0ebb":145,"f53362a9":145,"1901ef7e":145,"960c2e6b":145,"3515e999":145,"d5d94481":145,"ffe48500":145,"c7a45a33":145,"faffe099":145,"e99490cd":145,"3b830769":145,"583f0305":145,"1557c50a":145,"249e80ab":145,"f52a3d94":145,"eb74d3dd":145,"3bcbc28d":145,"3c0455e7":145,"df203c79":145,"df1e1ac0":145,"491708eb":145,"e421caaa":145,"2d2ecf27":145,"d38a4953":145,"eba5efdd":145,"a5463f93":145,"c85ac4f8":145,"bc253f4f":145,"0d9d2bf8":145,"846b7f11":145,"d3411467":145,"1df0ce7f":145,"d11f8f1b":145,"9d9eb027":145,"325f9a29":145,"503aafe5":145,"a08171d0":145,"c8bc5677":145,"dfca0518":145,"b9a21017":145,"e47705d3":145,"3cae4115":145,"0ccf4731":145,"c7c6782d":145,"54346574":145,"b12cbf87":145,"81942d9b":145,"699b90c1":145,"d9b5a7a8":145,"1e7914d2":145,"e5d8fdb2":145,"3412ab75":145,"bcac5daf":145,"62d028cc":145,"0af2cf39":145,"27491297":145,"d041ea86":145,"1eda11b2":145,"fc442678":145,"080d5d42":145,"5d03f5dc":145,"f0a01341":145,"1ee4d9f9":145,"0d6e45e7":145,"0da97151":145,"e829038c":145,"4987cfb5":145,"ba90687c":145,"77f2cf92":145,"037e2be4":145,"9e7dbd20":145,"0c086273":145,"ac13c3b0":145,"b4d9c57f":145,"5d53c964":145,"8ee9cc91":145,"4cc0af91":145,"55f6a2ba":145,"9559ea96":145,"9cb044bf":145,"16b25add":145,"80ee333e":145,"3b329af2":145,"1cd662bf":145,"72992b35":145,"47589344":145,"593b1533":145,"e9f6e5ce":145,"ed6bead5":145,"96f594b9":145,"94dfcfc5":145,"8301986e":145,"830ecfec":145,"a8bae791":145,"312009ee":145,"c98759fd":145,"e8b6d676":145,"45ee5840":145,"76f04033":145,"43480b19":145,"fd955858":145,"69798d15":145,"efea71fa":145,"fb3aa867":145,"c9cf710b":145,"fcacdeb3":145,"0ea055ed":145,"e3b1bdf8":145,"644b45fb":145,"590ce3d3":145,"1802d7ce":145,"0a49914b":145,"5d3f5cad":145,"cf347cba":145,"fc0c23f7":145,"641f9b9e":145,"c92edec5":145,"9f03c1e7":145,"06c24a8d":145,"2f35e75f":145,"3eddf7c8":145,"77970f8b":145,"efd594d5":145,"4718294d":145,"5352cf45":145,"e0ffe8ff":145,"ae14d6b5":145,"721f5f42":145,"0b50bca6":145,"bf2ca266":145,"5d8d9641":145,"0de67c6c":145,"0287db2a":145,"96abe4a9":145,"753b10b1":145,"cf14bd99":145,"782022f4":145,"322e833f":145,"ab3619e4":145,"106006ad":145,"c8237be9":145,"1416e8f5":145,"dde2eed5":145,"a208caa8":145,"16605353":145,"77b39e15":145,"f1726edb":145,"18c73816":145,"e491161e":145,"b5087677":145,"16f60bed":145,"cb0c3481":145,"7664512c":145,"df9a53b8":145,"f6c27b2b":145,"945f6c24":145,"f1daea7e":145,"b8fb90e3":145,"56227e35":145,"0d6bf22a":145,"b87321d0":145,"43205b5d":145,"8982905a":145,"f6fe1ad7":145,"230064fa":145,"764e0abb":145,"bba6d88e":145,"ea3479ec":145,"32266fa3":145,"50b090c3":145,"8be24763":145,"eb4800b2":145,"6e0ce9dc":145,"87d9bec4":145,"e30dfa0c":145,"6da34174":145,"bfb849fa":145,"0a10b423":145,"9ef7cee7":145,"49f1a0d1":145,"5f04aa76":145,"ba297382":145,"92b72493":145,"d3e58903":145,"4481c4be":145,"7954891b":145,"4afd60a9":145,"d44c0ea3":145,"68f87858":145,"533bac6b":145,"41634dba":145,"43fd1327":145,"113e7f4b":145,"8cce569a":145,"ce6401b6":145,"6f57824c":145,"28bd7aa1":145,"1d52fb0d":145,"cde0d748":145,"535ed444":145,"710f0d0e":145,"0905f1fb":145,"a20e529c":145,"1ae76fcc":145,"35b161d3":145,"344cd1a3":145,"5b09e53e":145,"da5bb0f7":145,"6d925c84":145,"50b23ab2":145,"edfa56d4":145,"899c16eb":145,"41c76041":145,"6bb1fa99":145,"d73ff72e":145,"61c0ca91":145,"3b3569f6":145,"b01ab62a":145,"76da16fa":145,"bffee581":145,"07150038":145,"080fa362":145,"7b6945ad":145,"a40d08e1":145,"cec79bc2":145,"d2eff358":145,"e70aebb5":145,"a488b2f1":145,"4caa87d6":145,"f7076e21":145,"2311399f":145,"5e3ebf5e":145,"9f6ca218":145,"6213799d":145,"44cb1fd2":145,"baf19c25":145,"24a79a6e":145,"edde30af":145,"4d949e11":145,"df12f689":145,"1da10cbf":145,"832c48e4":145,"dc90a44c":145,"1ad7c45b":145,"5566c17c":145,"86a22252":145,"0000dece":145,"ce5efdbe":145,"58ace2b5":145,"d379fd96":145,"7b819458":145,"7f8024cd":145,"ae562513":145,"7b66dacd":145,"9ab137d7":145,"7191d1cd":145,"005354dd":145,"69e653b6":145,"d2fda7be":145,"ce20ca3c":145,"1d2d958b":145,"81fb6a01":145,"7f5b27c8":145,"fb3444d9":145,"f05de640":145,"86a68967":145,"56cd4dca":145,"7f469f4c":145,"f92dedfc":145,"355d1489":145,"f96fc1af":145,"06713bac":145,"61aca924":145,"d97fb857":145,"59ff5ec6":145,"ef04e64e":145,"6e2d04de":145,"2fca1798":145,"05028839":145,"5488826c":145,"84fff5c1":145,"c649992d":145,"d5ad3ed6":145,"8e5f7187":145,"55ba7579":145,"b7769ca6":145,"9c27de51":145,"38a75b48":145,"1792bfa3":145,"426f1904":145,"7c0f1ca9":145,"b2f820ac":145,"25d4f65d":145,"eddb6a2a":145,"ff8a00aa":145,"c146560b":145,"98d2991b":145,"3b411d6a":145,"83826ef3":145,"595609d5":145,"b47f1b89":145,"8e6caf71":145,"9a3433b8":145,"b89112cb":145,"66736d5e":145,"30de89a7":145,"77ea1236":145,"96d2a118":145,"23a0e41f":145,"b32a1080":145,"a2c4b591":145,"6dfa57be":145,"1854ce44":145,"f92b22f1":145,"ece12664":145,"36f4ecde":145,"568a0d58":145,"5fd569d2":145,"10c8fd03":145,"bd4ccb49":145,"e773d697":145,"7e8c11e7":145,"077eb15a":145,"5337c279":145,"8d256cb6":145,"7021c619":145,"32ae00db":145,"bf2defb2":145,"bc733a28":145,"30d32d34":145,"886c16d3":145,"e8d09b62":145,"06aaa33f":145,"320c65bf":145,"1fa1e7c2":145,"646af2b9":145,"659389ad":145,"240c8679":145,"0718c3be":145,"f1e86522":145,"fa03f48f":145,"8b503f7b":145,"5298dafa":145,"87a8523c":145,"c416baa6":145,"25f7f918":145,"ae350a07":145,"c5311ebb":145,"680a32a6":145,"105bb3f6":145,"83ba647d":145,"58de5462":145,"cb0bd6b7":145,"f01c896d":145,"1f2670d0":145,"8e426e39":145,"51909df8":145,"962c9c8f":145,"e22b0973":145,"aec0bf28":145,"a017a323":145,"23646ff9":145,"8801c469":145,"3abb827b":145,"0c73c293":145,"b6281f1a":145,"48c6df81":145,"88929b06":145,"985068e7":145,"d543ba6f":145,"5e165f43":145,"08c4692e":145,"f8785b71":145,"5b2479ef":145,"ab4a411a":145,"1d882c36":145,"eb62e8f2":145,"d7a4b24c":145,"686d5c0b":145,"f15eb1c5":145,"71789493":145,"5ac72353":145,"d1b14d06":145,"f6c074a7":145,"ffd6849d":145,"962fca02":145,"75968179":145,"bc8bdc23":145,"a71f3f70":145,"1f7aa83c":145,"732d62ee":145,"d4b0751c":145,"5b01444b":145,"79995b62":145,"97160db8":145,"589f0d6e":145,"51b4016a":145,"46bf9112":145,"092ad3d6":145,"bf940089":145,"01f34f98":145,"1670b0d3":145,"ec97d63e":145,"94208a41":145,"2cbcad17":145,"4dccb5ca":145,"83268abf":145,"578c4c95":145,"c606b472":145,"808bc372":145,"c792a7c1":145,"5a7da061":145,"06a94514":145,"73c420df":145,"0700da70":145,"ff591765":145,"93f12198":145,"62e270e5":145,"66b1b6d7":145,"b062adc4":145,"4aae5133":145,"63a3af32":145,"3fec4b0b":145,"faa3de3e":145,"44983d13":145,"80999122":145,"72af9198":145,"e39e9552":145,"81c1b70d":145,"e72f0f82":145,"88374b72":145,"fdfaf1ed":145,"ea981bed":145,"5e197575":145,"e587c4d0":145,"525b2635":145,"caa38a45":145,"a9987a58":145,"b6b8e5c7":145,"e82177d3":145,"89914b94":145,"04bdf5e1":145,"da8b42be":145,"3b0576bf":145,"9458934f":145,"1dcc489c":145,"945badf3":145,"1327775b":145,"bdd40125":145,"75fd47f7":145,"1c52a07e":145,"e70ccc25":145,"afd1494f":145,"ca6bffd3":145,"829c44a4":145,"e76e2617":145,"2b4fd52e":145,"57162572":145,"d1d50cfe":145,"9666b973":145,"653b27c7":145,"83b37fd6":145,"4d852788":145,"e43a9448":145,"3542b748":145,"379c53ab":145,"e396d80d":145,"7da61f27":145,"dc874a97":145,"85a220de":145,"40a7cdd2":145,"ac033c7b":145,"87759976":145,"4df3f62e":145,"c881a53e":145,"80c1c8b1":145,"cf52acd8":145,"a63cb4ce":145,"d3b3492b":145,"7580cfa4":145,"22a96386":145,"5c672b50":145,"5df16440":145,"b666e56d":145,"8db378ff":145,"784d6375":145,"4541bf85":145,"a6b13f20":145,"2459c882":145,"3df97186":145,"ef0490de":145,"e0f47ced":145,"309bbf54":145,"cc537772":145,"6618390c":145,"99cc0813":145,"dc32c4e1":145,"239c636e":145,"6ee160ff":145,"c55d40ca":145,"22c177a8":145,"00ae883f":145,"f416ee62":145,"0d2b182d":145,"320754c3":145,"232b2f64":145,"3171b6e7":145,"3b25460f":145,"d2064756":145,"272e7d0d":145,"f92596ee":145,"68831ea9":145,"9713d076":145,"fd098272":145,"6ee788a7":145,"8249641d":145,"45b0968f":145,"6a9bb182":145,"1f1afd4f":145,"25fb8826":145,"0dc5da58":145,"2874a625":145,"e61ae828":145,"f7ac3883":145,"ccd01528":145,"dab8cf68":145,"00f2a9cb":145,"916fe082":145,"b64dba8e":145,"c3bb30ce":145,"86219c70":145,"601990d8":145,"5c662c19":145,"d2a5d2fd":145,"89d220c2":145,"3e10c9cb":145,"5500a3e8":145,"3c0e87ac":145,"a891461f":145,"a246cdab":145,"117c7f0b":145,"0d21cf99":145,"14e6fe14":145,"37ec5e73":145,"bfff7913":145,"f8636899":145,"37724339":145,"d45d9727":145,"ee5ff2a3":145,"44322dfd":145,"295e4d1d":145,"8cf6570a":145,"403064a0":145,"312af46e":145,"b5a9f8c3":145,"fcbc0ae8":145,"2ff6b6a8":145,"66a71cc1":145,"bf4b58e4":145,"f7ffcbb8":145,"5728f934":145,"00b26865":145,"c333337d":145,"815c56bc":145,"5bd61a68":145,"8582c5cf":145,"0c353665":145,"231e8700":145,"1f9fbd85":145,"43f24679":145,"a1c0dfc4":145,"78f71162":145,"4b27a9a4":145,"163f4d19":145,"1d043d5a":145,"b2f82e06":145,"5b0b43e6":145,"b5474d69":145,"5a938eeb":145,"4fe0dedf":145,"951fc6d0":145,"61892a4c":145,"f096219e":145,"a3f0a6ec":145,"01051f84":145,"aa7e370d":145,"f995eeab":145,"4006e709":145,"0dedf63e":145,"a9d5374b":145,"4321f02d":145,"089b3f8f":145,"7698d0dc":145,"784414ce":145,"2df3efdb":145,"d0f1b7bd":145,"e7799883":145,"4f9456cf":145,"6e260ee8":145,"f4f84279":145,"b0950de5":145,"6f873999":145,"1f4e0e22":145,"60d69311":145,"3b09f1de":145,"b371f44a":145,"8b6180ff":145,"8819ac24":145,"dbbf7f69":145,"a8edfe84":145,"2ed19b1e":145,"959e16ea":145,"02f76c64":145,"5c6d1f33":145,"b4801cae":145,"c3c2fd05":145,"f8c97147":145,"c2526ff3":145,"cc386067":145,"a22ffd8f":145,"3cd28a4d":145,"44a12c31":145,"45a961ca":145,"5ca978fd":145,"668e601b":145,"7552d86c":145,"02ebf3b6":145,"bb17a968":145,"4abcb85d":145,"cba26072":145,"2a718dcc":145,"c6a9a8e1":145,"88854fd0":145,"dfe4a061":145,"c2bf7d51":145,"781afef6":145,"de9229a0":145,"99a5feef":145,"f6266388":145,"e64fd39c":145,"e1b3ce36":145,"625fa164":145,"0c6ae551":145,"e8f4c1dd":145,"cede8b8c":145,"ad95ff4a":145,"893a99c5":145,"d8bf32b5":145,"0eb42efe":145,"03c4ab87":145,"4e3d3af7":145,"3a4803a8":145,"f7a7de5d":145,"d4e56c3e":145,"0c045c2d":145,"8efd4801":145,"7eb8f268":145,"20236d3e":145,"36ae8cd8":145,"3ddd5391":145,"07f69c6d":145,"2254f0f5":145,"ea282e84":145,"6653c83b":145,"c896052c":145,"287ecd1c":145,"f9376d3e":145,"07a94e8c":145,"bb017b49":145,"37b52fe4":145,"8dc27d2a":145,"41d7f05d":145,"2b851827":145,"9f428a03":145,"4d504d96":145,"0533ece1":145,"bcee2ef3":145,"0afba00c":145,"04ff8100":145,"6c00d8d6":145,"ac9a02bc":145,"acfe69ed":145,"426603ff":145,"2db2f252":145,"2e84193b":145,"c55683c9":145,"51233daf":145,"02791635":145,"be081247":145,"5cc47d1b":145,"678b846f":145,"b4bd39d8":145,"b4cdbe5d":145,"fa0386f3":145,"b95d0f17":145,"cee9c347":145,"61ad1519":145,"819c4185":145,"ba69b06b":145,"7d2a2cb4":145,"4f62491c":145,"70b4c438":145,"71ed93db":145,"c92efaa8":145,"c241ac7e":145,"62a45672":145,"210e507a":145,"ac6e268b":145,"742238e8":145
1601327203924,"7800e7ce":146,"77869ff0":146,"4b8f7b16":146,"89f75690":146,"cb363e2f":146,"cd802f02":146,"d3cca7eb":146,"e866a899":146,"5690e712":146,"0b92d2a9":146,"070bed95":146,"67e5d108":146,"3d37b94b":146,"842c97c2":146,"c4cef92b":146,"0eecdc5b":146,"b7e495ea":146,"45ec63c0":146,"0ddfde2c":146,"a8b41774":146,"81f0da2d":146,"1fcc8ba4":146,"75a9c117":146,"12ba54ec":146,"be391c1a":146,"37d8a5b7":146,"d5ab81c4":146,"2ecde685":146,"f0bd52d3":146,"dcc20f76":146,"666a8ef0":146,"c5b609f1":146,"4dc5849a":146,"d605c755":146,"8a8c1d67":146,"cc6b3306":146,"8c2dfd9a":146,"f11267b9":146,"a483b15e":146,"f80ab49d":146,"95eaed39":146,"a5ba0ebb":146,"f53362a9":146,"1901ef7e":146,"960c2e6b":146,"3515e999":146,"d11f8f1b":146,"9d9eb027":146,"325f9a29":146,"503aafe5":146,"d5d94481":146,"ffe48500":146,"c7a45a33":146,"faffe099":146,"e99490cd":146,"3b830769":146,"583f0305":146,"1557c50a":146,"249e80ab":146,"f52a3d94":146,"eb74d3dd":146,"080d5d42":146,"5d03f5dc":146,"f0a01341":146,"1ee4d9f9":146,"0d6e45e7":146,"0da97151":146,"e829038c":146,"4987cfb5":146,"ba90687c":146,"77f2cf92":146,"037e2be4":146,"9e7dbd20":146,"0c086273":146,"ac13c3b0":146,"b4d9c57f":146,"5d53c964":146,"8ee9cc91":146,"4cc0af91":146,"55f6a2ba":146,"9559ea96":146,"9cb044bf":146,"16b25add":146,"80ee333e":146,"3b329af2":146,"1cd662bf":146,"72992b35":146,"47589344":146,"593b1533":146,"e9f6e5ce":146,"ed6bead5":146,"96f594b9":146,"94dfcfc5":146,"8301986e":146,"830ecfec":146,"a8bae791":146,"312009ee":146,"c98759fd":146,"e8b6d676":146,"45ee5840":146,"76f04033":146,"43480b19":146,"fd955858":146,"69798d15":146,"efea71fa":146,"fb3aa867":146,"c9cf710b":146,"fcacdeb3":146,"0ea055ed":146,"e3b1bdf8":146,"644b45fb":146,"fc442678":146,"3bcbc28d":146,"3c0455e7":146,"df203c79":146,"df1e1ac0":146,"491708eb":146,"e421caaa":146,"2d2ecf27":146,"d38a4953":146,"eba5efdd":146,"a5463f93":146,"c85ac4f8":146,"bc253f4f":146,"0d9d2bf8":146,"846b7f11":146,"d3411467":146,"1df0ce7f":146,"a08171d0":146,"c8bc5677":146,"dfca0518":146,"b9a21017":146,"e47705d3":146,"3cae4115":146,"0ccf4731":146,"c7c6782d":146,"54346574":146,"b12cbf87":146,"81942d9b":146,"699b90c1":146,"d9b5a7a8":146,"1e7914d2":146,"e5d8fdb2":146,"3412ab75":146,"bcac5daf":146,"62d028cc":146,"0af2cf39":146,"27491297":146,"d041ea86":146,"1eda11b2":146,"18c73816":146,"e491161e":146,"b5087677":146,"16f60bed":146,"cb0c3481":146,"7664512c":146,"df9a53b8":146,"f6c27b2b":146,"945f6c24":146,"f1daea7e":146,"b8fb90e3":146,"56227e35":146,"590ce3d3":146,"1802d7ce":146,"0a49914b":146,"5d3f5cad":146,"cf347cba":146,"fc0c23f7":146,"641f9b9e":146,"c92edec5":146,"9f03c1e7":146,"06c24a8d":146,"2f35e75f":146,"3eddf7c8":146,"77970f8b":146,"efd594d5":146,"4718294d":146,"5352cf45":146,"e0ffe8ff":146,"ae14d6b5":146,"721f5f42":146,"0b50bca6":146,"bf2ca266":146,"5d8d9641":146,"0de67c6c":146,"2311399f":146,"5e3ebf5e":146,"9f6ca218":146,"6213799d":146,"44cb1fd2":146,"baf19c25":146,"24a79a6e":146,"edde30af":146,"4d949e11":146,"df12f689":146,"92b72493":146,"1da10cbf":146,"832c48e4":146,"dc90a44c":146,"1ad7c45b":146,"5566c17c":146,"0d6bf22a":146,"b87321d0":146,"43205b5d":146,"8982905a":146,"f6fe1ad7":146,"230064fa":146,"764e0abb":146,"bba6d88e":146,"ea3479ec":146,"32266fa3":146,"50b090c3":146,"8be24763":146,"eb4800b2":146,"6e0ce9dc":146,"87d9bec4":146,"e30dfa0c":146,"6da34174":146,"bfb849fa":146,"0a10b423":146,"9ef7cee7":146,"49f1a0d1":146,"5f04aa76":146,"ba297382":146,"0287db2a":146,"96abe4a9":146,"753b10b1":146,"cf14bd99":146,"782022f4":146,"322e833f":146,"ab3619e4":146,"106006ad":146,"c8237be9":146,"1416e8f5":146,"dde2eed5":146,"a208caa8":146,"16605353":146,"77b39e15":146,"f1726edb":146,"86a22252":146,"0000dece":146,"ce5efdbe":146,"58ace2b5":146,"d379fd96":146,"7b819458":146,"7f8024cd":146,"ae562513":146,"7b66dacd":146,"9ab137d7":146,"7191d1cd":146,"005354dd":146,"d3e58903":146,"4481c4be":146,"7954891b":146,"4afd60a9":146,"d44c0ea3":146,"68f87858":146,"533bac6b":146,"41634dba":146,"43fd1327":146,"113e7f4b":146,"8cce569a":146,"ce6401b6":146,"6f57824c":146,"28bd7aa1":146,"1d52fb0d":146,"cde0d748":146,"535ed444":146,"710f0d0e":146,"0905f1fb":146,"a20e529c":146,"1ae76fcc":146,"35b161d3":146,"344cd1a3":146,"77ea1236":146,"96d2a118":146,"23a0e41f":146,"b32a1080":146,"a2c4b591":146,"6dfa57be":146,"1854ce44":146,"f92b22f1":146,"ece12664":146,"36f4ecde":146,"568a0d58":146,"5fd569d2":146,"10c8fd03":146,"bd4ccb49":146,"e773d697":146,"7e8c11e7":146,"077eb15a":146,"5337c279":146,"8d256cb6":146,"7021c619":146,"32ae00db":146,"bf2defb2":146,"bc733a28":146,"30d32d34":146,"886c16d3":146,"e8d09b62":146,"5b09e53e":146,"da5bb0f7":146,"6d925c84":146,"50b23ab2":146,"edfa56d4":146,"899c16eb":146,"41c76041":146,"6bb1fa99":146,"d73ff72e":146,"61c0ca91":146,"d2fda7be":146,"ce20ca3c":146,"1d2d958b":146,"81fb6a01":146,"7f5b27c8":146,"fb3444d9":146,"f05de640":146,"86a68967":146,"56cd4dca":146,"7f469f4c":146,"f92dedfc":146,"355d1489":146,"f96fc1af":146,"06713bac":146,"61aca924":146,"d97fb857":146,"59ff5ec6":146,"ef04e64e":146,"6e2d04de":146,"2fca1798":146,"05028839":146,"5488826c":146,"84fff5c1":146,"c649992d":146,"d5ad3ed6":146,"8e5f7187":146,"55ba7579":146,"b7769ca6":146,"9c27de51":146,"38a75b48":146,"1792bfa3":146,"426f1904":146,"7c0f1ca9":146,"b2f820ac":146,"25d4f65d":146,"eddb6a2a":146,"ff8a00aa":146,"c146560b":146,"985068e7":146,"d543ba6f":146,"3b3569f6":146,"b01ab62a":146,"76da16fa":146,"bffee581":146,"07150038":146,"080fa362":146,"7b6945ad":146,"a40d08e1":146,"cec79bc2":146,"d2eff358":146,"e70aebb5":146,"a488b2f1":146,"4caa87d6":146,"f7076e21":146,"69e653b6":146,"98d2991b":146,"3b411d6a":146,"83826ef3":146,"595609d5":146,"b47f1b89":146,"8e6caf71":146,"9a3433b8":146,"b89112cb":146,"66736d5e":146,"30de89a7":146,"06aaa33f":146,"320c65bf":146,"1fa1e7c2":146,"646af2b9":146,"659389ad":146,"240c8679":146,"0718c3be":146,"f1e86522":146,"fa03f48f":146,"8b503f7b":146,"87a8523c":146,"5298dafa":146,"25f7f918":146,"c416baa6":146,"ae350a07":146,"c5311ebb":146,"105bb3f6":146,"680a32a6":146,"83ba647d":146,"58de5462":146,"f01c896d":146,"cb0bd6b7":146,"8e426e39":146,"1f2670d0":146,"962c9c8f":146,"51909df8":146,"aec0bf28":146,"e22b0973":146,"a017a323":146,"23646ff9":146,"3abb827b":146,"8801c469":146,"b6281f1a":146,"0c73c293":146,"48c6df81":146,"88929b06":146,"08c4692e":146,"5e165f43":146,"5b2479ef":146,"f8785b71":146,"ab4a411a":146,"1d882c36":146,"eb62e8f2":146,"d7a4b24c":146,"686d5c0b":146,"f15eb1c5":146,"71789493":146,"5ac72353":146,"d1b14d06":146,"f6c074a7":146,"ffd6849d":146,"962fca02":146,"75968179":146,"bc8bdc23":146,"a71f3f70":146,"1f7aa83c":146,"732d62ee":146,"d4b0751c":146,"5b01444b":146,"79995b62":146,"97160db8":146,"589f0d6e":146,"51b4016a":146,"46bf9112":146,"092ad3d6":146,"bf940089":146,"01f34f98":146,"1670b0d3":146,"ec97d63e":146,"94208a41":146,"808bc372":146,"2cbcad17":146,"c792a7c1":146,"4dccb5ca":146,"5a7da061":146,"83268abf":146,"06a94514":146,"73c420df":146,"578c4c95":146,"c606b472":146,"0700da70":146,"ff591765":146,"93f12198":146,"62e270e5":146,"66b1b6d7":146,"b062adc4":146,"4aae5133":146,"63a3af32":146,"3fec4b0b":146,"faa3de3e":146,"44983d13":146,"80999122":146,"72af9198":146
1601327204867,"272e7d0d":146,"f92596ee":146,"68831ea9":146,"9713d076":146,"fd098272":146,"6ee788a7":146,"e39e9552":146,"81c1b70d":146,"e72f0f82":146,"8249641d":146,"45b0968f":146,"6a9bb182":146,"1f1afd4f":146,"25fb8826":146,"0dc5da58":146,"2874a625":146,"e61ae828":146,"f7ac3883":146,"ccd01528":146,"dab8cf68":146,"00f2a9cb":146,"916fe082":146,"b64dba8e":146,"c3bb30ce":146,"86219c70":146,"601990d8":146,"5c662c19":146,"d2a5d2fd":146,"89d220c2":146,"3e10c9cb":146,"5500a3e8":146,"3c0e87ac":146,"a891461f":146,"a246cdab":146,"117c7f0b":146,"0d21cf99":146,"14e6fe14":146,"37ec5e73":146,"bfff7913":146,"f8636899":146,"37724339":146,"d45d9727":146,"ee5ff2a3":146,"88374b72":146,"fdfaf1ed":146,"ea981bed":146,"5e197575":146,"e587c4d0":146,"525b2635":146,"caa38a45":146,"a9987a58":146,"b6b8e5c7":146,"e82177d3":146,"89914b94":146,"04bdf5e1":146,"da8b42be":146,"3b0576bf":146,"9458934f":146,"1dcc489c":146,"945badf3":146,"1327775b":146,"bdd40125":146,"75fd47f7":146,"1c52a07e":146,"e70ccc25":146,"afd1494f":146,"ca6bffd3":146,"829c44a4":146,"e76e2617":146,"2b4fd52e":146,"57162572":146,"d1d50cfe":146,"44322dfd":146,"295e4d1d":146,"8cf6570a":146,"403064a0":146,"312af46e":146,"b5a9f8c3":146,"fcbc0ae8":146,"2ff6b6a8":146,"66a71cc1":146,"bf4b58e4":146,"9666b973":146,"653b27c7":146,"83b37fd6":146,"4d852788":146,"e43a9448":146,"3542b748":146,"379c53ab":146,"e396d80d":146,"7da61f27":146,"dc874a97":146,"85a220de":146,"40a7cdd2":146,"ac033c7b":146,"87759976":146,"4df3f62e":146,"c881a53e":146,"80c1c8b1":146,"cf52acd8":146,"a63cb4ce":146,"d3b3492b":146,"7580cfa4":146,"22a96386":146,"5c672b50":146,"5df16440":146,"b666e56d":146,"8db378ff":146,"784d6375":146,"4541bf85":146,"a6b13f20":146,"2459c882":146,"3df97186":146,"ef0490de":146,"e0f47ced":146,"309bbf54":146,"cc537772":146,"6618390c":146,"99cc0813":146,"dc32c4e1":146,"239c636e":146,"6ee160ff":146,"c55d40ca":146,"22c177a8":146,"00ae883f":146,"f416ee62":146,"0d2b182d":146,"320754c3":146,"232b2f64":146,"3171b6e7":146,"3b25460f":146,"d2064756":146,"7698d0dc":146,"784414ce":146,"2df3efdb":146,"d0f1b7bd":146,"e7799883":146,"4f9456cf":146,"6e260ee8":146,"f4f84279":146,"b0950de5":146,"6f873999":146,"1f4e0e22":146,"60d69311":146,"3b09f1de":146,"b371f44a":146,"8b6180ff":146,"8819ac24":146,"dbbf7f69":146,"dfe4a061":146,"c2bf7d51":146,"781afef6":146,"de9229a0":146,"99a5feef":146,"f6266388":146,"e64fd39c":146,"e1b3ce36":146,"625fa164":146,"0c6ae551":146,"e8f4c1dd":146,"cede8b8c":146,"ad95ff4a":146,"893a99c5":146,"d8bf32b5":146,"f7ffcbb8":146,"5728f934":146,"00b26865":146,"c333337d":146,"815c56bc":146,"5bd61a68":146,"8582c5cf":146,"0c353665":146,"231e8700":146,"1f9fbd85":146,"43f24679":146,"a1c0dfc4":146,"78f71162":146,"4b27a9a4":146,"163f4d19":146,"1d043d5a":146,"b2f82e06":146,"5b0b43e6":146,"b5474d69":146,"5a938eeb":146,"4fe0dedf":146,"951fc6d0":146,"61892a4c":146,"f096219e":146,"a3f0a6ec":146,"01051f84":146,"aa7e370d":146,"f995eeab":146,"4006e709":146,"0dedf63e":146,"a9d5374b":146,"4321f02d":146,"089b3f8f":146,"a8edfe84":146,"2ed19b1e":146,"959e16ea":146,"02f76c64":146,"5c6d1f33":146,"b4801cae":146,"c3c2fd05":146,"f8c97147":146,"c2526ff3":146,"cc386067":146,"a22ffd8f":146,"3cd28a4d":146,"44a12c31":146,"45a961ca":146,"5ca978fd":146,"668e601b":146,"7552d86c":146,"02ebf3b6":146,"bb17a968":146,"4abcb85d":146,"cba26072":146,"2a718dcc":146,"c6a9a8e1":146,"88854fd0":146,"8dc27d2a":146,"41d7f05d":146,"2b851827":146,"9f428a03":146,"4d504d96":146,"0533ece1":146,"bcee2ef3":146,"0afba00c":146,"04ff8100":146,"6c00d8d6":146,"ac9a02bc":146,"0eb42efe":146,"03c4ab87":146,"4e3d3af7":146,"3a4803a8":146,"f7a7de5d":146,"d4e56c3e":146,"0c045c2d":146,"8efd4801":146,"7eb8f268":146,"20236d3e":146,"36ae8cd8":146,"3ddd5391":146,"07f69c6d":146,"2254f0f5":146,"ea282e84":146,"6653c83b":146,"c896052c":146,"287ecd1c":146,"f9376d3e":146,"07a94e8c":146,"bb017b49":146,"37b52fe4":146,"61ad1519":146,"819c4185":146,"ba69b06b":146,"7d2a2cb4":146,"4f62491c":146,"70b4c438":146,"71ed93db":146,"c92efaa8":146,"c241ac7e":146,"62a45672":146,"210e507a":146,"ac6e268b":146,"742238e8":146,"acfe69ed":146,"426603ff":146,"2db2f252":146,"2e84193b":146,"c55683c9":146,"51233daf":146,"02791635":146,"be081247":146,"5cc47d1b":146,"678b846f":146,"b4bd39d8":146,"b4cdbe5d":146,"fa0386f3":146,"b95d0f17":146,"cee9c347":146
1601327205035,"7800e7ce":147,"d5d94481":147,"ffe48500":147,"77869ff0":147,"4b8f7b16":147,"89f75690":147,"cb363e2f":147,"cd802f02":147,"d3cca7eb":147,"e866a899":147,"5690e712":147,"0b92d2a9":147,"070bed95":147,"67e5d108":147,"3d37b94b":147,"842c97c2":147,"c4cef92b":147,"0eecdc5b":147,"b7e495ea":147,"45ec63c0":147,"0ddfde2c":147,"a8b41774":147,"81f0da2d":147,"1fcc8ba4":147,"75a9c117":147,"12ba54ec":147,"be391c1a":147,"37d8a5b7":147,"d5ab81c4":147,"2ecde685":147,"f0bd52d3":147,"dcc20f76":147,"666a8ef0":147,"c5b609f1":147,"4dc5849a":147,"d605c755":147,"8a8c1d67":147,"c7a45a33":147,"faffe099":147,"e99490cd":147,"3b830769":147,"583f0305":147,"1557c50a":147,"249e80ab":147,"f52a3d94":147,"eb74d3dd":147,"3bcbc28d":147,"3c0455e7":147,"df203c79":147,"df1e1ac0":147,"491708eb":147,"e421caaa":147,"2d2ecf27":147,"d38a4953":147,"eba5efdd":147,"a5463f93":147,"c85ac4f8":147,"bc253f4f":147,"0d9d2bf8":147,"846b7f11":147,"d3411467":147,"1df0ce7f":147,"a08171d0":147,"c8bc5677":147,"dfca0518":147,"b9a21017":147,"e47705d3":147,"3cae4115":147,"0ccf4731":147,"c7c6782d":147,"54346574":147,"b12cbf87":147,"81942d9b":147,"cc6b3306":147,"8c2dfd9a":147,"f11267b9":147,"a483b15e":147,"f80ab49d":147,"95eaed39":147,"a5ba0ebb":147,"f53362a9":147,"1901ef7e":147,"960c2e6b":147,"3515e999":147,"d11f8f1b":147,"9d9eb027":147,"325f9a29":147,"503aafe5":147,"699b90c1":147,"d9b5a7a8":147,"1e7914d2":147,"e5d8fdb2":147,"3412ab75":147,"bcac5daf":147,"62d028cc":147,"0af2cf39":147,"27491297":147,"d041ea86":147,"1eda11b2":147,"fc442678":147,"080d5d42":147,"5d03f5dc":147,"f0a01341":147,"1ee4d9f9":147,"0d6e45e7":147,"0da97151":147,"e829038c":147,"4987cfb5":147,"ba90687c":147,"77f2cf92":147,"037e2be4":147,"9e7dbd20":147,"0c086273":147,"ac13c3b0":147,"b4d9c57f":147,"5d53c964":147,"8ee9cc91":147,"4cc0af91":147,"55f6a2ba":147,"9559ea96":147,"9cb044bf":147,"16b25add":147,"80ee333e":147,"3b329af2":147,"1cd662bf":147,"72992b35":147,"47589344":147,"593b1533":147,"e9f6e5ce":147,"ed6bead5":147,"96f594b9":147,"94dfcfc5":147,"8301986e":147,"830ecfec":147,"a8bae791":147,"312009ee":147,"c98759fd":147,"e8b6d676":147,"45ee5840":147,"76f04033":147,"43480b19":147,"fd955858":147,"69798d15":147,"efea71fa":147,"fb3aa867":147,"c9cf710b":147,"fcacdeb3":147,"0ea055ed":147,"e3b1bdf8":147,"644b45fb":147
1601327205664,"18c73816":147,"e491161e":147,"b5087677":147,"16f60bed":147,"cb0c3481":147,"7664512c":147,"df9a53b8":147,"f6c27b2b":147,"945f6c24":147,"f1daea7e":147,"b8fb90e3":147,"56227e35":147,"0d6bf22a":147,"b87321d0":147,"43205b5d":147,"8982905a":147,"f6fe1ad7":147,"230064fa":147,"764e0abb":147,"bba6d88e":147,"ea3479ec":147,"32266fa3":147,"50b090c3":147,"8be24763":147,"eb4800b2":147,"6e0ce9dc":147,"87d9bec4":147,"e30dfa0c":147,"6da34174":147,"bfb849fa":147,"0a10b423":147,"9ef7cee7":147,"49f1a0d1":147,"5f04aa76":147,"ba297382":147,"0287db2a":147,"96abe4a9":147,"753b10b1":147,"cf14bd99":147,"782022f4":147,"322e833f":147,"ab3619e4":147,"106006ad":147,"c8237be9":147,"1416e8f5":147,"dde2eed5":147,"a208caa8":147,"16605353":147,"77b39e15":147,"f1726edb":147,"590ce3d3":147,"1802d7ce":147,"0a49914b":147,"5d3f5cad":147,"cf347cba":147,"fc0c23f7":147,"641f9b9e":147,"c92edec5":147,"9f03c1e7":147,"06c24a8d":147,"2f35e75f":147,"3eddf7c8":147,"77970f8b":147,"efd594d5":147,"92b72493":147,"d3e58903":147,"4481c4be":147,"7954891b":147,"4afd60a9":147,"d44c0ea3":147,"68f87858":147,"533bac6b":147,"41634dba":147,"43fd1327":147,"113e7f4b":147,"8cce569a":147,"ce6401b6":147,"6f57824c":147,"28bd7aa1":147,"1d52fb0d":147,"cde0d748":147,"535ed444":147,"710f0d0e":147,"0905f1fb":147,"a20e529c":147,"1ae76fcc":147,"35b161d3":147,"5b09e53e":147,"da5bb0f7":147,"6d925c84":147,"50b23ab2":147,"edfa56d4":147,"899c16eb":147,"41c76041":147,"4718294d":147,"5352cf45":147,"e0ffe8ff":147,"ae14d6b5":147,"721f5f42":147,"0b50bca6":147,"bf2ca266":147,"5d8d9641":147,"0de67c6c":147,"2311399f":147,"5e3ebf5e":147,"9f6ca218":147,"6213799d":147,"44cb1fd2":147,"baf19c25":147,"24a79a6e":147,"edde30af":147,"4d949e11":147,"df12f689":147,"1da10cbf":147,"832c48e4":147,"dc90a44c":147,"1ad7c45b":147,"5566c17c":147,"86a22252":147,"0000dece":147,"ce5efdbe":147,"58ace2b5":147,"d379fd96":147,"7b819458":147,"7f8024cd":147,"ae562513":147,"7b66dacd":147,"9ab137d7":147,"7191d1cd":147,"005354dd":147,"344cd1a3":147,"77ea1236":147,"96d2a118":147,"23a0e41f":147,"b32a1080":147,"a2c4b591":147,"6dfa57be":147,"1854ce44":147,"f92b22f1":147,"ece12664":147,"36f4ecde":147,"568a0d58":147,"5fd569d2":147,"10c8fd03":147,"bd4ccb49":147,"e773d697":147,"7e8c11e7":147,"077eb15a":147,"5337c279":147,"8d256cb6":147,"7021c619":147,"32ae00db":147,"bf2defb2":147,"bc733a28":147,"30d32d34":147,"886c16d3":147,"e8d09b62":147,"3b3569f6":147,"b01ab62a":147,"6bb1fa99":147,"d73ff72e":147,"61c0ca91":147,"d2fda7be":147,"ce20ca3c":147,"1d2d958b":147,"81fb6a01":147,"7f5b27c8":147,"fb3444d9":147,"f05de640":147,"86a68967":147,"56cd4dca":147,"7f469f4c":147,"f92dedfc":147,"355d1489":147,"f96fc1af":147,"06713bac":147,"61aca924":147,"d97fb857":147,"59ff5ec6":147,"ef04e64e":147,"6e2d04de":147,"2fca1798":147,"05028839":147,"5488826c":147,"84fff5c1":147,"c649992d":147,"d5ad3ed6":147,"8e5f7187":147,"55ba7579":147,"b7769ca6":147,"9c27de51":147,"38a75b48":147,"1792bfa3":147,"76da16fa":147,"bffee581":147,"07150038":147,"080fa362":147,"7b6945ad":147,"a40d08e1":147,"cec79bc2":147,"d2eff358":147,"e70aebb5":147,"a488b2f1":147,"4caa87d6":147,"f7076e21":147,"69e653b6":147,"98d2991b":147,"3b411d6a":147,"83826ef3":147,"595609d5":147,"b47f1b89":147,"8e6caf71":147,"9a3433b8":147,"b89112cb":147,"66736d5e":147,"30de89a7":147,"06aaa33f":147,"320c65bf":147,"1fa1e7c2":147,"646af2b9":147,"659389ad":147,"240c8679":147,"0718c3be":147,"8b503f7b":147,"426f1904":147,"7c0f1ca9":147,"b2f820ac":147,"25d4f65d":147,"eddb6a2a":147,"ff8a00aa":147,"c146560b":147,"985068e7":147,"d543ba6f":147,"87a8523c":147,"c416baa6":147,"ae350a07":147,"680a32a6":147,"83ba647d":147,"cb0bd6b7":147,"f1e86522":147,"fa03f48f":147,"8e426e39":147,"51909df8":147,"5298dafa":147,"e22b0973":147,"25f7f918":147,"23646ff9":147,"c5311ebb":147,"3abb827b":147,"105bb3f6":147,"0c73c293":147,"58de5462":147,"88929b06":147,"f01c896d":147,"1f2670d0":147,"08c4692e":147,"962c9c8f":147,"5b2479ef":147,"aec0bf28":147,"1d882c36":147,"a017a323":147,"eb62e8f2":147,"8801c469":147,"b6281f1a":147,"48c6df81":147,"5e165f43":147,"f8785b71":147,"ab4a411a":147,"d7a4b24c":147,"686d5c0b":147,"f15eb1c5":147,"71789493":147,"5ac72353":147,"d1b14d06":147,"f6c074a7":147,"ffd6849d":147,"962fca02":147,"75968179":147,"bc8bdc23":147,"a71f3f70":147,"1f7aa83c":147,"732d62ee":147,"d4b0751c":147,"5b01444b":147,"79995b62":147,"97160db8":147,"589f0d6e":147,"51b4016a":147,"808bc372":147,"46bf9112":147,"c792a7c1":147,"092ad3d6":147,"bf940089":147,"5a7da061":147,"06a94514":147,"01f34f98":147,"73c420df":147,"1670b0d3":147,"ec97d63e":147,"0700da70":147,"94208a41":147,"ff591765":147,"93f12198":147,"2cbcad17":147,"4dccb5ca":147,"62e270e5":147,"83268abf":147,"66b1b6d7":147,"578c4c95":147,"b062adc4":147,"4aae5133":147,"c606b472":147,"63a3af32":147,"3fec4b0b":147,"faa3de3e":147,"44983d13":147,"80999122":147,"72af9198":147,"e39e9552":147,"81c1b70d":147,"e72f0f82":147,"88374b72":147,"fdfaf1ed":147,"ea981bed":147,"5e197575":147,"e587c4d0":147,"525b2635":147,"caa38a45":147,"a9987a58":147,"b6b8e5c7":147,"e82177d3":147,"89914b94":147,"04bdf5e1":147,"da8b42be":147,"3b0576bf":147,"9458934f":147,"1dcc489c":147,"945badf3":147,"1327775b":147,"bdd40125":147,"75fd47f7":147,"1c52a07e":147,"e70ccc25":147,"afd1494f":147,"ca6bffd3":147,"829c44a4":147,"e76e2617":147,"2b4fd52e":147,"57162572":147,"d1d50cfe":147,"9666b973":147,"653b27c7":147,"83b37fd6":147,"4d852788":147,"e43a9448":147,"3542b748":147,"379c53ab":147,"e396d80d":147,"7da61f27":147,"dc874a97":147,"85a220de":147,"40a7cdd2":147,"ac033c7b":147,"87759976":147,"4df3f62e":147,"c881a53e":147,"80c1c8b1":147,"cf52acd8":147,"a63cb4ce":147,"d3b3492b":147,"7580cfa4":147,"22a96386":147,"5c672b50":147,"5df16440":147,"b666e56d":147,"8db378ff":147,"784d6375":147,"4541bf85":147,"a6b13f20":147,"2459c882":147,"3df97186":147,"ef0490de":147,"e0f47ced":147,"309bbf54":147,"cc537772":147,"6618390c":147,"99cc0813":147,"dc32c4e1":147,"239c636e":147,"6ee160ff":147,"c55d40ca":147,"22c177a8":147,"00ae883f":147,"272e7d0d":147,"f92596ee":147,"68831ea9":147,"9713d076":147,"fd098272":147,"6ee788a7":147,"8249641d":147,"45b0968f":147,"6a9bb182":147,"1f1afd4f":147,"25fb8826":147,"0dc5da58":147,"2874a625":147,"e61ae828":147,"f7ac3883":147,"ccd01528":147,"dab8cf68":147,"00f2a9cb":147,"916fe082":147,"b64dba8e":147,"c3bb30ce":147,"86219c70":147,"601990d8":147,"5c662c19":147,"d2a5d2fd":147,"89d220c2":147,"3e10c9cb":147,"5500a3e8":147,"3c0e87ac":147,"a891461f":147,"a246cdab":147,"f416ee62":147,"0d2b182d":147,"320754c3":147,"232b2f64":147,"3171b6e7":147,"3b25460f":147,"d2064756":147,"117c7f0b":147,"0d21cf99":147,"14e6fe14":147,"37ec5e73":147,"bfff7913":147,"f8636899":147,"37724339":147,"d45d9727":147,"ee5ff2a3":147,"44322dfd":147,"295e4d1d":147,"8cf6570a":147,"403064a0":147,"312af46e":147,"b5a9f8c3":147,"fcbc0ae8":147,"2ff6b6a8":147,"66a71cc1":147,"bf4b58e4":147,"f7ffcbb8":147,"5728f934":147,"00b26865":147,"c333337d":147,"815c56bc":147,"5bd61a68":147,"8582c5cf":147,"0c353665":147,"231e8700":147,"1f9fbd85":147,"43f24679":147,"a1c0dfc4":147,"78f71162":147,"4b27a9a4":147,"163f4d19":147,"1d043d5a":147,"b2f82e06":147,"5b0b43e6":147,"b5474d69":147,"5a938eeb":147,"4fe0dedf":147,"951fc6d0":147,"61892a4c":147,"f096219e":147,"a3f0a6ec":147,"01051f84":147,"aa7e370d":147,"f995eeab":147,"4006e709":147,"0dedf63e":147,"a9d5374b":147,"4321f02d":147,"089b3f8f":147,"7698d0dc":147,"784414ce":147,"2df3efdb":147,"d0f1b7bd":147,"e7799883":147,"4f9456cf":147,"6e260ee8":147,"f4f84279":147,"b0950de5":147,"6f873999":147,"1f4e0e22":147,"60d69311":147,"3b09f1de":147,"b371f44a":147,"8b6180ff":147,"8819ac24":147,"dbbf7f69":147
1601327206231,"dfe4a061":147,"a8edfe84":147,"2ed19b1e":147,"959e16ea":147,"02f76c64":147,"5c6d1f33":147,"b4801cae":147,"c3c2fd05":147,"f8c97147":147,"c2526ff3":147,"cc386067":147,"a22ffd8f":147,"3cd28a4d":147,"c2bf7d51":147,"781afef6":147,"de9229a0":147,"99a5feef":147,"f6266388":147,"e64fd39c":147,"e1b3ce36":147,"625fa164":147,"0c6ae551":147,"e8f4c1dd":147,"cede8b8c":147,"ad95ff4a":147,"893a99c5":147,"d8bf32b5":147,"0eb42efe":147,"03c4ab87":147,"4e3d3af7":147,"3a4803a8":147,"f7a7de5d":147,"d4e56c3e":147,"0c045c2d":147,"8efd4801":147,"7eb8f268":147,"20236d3e":147,"36ae8cd8":147,"3ddd5391":147,"07f69c6d":147,"2254f0f5":147,"ea282e84":147,"6653c83b":147,"c896052c":147,"287ecd1c":147,"f9376d3e":147,"07a94e8c":147,"bb017b49":147,"37b52fe4":147,"61ad1519":147,"819c4185":147,"ba69b06b":147,"7d2a2cb4":147,"4f62491c":147,"70b4c438":147,"71ed93db":147,"c92efaa8":147,"c241ac7e":147,"44a12c31":147,"45a961ca":147,"5ca978fd":147,"668e601b":147,"7552d86c":147,"02ebf3b6":147,"bb17a968":147,"4abcb85d":147,"cba26072":147,"2a718dcc":147,"c6a9a8e1":147,"88854fd0":147,"8dc27d2a":147,"41d7f05d":147,"2b851827":147,"9f428a03":147,"4d504d96":147,"0533ece1":147,"bcee2ef3":147,"0afba00c":147,"04ff8100":147,"6c00d8d6":147,"ac9a02bc":147,"acfe69ed":147,"426603ff":147,"2db2f252":147,"2e84193b":147,"c55683c9":147,"51233daf":147,"02791635":147,"be081247":147,"5cc47d1b":147,"678b846f":147,"b4bd39d8":147,"b4cdbe5d":147,"fa0386f3":147,"b95d0f17":147,"cee9c347":147,"62a45672":147,"210e507a":147,"ac6e268b":147,"742238e8":147
1601327206418,"7800e7ce":148,"77869ff0":148,"4b8f7b16":148,"89f75690":148,"cb363e2f":148,"cd802f02":148,"d3cca7eb":148,"e866a899":148,"5690e712":148,"0b92d2a9":148,"070bed95":148,"67e5d108":148,"3d37b94b":148,"842c97c2":148,"c4cef92b":148,"0eecdc5b":148,"b7e495ea":148,"45ec63c0":148,"0ddfde2c":148,"a8b41774":148,"81f0da2d":148,"1fcc8ba4":148,"75a9c117":148,"12ba54ec":148,"be391c1a":148,"37d8a5b7":148,"d5ab81c4":148,"2ecde685":148,"f0bd52d3":148,"dcc20f76":148,"666a8ef0":148,"c5b609f1":148,"4dc5849a":148,"d605c755":148,"8a8c1d67":148,"cc6b3306":148,"8c2dfd9a":148,"f11267b9":148,"a483b15e":148,"f80ab49d":148,"95eaed39":148,"a5ba0ebb":148,"f53362a9":148,"1901ef7e":148,"960c2e6b":148,"3515e999":148,"d11f8f1b":148,"9d9eb027":148,"325f9a29":148,"503aafe5":148,"080d5d42":148,"5d03f5dc":148,"f0a01341":148,"1ee4d9f9":148,"0d6e45e7":148,"0da97151":148,"e829038c":148,"4987cfb5":148,"ba90687c":148,"d5d94481":148,"ffe48500":148,"c7a45a33":148,"faffe099":148,"e99490cd":148,"3b830769":148,"583f0305":148,"1557c50a":148,"249e80ab":148,"f52a3d94":148,"eb74d3dd":148,"3bcbc28d":148,"3c0455e7":148,"df203c79":148,"df1e1ac0":148,"491708eb":148,"e421caaa":148,"77f2cf92":148,"037e2be4":148,"9e7dbd20":148,"0c086273":148,"ac13c3b0":148,"b4d9c57f":148,"5d53c964":148,"8ee9cc91":148,"4cc0af91":148,"55f6a2ba":148,"9559ea96":148,"9cb044bf":148,"16b25add":148,"80ee333e":148,"3b329af2":148,"1cd662bf":148,"72992b35":148,"47589344":148,"593b1533":148,"e9f6e5ce":148,"ed6bead5":148,"96f594b9":148
1601327207188,"2d2ecf27":148,"d38a4953":148,"eba5efdd":148,"a5463f93":148,"c85ac4f8":148,"bc253f4f":148,"0d9d2bf8":148,"846b7f11":148,"d3411467":148,"1df0ce7f":148,"a08171d0":148,"c8bc5677":148,"dfca0518":148,"b9a21017":148,"e47705d3":148,"3cae4115":148,"0ccf4731":148,"c7c6782d":148,"54346574":148,"b12cbf87":148,"81942d9b":148,"699b90c1":148,"d9b5a7a8":148,"1e7914d2":148,"e5d8fdb2":148,"3412ab75":148,"bcac5daf":148,"62d028cc":148,"0af2cf39":148,"27491297":148,"d041ea86":148,"1eda11b2":148,"fc442678":148,"18c73816":148,"e491161e":148,"b5087677":148,"16f60bed":148,"cb0c3481":148,"7664512c":148,"df9a53b8":148,"f6c27b2b":148,"945f6c24":148,"f1daea7e":148,"b8fb90e3":148,"56227e35":148,"0d6bf22a":148,"b87321d0":148,"43205b5d":148,"8982905a":148,"f6fe1ad7":148,"230064fa":148,"764e0abb":148,"bba6d88e":148,"ea3479ec":148,"32266fa3":148,"50b090c3":148,"8be24763":148,"eb4800b2":148,"6e0ce9dc":148,"87d9bec4":148,"e30dfa0c":148,"94dfcfc5":148,"8301986e":148,"830ecfec":148,"a8bae791":148,"312009ee":148,"c98759fd":148,"e8b6d676":148,"45ee5840":148,"76f04033":148,"43480b19":148,"fd955858":148,"69798d15":148,"efea71fa":148,"fb3aa867":148,"c9cf710b":148,"fcacdeb3":148,"0ea055ed":148,"e3b1bdf8":148,"644b45fb":148,"590ce3d3":148,"6da34174":148,"bfb849fa":148,"0a10b423":148,"9ef7cee7":148,"49f1a0d1":148,"5f04aa76":148,"ba297382":148,"0287db2a":148,"96abe4a9":148,"753b10b1":148,"cf14bd99":148,"782022f4":148,"322e833f":148,"ab3619e4":148,"106006ad":148,"c8237be9":148,"1416e8f5":148,"dde2eed5":148,"a208caa8":148,"16605353":148,"77b39e15":148,"f1726edb":148,"92b72493":148,"d3e58903":148,"4481c4be":148,"7954891b":148,"4afd60a9":148,"d44c0ea3":148,"68f87858":148,"533bac6b":148,"41634dba":148,"43fd1327":148,"113e7f4b":148,"8cce569a":148,"ce6401b6":148,"6f57824c":148,"28bd7aa1":148,"1d52fb0d":148,"cde0d748":148,"1802d7ce":148,"0a49914b":148,"5d3f5cad":148,"cf347cba":148,"fc0c23f7":148,"641f9b9e":148,"c92edec5":148,"9f03c1e7":148,"06c24a8d":148,"2f35e75f":148,"3eddf7c8":148,"77970f8b":148,"efd594d5":148,"4718294d":148,"5352cf45":148,"e0ffe8ff":148,"ae14d6b5":148,"721f5f42":148,"0b50bca6":148,"bf2ca266":148,"5d8d9641":148,"0de67c6c":148,"2311399f":148,"5e3ebf5e":148,"9f6ca218":148,"6213799d":148,"44cb1fd2":148,"baf19c25":148,"24a79a6e":148,"edde30af":148,"4d949e11":148,"df12f689":148,"1da10cbf":148,"832c48e4":148,"dc90a44c":148,"1ad7c45b":148,"5566c17c":148,"86a22252":148,"0000dece":148,"ce5efdbe":148,"58ace2b5":148,"d379fd96":148,"7b819458":148,"7f8024cd":148,"ae562513":148,"7b66dacd":148,"9ab137d7":148,"7191d1cd":148,"005354dd":148,"5b09e53e":148,"da5bb0f7":148,"6d925c84":148,"50b23ab2":148,"edfa56d4":148,"899c16eb":148,"41c76041":148,"6bb1fa99":148,"d73ff72e":148,"61c0ca91":148,"d2fda7be":148,"ce20ca3c":148,"1d2d958b":148,"81fb6a01":148,"7f5b27c8":148,"fb3444d9":148,"f05de640":148,"86a68967":148,"56cd4dca":148,"7f469f4c":148,"f92dedfc":148,"355d1489":148,"f96fc1af":148,"06713bac":148,"61aca924":148,"d97fb857":148,"3b3569f6":148,"b01ab62a":148,"76da16fa":148,"bffee581":148,"07150038":148,"080fa362":148,"7b6945ad":148,"a40d08e1":148,"cec79bc2":148,"d2eff358":148,"e70aebb5":148,"535ed444":148,"710f0d0e":148,"0905f1fb":148,"a20e529c":148,"1ae76fcc":148,"35b161d3":148,"344cd1a3":148,"77ea1236":148,"96d2a118":148,"23a0e41f":148,"b32a1080":148,"a2c4b591":148,"6dfa57be":148,"1854ce44":148,"f92b22f1":148,"ece12664":148,"36f4ecde":148,"568a0d58":148,"5fd569d2":148,"10c8fd03":148,"bd4ccb49":148,"e773d697":148,"7e8c11e7":148,"077eb15a":148,"5337c279":148,"8d256cb6":148,"7021c619":148,"32ae00db":148,"bf2defb2":148,"bc733a28":148,"30d32d34":148,"886c16d3":148,"e8d09b62":148,"a488b2f1":148,"4caa87d6":148,"f7076e21":148,"69e653b6":148,"98d2991b":148,"3b411d6a":148,"83826ef3":148,"595609d5":148,"b47f1b89":148,"8e6caf71":148,"9a3433b8":148,"b89112cb":148,"59ff5ec6":148,"ef04e64e":148,"6e2d04de":148,"2fca1798":148,"05028839":148,"5488826c":148,"84fff5c1":148,"c649992d":148,"d5ad3ed6":148,"8e5f7187":148,"55ba7579":148,"b7769ca6":148,"9c27de51":148,"38a75b48":148,"1792bfa3":148,"426f1904":148,"7c0f1ca9":148,"b2f820ac":148,"25d4f65d":148,"eddb6a2a":148,"ff8a00aa":148,"c146560b":148,"985068e7":148,"d543ba6f":148,"66736d5e":148,"30de89a7":148,"06aaa33f":148,"320c65bf":148,"1fa1e7c2":148,"646af2b9":148,"659389ad":148,"240c8679":148,"0718c3be":148,"8b503f7b":148,"87a8523c":148,"c416baa6":148,"ae350a07":148,"680a32a6":148,"83ba647d":148,"cb0bd6b7":148,"8e426e39":148,"51909df8":148,"e22b0973":148,"23646ff9":148,"3abb827b":148,"f1e86522":148,"0c73c293":148,"fa03f48f":148,"88929b06":148,"5298dafa":148,"08c4692e":148,"25f7f918":148,"5b2479ef":148,"c5311ebb":148,"1d882c36":148,"105bb3f6":148,"eb62e8f2":148,"58de5462":148,"f01c896d":148,"1f2670d0":148,"962c9c8f":148,"aec0bf28":148,"a017a323":148,"8801c469":148,"b6281f1a":148,"48c6df81":148,"5e165f43":148,"f8785b71":148,"ab4a411a":148,"d7a4b24c":148,"686d5c0b":148,"f15eb1c5":148,"71789493":148,"5ac72353":148,"d1b14d06":148,"f6c074a7":148,"ffd6849d":148,"962fca02":148,"75968179":148,"bc8bdc23":148,"a71f3f70":148,"1f7aa83c":148,"732d62ee":148,"d4b0751c":148,"5b01444b":148,"79995b62":148,"97160db8":148,"589f0d6e":148,"51b4016a":148,"46bf9112":148,"092ad3d6":148,"bf940089":148,"01f34f98":148,"1670b0d3":148,"808bc372":148,"c792a7c1":148,"ec97d63e":148,"94208a41":148,"5a7da061":148,"06a94514":148,"2cbcad17":148,"73c420df":148,"4dccb5ca":148,"83268abf":148,"0700da70":148,"578c4c95":148,"ff591765":148,"c606b472":148,"93f12198":148,"62e270e5":148,"66b1b6d7":148,"b062adc4":148,"4aae5133":148,"63a3af32":148,"3fec4b0b":148,"faa3de3e":148,"44983d13":148,"80999122":148,"72af9198":148,"e39e9552":148,"81c1b70d":148,"e72f0f82":148,"88374b72":148,"fdfaf1ed":148,"ea981bed":148,"5e197575":148
1601327207723,"e587c4d0":148,"525b2635":148,"caa38a45":148,"a9987a58":148,"b6b8e5c7":148,"e82177d3":148,"89914b94":148,"04bdf5e1":148,"da8b42be":148,"3b0576bf":148,"9458934f":148,"1dcc489c":148,"945badf3":148,"1327775b":148,"bdd40125":148,"75fd47f7":148,"1c52a07e":148,"e70ccc25":148,"afd1494f":148,"ca6bffd3":148,"9666b973":148,"653b27c7":148,"83b37fd6":148,"4d852788":148,"e43a9448":148,"3542b748":148,"379c53ab":148,"e396d80d":148,"7da61f27":148,"dc874a97":148,"85a220de":148,"40a7cdd2":148,"ac033c7b":148,"87759976":148,"4df3f62e":148,"c881a53e":148,"80c1c8b1":148,"cf52acd8":148,"a63cb4ce":148,"d3b3492b":148,"7580cfa4":148,"22a96386":148,"5c672b50":148,"5df16440":148,"b666e56d":148,"8db378ff":148,"829c44a4":148,"e76e2617":148,"2b4fd52e":148,"57162572":148,"d1d50cfe":148,"784d6375":148,"4541bf85":148,"a6b13f20":148,"2459c882":148,"3df97186":148,"ef0490de":148,"e0f47ced":148,"309bbf54":148,"cc537772":148,"6618390c":148,"99cc0813":148,"dc32c4e1":148,"239c636e":148,"6ee160ff":148,"c55d40ca":148,"22c177a8":148,"00ae883f":148,"f416ee62":148,"0d2b182d":148,"320754c3":148,"232b2f64":148,"3171b6e7":148,"3b25460f":148,"d2064756":148,"272e7d0d":148,"f92596ee":148,"68831ea9":148,"9713d076":148,"fd098272":148,"6ee788a7":148,"8249641d":148,"45b0968f":148,"6a9bb182":148,"1f1afd4f":148,"25fb8826":148,"0dc5da58":148,"2874a625":148,"e61ae828":148,"f7ac3883":148,"ccd01528":148,"dab8cf68":148,"00f2a9cb":148,"916fe082":148,"b64dba8e":148,"c3bb30ce":148,"86219c70":148,"601990d8":148,"5c662c19":148,"d2a5d2fd":148,"89d220c2":148,"3e10c9cb":148,"5500a3e8":148,"3c0e87ac":148,"a891461f":148,"a246cdab":148,"117c7f0b":148,"0d21cf99":148,"14e6fe14":148,"37ec5e73":148,"bfff7913":148,"f8636899":148,"37724339":148,"d45d9727":148,"ee5ff2a3":148,"44322dfd":148,"295e4d1d":148,"8cf6570a":148,"403064a0":148,"312af46e":148,"b5a9f8c3":148,"fcbc0ae8":148,"2ff6b6a8":148,"66a71cc1":148,"bf4b58e4":148,"f7ffcbb8":148,"5728f934":148,"00b26865":148,"c333337d":148,"815c56bc":148,"5bd61a68":148,"8582c5cf":148,"0c353665":148,"231e8700":148,"1f9fbd85":148,"43f24679":148,"a1c0dfc4":148,"78f71162":148,"4b27a9a4":148,"163f4d19":148,"1d043d5a":148,"b2f82e06":148,"5b0b43e6":148,"b5474d69":148,"5a938eeb":148,"4fe0dedf":148,"951fc6d0":148,"61892a4c":148,"f096219e":148,"a3f0a6ec":148,"01051f84":148,"aa7e370d":148,"f995eeab":148,"4006e709":148,"0dedf63e":148,"a9d5374b":148,"4321f02d":148,"089b3f8f":148,"7698d0dc":148,"784414ce":148,"2df3efdb":148,"d0f1b7bd":148,"e7799883":148,"4f9456cf":148,"6e260ee8":148,"f4f84279":148,"b0950de5":148,"6f873999":148,"1f4e0e22":148,"60d69311":148,"3b09f1de":148,"b371f44a":148,"8b6180ff":148,"8819ac24":148,"dbbf7f69":148,"dfe4a061":148,"c2bf7d51":148,"781afef6":148,"de9229a0":148,"99a5feef":148,"f6266388":148,"e64fd39c":148,"e1b3ce36":148,"625fa164":148,"0c6ae551":148,"a8edfe84":148,"2ed19b1e":148,"959e16ea":148,"02f76c64":148,"5c6d1f33":148,"b4801cae":148,"c3c2fd05":148,"f8c97147":148,"c2526ff3":148,"cc386067":148,"a22ffd8f":148,"3cd28a4d":148,"44a12c31":148,"45a961ca":148,"5ca978fd":148,"668e601b":148,"7552d86c":148,"02ebf3b6":148,"bb17a968":148,"4abcb85d":148,"cba26072":148,"2a718dcc":148,"c6a9a8e1":148,"88854fd0":148,"8dc27d2a":148,"41d7f05d":148,"e8f4c1dd":148,"cede8b8c":148,"ad95ff4a":148,"893a99c5":148,"d8bf32b5":148,"0eb42efe":148,"03c4ab87":148,"4e3d3af7":148,"3a4803a8":148,"f7a7de5d":148,"d4e56c3e":148,"0c045c2d":148,"8efd4801":148,"7eb8f268":148,"20236d3e":148,"36ae8cd8":148,"3ddd5391":148,"07f69c6d":148,"2254f0f5":148,"ea282e84":148,"6653c83b":148,"c896052c":148,"287ecd1c":148,"f9376d3e":148,"07a94e8c":148,"bb017b49":148,"37b52fe4":148,"2b851827":148,"9f428a03":148,"4d504d96":148,"0533ece1":148,"bcee2ef3":148,"0afba00c":148,"04ff8100":148,"6c00d8d6":148,"ac9a02bc":148,"acfe69ed":148,"426603ff":148,"2db2f252":148,"2e84193b":148,"c55683c9":148,"51233daf":148,"02791635":148,"be081247":148,"5cc47d1b":148,"678b846f":148,"b4bd39d8":148,"b4cdbe5d":148,"fa0386f3":148,"b95d0f17":148,"cee9c347":148,"61ad1519":148,"819c4185":148,"ba69b06b":148,"7d2a2cb4":148,"4f62491c":148,"70b4c438":148,"71ed93db":148,"c92efaa8":148,"c241ac7e":148,"62a45672":148,"210e507a":148,"ac6e268b":148,"742238e8":148
1601327208447,"7800e7ce":149,"77869ff0":149,"4b8f7b16":149,"89f75690":149,"cb363e2f":149,"cd802f02":149,"d3cca7eb":149,"e866a899":149,"5690e712":149,"0b92d2a9":149,"070bed95":149,"67e5d108":149,"3d37b94b":149,"842c97c2":149,"c4cef92b":149,"0eecdc5b":149,"b7e495ea":149,"45ec63c0":149,"0ddfde2c":149,"a8b41774":149,"81f0da2d":149,"1fcc8ba4":149,"75a9c117":149,"12ba54ec":149,"be391c1a":149,"d5d94481":149,"ffe48500":149,"c7a45a33":149,"faffe099":149,"e99490cd":149,"3b830769":149,"583f0305":149,"1557c50a":149,"249e80ab":149,"f52a3d94":149,"eb74d3dd":149,"3bcbc28d":149,"3c0455e7":149,"df203c79":149,"df1e1ac0":149,"491708eb":149,"e421caaa":149,"2d2ecf27":149,"d38a4953":149,"eba5efdd":149,"a5463f93":149,"c85ac4f8":149,"bc253f4f":149,"0d9d2bf8":149,"846b7f11":149,"d3411467":149,"1df0ce7f":149,"a08171d0":149,"c8bc5677":149,"dfca0518":149,"b9a21017":149,"e47705d3":149,"3cae4115":149,"0ccf4731":149,"c7c6782d":149,"54346574":149,"b12cbf87":149,"81942d9b":149,"699b90c1":149,"d9b5a7a8":149,"1e7914d2":149,"e5d8fdb2":149,"3412ab75":149,"bcac5daf":149,"37d8a5b7":149,"d5ab81c4":149,"2ecde685":149,"f0bd52d3":149,"dcc20f76":149,"666a8ef0":149,"c5b609f1":149,"4dc5849a":149,"d605c755":149,"8a8c1d67":149,"cc6b3306":149,"8c2dfd9a":149,"f11267b9":149,"a483b15e":149,"f80ab49d":149,"95eaed39":149,"a5ba0ebb":149,"f53362a9":149,"1901ef7e":149,"960c2e6b":149,"3515e999":149,"d11f8f1b":149,"9d9eb027":149,"325f9a29":149,"503aafe5":149,"62d028cc":149,"0af2cf39":149,"27491297":149,"d041ea86":149,"1eda11b2":149,"fc442678":149,"080d5d42":149,"5d03f5dc":149,"f0a01341":149,"1ee4d9f9":149,"0d6e45e7":149,"0da97151":149,"e829038c":149,"4987cfb5":149,"ba90687c":149,"77f2cf92":149,"037e2be4":149,"9e7dbd20":149,"0c086273":149,"ac13c3b0":149,"b4d9c57f":149,"5d53c964":149,"8ee9cc91":149,"4cc0af91":149,"55f6a2ba":149,"9559ea96":149,"9cb044bf":149,"16b25add":149,"80ee333e":149,"3b329af2":149,"1cd662bf":149,"72992b35":149,"47589344":149,"593b1533":149,"e9f6e5ce":149,"ed6bead5":149,"96f594b9":149,"94dfcfc5":149,"8301986e":149,"830ecfec":149,"a8bae791":149,"312009ee":149,"c98759fd":149,"e8b6d676":149,"45ee5840":149,"76f04033":149,"43480b19":149,"fd955858":149,"69798d15":149,"efea71fa":149,"fb3aa867":149,"c9cf710b":149,"fcacdeb3":149,"0ea055ed":149
1601327208812,"e3b1bdf8":149,"644b45fb":149,"18c73816":149,"e491161e":149,"b5087677":149,"16f60bed":149,"cb0c3481":149,"7664512c":149,"df9a53b8":149,"f6c27b2b":149,"945f6c24":149,"f1daea7e":149,"b8fb90e3":149,"56227e35":149,"0d6bf22a":149,"b87321d0":149,"43205b5d":149,"8982905a":149,"f6fe1ad7":149,"230064fa":149,"764e0abb":149,"bba6d88e":149,"92b72493":149,"d3e58903":149,"4481c4be":149,"7954891b":149,"4afd60a9":149,"d44c0ea3":149,"68f87858":149,"ea3479ec":149,"32266fa3":149,"50b090c3":149,"8be24763":149,"eb4800b2":149,"6e0ce9dc":149,"87d9bec4":149,"e30dfa0c":149,"6da34174":149,"bfb849fa":149,"0a10b423":149,"9ef7cee7":149,"49f1a0d1":149,"5f04aa76":149,"ba297382":149,"0287db2a":149,"96abe4a9":149,"753b10b1":149,"cf14bd99":149,"782022f4":149,"322e833f":149,"ab3619e4":149,"106006ad":149,"c8237be9":149,"1416e8f5":149,"dde2eed5":149,"a208caa8":149,"16605353":149,"77b39e15":149,"f1726edb":149,"5b09e53e":149,"da5bb0f7":149,"6d925c84":149,"50b23ab2":149,"edfa56d4":149,"899c16eb":149,"41c76041":149,"6bb1fa99":149,"d73ff72e":149,"61c0ca91":149,"bc733a28":149,"30d32d34":149,"886c16d3":149,"e8d09b62":149,"533bac6b":149,"41634dba":149,"43fd1327":149,"113e7f4b":149,"8cce569a":149,"ce6401b6":149,"6f57824c":149,"28bd7aa1":149,"1d52fb0d":149,"cde0d748":149,"535ed444":149,"710f0d0e":149,"0905f1fb":149,"a20e529c":149,"1ae76fcc":149,"35b161d3":149,"344cd1a3":149,"77ea1236":149,"96d2a118":149,"23a0e41f":149,"b32a1080":149,"a2c4b591":149,"6dfa57be":149,"1854ce44":149,"f92b22f1":149,"ece12664":149,"36f4ecde":149,"568a0d58":149,"5fd569d2":149,"10c8fd03":149,"bd4ccb49":149,"e773d697":149,"7e8c11e7":149,"077eb15a":149,"5337c279":149,"8d256cb6":149,"7021c619":149,"32ae00db":149,"bf2defb2":149,"3b3569f6":149,"b01ab62a":149,"76da16fa":149,"bffee581":149,"07150038":149,"080fa362":149,"7b6945ad":149,"24a79a6e":149,"edde30af":149,"4d949e11":149,"df12f689":149,"1da10cbf":149,"832c48e4":149,"dc90a44c":149,"1ad7c45b":149,"5566c17c":149,"86a22252":149,"0000dece":149,"ce5efdbe":149,"58ace2b5":149,"d379fd96":149,"7b819458":149,"7f8024cd":149,"ae562513":149,"7b66dacd":149,"9ab137d7":149,"7191d1cd":149,"005354dd":149,"a40d08e1":149,"d2fda7be":149,"ce20ca3c":149,"1d2d958b":149,"81fb6a01":149,"7f5b27c8":149,"fb3444d9":149,"f05de640":149,"86a68967":149,"56cd4dca":149,"7f469f4c":149,"f92dedfc":149,"355d1489":149,"f96fc1af":149,"06713bac":149,"61aca924":149,"d97fb857":149,"59ff5ec6":149,"ef04e64e":149,"6e2d04de":149,"2fca1798":149,"05028839":149,"5488826c":149,"84fff5c1":149,"c649992d":149,"d5ad3ed6":149,"8e5f7187":149,"55ba7579":149,"b7769ca6":149,"9c27de51":149,"38a75b48":149,"1792bfa3":149,"426f1904":149,"7c0f1ca9":149,"b2f820ac":149,"cec79bc2":149,"590ce3d3":149,"1802d7ce":149,"0a49914b":149,"5d3f5cad":149,"cf347cba":149,"fc0c23f7":149,"641f9b9e":149,"c92edec5":149,"9f03c1e7":149,"06c24a8d":149,"2f35e75f":149,"3eddf7c8":149,"77970f8b":149,"efd594d5":149,"4718294d":149,"5352cf45":149,"e0ffe8ff":149,"ae14d6b5":149,"721f5f42":149,"0b50bca6":149,"bf2ca266":149,"5d8d9641":149,"0de67c6c":149,"2311399f":149,"5e3ebf5e":149,"9f6ca218":149,"6213799d":149,"44cb1fd2":149,"baf19c25":149,"d2eff358":149,"e70aebb5":149,"a488b2f1":149,"4caa87d6":149,"f7076e21":149,"69e653b6":149,"98d2991b":149,"3b411d6a":149,"83826ef3":149,"595609d5":149,"b47f1b89":149,"8e6caf71":149,"9a3433b8":149,"b89112cb":149,"66736d5e":149,"30de89a7":149,"06aaa33f":149,"320c65bf":149,"1fa1e7c2":149,"646af2b9":149,"659389ad":149,"240c8679":149,"0718c3be":149,"8b503f7b":149,"87a8523c":149,"c416baa6":149,"ae350a07":149,"680a32a6":149,"f1e86522":149,"83ba647d":149,"fa03f48f":149,"25d4f65d":149,"eddb6a2a":149,"ff8a00aa":149,"c146560b":149,"985068e7":149,"d543ba6f":149,"5298dafa":149,"cb0bd6b7":149,"8e426e39":149,"25f7f918":149,"c5311ebb":149,"51909df8":149,"e22b0973":149,"105bb3f6":149,"23646ff9":149,"58de5462":149,"f01c896d":149,"3abb827b":149,"0c73c293":149,"1f2670d0":149,"88929b06":149,"962c9c8f":149,"08c4692e":149,"aec0bf28":149,"5b2479ef":149,"a017a323":149,"1d882c36":149,"8801c469":149,"b6281f1a":149,"eb62e8f2":149,"48c6df81":149,"5e165f43":149,"f8785b71":149,"ab4a411a":149,"d7a4b24c":149,"686d5c0b":149,"f15eb1c5":149,"71789493":149,"5ac72353":149,"d1b14d06":149,"f6c074a7":149,"ffd6849d":149,"962fca02":149,"75968179":149,"bc8bdc23":149,"a71f3f70":149,"1f7aa83c":149,"732d62ee":149,"d4b0751c":149,"5b01444b":149,"79995b62":149,"97160db8":149,"589f0d6e":149,"51b4016a":149,"46bf9112":149,"092ad3d6":149,"bf940089":149,"808bc372":149,"c792a7c1":149,"01f34f98":149,"5a7da061":149,"1670b0d3":149,"ec97d63e":149,"06a94514":149,"94208a41":149,"73c420df":149,"2cbcad17":149,"0700da70":149,"4dccb5ca":149,"ff591765":149,"93f12198":149,"83268abf":149,"578c4c95":149,"62e270e5":149,"c606b472":149,"66b1b6d7":149,"b062adc4":149,"4aae5133":149,"63a3af32":149,"3fec4b0b":149,"faa3de3e":149,"44983d13":149,"80999122":149,"72af9198":149,"e39e9552":149,"81c1b70d":149,"e72f0f82":149,"88374b72":149,"fdfaf1ed":149,"ea981bed":149,"5e197575":149,"e587c4d0":149,"525b2635":149,"caa38a45":149,"a9987a58":149,"b6b8e5c7":149,"e82177d3":149,"89914b94":149,"04bdf5e1":149,"da8b42be":149,"3b0576bf":149,"9458934f":149,"1dcc489c":149,"945badf3":149,"1327775b":149,"bdd40125":149,"75fd47f7":149,"1c52a07e":149,"e70ccc25":149,"afd1494f":149,"ca6bffd3":149,"829c44a4":149,"e76e2617":149,"2b4fd52e":149,"57162572":149,"d1d50cfe":149,"9666b973":149,"653b27c7":149,"83b37fd6":149,"4d852788":149,"e43a9448":149,"3542b748":149,"379c53ab":149,"e396d80d":149,"7da61f27":149,"dc874a97":149,"85a220de":149,"40a7cdd2":149,"ac033c7b":149,"272e7d0d":149,"f92596ee":149,"68831ea9":149,"9713d076":149,"87759976":149,"4df3f62e":149,"c881a53e":149,"80c1c8b1":149,"cf52acd8":149,"a63cb4ce":149,"d3b3492b":149,"7580cfa4":149,"22a96386":149,"5c672b50":149,"5df16440":149,"b666e56d":149,"8db378ff":149,"784d6375":149,"4541bf85":149,"a6b13f20":149,"2459c882":149,"3df97186":149,"ef0490de":149,"e0f47ced":149,"309bbf54":149,"cc537772":149,"6618390c":149,"99cc0813":149,"dc32c4e1":149,"239c636e":149,"6ee160ff":149,"c55d40ca":149,"22c177a8":149,"00ae883f":149,"f416ee62":149,"0d2b182d":149,"320754c3":149,"232b2f64":149,"3171b6e7":149,"3b25460f":149,"d2064756":149,"fd098272":149,"6ee788a7":149,"8249641d":149,"45b0968f":149,"6a9bb182":149,"1f1afd4f":149,"25fb8826":149,"0dc5da58":149,"2874a625":149,"e61ae828":149,"f7ac3883":149,"ccd01528":149,"dab8cf68":149,"00f2a9cb":149,"916fe082":149,"b64dba8e":149,"c3bb30ce":149,"86219c70":149,"601990d8":149,"5c662c19":149,"d2a5d2fd":149,"89d220c2":149,"3e10c9cb":149,"5500a3e8":149,"3c0e87ac":149,"a891461f":149,"a246cdab":149,"117c7f0b":149,"0d21cf99":149,"14e6fe14":149,"37ec5e73":149,"bfff7913":149,"f8636899":149,"37724339":149,"d45d9727":149,"ee5ff2a3":149,"44322dfd":149
1601327209259,"295e4d1d":149,"8cf6570a":149,"403064a0":149,"312af46e":149,"b5a9f8c3":149,"fcbc0ae8":149,"2ff6b6a8":149,"66a71cc1":149,"bf4b58e4":149,"f7ffcbb8":149,"5728f934":149,"00b26865":149,"c333337d":149,"815c56bc":149,"5bd61a68":149,"8582c5cf":149,"0c353665":149,"231e8700":149,"1f9fbd85":149,"43f24679":149,"a1c0dfc4":149,"78f71162":149,"4b27a9a4":149,"163f4d19":149,"1d043d5a":149,"b2f82e06":149,"5b0b43e6":149,"b5474d69":149,"5a938eeb":149,"4fe0dedf":149,"951fc6d0":149,"61892a4c":149,"f096219e":149,"a3f0a6ec":149,"01051f84":149,"aa7e370d":149,"f995eeab":149,"4006e709":149,"0dedf63e":149,"a9d5374b":149,"4321f02d":149,"089b3f8f":149,"7698d0dc":149,"784414ce":149,"2df3efdb":149,"d0f1b7bd":149,"e7799883":149,"4f9456cf":149,"6e260ee8":149,"f4f84279":149,"b0950de5":149,"6f873999":149,"1f4e0e22":149,"60d69311":149,"3b09f1de":149,"b371f44a":149,"8b6180ff":149,"8819ac24":149,"dbbf7f69":149,"a8edfe84":149,"2ed19b1e":149,"959e16ea":149,"02f76c64":149,"5c6d1f33":149,"b4801cae":149,"c3c2fd05":149,"f8c97147":149,"c2526ff3":149,"cc386067":149,"a22ffd8f":149,"3cd28a4d":149,"44a12c31":149,"45a961ca":149,"5ca978fd":149,"668e601b":149,"7552d86c":149,"02ebf3b6":149,"bb17a968":149,"4abcb85d":149,"cba26072":149,"2a718dcc":149,"dfe4a061":149,"c2bf7d51":149,"781afef6":149,"de9229a0":149,"99a5feef":149,"f6266388":149,"e64fd39c":149,"e1b3ce36":149,"625fa164":149,"0c6ae551":149,"e8f4c1dd":149,"cede8b8c":149,"ad95ff4a":149,"893a99c5":149,"d8bf32b5":149,"0eb42efe":149,"03c4ab87":149,"4e3d3af7":149,"3a4803a8":149,"f7a7de5d":149,"d4e56c3e":149,"0c045c2d":149,"8efd4801":149,"7eb8f268":149,"20236d3e":149,"36ae8cd8":149,"3ddd5391":149,"07f69c6d":149,"2254f0f5":149,"ea282e84":149,"6653c83b":149,"c896052c":149,"287ecd1c":149,"f9376d3e":149,"07a94e8c":149,"c6a9a8e1":149,"88854fd0":149,"8dc27d2a":149,"41d7f05d":149,"2b851827":149,"9f428a03":149,"4d504d96":149,"0533ece1":149,"bcee2ef3":149,"0afba00c":149,"04ff8100":149,"6c00d8d6":149,"ac9a02bc":149,"acfe69ed":149,"426603ff":149,"2db2f252":149,"2e84193b":149,"c55683c9":149,"51233daf":149,"02791635":149,"be081247":149,"5cc47d1b":149,"678b846f":149,"b4bd39d8":149,"b4cdbe5d":149,"fa0386f3":149,"b95d0f17":149,"cee9c347":149,"bb017b49":149,"37b52fe4":149,"61ad1519":149,"819c4185":149,"ba69b06b":149,"7d2a2cb4":149,"4f62491c":149,"70b4c438":149,"71ed93db":149,"c92efaa8":149,"c241ac7e":149,"62a45672":149,"210e507a":149,"ac6e268b":149,"742238e8":149
1601327210130,"7800e7ce":150,"77869ff0":150,"4b8f7b16":150,"89f75690":150,"cb363e2f":150,"cd802f02":150,"d3cca7eb":150,"e866a899":150,"5690e712":150,"0b92d2a9":150,"070bed95":150,"67e5d108":150,"3d37b94b":150,"842c97c2":150
1601327210541,"c4cef92b":150,"0eecdc5b":150,"b7e495ea":150,"45ec63c0":150,"0ddfde2c":150,"a8b41774":150,"81f0da2d":150,"1fcc8ba4":150,"75a9c117":150,"12ba54ec":150,"be391c1a":150,"37d8a5b7":150,"d5ab81c4":150,"2ecde685":150,"f0bd52d3":150,"dcc20f76":150,"666a8ef0":150,"c5b609f1":150,"4dc5849a":150,"d605c755":150,"8a8c1d67":150,"cc6b3306":150,"8c2dfd9a":150,"f11267b9":150,"a483b15e":150,"f80ab49d":150,"95eaed39":150,"a5ba0ebb":150,"f53362a9":150,"1901ef7e":150,"960c2e6b":150,"3515e999":150,"d11f8f1b":150,"9d9eb027":150,"325f9a29":150,"503aafe5":150,"080d5d42":150,"5d03f5dc":150,"f0a01341":150,"1ee4d9f9":150,"0d6e45e7":150,"0da97151":150,"e829038c":150,"4987cfb5":150,"ba90687c":150,"77f2cf92":150,"037e2be4":150,"9e7dbd20":150,"0c086273":150,"ac13c3b0":150,"b4d9c57f":150,"5d53c964":150,"8ee9cc91":150,"4cc0af91":150,"55f6a2ba":150,"9559ea96":150,"9cb044bf":150,"16b25add":150,"80ee333e":150,"3b329af2":150,"1cd662bf":150,"72992b35":150,"47589344":150,"593b1533":150,"e9f6e5ce":150,"ed6bead5":150,"96f594b9":150,"94dfcfc5":150,"d5d94481":150,"ffe48500":150,"c7a45a33":150,"faffe099":150,"e99490cd":150,"3b830769":150,"583f0305":150,"1557c50a":150,"249e80ab":150,"f52a3d94":150,"eb74d3dd":150,"3bcbc28d":150,"3c0455e7":150,"df203c79":150,"df1e1ac0":150,"491708eb":150,"e421caaa":150,"2d2ecf27":150,"d38a4953":150,"eba5efdd":150,"a5463f93":150,"c85ac4f8":150,"bc253f4f":150,"0d9d2bf8":150,"846b7f11":150,"d3411467":150,"1df0ce7f":150,"a08171d0":150,"c8bc5677":150,"dfca0518":150,"b9a21017":150,"e47705d3":150,"3cae4115":150,"0ccf4731":150,"c7c6782d":150,"54346574":150,"8301986e":150,"830ecfec":150,"a8bae791":150,"312009ee":150,"c98759fd":150,"e8b6d676":150,"45ee5840":150,"76f04033":150,"43480b19":150,"fd955858":150,"69798d15":150,"efea71fa":150,"fb3aa867":150,"c9cf710b":150,"fcacdeb3":150,"0ea055ed":150,"e3b1bdf8":150,"644b45fb":150,"b12cbf87":150,"81942d9b":150,"699b90c1":150,"d9b5a7a8":150,"1e7914d2":150,"e5d8fdb2":150,"3412ab75":150,"bcac5daf":150,"62d028cc":150,"0af2cf39":150,"27491297":150,"d041ea86":150,"1eda11b2":150,"fc442678":150,"18c73816":150,"e491161e":150,"b5087677":150,"16f60bed":150,"cb0c3481":150,"7664512c":150,"df9a53b8":150,"f6c27b2b":150,"945f6c24":150,"590ce3d3":150,"1802d7ce":150,"0a49914b":150,"5d3f5cad":150,"cf347cba":150,"fc0c23f7":150,"641f9b9e":150,"c92edec5":150,"9f03c1e7":150,"06c24a8d":150,"2f35e75f":150,"3eddf7c8":150,"f1daea7e":150,"b8fb90e3":150,"56227e35":150,"0d6bf22a":150,"b87321d0":150,"43205b5d":150,"8982905a":150,"f6fe1ad7":150,"230064fa":150,"764e0abb":150,"bba6d88e":150,"ea3479ec":150,"32266fa3":150,"50b090c3":150,"8be24763":150,"eb4800b2":150,"6e0ce9dc":150,"87d9bec4":150,"e30dfa0c":150,"6da34174":150,"bfb849fa":150,"0a10b423":150,"9ef7cee7":150,"49f1a0d1":150,"5f04aa76":150,"ba297382":150,"0287db2a":150,"96abe4a9":150,"753b10b1":150,"cf14bd99":150,"782022f4":150,"322e833f":150,"ab3619e4":150,"106006ad":150,"c8237be9":150,"1416e8f5":150,"dde2eed5":150,"a208caa8":150,"16605353":150,"77b39e15":150,"f1726edb":150,"77970f8b":150,"efd594d5":150,"4718294d":150,"5352cf45":150,"e0ffe8ff":150,"ae14d6b5":150,"721f5f42":150,"0b50bca6":150,"bf2ca266":150,"5d8d9641":150,"0de67c6c":150,"2311399f":150,"5e3ebf5e":150,"9f6ca218":150,"6213799d":150,"44cb1fd2":150,"baf19c25":150,"24a79a6e":150,"edde30af":150,"4d949e11":150,"df12f689":150,"1da10cbf":150,"832c48e4":150,"dc90a44c":150,"1ad7c45b":150,"5566c17c":150,"86a22252":150,"0000dece":150,"ce5efdbe":150,"58ace2b5":150,"d379fd96":150,"7b819458":150,"7f8024cd":150,"ae562513":150,"7b66dacd":150,"9ab137d7":150,"7191d1cd":150,"92b72493":150,"d3e58903":150,"4481c4be":150,"7954891b":150,"4afd60a9":150,"d44c0ea3":150,"68f87858":150,"533bac6b":150,"41634dba":150,"43fd1327":150,"113e7f4b":150,"8cce569a":150,"ce6401b6":150,"6f57824c":150,"28bd7aa1":150,"1d52fb0d":150,"cde0d748":150,"535ed444":150,"710f0d0e":150,"0905f1fb":150,"a20e529c":150,"1ae76fcc":150,"35b161d3":150,"344cd1a3":150,"77ea1236":150,"96d2a118":150,"23a0e41f":150,"b32a1080":150,"a2c4b591":150,"6dfa57be":150,"1854ce44":150,"f92b22f1":150,"005354dd":150
1601327211120,"ece12664":150,"36f4ecde":150,"568a0d58":150,"5fd569d2":150,"10c8fd03":150,"bd4ccb49":150,"e773d697":150,"7e8c11e7":150,"077eb15a":150,"5337c279":150,"8d256cb6":150,"7021c619":150,"32ae00db":150,"bf2defb2":150,"bc733a28":150,"30d32d34":150,"886c16d3":150,"e8d09b62":150,"5b09e53e":150,"da5bb0f7":150,"6d925c84":150,"50b23ab2":150,"edfa56d4":150,"899c16eb":150,"41c76041":150,"6bb1fa99":150,"d73ff72e":150,"61c0ca91":150,"d2fda7be":150,"ce20ca3c":150,"1d2d958b":150,"81fb6a01":150,"7f5b27c8":150,"fb3444d9":150,"f05de640":150,"86a68967":150,"56cd4dca":150,"7f469f4c":150,"f92dedfc":150,"355d1489":150,"f96fc1af":150,"06713bac":150,"61aca924":150,"d97fb857":150,"59ff5ec6":150,"ef04e64e":150,"6e2d04de":150,"2fca1798":150,"05028839":150,"5488826c":150,"84fff5c1":150,"c649992d":150,"d5ad3ed6":150,"8e5f7187":150,"55ba7579":150,"b7769ca6":150,"9c27de51":150,"38a75b48":150,"1792bfa3":150,"426f1904":150,"7c0f1ca9":150,"b2f820ac":150,"25d4f65d":150,"eddb6a2a":150,"ff8a00aa":150,"c146560b":150,"985068e7":150,"d543ba6f":150,"3b3569f6":150,"b01ab62a":150,"76da16fa":150,"bffee581":150,"07150038":150,"080fa362":150,"7b6945ad":150,"a40d08e1":150,"cec79bc2":150,"d2eff358":150,"e70aebb5":150,"a488b2f1":150,"4caa87d6":150,"f7076e21":150,"69e653b6":150,"98d2991b":150,"3b411d6a":150,"83826ef3":150,"595609d5":150,"b47f1b89":150,"8e6caf71":150,"9a3433b8":150,"b89112cb":150,"66736d5e":150,"30de89a7":150,"06aaa33f":150,"320c65bf":150,"1fa1e7c2":150,"646af2b9":150,"659389ad":150,"240c8679":150,"0718c3be":150,"8b503f7b":150,"87a8523c":150,"c416baa6":150,"ae350a07":150,"680a32a6":150,"f1e86522":150,"83ba647d":150,"fa03f48f":150,"cb0bd6b7":150,"5298dafa":150,"8e426e39":150,"25f7f918":150,"51909df8":150,"c5311ebb":150,"e22b0973":150,"105bb3f6":150,"23646ff9":150,"58de5462":150,"3abb827b":150,"0c73c293":150,"f01c896d":150,"1f2670d0":150,"88929b06":150,"08c4692e":150,"962c9c8f":150,"5b2479ef":150,"aec0bf28":150,"a017a323":150,"1d882c36":150,"8801c469":150,"eb62e8f2":150,"b6281f1a":150,"48c6df81":150,"5e165f43":150,"f8785b71":150,"ab4a411a":150,"d7a4b24c":150,"686d5c0b":150,"f15eb1c5":150,"71789493":150,"5ac72353":150,"d1b14d06":150,"f6c074a7":150,"ffd6849d":150,"962fca02":150,"75968179":150,"bc8bdc23":150,"a71f3f70":150,"1f7aa83c":150,"732d62ee":150,"d4b0751c":150,"5b01444b":150,"79995b62":150,"97160db8":150,"589f0d6e":150,"51b4016a":150,"46bf9112":150,"092ad3d6":150,"bf940089":150,"01f34f98":150,"1670b0d3":150,"ec97d63e":150,"94208a41":150,"808bc372":150,"2cbcad17":150,"4dccb5ca":150,"c792a7c1":150,"83268abf":150,"5a7da061":150,"578c4c95":150,"06a94514":150,"73c420df":150,"c606b472":150,"0700da70":150,"ff591765":150,"93f12198":150,"62e270e5":150,"66b1b6d7":150,"b062adc4":150,"4aae5133":150,"63a3af32":150,"3fec4b0b":150,"faa3de3e":150,"44983d13":150,"80999122":150,"72af9198":150,"9666b973":150,"653b27c7":150,"83b37fd6":150,"4d852788":150,"e43a9448":150,"e39e9552":150,"81c1b70d":150,"e72f0f82":150,"88374b72":150,"fdfaf1ed":150,"ea981bed":150,"5e197575":150,"e587c4d0":150,"525b2635":150,"caa38a45":150,"a9987a58":150,"b6b8e5c7":150,"e82177d3":150,"89914b94":150,"04bdf5e1":150,"da8b42be":150,"3b0576bf":150,"9458934f":150,"1dcc489c":150,"945badf3":150,"1327775b":150,"bdd40125":150,"75fd47f7":150,"1c52a07e":150,"e70ccc25":150,"afd1494f":150,"ca6bffd3":150,"829c44a4":150,"e76e2617":150,"2b4fd52e":150,"57162572":150,"d1d50cfe":150,"272e7d0d":150,"f92596ee":150,"68831ea9":150,"9713d076":150,"fd098272":150,"6ee788a7":150,"8249641d":150,"45b0968f":150,"6a9bb182":150,"1f1afd4f":150,"25fb8826":150,"0dc5da58":150,"2874a625":150,"e61ae828":150,"f7ac3883":150,"ccd01528":150,"dab8cf68":150,"00f2a9cb":150,"916fe082":150,"b64dba8e":150,"c3bb30ce":150,"86219c70":150,"601990d8":150,"5c662c19":150,"d2a5d2fd":150,"89d220c2":150,"3e10c9cb":150,"5500a3e8":150,"3c0e87ac":150,"a891461f":150,"a246cdab":150,"f7ffcbb8":150,"5728f934":150,"00b26865":150,"c333337d":150,"815c56bc":150,"3542b748":150,"379c53ab":150,"e396d80d":150,"7da61f27":150,"dc874a97":150,"85a220de":150,"40a7cdd2":150,"ac033c7b":150,"87759976":150,"4df3f62e":150,"c881a53e":150,"80c1c8b1":150,"cf52acd8":150,"a63cb4ce":150,"d3b3492b":150,"7580cfa4":150,"22a96386":150,"5c672b50":150,"5df16440":150,"b666e56d":150,"8db378ff":150,"784d6375":150,"4541bf85":150,"a6b13f20":150,"2459c882":150,"3df97186":150,"ef0490de":150,"e0f47ced":150,"309bbf54":150,"cc537772":150,"6618390c":150,"5bd61a68":150,"8582c5cf":150,"0c353665":150,"231e8700":150,"1f9fbd85":150,"43f24679":150,"a1c0dfc4":150,"78f71162":150,"4b27a9a4":150,"163f4d19":150,"1d043d5a":150,"b2f82e06":150,"5b0b43e6":150,"b5474d69":150,"5a938eeb":150,"4fe0dedf":150,"951fc6d0":150,"61892a4c":150,"f096219e":150,"a3f0a6ec":150,"01051f84":150,"aa7e370d":150,"117c7f0b":150,"0d21cf99":150,"14e6fe14":150,"37ec5e73":150,"bfff7913":150,"f8636899":150,"37724339":150,"d45d9727":150,"ee5ff2a3":150,"44322dfd":150,"295e4d1d":150,"8cf6570a":150,"403064a0":150,"312af46e":150,"b5a9f8c3":150,"fcbc0ae8":150,"2ff6b6a8":150,"66a71cc1":150,"bf4b58e4":150,"f995eeab":150,"4006e709":150,"0dedf63e":150,"a9d5374b":150,"4321f02d":150,"089b3f8f":150,"7698d0dc":150,"784414ce":150,"2df3efdb":150,"99cc0813":150,"dc32c4e1":150,"239c636e":150,"6ee160ff":150,"c55d40ca":150,"22c177a8":150,"00ae883f":150,"f416ee62":150,"0d2b182d":150,"320754c3":150,"232b2f64":150,"3171b6e7":150,"3b25460f":150,"d2064756":150,"d0f1b7bd":150,"e7799883":150,"4f9456cf":150,"6e260ee8":150,"f4f84279":150,"b0950de5":150,"6f873999":150,"1f4e0e22":150,"60d69311":150,"3b09f1de":150,"b371f44a":150,"8b6180ff":150,"8819ac24":150,"dbbf7f69":150,"dfe4a061":150,"c2bf7d51":150,"781afef6":150,"de9229a0":150,"99a5feef":150,"f6266388":150,"e64fd39c":150,"e1b3ce36":150,"a8edfe84":150,"2ed19b1e":150,"959e16ea":150,"02f76c64":150,"5c6d1f33":150,"b4801cae":150,"c3c2fd05":150,"f8c97147":150,"c2526ff3":150,"cc386067":150,"a22ffd8f":150,"3cd28a4d":150,"44a12c31":150,"45a961ca":150,"5ca978fd":150,"668e601b":150,"7552d86c":150,"625fa164":150,"0c6ae551":150,"e8f4c1dd":150,"cede8b8c":150,"ad95ff4a":150,"893a99c5":150,"d8bf32b5":150,"0eb42efe":150,"03c4ab87":150,"4e3d3af7":150,"3a4803a8":150,"f7a7de5d":150,"d4e56c3e":150,"0c045c2d":150,"8efd4801":150,"7eb8f268":150,"20236d3e":150,"36ae8cd8":150,"3ddd5391":150,"07f69c6d":150,"2254f0f5":150,"ea282e84":150,"6653c83b":150,"c896052c":150,"287ecd1c":150,"f9376d3e":150,"07a94e8c":150,"bb017b49":150,"37b52fe4":150,"61ad1519":150
1601327211314,"819c4185":150,"ba69b06b":150,"7d2a2cb4":150,"4f62491c":150,"70b4c438":150,"71ed93db":150,"c92efaa8":150,"c241ac7e":150,"62a45672":150,"210e507a":150,"02ebf3b6":150,"bb17a968":150,"4abcb85d":150,"cba26072":150,"2a718dcc":150,"c6a9a8e1":150,"88854fd0":150,"8dc27d2a":150,"41d7f05d":150,"2b851827":150,"9f428a03":150,"4d504d96":150,"0533ece1":150,"bcee2ef3":150,"0afba00c":150,"04ff8100":150,"6c00d8d6":150,"ac9a02bc":150,"acfe69ed":150,"426603ff":150,"2db2f252":150,"2e84193b":150,"c55683c9":150,"51233daf":150,"02791635":150,"be081247":150,"5cc47d1b":150,"678b846f":150,"b4bd39d8":150,"b4cdbe5d":150,"fa0386f3":150,"b95d0f17":150,"cee9c347":150,"ac6e268b":150,"742238e8":150
1601327212419,"7800e7ce":151,"77869ff0":151,"4b8f7b16":151,"89f75690":151,"cb363e2f":151,"cd802f02":151,"d3cca7eb":151,"e866a899":151,"5690e712":151,"0b92d2a9":151,"070bed95":151,"67e5d108":151,"3d37b94b":151,"842c97c2":151,"c4cef92b":151,"0eecdc5b":151,"b7e495ea":151,"45ec63c0":151,"0ddfde2c":151,"a8b41774":151,"81f0da2d":151,"1fcc8ba4":151,"75a9c117":151,"12ba54ec":151,"be391c1a":151,"37d8a5b7":151,"d5ab81c4":151,"2ecde685":151,"f0bd52d3":151,"dcc20f76":151,"666a8ef0":151,"c5b609f1":151,"4dc5849a":151,"d605c755":151,"8a8c1d67":151,"cc6b3306":151,"8c2dfd9a":151,"f11267b9":151,"a483b15e":151,"f80ab49d":151,"95eaed39":151,"a5ba0ebb":151,"f53362a9":151,"1901ef7e":151,"960c2e6b":151,"3515e999":151,"d11f8f1b":151,"9d9eb027":151,"325f9a29":151,"503aafe5":151,"d5d94481":151,"ffe48500":151,"c7a45a33":151,"faffe099":151,"e99490cd":151,"3b830769":151,"583f0305":151,"1557c50a":151,"249e80ab":151,"f52a3d94":151,"eb74d3dd":151,"3bcbc28d":151,"3c0455e7":151,"df203c79":151,"df1e1ac0":151,"491708eb":151,"e421caaa":151,"2d2ecf27":151,"d38a4953":151,"eba5efdd":151,"a5463f93":151,"c85ac4f8":151,"bc253f4f":151,"0d9d2bf8":151,"846b7f11":151,"d3411467":151,"1df0ce7f":151,"a08171d0":151,"c8bc5677":151,"dfca0518":151,"b9a21017":151,"e47705d3":151,"080d5d42":151,"5d03f5dc":151,"f0a01341":151,"1ee4d9f9":151,"0d6e45e7":151,"0da97151":151,"e829038c":151,"4987cfb5":151,"ba90687c":151,"77f2cf92":151,"037e2be4":151,"9e7dbd20":151,"0c086273":151,"ac13c3b0":151,"b4d9c57f":151,"5d53c964":151,"8ee9cc91":151,"4cc0af91":151,"55f6a2ba":151,"9559ea96":151,"9cb044bf":151,"16b25add":151,"80ee333e":151,"3b329af2":151,"1cd662bf":151,"72992b35":151,"47589344":151,"593b1533":151,"e9f6e5ce":151,"ed6bead5":151,"96f594b9":151,"94dfcfc5":151,"8301986e":151,"830ecfec":151,"a8bae791":151,"312009ee":151,"3cae4115":151,"0ccf4731":151,"c7c6782d":151,"54346574":151,"b12cbf87":151,"81942d9b":151,"699b90c1":151,"d9b5a7a8":151,"1e7914d2":151,"e5d8fdb2":151,"3412ab75":151,"bcac5daf":151,"62d028cc":151,"0af2cf39":151,"27491297":151,"d041ea86":151,"1eda11b2":151,"fc442678":151,"c98759fd":151,"e8b6d676":151,"45ee5840":151,"76f04033":151,"43480b19":151,"fd955858":151,"69798d15":151,"efea71fa":151,"fb3aa867":151,"c9cf710b":151,"fcacdeb3":151,"0ea055ed":151,"e3b1bdf8":151,"644b45fb":151,"18c73816":151,"e491161e":151,"b5087677":151,"16f60bed":151,"cb0c3481":151,"7664512c":151
1601327213042,"df9a53b8":151,"f6c27b2b":151,"945f6c24":151,"f1daea7e":151,"b8fb90e3":151,"56227e35":151,"0d6bf22a":151,"b87321d0":151,"43205b5d":151,"8982905a":151,"f6fe1ad7":151,"230064fa":151,"764e0abb":151,"bba6d88e":151,"ea3479ec":151,"32266fa3":151,"50b090c3":151,"8be24763":151,"eb4800b2":151,"6e0ce9dc":151,"87d9bec4":151,"e30dfa0c":151,"6da34174":151,"bfb849fa":151,"0a10b423":151,"9ef7cee7":151,"49f1a0d1":151,"5f04aa76":151,"ba297382":151,"0287db2a":151,"96abe4a9":151,"753b10b1":151,"cf14bd99":151,"782022f4":151,"322e833f":151,"ab3619e4":151,"106006ad":151,"c8237be9":151,"1416e8f5":151,"dde2eed5":151,"a208caa8":151,"16605353":151,"77b39e15":151,"f1726edb":151,"92b72493":151,"d3e58903":151,"4481c4be":151,"7954891b":151,"4afd60a9":151,"d44c0ea3":151,"68f87858":151,"533bac6b":151,"41634dba":151,"43fd1327":151,"113e7f4b":151,"8cce569a":151,"ce6401b6":151,"6f57824c":151,"28bd7aa1":151,"1d52fb0d":151,"cde0d748":151,"535ed444":151,"710f0d0e":151,"0905f1fb":151,"a20e529c":151,"1ae76fcc":151,"35b161d3":151,"344cd1a3":151,"77ea1236":151,"96d2a118":151,"23a0e41f":151,"b32a1080":151,"a2c4b591":151,"6dfa57be":151,"1854ce44":151,"f92b22f1":151,"ece12664":151,"36f4ecde":151,"568a0d58":151,"5fd569d2":151,"10c8fd03":151,"bd4ccb49":151,"e773d697":151,"7e8c11e7":151,"077eb15a":151,"5337c279":151,"8d256cb6":151,"7021c619":151,"32ae00db":151,"bf2defb2":151,"bc733a28":151,"30d32d34":151,"886c16d3":151,"e8d09b62":151,"590ce3d3":151,"1802d7ce":151,"0a49914b":151,"5d3f5cad":151,"cf347cba":151,"fc0c23f7":151,"641f9b9e":151,"c92edec5":151,"9f03c1e7":151,"06c24a8d":151,"2f35e75f":151,"3eddf7c8":151,"77970f8b":151,"efd594d5":151,"4718294d":151,"5352cf45":151,"e0ffe8ff":151,"ae14d6b5":151,"721f5f42":151,"0b50bca6":151,"bf2ca266":151,"5d8d9641":151,"0de67c6c":151,"2311399f":151,"5e3ebf5e":151,"9f6ca218":151,"6213799d":151,"44cb1fd2":151,"baf19c25":151,"24a79a6e":151,"edde30af":151,"4d949e11":151,"df12f689":151,"1da10cbf":151,"832c48e4":151,"dc90a44c":151,"1ad7c45b":151,"5566c17c":151,"86a22252":151,"0000dece":151,"ce5efdbe":151,"58ace2b5":151,"d379fd96":151,"7b819458":151,"7f8024cd":151,"ae562513":151,"7b66dacd":151,"9ab137d7":151,"7191d1cd":151,"005354dd":151,"5b09e53e":151,"da5bb0f7":151,"6d925c84":151,"50b23ab2":151,"edfa56d4":151,"899c16eb":151,"41c76041":151,"6bb1fa99":151,"d73ff72e":151,"61c0ca91":151,"d2fda7be":151,"ce20ca3c":151,"1d2d958b":151,"81fb6a01":151,"7f5b27c8":151,"fb3444d9":151,"f05de640":151,"86a68967":151,"56cd4dca":151,"7f469f4c":151,"f92dedfc":151,"355d1489":151,"f96fc1af":151,"06713bac":151,"61aca924":151,"d97fb857":151,"59ff5ec6":151,"ef04e64e":151,"6e2d04de":151,"2fca1798":151,"05028839":151,"5488826c":151,"84fff5c1":151,"c649992d":151,"d5ad3ed6":151,"8e5f7187":151,"55ba7579":151,"b7769ca6":151,"9c27de51":151,"38a75b48":151,"1792bfa3":151,"426f1904":151,"7c0f1ca9":151,"b2f820ac":151,"25d4f65d":151,"eddb6a2a":151,"ff8a00aa":151,"c146560b":151,"985068e7":151,"d543ba6f":151,"3b3569f6":151,"b01ab62a":151,"76da16fa":151,"bffee581":151,"07150038":151,"080fa362":151,"7b6945ad":151,"a40d08e1":151,"cec79bc2":151,"d2eff358":151,"e70aebb5":151,"a488b2f1":151,"4caa87d6":151,"f7076e21":151,"69e653b6":151,"98d2991b":151,"3b411d6a":151,"83826ef3":151,"595609d5":151,"b47f1b89":151,"8e6caf71":151,"9a3433b8":151,"b89112cb":151,"66736d5e":151,"30de89a7":151,"272e7d0d":151,"f92596ee":151,"68831ea9":151,"9713d076":151,"fd098272":151,"6ee788a7":151,"8249641d":151,"45b0968f":151,"6a9bb182":151,"1f1afd4f":151,"25fb8826":151,"0dc5da58":151,"2874a625":151,"e61ae828":151,"f7ac3883":151,"ccd01528":151,"dab8cf68":151,"00f2a9cb":151,"916fe082":151,"b64dba8e":151,"c3bb30ce":151,"86219c70":151,"06aaa33f":151,"320c65bf":151,"f1e86522":151,"fa03f48f":151,"1fa1e7c2":151,"5298dafa":151,"646af2b9":151,"25f7f918":151,"659389ad":151,"c5311ebb":151,"240c8679":151,"105bb3f6":151,"0718c3be":151,"8b503f7b":151,"58de5462":151,"f01c896d":151,"87a8523c":151,"c416baa6":151,"1f2670d0":151,"962c9c8f":151,"ae350a07":151,"680a32a6":151,"aec0bf28":151,"83ba647d":151,"a017a323":151,"8801c469":151,"cb0bd6b7":151,"b6281f1a":151,"8e426e39":151,"51909df8":151,"48c6df81":151,"5e165f43":151,"e22b0973":151,"f8785b71":151,"23646ff9":151,"3abb827b":151,"ab4a411a":151,"d7a4b24c":151,"0c73c293":151,"686d5c0b":151,"88929b06":151,"f15eb1c5":151,"08c4692e":151,"71789493":151,"5b2479ef":151,"5ac72353":151,"1d882c36":151,"eb62e8f2":151,"d1b14d06":151,"f6c074a7":151,"ffd6849d":151,"962fca02":151,"75968179":151,"bc8bdc23":151,"a71f3f70":151,"1f7aa83c":151,"732d62ee":151,"d4b0751c":151,"5b01444b":151,"601990d8":151,"5c662c19":151,"d2a5d2fd":151,"89d220c2":151,"3e10c9cb":151,"5500a3e8":151,"3c0e87ac":151,"a891461f":151,"a246cdab":151,"117c7f0b":151,"0d21cf99":151,"14e6fe14":151,"37ec5e73":151,"bfff7913":151,"f8636899":151,"37724339":151,"d45d9727":151,"ee5ff2a3":151,"44322dfd":151,"295e4d1d":151,"8cf6570a":151,"403064a0":151,"312af46e":151,"b5a9f8c3":151,"fcbc0ae8":151,"2ff6b6a8":151,"66a71cc1":151,"e587c4d0":151,"525b2635":151,"caa38a45":151,"a9987a58":151,"b6b8e5c7":151,"e82177d3":151,"89914b94":151,"04bdf5e1":151,"da8b42be":151,"3b0576bf":151,"9458934f":151,"1dcc489c":151,"945badf3":151,"1327775b":151,"bdd40125":151,"75fd47f7":151,"1c52a07e":151,"e70ccc25":151,"afd1494f":151,"ca6bffd3":151,"829c44a4":151,"e76e2617":151,"2b4fd52e":151,"57162572":151,"d1d50cfe":151,"bf4b58e4":151,"79995b62":151,"97160db8":151,"589f0d6e":151,"51b4016a":151,"46bf9112":151,"092ad3d6":151,"bf940089":151,"808bc372":151,"01f34f98":151,"1670b0d3":151,"c792a7c1":151,"5a7da061":151,"ec97d63e":151,"06a94514":151,"94208a41":151,"2cbcad17":151,"73c420df":151,"0700da70":151,"4dccb5ca":151,"83268abf":151,"ff591765":151,"578c4c95":151,"93f12198":151,"62e270e5":151,"c606b472":151,"66b1b6d7":151,"b062adc4":151,"4aae5133":151,"63a3af32":151,"3fec4b0b":151,"faa3de3e":151,"44983d13":151,"80999122":151,"72af9198":151,"e39e9552":151,"81c1b70d":151,"e72f0f82":151,"88374b72":151,"fdfaf1ed":151,"ea981bed":151,"5e197575":151,"9666b973":151,"653b27c7":151,"83b37fd6":151,"4d852788":151,"e43a9448":151,"3542b748":151,"379c53ab":151,"e396d80d":151,"7da61f27":151,"dc874a97":151,"85a220de":151,"40a7cdd2":151,"ac033c7b":151,"87759976":151,"4df3f62e":151,"c881a53e":151,"80c1c8b1":151,"cf52acd8":151,"a63cb4ce":151,"d3b3492b":151,"7580cfa4":151,"22a96386":151,"5c672b50":151,"5df16440":151,"b666e56d":151,"8db378ff":151,"784d6375":151,"4541bf85":151,"a6b13f20":151,"2459c882":151,"3df97186":151,"ef0490de":151
1601327213239,"e0f47ced":151,"309bbf54":151,"cc537772":151,"6618390c":151,"99cc0813":151,"dc32c4e1":151,"239c636e":151,"6ee160ff":151,"c55d40ca":151,"22c177a8":151,"00ae883f":151,"f416ee62":151,"0d2b182d":151,"320754c3":151,"232b2f64":151,"3171b6e7":151,"3b25460f":151,"d2064756":151,"f7ffcbb8":151,"5728f934":151,"00b26865":151,"c333337d":151,"815c56bc":151,"5bd61a68":151,"8582c5cf":151,"0c353665":151,"231e8700":151,"1f9fbd85":151,"43f24679":151,"a1c0dfc4":151,"78f71162":151,"4b27a9a4":151,"163f4d19":151,"1d043d5a":151,"b2f82e06":151,"5b0b43e6":151,"b5474d69":151,"5a938eeb":151,"4fe0dedf":151,"951fc6d0":151,"61892a4c":151,"f096219e":151,"a3f0a6ec":151,"01051f84":151,"aa7e370d":151,"f995eeab":151,"4006e709":151,"0dedf63e":151,"a9d5374b":151,"4321f02d":151,"089b3f8f":151,"7698d0dc":151,"784414ce":151,"2df3efdb":151,"d0f1b7bd":151,"e7799883":151,"4f9456cf":151,"6e260ee8":151,"f4f84279":151,"b0950de5":151,"6f873999":151,"1f4e0e22":151,"60d69311":151,"3b09f1de":151,"b371f44a":151,"8b6180ff":151,"8819ac24":151,"dbbf7f69":151,"a8edfe84":151,"2ed19b1e":151,"959e16ea":151,"02f76c64":151,"5c6d1f33":151,"b4801cae":151,"c3c2fd05":151,"f8c97147":151,"c2526ff3":151,"dfe4a061":151,"c2bf7d51":151,"781afef6":151,"de9229a0":151,"99a5feef":151,"f6266388":151,"e64fd39c":151,"e1b3ce36":151,"625fa164":151,"0c6ae551":151,"e8f4c1dd":151,"cede8b8c":151,"ad95ff4a":151,"893a99c5":151,"d8bf32b5":151,"0eb42efe":151,"03c4ab87":151,"4e3d3af7":151,"3a4803a8":151,"f7a7de5d":151,"d4e56c3e":151,"cc386067":151,"a22ffd8f":151,"3cd28a4d":151,"44a12c31":151,"45a961ca":151,"5ca978fd":151,"668e601b":151,"7552d86c":151,"02ebf3b6":151,"bb17a968":151,"4abcb85d":151,"cba26072":151,"2a718dcc":151,"c6a9a8e1":151,"88854fd0":151,"8dc27d2a":151,"41d7f05d":151,"2b851827":151,"9f428a03":151,"4d504d96":151,"0533ece1":151,"bcee2ef3":151,"0afba00c":151,"04ff8100":151,"6c00d8d6":151,"ac9a02bc":151,"acfe69ed":151,"426603ff":151,"2db2f252":151,"2e84193b":151,"c55683c9":151,"51233daf":151,"02791635":151,"be081247":151,"5cc47d1b":151,"678b846f":151,"0c045c2d":151,"8efd4801":151,"7eb8f268":151,"20236d3e":151,"36ae8cd8":151,"3ddd5391":151,"07f69c6d":151,"2254f0f5":151,"ea282e84":151,"6653c83b":151,"c896052c":151,"287ecd1c":151,"f9376d3e":151,"07a94e8c":151,"bb017b49":151,"37b52fe4":151,"61ad1519":151,"819c4185":151,"ba69b06b":151,"7d2a2cb4":151,"4f62491c":151,"70b4c438":151,"71ed93db":151,"c92efaa8":151,"c241ac7e":151,"62a45672":151,"210e507a":151,"ac6e268b":151,"742238e8":151,"b4bd39d8":151,"b4cdbe5d":151,"fa0386f3":151,"b95d0f17":151,"cee9c347":151
1601327214203,"7800e7ce":152,"77869ff0":152,"4b8f7b16":152,"89f75690":152,"cb363e2f":152,"cd802f02":152,"d3cca7eb":152,"e866a899":152,"5690e712":152,"0b92d2a9":152,"070bed95":152,"67e5d108":152,"3d37b94b":152,"842c97c2":152,"c4cef92b":152,"0eecdc5b":152,"b7e495ea":152,"45ec63c0":152,"0ddfde2c":152,"a8b41774":152,"81f0da2d":152,"1fcc8ba4":152,"75a9c117":152,"12ba54ec":152,"be391c1a":152,"37d8a5b7":152,"d5ab81c4":152,"2ecde685":152,"f0bd52d3":152,"dcc20f76":152,"666a8ef0":152,"c5b609f1":152,"4dc5849a":152,"d605c755":152,"8a8c1d67":152,"cc6b3306":152,"8c2dfd9a":152,"f11267b9":152,"a483b15e":152,"f80ab49d":152,"95eaed39":152,"a5ba0ebb":152,"f53362a9":152,"1901ef7e":152,"960c2e6b":152,"3515e999":152,"d11f8f1b":152,"9d9eb027":152,"325f9a29":152,"503aafe5":152,"080d5d42":152,"5d03f5dc":152,"f0a01341":152,"1ee4d9f9":152,"0d6e45e7":152,"0da97151":152,"e829038c":152,"4987cfb5":152,"ba90687c":152,"77f2cf92":152,"037e2be4":152,"9e7dbd20":152,"0c086273":152,"ac13c3b0":152,"b4d9c57f":152,"5d53c964":152,"8ee9cc91":152,"4cc0af91":152,"55f6a2ba":152,"9559ea96":152,"9cb044bf":152,"16b25add":152,"80ee333e":152,"3b329af2":152,"1cd662bf":152,"72992b35":152,"47589344":152,"593b1533":152,"e9f6e5ce":152,"ed6bead5":152,"96f594b9":152,"94dfcfc5":152,"8301986e":152,"830ecfec":152,"a8bae791":152,"312009ee":152,"c98759fd":152,"d5d94481":152,"ffe48500":152,"c7a45a33":152,"faffe099":152,"e99490cd":152,"3b830769":152,"583f0305":152,"1557c50a":152,"249e80ab":152,"f52a3d94":152,"eb74d3dd":152,"3bcbc28d":152,"3c0455e7":152,"df203c79":152,"df1e1ac0":152,"491708eb":152,"e421caaa":152,"2d2ecf27":152,"d38a4953":152,"eba5efdd":152,"a5463f93":152,"c85ac4f8":152,"bc253f4f":152,"0d9d2bf8":152,"846b7f11":152,"d3411467":152,"1df0ce7f":152,"a08171d0":152,"c8bc5677":152,"dfca0518":152,"b9a21017":152,"e47705d3":152,"3cae4115":152,"e8b6d676":152,"45ee5840":152,"76f04033":152,"43480b19":152,"fd955858":152,"69798d15":152,"efea71fa":152,"fb3aa867":152,"c9cf710b":152,"fcacdeb3":152,"0ea055ed":152,"e3b1bdf8":152,"644b45fb":152
1601327214579,"18c73816":152,"e491161e":152,"b5087677":152,"16f60bed":152,"cb0c3481":152,"7664512c":152,"df9a53b8":152,"f6c27b2b":152,"945f6c24":152,"f1daea7e":152,"b8fb90e3":152,"56227e35":152,"0d6bf22a":152,"b87321d0":152,"43205b5d":152,"8982905a":152,"f6fe1ad7":152,"230064fa":152,"0ccf4731":152,"c7c6782d":152,"54346574":152,"b12cbf87":152,"81942d9b":152,"699b90c1":152,"d9b5a7a8":152,"1e7914d2":152,"e5d8fdb2":152,"3412ab75":152,"bcac5daf":152,"62d028cc":152,"0af2cf39":152,"27491297":152,"d041ea86":152,"1eda11b2":152,"fc442678":152,"764e0abb":152,"bba6d88e":152,"ea3479ec":152,"32266fa3":152,"50b090c3":152,"8be24763":152,"eb4800b2":152,"6e0ce9dc":152,"87d9bec4":152,"e30dfa0c":152,"6da34174":152,"bfb849fa":152,"0a10b423":152,"9ef7cee7":152,"49f1a0d1":152,"5f04aa76":152,"ba297382":152,"0287db2a":152,"96abe4a9":152,"753b10b1":152,"cf14bd99":152,"782022f4":152,"322e833f":152,"ab3619e4":152,"106006ad":152,"c8237be9":152,"1416e8f5":152,"dde2eed5":152,"a208caa8":152,"16605353":152,"77b39e15":152,"f1726edb":152,"92b72493":152,"d3e58903":152,"4481c4be":152,"7954891b":152,"4afd60a9":152,"d44c0ea3":152,"68f87858":152,"533bac6b":152,"41634dba":152,"43fd1327":152,"113e7f4b":152,"8cce569a":152,"ce6401b6":152,"6f57824c":152,"28bd7aa1":152,"1d52fb0d":152,"cde0d748":152,"535ed444":152,"710f0d0e":152,"0905f1fb":152,"a20e529c":152,"1ae76fcc":152,"35b161d3":152,"344cd1a3":152,"77ea1236":152,"96d2a118":152,"23a0e41f":152,"b32a1080":152,"a2c4b591":152,"6dfa57be":152,"1854ce44":152,"f92b22f1":152,"ece12664":152,"36f4ecde":152,"568a0d58":152,"5fd569d2":152,"10c8fd03":152,"bd4ccb49":152,"e773d697":152,"7e8c11e7":152,"077eb15a":152,"5337c279":152,"8d256cb6":152,"7021c619":152,"32ae00db":152,"bf2defb2":152,"bc733a28":152,"30d32d34":152,"886c16d3":152,"e8d09b62":152,"590ce3d3":152,"1802d7ce":152,"0a49914b":152,"5d3f5cad":152,"cf347cba":152,"fc0c23f7":152,"641f9b9e":152,"c92edec5":152,"9f03c1e7":152,"06c24a8d":152,"2f35e75f":152,"3eddf7c8":152,"77970f8b":152,"efd594d5":152,"4718294d":152,"5352cf45":152,"e0ffe8ff":152,"ae14d6b5":152,"721f5f42":152,"0b50bca6":152,"bf2ca266":152,"5d8d9641":152,"0de67c6c":152,"2311399f":152,"5e3ebf5e":152,"9f6ca218":152,"6213799d":152,"44cb1fd2":152,"baf19c25":152,"24a79a6e":152,"edde30af":152,"4d949e11":152,"df12f689":152,"1da10cbf":152,"832c48e4":152,"dc90a44c":152,"1ad7c45b":152,"5566c17c":152,"86a22252":152,"0000dece":152,"ce5efdbe":152,"58ace2b5":152,"d379fd96":152,"7b819458":152,"7f8024cd":152,"ae562513":152,"7b66dacd":152,"9ab137d7":152,"7191d1cd":152,"005354dd":152,"5b09e53e":152,"da5bb0f7":152,"6d925c84":152,"50b23ab2":152,"edfa56d4":152,"899c16eb":152,"41c76041":152,"6bb1fa99":152,"d73ff72e":152,"61c0ca91":152,"d2fda7be":152,"ce20ca3c":152,"1d2d958b":152,"81fb6a01":152,"7f5b27c8":152,"fb3444d9":152,"f05de640":152,"86a68967":152,"56cd4dca":152,"7f469f4c":152,"f92dedfc":152,"355d1489":152,"f96fc1af":152,"06713bac":152,"61aca924":152,"d97fb857":152,"59ff5ec6":152,"ef04e64e":152,"6e2d04de":152,"2fca1798":152,"05028839":152,"5488826c":152,"84fff5c1":152,"c649992d":152,"d5ad3ed6":152,"8e5f7187":152,"55ba7579":152,"b7769ca6":152,"9c27de51":152,"38a75b48":152,"1792bfa3":152,"426f1904":152,"7c0f1ca9":152,"b2f820ac":152,"25d4f65d":152,"eddb6a2a":152,"ff8a00aa":152,"c146560b":152,"985068e7":152,"d543ba6f":152,"3b3569f6":152,"b01ab62a":152,"76da16fa":152,"bffee581":152,"07150038":152,"080fa362":152,"7b6945ad":152,"a40d08e1":152,"cec79bc2":152,"d2eff358":152,"e70aebb5":152,"a488b2f1":152,"4caa87d6":152,"f7076e21":152,"69e653b6":152,"98d2991b":152,"3b411d6a":152,"83826ef3":152,"595609d5":152,"b47f1b89":152,"8e6caf71":152,"9a3433b8":152,"b89112cb":152,"66736d5e":152,"30de89a7":152,"06aaa33f":152,"320c65bf":152,"272e7d0d":152,"f92596ee":152,"68831ea9":152,"9713d076":152,"fd098272":152,"6ee788a7":152,"8249641d":152,"45b0968f":152,"6a9bb182":152,"1f1afd4f":152,"25fb8826":152,"0dc5da58":152,"2874a625":152,"e61ae828":152,"f7ac3883":152,"ccd01528":152,"1fa1e7c2":152,"646af2b9":152,"659389ad":152,"240c8679":152,"0718c3be":152,"f1e86522":152,"8b503f7b":152,"fa03f48f":152,"87a8523c":152,"5298dafa":152,"c416baa6":152,"ae350a07":152,"25f7f918":152,"680a32a6":152,"c5311ebb":152,"83ba647d":152,"105bb3f6":152,"cb0bd6b7":152,"58de5462":152,"8e426e39":152,"f01c896d":152,"1f2670d0":152,"51909df8":152,"e22b0973":152,"962c9c8f":152,"aec0bf28":152,"23646ff9":152,"3abb827b":152,"a017a323":152,"0c73c293":152,"8801c469":152,"88929b06":152,"b6281f1a":152,"48c6df81":152,"08c4692e":152,"5e165f43":152,"5b2479ef":152,"1d882c36":152,"f8785b71":152,"ab4a411a":152,"eb62e8f2":152,"d7a4b24c":152,"686d5c0b":152,"f15eb1c5":152,"71789493":152,"5ac72353":152,"d1b14d06":152,"f6c074a7":152,"ffd6849d":152,"962fca02":152,"75968179":152,"bc8bdc23":152,"a71f3f70":152,"dab8cf68":152,"00f2a9cb":152,"916fe082":152,"b64dba8e":152,"c3bb30ce":152,"86219c70":152,"601990d8":152,"5c662c19":152,"d2a5d2fd":152,"89d220c2":152,"3e10c9cb":152,"5500a3e8":152,"3c0e87ac":152,"a891461f":152,"a246cdab":152,"117c7f0b":152,"0d21cf99":152,"14e6fe14":152,"37ec5e73":152,"bfff7913":152,"f8636899":152,"37724339":152,"d45d9727":152,"ee5ff2a3":152,"44322dfd":152,"295e4d1d":152,"8cf6570a":152,"403064a0":152,"312af46e":152,"1f7aa83c":152,"732d62ee":152,"d4b0751c":152,"5b01444b":152,"79995b62":152,"97160db8":152,"589f0d6e":152,"51b4016a":152,"46bf9112":152,"092ad3d6":152,"bf940089":152,"01f34f98":152,"1670b0d3":152,"808bc372":152,"c792a7c1":152,"ec97d63e":152,"5a7da061":152,"94208a41":152,"2cbcad17":152,"06a94514":152,"4dccb5ca":152,"73c420df":152,"0700da70":152,"83268abf":152,"578c4c95":152,"ff591765":152,"c606b472":152,"93f12198":152,"62e270e5":152,"66b1b6d7":152,"b062adc4":152,"4aae5133":152,"63a3af32":152,"3fec4b0b":152,"faa3de3e":152,"44983d13":152,"80999122":152,"72af9198":152,"e39e9552":152,"81c1b70d":152,"e72f0f82":152,"88374b72":152,"b5a9f8c3":152,"fcbc0ae8":152,"2ff6b6a8":152,"66a71cc1":152,"bf4b58e4":152,"fdfaf1ed":152,"ea981bed":152,"5e197575":152,"e587c4d0":152,"525b2635":152,"caa38a45":152,"a9987a58":152,"b6b8e5c7":152,"e82177d3":152,"89914b94":152,"04bdf5e1":152,"da8b42be":152,"3b0576bf":152,"9458934f":152,"1dcc489c":152,"945badf3":152,"1327775b":152,"bdd40125":152,"75fd47f7":152,"1c52a07e":152,"e70ccc25":152,"afd1494f":152,"ca6bffd3":152,"829c44a4":152,"e76e2617":152,"2b4fd52e":152,"57162572":152,"d1d50cfe":152,"9666b973":152,"653b27c7":152,"83b37fd6":152,"4d852788":152,"e43a9448":152,"3542b748":152,"379c53ab":152,"e396d80d":152,"7da61f27":152,"dc874a97":152,"85a220de":152,"40a7cdd2":152,"ac033c7b":152,"87759976":152,"4df3f62e":152,"c881a53e":152,"80c1c8b1":152,"cf52acd8":152,"a63cb4ce":152,"d3b3492b":152,"7580cfa4":152,"22a96386":152,"5c672b50":152,"5df16440":152,"b666e56d":152,"8db378ff":152,"784d6375":152,"4541bf85":152,"a6b13f20":152
1601327215140,"2459c882":152,"3df97186":152,"ef0490de":152,"e0f47ced":152,"309bbf54":152,"cc537772":152,"6618390c":152,"99cc0813":152,"dc32c4e1":152,"239c636e":152,"6ee160ff":152,"c55d40ca":152,"22c177a8":152,"00ae883f":152,"f416ee62":152,"0d2b182d":152,"320754c3":152,"232b2f64":152,"3171b6e7":152,"3b25460f":152,"d2064756":152,"f7ffcbb8":152,"5728f934":152,"00b26865":152,"c333337d":152,"815c56bc":152,"5bd61a68":152,"8582c5cf":152,"0c353665":152,"231e8700":152,"1f9fbd85":152,"43f24679":152,"a1c0dfc4":152,"78f71162":152,"4b27a9a4":152,"163f4d19":152,"1d043d5a":152,"b2f82e06":152,"5b0b43e6":152,"b5474d69":152,"5a938eeb":152,"4fe0dedf":152,"951fc6d0":152,"61892a4c":152,"f096219e":152,"a3f0a6ec":152,"01051f84":152,"aa7e370d":152,"f995eeab":152,"a8edfe84":152,"4006e709":152,"0dedf63e":152,"a9d5374b":152,"4321f02d":152,"089b3f8f":152,"7698d0dc":152,"784414ce":152,"2df3efdb":152,"d0f1b7bd":152,"e7799883":152,"4f9456cf":152,"6e260ee8":152,"f4f84279":152,"b0950de5":152,"6f873999":152,"1f4e0e22":152,"60d69311":152,"3b09f1de":152,"b371f44a":152,"8b6180ff":152,"8819ac24":152,"dbbf7f69":152,"2ed19b1e":152,"959e16ea":152,"02f76c64":152,"5c6d1f33":152,"b4801cae":152,"c3c2fd05":152,"f8c97147":152,"c2526ff3":152,"cc386067":152,"a22ffd8f":152,"3cd28a4d":152,"44a12c31":152,"45a961ca":152,"5ca978fd":152,"668e601b":152,"7552d86c":152,"02ebf3b6":152,"bb17a968":152,"4abcb85d":152,"cba26072":152,"2a718dcc":152,"c6a9a8e1":152,"88854fd0":152,"8dc27d2a":152,"41d7f05d":152,"2b851827":152,"9f428a03":152,"4d504d96":152,"0533ece1":152,"bcee2ef3":152,"0afba00c":152,"04ff8100":152,"6c00d8d6":152,"ac9a02bc":152,"acfe69ed":152,"dfe4a061":152,"c2bf7d51":152,"781afef6":152,"de9229a0":152,"99a5feef":152,"f6266388":152,"e64fd39c":152,"e1b3ce36":152,"625fa164":152,"0c6ae551":152,"e8f4c1dd":152,"cede8b8c":152,"ad95ff4a":152,"893a99c5":152,"d8bf32b5":152,"0eb42efe":152,"03c4ab87":152,"4e3d3af7":152,"426603ff":152,"2db2f252":152,"2e84193b":152,"c55683c9":152,"51233daf":152,"02791635":152,"be081247":152,"5cc47d1b":152,"678b846f":152,"b4bd39d8":152,"b4cdbe5d":152,"fa0386f3":152,"b95d0f17":152,"cee9c347":152,"3a4803a8":152,"f7a7de5d":152,"d4e56c3e":152,"0c045c2d":152,"8efd4801":152,"7eb8f268":152,"20236d3e":152,"36ae8cd8":152,"3ddd5391":152,"07f69c6d":152,"2254f0f5":152,"ea282e84":152,"6653c83b":152,"c896052c":152,"287ecd1c":152,"f9376d3e":152,"07a94e8c":152,"bb017b49":152,"37b52fe4":152,"61ad1519":152,"819c4185":152,"ba69b06b":152,"7d2a2cb4":152,"4f62491c":152,"70b4c438":152,"71ed93db":152,"c92efaa8":152,"c241ac7e":152,"62a45672":152,"210e507a":152,"ac6e268b":152,"742238e8":152
1601327216220,"7800e7ce":153,"77869ff0":153,"4b8f7b16":153,"89f75690":153,"cb363e2f":153,"cd802f02":153,"d3cca7eb":153,"e866a899":153,"5690e712":153,"0b92d2a9":153,"070bed95":153,"67e5d108":153,"3d37b94b":153,"842c97c2":153,"c4cef92b":153,"0eecdc5b":153,"b7e495ea":153,"45ec63c0":153,"0ddfde2c":153,"a8b41774":153,"81f0da2d":153,"1fcc8ba4":153,"75a9c117":153,"12ba54ec":153,"be391c1a":153,"37d8a5b7":153,"d5ab81c4":153,"2ecde685":153,"f0bd52d3":153,"dcc20f76":153,"666a8ef0":153,"c5b609f1":153,"4dc5849a":153,"d605c755":153,"8a8c1d67":153,"cc6b3306":153,"8c2dfd9a":153,"f11267b9":153,"a483b15e":153,"f80ab49d":153,"95eaed39":153,"a5ba0ebb":153,"f53362a9":153,"1901ef7e":153,"960c2e6b":153,"3515e999":153,"d11f8f1b":153,"9d9eb027":153,"325f9a29":153,"503aafe5":153,"080d5d42":153,"5d03f5dc":153,"f0a01341":153,"1ee4d9f9":153,"0d6e45e7":153,"d5d94481":153,"ffe48500":153,"c7a45a33":153,"faffe099":153,"e99490cd":153,"3b830769":153,"583f0305":153,"1557c50a":153,"249e80ab":153,"f52a3d94":153,"eb74d3dd":153,"3bcbc28d":153,"3c0455e7":153,"df203c79":153,"df1e1ac0":153,"491708eb":153,"e421caaa":153,"2d2ecf27":153,"d38a4953":153,"eba5efdd":153,"a5463f93":153,"c85ac4f8":153,"bc253f4f":153,"0d9d2bf8":153,"846b7f11":153,"d3411467":153,"1df0ce7f":153,"a08171d0":153,"c8bc5677":153,"dfca0518":153,"b9a21017":153,"e47705d3":153,"3cae4115":153,"0ccf4731":153,"c7c6782d":153,"18c73816":153,"e491161e":153,"b5087677":153
1601327216932,"16f60bed":153,"cb0c3481":153,"7664512c":153,"df9a53b8":153,"f6c27b2b":153,"945f6c24":153,"f1daea7e":153,"0da97151":153,"e829038c":153,"4987cfb5":153,"ba90687c":153,"77f2cf92":153,"037e2be4":153,"9e7dbd20":153,"0c086273":153,"ac13c3b0":153,"b4d9c57f":153,"5d53c964":153,"8ee9cc91":153,"4cc0af91":153,"55f6a2ba":153,"9559ea96":153,"9cb044bf":153,"16b25add":153,"80ee333e":153,"3b329af2":153,"1cd662bf":153,"72992b35":153,"47589344":153,"593b1533":153,"e9f6e5ce":153,"ed6bead5":153,"96f594b9":153,"94dfcfc5":153,"8301986e":153,"830ecfec":153,"a8bae791":153,"312009ee":153,"c98759fd":153,"e8b6d676":153,"45ee5840":153,"76f04033":153,"43480b19":153,"fd955858":153,"69798d15":153,"efea71fa":153,"b8fb90e3":153,"56227e35":153,"0d6bf22a":153,"b87321d0":153,"43205b5d":153,"8982905a":153,"f6fe1ad7":153,"230064fa":153,"764e0abb":153,"bba6d88e":153,"ea3479ec":153,"54346574":153,"b12cbf87":153,"81942d9b":153,"699b90c1":153,"d9b5a7a8":153,"1e7914d2":153,"e5d8fdb2":153,"3412ab75":153,"bcac5daf":153,"62d028cc":153,"0af2cf39":153,"27491297":153,"d041ea86":153,"1eda11b2":153,"fc442678":153,"32266fa3":153,"50b090c3":153,"8be24763":153,"eb4800b2":153,"6e0ce9dc":153,"87d9bec4":153,"e30dfa0c":153,"6da34174":153,"bfb849fa":153,"0a10b423":153,"9ef7cee7":153,"49f1a0d1":153,"5f04aa76":153,"ba297382":153,"0287db2a":153,"96abe4a9":153,"753b10b1":153,"cf14bd99":153,"782022f4":153,"fb3aa867":153,"c9cf710b":153,"fcacdeb3":153,"0ea055ed":153,"e3b1bdf8":153,"644b45fb":153,"322e833f":153,"ab3619e4":153,"106006ad":153,"c8237be9":153,"1416e8f5":153,"dde2eed5":153,"a208caa8":153,"16605353":153,"77b39e15":153,"f1726edb":153,"92b72493":153,"d3e58903":153,"4481c4be":153,"7954891b":153,"4afd60a9":153,"d44c0ea3":153,"68f87858":153,"533bac6b":153,"41634dba":153,"43fd1327":153,"113e7f4b":153,"8cce569a":153,"ce6401b6":153,"6f57824c":153,"28bd7aa1":153,"1d52fb0d":153,"cde0d748":153,"535ed444":153,"710f0d0e":153,"0905f1fb":153,"a20e529c":153,"1ae76fcc":153,"35b161d3":153,"344cd1a3":153,"77ea1236":153,"96d2a118":153,"23a0e41f":153,"b32a1080":153,"a2c4b591":153,"6dfa57be":153,"1854ce44":153,"f92b22f1":153,"ece12664":153,"36f4ecde":153,"568a0d58":153,"5fd569d2":153,"10c8fd03":153,"bd4ccb49":153,"e773d697":153,"7e8c11e7":153,"077eb15a":153,"5337c279":153,"8d256cb6":153,"7021c619":153,"590ce3d3":153,"1802d7ce":153,"0a49914b":153,"5d3f5cad":153,"cf347cba":153,"fc0c23f7":153,"641f9b9e":153,"c92edec5":153,"9f03c1e7":153,"06c24a8d":153,"2f35e75f":153,"3eddf7c8":153,"77970f8b":153,"efd594d5":153,"4718294d":153,"32ae00db":153,"bf2defb2":153,"bc733a28":153,"30d32d34":153,"886c16d3":153,"e8d09b62":153,"5352cf45":153,"e0ffe8ff":153,"ae14d6b5":153,"721f5f42":153,"0b50bca6":153,"bf2ca266":153,"5d8d9641":153,"0de67c6c":153,"2311399f":153,"5e3ebf5e":153,"9f6ca218":153,"6213799d":153,"44cb1fd2":153,"baf19c25":153,"24a79a6e":153,"edde30af":153,"4d949e11":153,"df12f689":153,"1da10cbf":153,"832c48e4":153,"dc90a44c":153,"1ad7c45b":153,"5566c17c":153,"86a22252":153,"0000dece":153,"ce5efdbe":153,"58ace2b5":153,"d379fd96":153,"7b819458":153,"7f8024cd":153,"ae562513":153,"7b66dacd":153,"9ab137d7":153,"7191d1cd":153,"005354dd":153,"5b09e53e":153,"da5bb0f7":153,"6d925c84":153,"50b23ab2":153,"edfa56d4":153,"899c16eb":153,"41c76041":153,"6bb1fa99":153,"d73ff72e":153,"61c0ca91":153,"d2fda7be":153,"ce20ca3c":153,"1d2d958b":153,"81fb6a01":153,"7f5b27c8":153,"fb3444d9":153,"f05de640":153,"86a68967":153,"56cd4dca":153,"7f469f4c":153,"f92dedfc":153,"355d1489":153,"f96fc1af":153,"06713bac":153,"61aca924":153,"d97fb857":153,"59ff5ec6":153,"ef04e64e":153,"6e2d04de":153,"2fca1798":153,"05028839":153,"5488826c":153,"84fff5c1":153,"c649992d":153,"d5ad3ed6":153,"8e5f7187":153,"55ba7579":153,"b7769ca6":153,"9c27de51":153,"38a75b48":153,"1792bfa3":153,"426f1904":153,"7c0f1ca9":153,"b2f820ac":153,"25d4f65d":153,"eddb6a2a":153,"ff8a00aa":153,"c146560b":153,"985068e7":153,"d543ba6f":153,"3b3569f6":153,"b01ab62a":153,"76da16fa":153,"bffee581":153,"07150038":153,"080fa362":153,"7b6945ad":153,"a40d08e1":153,"cec79bc2":153,"d2eff358":153,"e70aebb5":153,"a488b2f1":153,"4caa87d6":153,"f7076e21":153,"69e653b6":153,"98d2991b":153,"3b411d6a":153,"83826ef3":153,"595609d5":153,"b47f1b89":153,"8e6caf71":153,"9a3433b8":153,"b89112cb":153,"272e7d0d":153,"f92596ee":153,"68831ea9":153,"9713d076":153,"fd098272":153,"6ee788a7":153,"8249641d":153,"45b0968f":153,"6a9bb182":153,"1f1afd4f":153,"25fb8826":153,"0dc5da58":153,"2874a625":153,"66736d5e":153,"30de89a7":153,"06aaa33f":153,"320c65bf":153,"1fa1e7c2":153,"646af2b9":153,"659389ad":153,"240c8679":153,"f1e86522":153,"fa03f48f":153,"0718c3be":153,"5298dafa":153,"8b503f7b":153,"87a8523c":153,"25f7f918":153,"c416baa6":153,"c5311ebb":153,"ae350a07":153,"105bb3f6":153,"680a32a6":153,"58de5462":153,"f01c896d":153,"83ba647d":153,"cb0bd6b7":153,"1f2670d0":153,"962c9c8f":153,"8e426e39":153,"51909df8":153,"aec0bf28":153,"a017a323":153,"e22b0973":153,"23646ff9":153,"8801c469":153,"b6281f1a":153,"3abb827b":153,"48c6df81":153,"0c73c293":153,"88929b06":153,"5e165f43":153,"08c4692e":153,"f8785b71":153,"5b2479ef":153,"ab4a411a":153,"1d882c36":153,"d7a4b24c":153,"eb62e8f2":153,"686d5c0b":153,"f15eb1c5":153,"71789493":153,"5ac72353":153,"e61ae828":153,"f7ac3883":153,"ccd01528":153,"dab8cf68":153,"00f2a9cb":153,"916fe082":153,"b64dba8e":153,"c3bb30ce":153,"86219c70":153,"601990d8":153,"5c662c19":153,"d2a5d2fd":153,"89d220c2":153,"3e10c9cb":153,"5500a3e8":153,"3c0e87ac":153,"a891461f":153,"a246cdab":153,"117c7f0b":153,"0d21cf99":153,"14e6fe14":153,"37ec5e73":153,"bfff7913":153,"f8636899":153,"37724339":153,"d45d9727":153,"ee5ff2a3":153,"44322dfd":153,"295e4d1d":153,"8cf6570a":153,"403064a0":153,"312af46e":153,"b5a9f8c3":153,"fcbc0ae8":153
1601327217549,"d1b14d06":153,"f6c074a7":153,"ffd6849d":153,"962fca02":153,"75968179":153,"bc8bdc23":153,"a71f3f70":153,"1f7aa83c":153,"732d62ee":153,"d4b0751c":153,"5b01444b":153,"79995b62":153,"97160db8":153,"589f0d6e":153,"51b4016a":153,"808bc372":153,"46bf9112":153,"c792a7c1":153,"092ad3d6":153,"5a7da061":153,"bf940089":153,"06a94514":153,"01f34f98":153,"73c420df":153,"0700da70":153,"1670b0d3":153,"ff591765":153,"ec97d63e":153,"93f12198":153,"94208a41":153,"62e270e5":153,"2cbcad17":153,"4dccb5ca":153,"66b1b6d7":153,"83268abf":153,"b062adc4":153,"578c4c95":153,"4aae5133":153,"63a3af32":153,"c606b472":153,"3fec4b0b":153,"faa3de3e":153,"44983d13":153,"80999122":153,"72af9198":153,"e39e9552":153,"81c1b70d":153,"e72f0f82":153,"88374b72":153,"fdfaf1ed":153,"9666b973":153,"653b27c7":153,"83b37fd6":153,"4d852788":153,"e43a9448":153,"3542b748":153,"379c53ab":153,"e396d80d":153,"7da61f27":153,"dc874a97":153,"85a220de":153,"40a7cdd2":153,"ac033c7b":153,"87759976":153,"4df3f62e":153,"c881a53e":153,"80c1c8b1":153,"cf52acd8":153,"a63cb4ce":153,"d3b3492b":153,"7580cfa4":153,"22a96386":153,"5c672b50":153,"5df16440":153,"b666e56d":153,"8db378ff":153,"784d6375":153,"4541bf85":153,"a6b13f20":153,"2459c882":153,"3df97186":153,"ea981bed":153,"5e197575":153,"e587c4d0":153,"525b2635":153,"caa38a45":153,"a9987a58":153,"b6b8e5c7":153,"e82177d3":153,"89914b94":153,"04bdf5e1":153,"da8b42be":153,"3b0576bf":153,"9458934f":153,"1dcc489c":153,"945badf3":153,"1327775b":153,"bdd40125":153,"75fd47f7":153,"1c52a07e":153,"e70ccc25":153,"afd1494f":153,"ca6bffd3":153,"829c44a4":153,"e76e2617":153,"2b4fd52e":153,"57162572":153,"d1d50cfe":153,"2ff6b6a8":153,"66a71cc1":153,"bf4b58e4":153,"ef0490de":153,"e0f47ced":153,"309bbf54":153,"cc537772":153,"6618390c":153,"99cc0813":153,"dc32c4e1":153,"239c636e":153,"6ee160ff":153,"c55d40ca":153,"22c177a8":153,"00ae883f":153,"f416ee62":153,"0d2b182d":153,"320754c3":153,"232b2f64":153,"3171b6e7":153,"3b25460f":153,"d2064756":153,"f7ffcbb8":153,"5728f934":153,"00b26865":153,"c333337d":153,"815c56bc":153,"5bd61a68":153,"8582c5cf":153,"0c353665":153,"231e8700":153,"1f9fbd85":153,"43f24679":153,"a1c0dfc4":153,"78f71162":153,"4b27a9a4":153,"163f4d19":153,"1d043d5a":153,"b2f82e06":153,"5b0b43e6":153,"b5474d69":153,"5a938eeb":153,"4fe0dedf":153,"951fc6d0":153,"61892a4c":153,"f096219e":153,"a3f0a6ec":153,"01051f84":153,"aa7e370d":153,"f995eeab":153,"4006e709":153,"0dedf63e":153,"a8edfe84":153,"2ed19b1e":153,"959e16ea":153,"02f76c64":153,"5c6d1f33":153,"a9d5374b":153,"4321f02d":153,"089b3f8f":153,"7698d0dc":153,"784414ce":153,"2df3efdb":153,"d0f1b7bd":153,"e7799883":153,"4f9456cf":153,"6e260ee8":153,"f4f84279":153,"b0950de5":153,"6f873999":153,"1f4e0e22":153,"60d69311":153,"3b09f1de":153,"b371f44a":153,"8b6180ff":153,"8819ac24":153,"dbbf7f69":153,"b4801cae":153,"c3c2fd05":153,"f8c97147":153,"c2526ff3":153,"cc386067":153,"a22ffd8f":153,"3cd28a4d":153,"44a12c31":153,"45a961ca":153,"5ca978fd":153,"668e601b":153,"7552d86c":153,"02ebf3b6":153,"bb17a968":153,"4abcb85d":153,"cba26072":153,"2a718dcc":153,"c6a9a8e1":153,"88854fd0":153,"8dc27d2a":153,"41d7f05d":153,"2b851827":153,"9f428a03":153,"4d504d96":153,"0533ece1":153,"bcee2ef3":153,"0afba00c":153,"04ff8100":153,"6c00d8d6":153,"ac9a02bc":153,"acfe69ed":153,"426603ff":153,"2db2f252":153,"2e84193b":153,"c55683c9":153,"51233daf":153,"dfe4a061":153,"c2bf7d51":153,"781afef6":153,"de9229a0":153,"99a5feef":153,"f6266388":153,"e64fd39c":153,"e1b3ce36":153,"625fa164":153,"0c6ae551":153,"e8f4c1dd":153,"cede8b8c":153,"ad95ff4a":153,"893a99c5":153,"d8bf32b5":153,"0eb42efe":153,"03c4ab87":153,"4e3d3af7":153,"3a4803a8":153,"f7a7de5d":153,"d4e56c3e":153,"02791635":153,"be081247":153,"5cc47d1b":153,"678b846f":153,"b4bd39d8":153,"b4cdbe5d":153,"fa0386f3":153,"b95d0f17":153,"cee9c347":153,"0c045c2d":153,"8efd4801":153,"7eb8f268":153,"20236d3e":153,"36ae8cd8":153,"3ddd5391":153,"07f69c6d":153,"2254f0f5":153,"ea282e84":153,"6653c83b":153,"c896052c":153,"287ecd1c":153,"f9376d3e":153,"07a94e8c":153,"bb017b49":153,"37b52fe4":153,"61ad1519":153,"819c4185":153,"ba69b06b":153,"7d2a2cb4":153,"4f62491c":153,"70b4c438":153,"71ed93db":153,"c92efaa8":153,"c241ac7e":153,"62a45672":153,"210e507a":153,"ac6e268b":153,"742238e8":153
1601327218370,"7800e7ce":154,"77869ff0":154,"4b8f7b16":154,"89f75690":154,"cb363e2f":154,"cd802f02":154,"d3cca7eb":154,"e866a899":154,"5690e712":154,"0b92d2a9":154,"070bed95":154,"67e5d108":154,"3d37b94b":154,"842c97c2":154,"c4cef92b":154,"0eecdc5b":154,"b7e495ea":154,"45ec63c0":154,"0ddfde2c":154,"a8b41774":154,"81f0da2d":154,"1fcc8ba4":154,"75a9c117":154,"12ba54ec":154,"d5d94481":154,"ffe48500":154,"c7a45a33":154,"faffe099":154,"e99490cd":154,"3b830769":154,"583f0305":154,"1557c50a":154,"249e80ab":154,"f52a3d94":154,"eb74d3dd":154,"3bcbc28d":154,"3c0455e7":154,"df203c79":154,"df1e1ac0":154,"491708eb":154,"e421caaa":154,"2d2ecf27":154,"d38a4953":154,"eba5efdd":154,"a5463f93":154,"c85ac4f8":154,"bc253f4f":154,"0d9d2bf8":154,"be391c1a":154,"37d8a5b7":154,"d5ab81c4":154,"2ecde685":154,"f0bd52d3":154,"dcc20f76":154,"666a8ef0":154,"c5b609f1":154,"4dc5849a":154,"d605c755":154,"8a8c1d67":154,"cc6b3306":154,"8c2dfd9a":154,"f11267b9":154,"a483b15e":154,"f80ab49d":154,"95eaed39":154,"a5ba0ebb":154,"f53362a9":154,"1901ef7e":154,"960c2e6b":154,"3515e999":154,"d11f8f1b":154,"9d9eb027":154,"325f9a29":154,"503aafe5":154,"846b7f11":154,"d3411467":154,"1df0ce7f":154,"a08171d0":154,"c8bc5677":154,"dfca0518":154,"b9a21017":154,"e47705d3":154,"3cae4115":154,"0ccf4731":154,"c7c6782d":154,"54346574":154,"b12cbf87":154,"81942d9b":154,"699b90c1":154,"d9b5a7a8":154,"1e7914d2":154,"e5d8fdb2":154,"3412ab75":154,"bcac5daf":154,"62d028cc":154,"0af2cf39":154,"27491297":154,"d041ea86":154,"1eda11b2":154,"fc442678":154,"080d5d42":154,"5d03f5dc":154,"f0a01341":154,"1ee4d9f9":154,"0d6e45e7":154,"0da97151":154,"e829038c":154,"4987cfb5":154,"ba90687c":154,"77f2cf92":154,"037e2be4":154,"9e7dbd20":154,"0c086273":154,"ac13c3b0":154,"b4d9c57f":154,"5d53c964":154,"8ee9cc91":154,"4cc0af91":154,"55f6a2ba":154,"9559ea96":154,"9cb044bf":154,"16b25add":154,"80ee333e":154,"3b329af2":154,"1cd662bf":154,"72992b35":154,"47589344":154,"593b1533":154,"e9f6e5ce":154,"ed6bead5":154,"96f594b9":154,"94dfcfc5":154,"8301986e":154,"830ecfec":154,"a8bae791":154,"312009ee":154,"c98759fd":154,"e8b6d676":154,"45ee5840":154,"76f04033":154,"43480b19":154,"fd955858":154,"69798d15":154,"efea71fa":154,"fb3aa867":154,"c9cf710b":154,"fcacdeb3":154,"0ea055ed":154,"e3b1bdf8":154,"644b45fb":154,"18c73816":154,"e491161e":154,"b5087677":154,"16f60bed":154,"cb0c3481":154,"7664512c":154,"df9a53b8":154,"f6c27b2b":154,"945f6c24":154,"f1daea7e":154,"b8fb90e3":154,"56227e35":154,"0d6bf22a":154,"b87321d0":154,"43205b5d":154,"8982905a":154,"f6fe1ad7":154
1601327218852,"230064fa":154,"764e0abb":154,"bba6d88e":154,"ea3479ec":154,"32266fa3":154,"50b090c3":154,"8be24763":154,"eb4800b2":154,"6e0ce9dc":154,"87d9bec4":154,"e30dfa0c":154,"6da34174":154,"bfb849fa":154,"0a10b423":154,"9ef7cee7":154,"49f1a0d1":154,"5f04aa76":154,"ba297382":154,"0287db2a":154,"96abe4a9":154,"753b10b1":154,"cf14bd99":154,"782022f4":154,"322e833f":154,"ab3619e4":154,"106006ad":154,"c8237be9":154,"1416e8f5":154,"dde2eed5":154,"a208caa8":154,"16605353":154,"77b39e15":154,"f1726edb":154,"590ce3d3":154,"1802d7ce":154,"0a49914b":154,"5d3f5cad":154,"cf347cba":154,"fc0c23f7":154,"641f9b9e":154,"c92edec5":154,"9f03c1e7":154,"06c24a8d":154,"2f35e75f":154,"3eddf7c8":154,"77970f8b":154,"efd594d5":154,"4718294d":154,"5352cf45":154,"e0ffe8ff":154,"ae14d6b5":154,"721f5f42":154,"0b50bca6":154,"bf2ca266":154,"5d8d9641":154,"0de67c6c":154,"2311399f":154,"5e3ebf5e":154,"9f6ca218":154,"6213799d":154,"44cb1fd2":154,"baf19c25":154,"24a79a6e":154,"edde30af":154,"4d949e11":154,"df12f689":154,"1da10cbf":154,"832c48e4":154,"dc90a44c":154,"1ad7c45b":154,"5566c17c":154,"86a22252":154,"0000dece":154,"ce5efdbe":154,"58ace2b5":154,"d379fd96":154,"7b819458":154,"7f8024cd":154,"ae562513":154,"7b66dacd":154,"9ab137d7":154,"7191d1cd":154,"92b72493":154,"d3e58903":154,"4481c4be":154,"7954891b":154,"4afd60a9":154,"d44c0ea3":154,"68f87858":154,"533bac6b":154,"41634dba":154,"43fd1327":154,"113e7f4b":154,"8cce569a":154,"ce6401b6":154,"6f57824c":154,"28bd7aa1":154,"1d52fb0d":154,"cde0d748":154,"535ed444":154,"710f0d0e":154,"0905f1fb":154,"a20e529c":154,"1ae76fcc":154,"35b161d3":154,"344cd1a3":154,"77ea1236":154,"96d2a118":154,"23a0e41f":154,"b32a1080":154,"a2c4b591":154,"005354dd":154,"6dfa57be":154,"1854ce44":154,"f92b22f1":154,"ece12664":154,"36f4ecde":154,"568a0d58":154,"5fd569d2":154,"10c8fd03":154,"bd4ccb49":154,"e773d697":154,"7e8c11e7":154,"077eb15a":154,"5337c279":154,"8d256cb6":154,"7021c619":154,"32ae00db":154,"bf2defb2":154,"bc733a28":154,"30d32d34":154,"886c16d3":154,"e8d09b62":154,"5b09e53e":154,"da5bb0f7":154,"6d925c84":154,"50b23ab2":154,"edfa56d4":154,"899c16eb":154,"41c76041":154,"6bb1fa99":154,"d73ff72e":154,"61c0ca91":154,"d2fda7be":154,"ce20ca3c":154,"1d2d958b":154,"81fb6a01":154,"7f5b27c8":154,"fb3444d9":154,"f05de640":154,"86a68967":154,"56cd4dca":154,"7f469f4c":154,"f92dedfc":154,"355d1489":154,"f96fc1af":154,"06713bac":154,"61aca924":154,"d97fb857":154,"59ff5ec6":154,"ef04e64e":154,"6e2d04de":154,"2fca1798":154,"05028839":154,"5488826c":154,"84fff5c1":154,"c649992d":154,"d5ad3ed6":154,"8e5f7187":154,"55ba7579":154,"b7769ca6":154,"9c27de51":154,"38a75b48":154,"1792bfa3":154,"426f1904":154,"7c0f1ca9":154,"b2f820ac":154,"25d4f65d":154,"eddb6a2a":154,"ff8a00aa":154,"c146560b":154,"985068e7":154,"d543ba6f":154,"3b3569f6":154,"b01ab62a":154,"76da16fa":154,"bffee581":154,"07150038":154,"080fa362":154,"7b6945ad":154,"a40d08e1":154,"cec79bc2":154,"d2eff358":154,"e70aebb5":154,"a488b2f1":154,"4caa87d6":154,"f7076e21":154,"69e653b6":154,"98d2991b":154,"3b411d6a":154,"83826ef3":154,"595609d5":154,"b47f1b89":154,"8e6caf71":154,"9a3433b8":154,"b89112cb":154,"66736d5e":154,"30de89a7":154,"06aaa33f":154,"f1e86522":154,"320c65bf":154,"fa03f48f":154,"1fa1e7c2":154,"646af2b9":154,"5298dafa":154,"659389ad":154,"25f7f918":154,"240c8679":154,"c5311ebb":154,"105bb3f6":154,"0718c3be":154,"8b503f7b":154,"58de5462":154,"f01c896d":154,"87a8523c":154,"1f2670d0":154,"c416baa6":154,"962c9c8f":154,"ae350a07":154,"680a32a6":154,"aec0bf28":154,"a017a323":154,"83ba647d":154,"cb0bd6b7":154,"8801c469":154,"8e426e39":154,"b6281f1a":154,"48c6df81":154,"51909df8":154,"e22b0973":154,"5e165f43":154,"f8785b71":154,"23646ff9":154,"3abb827b":154,"ab4a411a":154,"d7a4b24c":154,"0c73c293":154,"88929b06":154,"686d5c0b":154,"08c4692e":154,"f15eb1c5":154,"71789493":154,"5b2479ef":154,"5ac72353":154,"1d882c36":154,"d1b14d06":154,"eb62e8f2":154,"f6c074a7":154,"ffd6849d":154,"962fca02":154,"75968179":154,"bc8bdc23":154,"a71f3f70":154,"1f7aa83c":154,"732d62ee":154,"d4b0751c":154,"5b01444b":154,"79995b62":154,"97160db8":154,"808bc372":154,"c792a7c1":154,"589f0d6e":154,"51b4016a":154,"5a7da061":154,"46bf9112":154,"06a94514":154,"092ad3d6":154,"73c420df":154,"0700da70":154,"bf940089":154,"01f34f98":154,"ff591765":154,"93f12198":154,"1670b0d3":154,"ec97d63e":154,"62e270e5":154,"66b1b6d7":154,"94208a41":154,"b062adc4":154,"2cbcad17":154,"4dccb5ca":154,"4aae5133":154,"63a3af32":154,"83268abf":154,"3fec4b0b":154,"578c4c95":154,"c606b472":154,"faa3de3e":154,"44983d13":154,"80999122":154,"72af9198":154,"e39e9552":154,"81c1b70d":154,"e72f0f82":154,"88374b72":154,"fdfaf1ed":154,"ea981bed":154,"5e197575":154,"e587c4d0":154,"525b2635":154,"caa38a45":154,"a9987a58":154,"b6b8e5c7":154,"e82177d3":154,"89914b94":154,"04bdf5e1":154,"da8b42be":154,"3b0576bf":154,"9458934f":154,"1dcc489c":154,"945badf3":154,"1327775b":154,"bdd40125":154,"75fd47f7":154,"1c52a07e":154,"e70ccc25":154,"afd1494f":154,"ca6bffd3":154,"829c44a4":154,"e76e2617":154,"2b4fd52e":154,"57162572":154,"d1d50cfe":154,"272e7d0d":154,"f92596ee":154,"68831ea9":154,"9713d076":154,"fd098272":154,"6ee788a7":154,"8249641d":154,"45b0968f":154,"6a9bb182":154,"1f1afd4f":154,"25fb8826":154,"0dc5da58":154,"2874a625":154,"e61ae828":154,"f7ac3883":154,"ccd01528":154,"dab8cf68":154,"00f2a9cb":154,"916fe082":154,"b64dba8e":154,"9666b973":154,"653b27c7":154,"83b37fd6":154,"4d852788":154,"e43a9448":154,"3542b748":154,"379c53ab":154,"e396d80d":154,"7da61f27":154,"dc874a97":154,"85a220de":154,"40a7cdd2":154,"ac033c7b":154,"87759976":154,"4df3f62e":154,"c881a53e":154,"80c1c8b1":154,"cf52acd8":154,"a63cb4ce":154,"d3b3492b":154,"7580cfa4":154,"22a96386":154,"5c672b50":154,"5df16440":154,"b666e56d":154,"8db378ff":154,"784d6375":154,"4541bf85":154,"a6b13f20":154,"2459c882":154,"3df97186":154,"ef0490de":154,"e0f47ced":154
1601327219099,"309bbf54":154,"cc537772":154,"6618390c":154,"99cc0813":154,"dc32c4e1":154,"239c636e":154,"6ee160ff":154,"c55d40ca":154,"22c177a8":154,"00ae883f":154,"f416ee62":154,"0d2b182d":154,"320754c3":154,"232b2f64":154,"3171b6e7":154,"3b25460f":154,"d2064756":154,"c3bb30ce":154,"86219c70":154,"601990d8":154,"5c662c19":154,"d2a5d2fd":154,"89d220c2":154,"3e10c9cb":154,"5500a3e8":154,"3c0e87ac":154,"a891461f":154,"a246cdab":154,"117c7f0b":154,"0d21cf99":154,"14e6fe14":154,"37ec5e73":154,"bfff7913":154,"f8636899":154,"37724339":154,"d45d9727":154,"ee5ff2a3":154,"44322dfd":154,"295e4d1d":154,"8cf6570a":154,"403064a0":154,"312af46e":154,"b5a9f8c3":154,"fcbc0ae8":154,"2ff6b6a8":154,"66a71cc1":154,"bf4b58e4":154,"f7ffcbb8":154,"5728f934":154,"00b26865":154,"c333337d":154,"815c56bc":154,"5bd61a68":154,"8582c5cf":154,"0c353665":154,"231e8700":154,"1f9fbd85":154,"43f24679":154,"a1c0dfc4":154,"78f71162":154,"4b27a9a4":154,"163f4d19":154,"1d043d5a":154,"b2f82e06":154,"5b0b43e6":154,"b5474d69":154,"5a938eeb":154,"4fe0dedf":154,"951fc6d0":154,"61892a4c":154,"f096219e":154,"a3f0a6ec":154,"01051f84":154,"aa7e370d":154,"f995eeab":154,"4006e709":154,"0dedf63e":154,"a9d5374b":154,"4321f02d":154,"089b3f8f":154,"7698d0dc":154,"784414ce":154,"2df3efdb":154,"d0f1b7bd":154,"e7799883":154,"4f9456cf":154,"6e260ee8":154,"f4f84279":154,"b0950de5":154,"6f873999":154,"1f4e0e22":154,"60d69311":154,"3b09f1de":154,"b371f44a":154,"8b6180ff":154,"8819ac24":154,"dbbf7f69":154,"dfe4a061":154,"c2bf7d51":154,"781afef6":154,"de9229a0":154,"99a5feef":154,"f6266388":154,"e64fd39c":154,"e1b3ce36":154,"625fa164":154,"0c6ae551":154,"e8f4c1dd":154,"cede8b8c":154,"ad95ff4a":154,"893a99c5":154,"d8bf32b5":154,"0eb42efe":154,"03c4ab87":154,"4e3d3af7":154,"3a4803a8":154,"f7a7de5d":154,"d4e56c3e":154,"0c045c2d":154,"8efd4801":154,"7eb8f268":154,"20236d3e":154,"36ae8cd8":154,"3ddd5391":154,"07f69c6d":154,"2254f0f5":154,"ea282e84":154,"6653c83b":154,"c896052c":154,"287ecd1c":154,"f9376d3e":154,"07a94e8c":154,"bb017b49":154,"37b52fe4":154,"61ad1519":154,"819c4185":154,"ba69b06b":154,"7d2a2cb4":154,"4f62491c":154,"70b4c438":154,"71ed93db":154,"c92efaa8":154,"c241ac7e":154,"62a45672":154,"210e507a":154,"ac6e268b":154,"742238e8":154,"a8edfe84":154,"2ed19b1e":154,"959e16ea":154,"02f76c64":154,"5c6d1f33":154,"b4801cae":154,"c3c2fd05":154,"f8c97147":154,"c2526ff3":154,"cc386067":154,"a22ffd8f":154,"3cd28a4d":154,"44a12c31":154,"45a961ca":154,"5ca978fd":154,"668e601b":154,"7552d86c":154,"02ebf3b6":154,"bb17a968":154,"4abcb85d":154,"cba26072":154,"2a718dcc":154,"c6a9a8e1":154,"88854fd0":154,"8dc27d2a":154,"41d7f05d":154,"2b851827":154,"9f428a03":154,"4d504d96":154,"0533ece1":154,"bcee2ef3":154,"0afba00c":154,"04ff8100":154,"6c00d8d6":154,"ac9a02bc":154,"acfe69ed":154,"426603ff":154,"2db2f252":154,"2e84193b":154,"c55683c9":154,"51233daf":154,"02791635":154,"be081247":154,"5cc47d1b":154,"678b846f":154,"b4bd39d8":154,"b4cdbe5d":154,"fa0386f3":154,"b95d0f17":154,"cee9c347":154
1601327219881,"7800e7ce":155,"77869ff0":155,"4b8f7b16":155,"89f75690":155,"cb363e2f":155,"cd802f02":155,"d3cca7eb":155,"e866a899":155,"5690e712":155,"0b92d2a9":155,"070bed95":155,"67e5d108":155,"3d37b94b":155,"842c97c2":155,"c4cef92b":155,"0eecdc5b":155,"b7e495ea":155,"45ec63c0":155,"0ddfde2c":155,"a8b41774":155,"81f0da2d":155,"1fcc8ba4":155,"75a9c117":155,"12ba54ec":155,"be391c1a":155,"37d8a5b7":155
1601327220495,"d5ab81c4":155,"2ecde685":155,"f0bd52d3":155,"dcc20f76":155,"666a8ef0":155,"c5b609f1":155,"4dc5849a":155,"d605c755":155,"d5d94481":155,"ffe48500":155,"c7a45a33":155,"faffe099":155,"e99490cd":155,"3b830769":155,"583f0305":155,"8a8c1d67":155,"cc6b3306":155,"8c2dfd9a":155,"f11267b9":155,"a483b15e":155,"f80ab49d":155,"95eaed39":155,"a5ba0ebb":155,"f53362a9":155,"1901ef7e":155,"960c2e6b":155,"3515e999":155,"d11f8f1b":155,"9d9eb027":155,"325f9a29":155,"503aafe5":155,"1557c50a":155,"249e80ab":155,"f52a3d94":155,"eb74d3dd":155,"3bcbc28d":155,"3c0455e7":155,"df203c79":155,"df1e1ac0":155,"491708eb":155,"e421caaa":155,"2d2ecf27":155,"d38a4953":155,"eba5efdd":155,"a5463f93":155,"c85ac4f8":155,"bc253f4f":155,"0d9d2bf8":155,"846b7f11":155,"d3411467":155,"1df0ce7f":155,"a08171d0":155,"c8bc5677":155,"dfca0518":155,"b9a21017":155,"e47705d3":155,"3cae4115":155,"0ccf4731":155,"c7c6782d":155,"54346574":155,"b12cbf87":155,"81942d9b":155,"699b90c1":155,"d9b5a7a8":155,"1e7914d2":155,"e5d8fdb2":155,"3412ab75":155,"bcac5daf":155,"62d028cc":155,"0af2cf39":155,"27491297":155,"d041ea86":155,"1eda11b2":155,"fc442678":155,"080d5d42":155,"5d03f5dc":155,"f0a01341":155,"1ee4d9f9":155,"0d6e45e7":155,"0da97151":155,"e829038c":155,"4987cfb5":155,"ba90687c":155,"77f2cf92":155,"037e2be4":155,"9e7dbd20":155,"0c086273":155,"ac13c3b0":155,"b4d9c57f":155,"5d53c964":155,"8ee9cc91":155,"4cc0af91":155,"55f6a2ba":155,"9559ea96":155,"9cb044bf":155,"16b25add":155,"80ee333e":155,"3b329af2":155,"1cd662bf":155,"72992b35":155,"47589344":155,"593b1533":155,"e9f6e5ce":155,"ed6bead5":155,"96f594b9":155,"94dfcfc5":155,"8301986e":155,"830ecfec":155,"a8bae791":155,"312009ee":155,"c98759fd":155,"e8b6d676":155,"45ee5840":155,"76f04033":155,"43480b19":155,"fd955858":155,"69798d15":155,"efea71fa":155,"fb3aa867":155,"c9cf710b":155,"fcacdeb3":155,"0ea055ed":155,"e3b1bdf8":155,"644b45fb":155,"18c73816":155,"e491161e":155,"b5087677":155,"16f60bed":155,"cb0c3481":155,"7664512c":155,"df9a53b8":155,"f6c27b2b":155,"945f6c24":155,"f1daea7e":155,"b8fb90e3":155,"56227e35":155,"0d6bf22a":155,"b87321d0":155,"43205b5d":155,"8982905a":155,"f6fe1ad7":155,"230064fa":155,"764e0abb":155,"bba6d88e":155,"ea3479ec":155,"32266fa3":155,"50b090c3":155,"8be24763":155,"eb4800b2":155,"6e0ce9dc":155,"87d9bec4":155,"e30dfa0c":155
1601327220681,"6da34174":155,"bfb849fa":155,"0a10b423":155,"9ef7cee7":155,"49f1a0d1":155,"5f04aa76":155,"ba297382":155,"0287db2a":155,"96abe4a9":155,"753b10b1":155,"cf14bd99":155,"782022f4":155,"322e833f":155,"ab3619e4":155,"106006ad":155,"c8237be9":155,"1416e8f5":155,"dde2eed5":155,"a208caa8":155,"16605353":155,"77b39e15":155,"f1726edb":155,"92b72493":155,"d3e58903":155,"4481c4be":155,"7954891b":155,"4afd60a9":155,"d44c0ea3":155,"68f87858":155,"533bac6b":155,"41634dba":155,"43fd1327":155,"113e7f4b":155,"8cce569a":155,"ce6401b6":155,"6f57824c":155,"28bd7aa1":155,"1d52fb0d":155,"cde0d748":155,"535ed444":155,"710f0d0e":155,"0905f1fb":155,"a20e529c":155,"1ae76fcc":155,"35b161d3":155,"344cd1a3":155,"77ea1236":155,"96d2a118":155,"23a0e41f":155,"b32a1080":155,"a2c4b591":155,"6dfa57be":155,"1854ce44":155,"f92b22f1":155,"ece12664":155,"36f4ecde":155,"568a0d58":155,"5fd569d2":155,"10c8fd03":155,"bd4ccb49":155,"e773d697":155,"7e8c11e7":155,"077eb15a":155,"5337c279":155,"8d256cb6":155,"7021c619":155,"32ae00db":155,"bf2defb2":155,"bc733a28":155,"30d32d34":155,"886c16d3":155,"e8d09b62":155,"590ce3d3":155,"1802d7ce":155,"0a49914b":155,"5d3f5cad":155,"cf347cba":155,"fc0c23f7":155,"641f9b9e":155,"c92edec5":155,"9f03c1e7":155,"06c24a8d":155,"2f35e75f":155,"3eddf7c8":155,"77970f8b":155,"efd594d5":155,"4718294d":155,"5352cf45":155,"e0ffe8ff":155,"ae14d6b5":155,"721f5f42":155,"0b50bca6":155,"5b09e53e":155,"da5bb0f7":155,"6d925c84":155,"50b23ab2":155,"edfa56d4":155,"899c16eb":155,"41c76041":155,"6bb1fa99":155,"d73ff72e":155,"61c0ca91":155,"d2fda7be":155,"bf2ca266":155,"5d8d9641":155,"0de67c6c":155,"2311399f":155,"5e3ebf5e":155,"9f6ca218":155,"6213799d":155,"44cb1fd2":155,"baf19c25":155,"24a79a6e":155,"edde30af":155,"4d949e11":155,"df12f689":155,"1da10cbf":155,"832c48e4":155,"dc90a44c":155,"1ad7c45b":155,"5566c17c":155,"86a22252":155,"0000dece":155,"ce5efdbe":155,"58ace2b5":155,"d379fd96":155,"7b819458":155,"7f8024cd":155,"ae562513":155,"7b66dacd":155,"9ab137d7":155,"7191d1cd":155,"005354dd":155,"ce20ca3c":155,"1d2d958b":155,"81fb6a01":155,"7f5b27c8":155,"fb3444d9":155,"f05de640":155,"86a68967":155,"56cd4dca":155,"7f469f4c":155,"f92dedfc":155,"355d1489":155,"f96fc1af":155,"06713bac":155,"61aca924":155,"d97fb857":155,"59ff5ec6":155,"ef04e64e":155,"6e2d04de":155,"2fca1798":155,"05028839":155,"5488826c":155,"84fff5c1":155,"c649992d":155,"d5ad3ed6":155,"8e5f7187":155,"55ba7579":155,"b7769ca6":155,"9c27de51":155,"38a75b48":155,"1792bfa3":155,"426f1904":155,"7c0f1ca9":155,"b2f820ac":155,"25d4f65d":155,"eddb6a2a":155,"ff8a00aa":155,"c146560b":155,"985068e7":155,"d543ba6f":155,"3b3569f6":155,"b01ab62a":155,"76da16fa":155,"bffee581":155,"07150038":155,"080fa362":155,"7b6945ad":155,"a40d08e1":155,"cec79bc2":155,"d2eff358":155,"e70aebb5":155,"a488b2f1":155,"4caa87d6":155,"f7076e21":155,"69e653b6":155,"98d2991b":155,"3b411d6a":155,"83826ef3":155,"595609d5":155,"b47f1b89":155,"8e6caf71":155,"9a3433b8":155,"b89112cb":155,"66736d5e":155,"30de89a7":155,"06aaa33f":155,"320c65bf":155,"1fa1e7c2":155,"646af2b9":155,"f1e86522":155,"fa03f48f":155,"659389ad":155,"5298dafa":155,"240c8679":155,"0718c3be":155,"25f7f918":155,"8b503f7b":155,"c5311ebb":155,"87a8523c":155,"105bb3f6":155,"58de5462":155,"c416baa6":155,"ae350a07":155,"f01c896d":155,"1f2670d0":155,"680a32a6":155,"83ba647d":155,"962c9c8f":155,"cb0bd6b7":155,"aec0bf28":155,"a017a323":155,"8e426e39":155,"8801c469":155,"51909df8":155,"b6281f1a":155,"e22b0973":155,"23646ff9":155,"48c6df81":155,"3abb827b":155,"5e165f43":155,"f8785b71":155,"0c73c293":155,"88929b06":155,"ab4a411a":155,"d7a4b24c":155,"08c4692e":155,"686d5c0b":155,"5b2479ef":155,"1d882c36":155,"f15eb1c5":155,"71789493":155,"eb62e8f2":155,"5ac72353":155,"d1b14d06":155,"f6c074a7":155,"ffd6849d":155,"962fca02":155,"75968179":155,"bc8bdc23":155,"a71f3f70":155,"1f7aa83c":155,"732d62ee":155,"d4b0751c":155,"272e7d0d":155,"f92596ee":155,"68831ea9":155,"9713d076":155,"fd098272":155,"6ee788a7":155,"8249641d":155,"45b0968f":155,"6a9bb182":155,"1f1afd4f":155,"25fb8826":155,"0dc5da58":155,"2874a625":155,"e61ae828":155,"f7ac3883":155,"ccd01528":155,"dab8cf68":155,"00f2a9cb":155,"5b01444b":155,"79995b62":155,"97160db8":155,"589f0d6e":155,"51b4016a":155,"46bf9112":155,"092ad3d6":155,"808bc372":155,"bf940089":155,"c792a7c1":155,"5a7da061":155,"01f34f98":155,"1670b0d3":155,"06a94514":155,"73c420df":155,"ec97d63e":155,"0700da70":155,"94208a41":155,"2cbcad17":155,"ff591765":155,"4dccb5ca":155,"93f12198":155,"62e270e5":155,"83268abf":155,"66b1b6d7":155,"578c4c95":155,"b062adc4":155,"c606b472":155,"4aae5133":155,"63a3af32":155,"3fec4b0b":155,"faa3de3e":155,"44983d13":155,"80999122":155,"72af9198":155,"e39e9552":155,"81c1b70d":155,"e72f0f82":155,"88374b72":155,"fdfaf1ed":155,"ea981bed":155,"5e197575":155,"916fe082":155,"b64dba8e":155,"c3bb30ce":155,"86219c70":155,"601990d8":155,"5c662c19":155,"d2a5d2fd":155,"89d220c2":155,"3e10c9cb":155,"5500a3e8":155,"3c0e87ac":155,"a891461f":155,"a246cdab":155,"117c7f0b":155,"0d21cf99":155,"14e6fe14":155,"37ec5e73":155,"bfff7913":155,"f8636899":155,"37724339":155,"d45d9727":155,"ee5ff2a3":155,"44322dfd":155,"295e4d1d":155,"8cf6570a":155,"403064a0":155,"312af46e":155,"b5a9f8c3":155,"fcbc0ae8":155,"2ff6b6a8":155,"66a71cc1":155,"bf4b58e4":155,"e587c4d0":155,"525b2635":155,"caa38a45":155,"a9987a58":155,"b6b8e5c7":155,"e82177d3":155,"89914b94":155,"04bdf5e1":155,"da8b42be":155,"3b0576bf":155,"9458934f":155,"1dcc489c":155,"945badf3":155,"1327775b":155,"bdd40125":155,"75fd47f7":155,"1c52a07e":155,"e70ccc25":155,"afd1494f":155,"ca6bffd3":155,"829c44a4":155,"e76e2617":155,"2b4fd52e":155,"57162572":155,"d1d50cfe":155,"9666b973":155,"653b27c7":155,"83b37fd6":155,"4d852788":155,"e43a9448":155,"3542b748":155,"379c53ab":155,"e396d80d":155,"7da61f27":155,"dc874a97":155,"85a220de":155,"40a7cdd2":155,"ac033c7b":155,"87759976":155,"4df3f62e":155,"c881a53e":155,"80c1c8b1":155,"cf52acd8":155,"a63cb4ce":155,"d3b3492b":155,"7580cfa4":155,"22a96386":155,"5c672b50":155,"5df16440":155,"b666e56d":155,"8db378ff":155,"784d6375":155,"4541bf85":155,"a6b13f20":155,"2459c882":155,"3df97186":155,"ef0490de":155,"e0f47ced":155,"309bbf54":155,"cc537772":155,"6618390c":155
1601327221302,"f7ffcbb8":155,"5728f934":155,"00b26865":155,"c333337d":155,"815c56bc":155,"5bd61a68":155,"8582c5cf":155,"0c353665":155,"231e8700":155,"1f9fbd85":155,"43f24679":155,"a1c0dfc4":155,"78f71162":155,"4b27a9a4":155,"163f4d19":155,"1d043d5a":155,"b2f82e06":155,"5b0b43e6":155,"b5474d69":155,"5a938eeb":155,"4fe0dedf":155,"951fc6d0":155,"61892a4c":155,"f096219e":155,"a3f0a6ec":155,"01051f84":155,"aa7e370d":155,"f995eeab":155,"4006e709":155,"0dedf63e":155,"a9d5374b":155,"4321f02d":155,"089b3f8f":155,"7698d0dc":155,"784414ce":155,"2df3efdb":155,"d0f1b7bd":155,"e7799883":155,"4f9456cf":155,"6e260ee8":155,"f4f84279":155,"b0950de5":155,"99cc0813":155,"dc32c4e1":155,"239c636e":155,"6ee160ff":155,"c55d40ca":155,"22c177a8":155,"00ae883f":155,"f416ee62":155,"0d2b182d":155,"320754c3":155,"232b2f64":155,"3171b6e7":155,"3b25460f":155,"d2064756":155,"6f873999":155,"1f4e0e22":155,"60d69311":155,"3b09f1de":155,"b371f44a":155,"8b6180ff":155,"8819ac24":155,"dbbf7f69":155,"dfe4a061":155,"c2bf7d51":155,"781afef6":155,"de9229a0":155,"99a5feef":155,"f6266388":155,"e64fd39c":155,"e1b3ce36":155,"625fa164":155,"0c6ae551":155,"e8f4c1dd":155,"cede8b8c":155,"ad95ff4a":155,"893a99c5":155,"d8bf32b5":155,"0eb42efe":155,"03c4ab87":155,"4e3d3af7":155,"3a4803a8":155,"f7a7de5d":155,"d4e56c3e":155,"0c045c2d":155,"8efd4801":155,"a8edfe84":155,"2ed19b1e":155,"959e16ea":155,"02f76c64":155,"5c6d1f33":155,"b4801cae":155,"c3c2fd05":155,"f8c97147":155,"c2526ff3":155,"cc386067":155,"a22ffd8f":155,"3cd28a4d":155,"44a12c31":155,"45a961ca":155,"5ca978fd":155,"668e601b":155,"7552d86c":155,"02ebf3b6":155,"bb17a968":155,"4abcb85d":155,"cba26072":155,"2a718dcc":155,"c6a9a8e1":155,"88854fd0":155,"8dc27d2a":155,"41d7f05d":155,"2b851827":155,"9f428a03":155,"4d504d96":155,"0533ece1":155,"bcee2ef3":155,"7eb8f268":155,"20236d3e":155,"36ae8cd8":155,"3ddd5391":155,"07f69c6d":155,"2254f0f5":155,"ea282e84":155,"6653c83b":155,"c896052c":155,"287ecd1c":155,"f9376d3e":155,"07a94e8c":155,"bb017b49":155,"37b52fe4":155,"61ad1519":155,"819c4185":155,"ba69b06b":155,"7d2a2cb4":155,"4f62491c":155,"70b4c438":155,"71ed93db":155,"c92efaa8":155,"c241ac7e":155,"62a45672":155,"210e507a":155,"ac6e268b":155,"742238e8":155,"0afba00c":155,"04ff8100":155,"6c00d8d6":155,"ac9a02bc":155,"acfe69ed":155,"426603ff":155,"2db2f252":155,"2e84193b":155,"c55683c9":155,"51233daf":155,"02791635":155,"be081247":155,"5cc47d1b":155,"678b846f":155,"b4bd39d8":155,"b4cdbe5d":155,"fa0386f3":155,"b95d0f17":155,"cee9c347":155
1601327221880,"7800e7ce":156,"77869ff0":156,"4b8f7b16":156,"89f75690":156,"cb363e2f":156,"cd802f02":156,"d3cca7eb":156,"e866a899":156,"5690e712":156,"0b92d2a9":156,"070bed95":156,"d5d94481":156,"ffe48500":156,"c7a45a33":156,"faffe099":156,"e99490cd":156,"3b830769":156,"583f0305":156,"1557c50a":156,"249e80ab":156,"f52a3d94":156,"eb74d3dd":156,"3bcbc28d":156,"3c0455e7":156,"df203c79":156,"df1e1ac0":156,"491708eb":156,"e421caaa":156,"2d2ecf27":156,"d38a4953":156,"eba5efdd":156,"a5463f93":156,"c85ac4f8":156,"bc253f4f":156
1601327222471,"67e5d108":156,"3d37b94b":156,"842c97c2":156,"c4cef92b":156,"0eecdc5b":156,"b7e495ea":156,"45ec63c0":156,"0ddfde2c":156,"a8b41774":156,"81f0da2d":156,"1fcc8ba4":156,"75a9c117":156,"12ba54ec":156,"be391c1a":156,"37d8a5b7":156,"d5ab81c4":156,"2ecde685":156,"f0bd52d3":156,"dcc20f76":156,"666a8ef0":156,"c5b609f1":156,"4dc5849a":156,"d605c755":156,"8a8c1d67":156,"cc6b3306":156,"8c2dfd9a":156,"f11267b9":156,"a483b15e":156,"f80ab49d":156,"95eaed39":156,"a5ba0ebb":156,"f53362a9":156,"1901ef7e":156,"960c2e6b":156,"3515e999":156,"d11f8f1b":156,"9d9eb027":156,"325f9a29":156,"503aafe5":156,"18c73816":156,"080d5d42":156,"5d03f5dc":156,"f0a01341":156,"1ee4d9f9":156,"0d6e45e7":156,"0da97151":156,"e829038c":156,"4987cfb5":156,"ba90687c":156,"77f2cf92":156,"037e2be4":156,"9e7dbd20":156,"0c086273":156,"ac13c3b0":156,"b4d9c57f":156,"5d53c964":156,"8ee9cc91":156,"4cc0af91":156,"55f6a2ba":156,"9559ea96":156,"9cb044bf":156,"16b25add":156,"80ee333e":156,"3b329af2":156,"1cd662bf":156,"72992b35":156,"47589344":156,"593b1533":156,"e9f6e5ce":156,"ed6bead5":156,"96f594b9":156,"94dfcfc5":156,"e491161e":156,"b5087677":156,"16f60bed":156,"cb0c3481":156,"7664512c":156,"df9a53b8":156,"f6c27b2b":156,"945f6c24":156,"f1daea7e":156,"b8fb90e3":156,"56227e35":156,"0d6bf22a":156,"b87321d0":156,"43205b5d":156,"0d9d2bf8":156,"846b7f11":156,"d3411467":156,"1df0ce7f":156,"a08171d0":156,"c8bc5677":156,"dfca0518":156,"b9a21017":156,"e47705d3":156,"3cae4115":156,"0ccf4731":156,"c7c6782d":156,"54346574":156,"b12cbf87":156,"81942d9b":156,"699b90c1":156,"d9b5a7a8":156,"1e7914d2":156,"e5d8fdb2":156,"3412ab75":156,"bcac5daf":156,"62d028cc":156,"0af2cf39":156,"27491297":156,"d041ea86":156,"1eda11b2":156,"fc442678":156,"8982905a":156,"f6fe1ad7":156,"230064fa":156,"764e0abb":156,"bba6d88e":156,"ea3479ec":156,"32266fa3":156,"50b090c3":156,"8be24763":156,"eb4800b2":156,"6e0ce9dc":156,"87d9bec4":156,"e30dfa0c":156,"6da34174":156,"bfb849fa":156,"0a10b423":156,"9ef7cee7":156,"49f1a0d1":156,"5f04aa76":156,"ba297382":156,"8301986e":156,"830ecfec":156,"a8bae791":156,"312009ee":156,"c98759fd":156,"e8b6d676":156,"45ee5840":156,"76f04033":156,"43480b19":156,"fd955858":156,"69798d15":156,"efea71fa":156,"fb3aa867":156,"c9cf710b":156,"fcacdeb3":156,"0ea055ed":156,"e3b1bdf8":156,"644b45fb":156,"0287db2a":156,"96abe4a9":156,"753b10b1":156,"cf14bd99":156,"782022f4":156,"322e833f":156,"ab3619e4":156,"106006ad":156,"c8237be9":156,"1416e8f5":156,"dde2eed5":156,"a208caa8":156,"16605353":156,"77b39e15":156,"f1726edb":156,"92b72493":156,"d3e58903":156,"4481c4be":156,"7954891b":156,"4afd60a9":156,"d44c0ea3":156,"68f87858":156,"533bac6b":156,"41634dba":156,"43fd1327":156,"113e7f4b":156,"8cce569a":156,"ce6401b6":156,"6f57824c":156,"28bd7aa1":156,"1d52fb0d":156,"cde0d748":156,"535ed444":156,"710f0d0e":156,"0905f1fb":156,"a20e529c":156,"1ae76fcc":156,"35b161d3":156,"344cd1a3":156,"77ea1236":156,"96d2a118":156,"23a0e41f":156,"b32a1080":156,"a2c4b591":156,"6dfa57be":156,"1854ce44":156,"f92b22f1":156,"ece12664":156,"36f4ecde":156,"568a0d58":156,"5fd569d2":156,"10c8fd03":156,"bd4ccb49":156,"e773d697":156,"7e8c11e7":156,"077eb15a":156,"5337c279":156,"8d256cb6":156,"7021c619":156,"32ae00db":156,"bf2defb2":156,"bc733a28":156,"30d32d34":156,"886c16d3":156,"e8d09b62":156,"590ce3d3":156,"1802d7ce":156,"0a49914b":156,"5d3f5cad":156,"cf347cba":156,"fc0c23f7":156,"641f9b9e":156,"c92edec5":156,"9f03c1e7":156,"06c24a8d":156,"2f35e75f":156,"3eddf7c8":156,"77970f8b":156,"efd594d5":156,"4718294d":156,"5352cf45":156,"e0ffe8ff":156,"ae14d6b5":156,"721f5f42":156,"0b50bca6":156,"bf2ca266":156,"5d8d9641":156,"0de67c6c":156,"2311399f":156,"5e3ebf5e":156,"9f6ca218":156,"6213799d":156,"44cb1fd2":156,"baf19c25":156,"24a79a6e":156,"edde30af":156,"4d949e11":156,"df12f689":156,"1da10cbf":156,"832c48e4":156,"dc90a44c":156,"1ad7c45b":156,"5566c17c":156,"86a22252":156,"0000dece":156,"ce5efdbe":156,"58ace2b5":156,"d379fd96":156,"7b819458":156,"7f8024cd":156,"ae562513":156,"7b66dacd":156,"9ab137d7":156,"7191d1cd":156,"005354dd":156
1601327223012,"5b09e53e":156,"da5bb0f7":156,"6d925c84":156,"50b23ab2":156,"edfa56d4":156,"899c16eb":156,"41c76041":156,"6bb1fa99":156,"d73ff72e":156,"61c0ca91":156,"d2fda7be":156,"ce20ca3c":156,"1d2d958b":156,"81fb6a01":156,"7f5b27c8":156,"fb3444d9":156,"f05de640":156,"86a68967":156,"56cd4dca":156,"7f469f4c":156,"f92dedfc":156,"355d1489":156,"f96fc1af":156,"06713bac":156,"61aca924":156,"d97fb857":156,"59ff5ec6":156,"ef04e64e":156,"6e2d04de":156,"2fca1798":156,"05028839":156,"5488826c":156,"84fff5c1":156,"c649992d":156,"d5ad3ed6":156,"8e5f7187":156,"55ba7579":156,"b7769ca6":156,"9c27de51":156,"38a75b48":156,"1792bfa3":156,"426f1904":156,"7c0f1ca9":156,"b2f820ac":156,"25d4f65d":156,"eddb6a2a":156,"ff8a00aa":156,"c146560b":156,"985068e7":156,"d543ba6f":156,"3b3569f6":156,"b01ab62a":156,"76da16fa":156,"bffee581":156,"07150038":156,"080fa362":156,"7b6945ad":156,"a40d08e1":156,"cec79bc2":156,"d2eff358":156,"e70aebb5":156,"a488b2f1":156,"4caa87d6":156,"f7076e21":156,"69e653b6":156,"98d2991b":156,"3b411d6a":156,"83826ef3":156,"595609d5":156,"b47f1b89":156,"8e6caf71":156,"9a3433b8":156,"b89112cb":156,"66736d5e":156,"30de89a7":156,"06aaa33f":156,"320c65bf":156,"1fa1e7c2":156,"646af2b9":156,"659389ad":156,"240c8679":156,"0718c3be":156,"f1e86522":156,"8b503f7b":156,"fa03f48f":156,"5298dafa":156,"87a8523c":156,"25f7f918":156,"c416baa6":156,"ae350a07":156,"c5311ebb":156,"105bb3f6":156,"680a32a6":156,"58de5462":156,"83ba647d":156,"cb0bd6b7":156,"f01c896d":156,"8e426e39":156,"1f2670d0":156,"272e7d0d":156,"f92596ee":156,"68831ea9":156,"9713d076":156,"fd098272":156,"6ee788a7":156,"8249641d":156,"45b0968f":156,"6a9bb182":156,"1f1afd4f":156,"25fb8826":156,"0dc5da58":156,"2874a625":156,"e61ae828":156,"f7ac3883":156,"ccd01528":156,"dab8cf68":156,"00f2a9cb":156,"916fe082":156,"b64dba8e":156,"c3bb30ce":156,"86219c70":156,"601990d8":156,"51909df8":156,"962c9c8f":156,"aec0bf28":156,"e22b0973":156,"23646ff9":156,"a017a323":156,"3abb827b":156,"8801c469":156,"b6281f1a":156,"0c73c293":156,"88929b06":156,"48c6df81":156,"5e165f43":156,"08c4692e":156,"5b2479ef":156,"f8785b71":156,"1d882c36":156,"ab4a411a":156,"d7a4b24c":156,"eb62e8f2":156,"686d5c0b":156,"f15eb1c5":156,"71789493":156,"5ac72353":156,"d1b14d06":156,"f6c074a7":156,"ffd6849d":156,"962fca02":156,"75968179":156,"bc8bdc23":156,"a71f3f70":156,"1f7aa83c":156,"732d62ee":156,"d4b0751c":156,"5b01444b":156,"79995b62":156,"97160db8":156,"589f0d6e":156,"51b4016a":156,"46bf9112":156,"092ad3d6":156,"bf940089":156,"01f34f98":156,"1670b0d3":156,"ec97d63e":156,"94208a41":156,"808bc372":156,"2cbcad17":156,"c792a7c1":156,"5c662c19":156,"d2a5d2fd":156,"5a7da061":156,"4dccb5ca":156,"83268abf":156,"06a94514":156,"578c4c95":156,"73c420df":156,"c606b472":156,"0700da70":156,"ff591765":156,"93f12198":156,"62e270e5":156,"66b1b6d7":156,"b062adc4":156,"4aae5133":156,"63a3af32":156,"3fec4b0b":156,"faa3de3e":156,"44983d13":156,"80999122":156,"72af9198":156,"e39e9552":156,"81c1b70d":156,"e72f0f82":156,"88374b72":156,"fdfaf1ed":156,"ea981bed":156,"5e197575":156,"e587c4d0":156,"525b2635":156,"caa38a45":156,"a9987a58":156,"b6b8e5c7":156,"e82177d3":156,"89914b94":156,"04bdf5e1":156,"da8b42be":156,"3b0576bf":156,"9458934f":156,"1dcc489c":156,"945badf3":156,"1327775b":156,"89d220c2":156,"3e10c9cb":156,"5500a3e8":156,"3c0e87ac":156,"a891461f":156,"a246cdab":156,"117c7f0b":156,"0d21cf99":156,"14e6fe14":156,"37ec5e73":156,"bfff7913":156,"f8636899":156,"37724339":156,"d45d9727":156,"ee5ff2a3":156,"9666b973":156,"653b27c7":156,"83b37fd6":156,"4d852788":156,"e43a9448":156,"3542b748":156,"379c53ab":156,"e396d80d":156,"7da61f27":156,"dc874a97":156,"85a220de":156,"44322dfd":156,"295e4d1d":156,"8cf6570a":156,"403064a0":156,"312af46e":156,"b5a9f8c3":156,"fcbc0ae8":156,"2ff6b6a8":156,"66a71cc1":156,"bf4b58e4":156,"bdd40125":156,"75fd47f7":156,"1c52a07e":156,"e70ccc25":156,"afd1494f":156,"ca6bffd3":156,"829c44a4":156,"e76e2617":156,"2b4fd52e":156,"57162572":156,"d1d50cfe":156,"40a7cdd2":156,"ac033c7b":156,"87759976":156,"4df3f62e":156,"c881a53e":156,"80c1c8b1":156,"cf52acd8":156,"a63cb4ce":156,"d3b3492b":156,"7580cfa4":156,"22a96386":156,"5c672b50":156,"5df16440":156,"b666e56d":156,"8db378ff":156,"784d6375":156,"4541bf85":156,"a6b13f20":156,"2459c882":156,"3df97186":156,"ef0490de":156,"e0f47ced":156,"309bbf54":156,"cc537772":156,"6618390c":156,"99cc0813":156,"dc32c4e1":156,"239c636e":156,"6ee160ff":156,"c55d40ca":156,"22c177a8":156,"00ae883f":156,"f416ee62":156,"0d2b182d":156,"320754c3":156,"232b2f64":156,"3171b6e7":156,"3b25460f":156,"d2064756":156,"f7ffcbb8":156,"5728f934":156,"00b26865":156,"c333337d":156,"815c56bc":156,"5bd61a68":156,"8582c5cf":156,"0c353665":156,"231e8700":156,"1f9fbd85":156,"43f24679":156,"a1c0dfc4":156,"78f71162":156,"4b27a9a4":156,"163f4d19":156,"1d043d5a":156,"b2f82e06":156,"5b0b43e6":156,"b5474d69":156,"5a938eeb":156,"4fe0dedf":156,"951fc6d0":156,"61892a4c":156,"f096219e":156,"a3f0a6ec":156,"01051f84":156,"aa7e370d":156,"f995eeab":156,"4006e709":156,"0dedf63e":156,"a9d5374b":156,"4321f02d":156,"089b3f8f":156,"7698d0dc":156,"784414ce":156,"2df3efdb":156,"d0f1b7bd":156,"e7799883":156,"4f9456cf":156,"6e260ee8":156,"f4f84279":156,"b0950de5":156,"6f873999":156,"1f4e0e22":156,"60d69311":156,"3b09f1de":156,"b371f44a":156,"8b6180ff":156,"8819ac24":156,"dbbf7f69":156,"a8edfe84":156,"2ed19b1e":156,"959e16ea":156,"02f76c64":156,"5c6d1f33":156,"b4801cae":156,"c3c2fd05":156,"f8c97147":156,"c2526ff3":156,"cc386067":156,"dfe4a061":156,"c2bf7d51":156,"781afef6":156,"de9229a0":156,"99a5feef":156,"f6266388":156,"e64fd39c":156,"e1b3ce36":156,"625fa164":156,"0c6ae551":156,"e8f4c1dd":156,"cede8b8c":156,"a22ffd8f":156,"3cd28a4d":156,"44a12c31":156,"45a961ca":156,"5ca978fd":156,"668e601b":156,"7552d86c":156,"02ebf3b6":156,"bb17a968":156,"4abcb85d":156,"cba26072":156,"2a718dcc":156,"c6a9a8e1":156,"88854fd0":156,"8dc27d2a":156,"41d7f05d":156,"2b851827":156,"9f428a03":156,"4d504d96":156,"0533ece1":156,"bcee2ef3":156,"0afba00c":156,"04ff8100":156,"6c00d8d6":156,"ac9a02bc":156,"acfe69ed":156,"426603ff":156,"2db2f252":156,"2e84193b":156,"c55683c9":156,"51233daf":156,"02791635":156,"be081247":156,"5cc47d1b":156,"678b846f":156,"ad95ff4a":156,"893a99c5":156,"d8bf32b5":156,"0eb42efe":156,"03c4ab87":156,"4e3d3af7":156,"3a4803a8":156,"f7a7de5d":156,"d4e56c3e":156,"0c045c2d":156,"8efd4801":156,"7eb8f268":156,"20236d3e":156,"36ae8cd8":156,"3ddd5391":156,"07f69c6d":156,"2254f0f5":156,"ea282e84":156,"6653c83b":156,"c896052c":156,"287ecd1c":156,"f9376d3e":156,"07a94e8c":156,"bb017b49":156,"37b52fe4":156,"61ad1519":156,"819c4185":156,"ba69b06b":156,"7d2a2cb4":156,"4f62491c":156,"70b4c438":156,"71ed93db":156,"c92efaa8":156,"c241ac7e":156,"62a45672":156,"210e507a":156,"b4bd39d8":156,"b4cdbe5d":156,"fa0386f3":156,"b95d0f17":156,"cee9c347":156,"ac6e268b":156,"742238e8":156
1601327223979,"d5d94481":157,"ffe48500":157,"c7a45a33":157,"faffe099":157,"e99490cd":157,"3b830769":157,"583f0305":157,"1557c50a":157,"249e80ab":157,"f52a3d94":157,"eb74d3dd":157,"3bcbc28d":157,"3c0455e7":157,"df203c79":157,"df1e1ac0":157,"491708eb":157,"e421caaa":157,"2d2ecf27":157,"d38a4953":157,"eba5efdd":157,"a5463f93":157,"c85ac4f8":157,"bc253f4f":157,"0d9d2bf8":157,"846b7f11":157,"d3411467":157,"1df0ce7f":157,"a08171d0":157,"c8bc5677":157,"dfca0518":157,"b9a21017":157,"e47705d3":157,"3cae4115":157,"0ccf4731":157,"c7c6782d":157,"54346574":157,"b12cbf87":157,"7800e7ce":157,"77869ff0":157,"4b8f7b16":157,"89f75690":157,"cb363e2f":157,"cd802f02":157,"d3cca7eb":157,"e866a899":157,"5690e712":157,"0b92d2a9":157,"070bed95":157,"67e5d108":157,"3d37b94b":157,"842c97c2":157,"c4cef92b":157,"0eecdc5b":157,"b7e495ea":157,"45ec63c0":157,"0ddfde2c":157,"a8b41774":157,"81f0da2d":157,"1fcc8ba4":157,"75a9c117":157,"12ba54ec":157,"be391c1a":157,"37d8a5b7":157,"d5ab81c4":157,"2ecde685":157,"f0bd52d3":157,"dcc20f76":157,"666a8ef0":157,"c5b609f1":157,"4dc5849a":157,"d605c755":157,"8a8c1d67":157
1601327224441,"cc6b3306":157,"8c2dfd9a":157,"f11267b9":157,"a483b15e":157,"f80ab49d":157,"95eaed39":157,"a5ba0ebb":157,"f53362a9":157,"1901ef7e":157,"960c2e6b":157,"3515e999":157,"d11f8f1b":157,"9d9eb027":157,"325f9a29":157,"503aafe5":157,"080d5d42":157,"5d03f5dc":157,"f0a01341":157,"1ee4d9f9":157,"0d6e45e7":157,"0da97151":157,"e829038c":157,"4987cfb5":157,"ba90687c":157,"77f2cf92":157,"037e2be4":157,"9e7dbd20":157,"0c086273":157,"ac13c3b0":157,"b4d9c57f":157,"5d53c964":157,"8ee9cc91":157,"4cc0af91":157,"55f6a2ba":157,"9559ea96":157,"9cb044bf":157,"16b25add":157,"80ee333e":157,"3b329af2":157,"1cd662bf":157,"72992b35":157,"47589344":157,"593b1533":157,"e9f6e5ce":157,"ed6bead5":157,"96f594b9":157,"94dfcfc5":157,"8301986e":157,"830ecfec":157,"a8bae791":157,"312009ee":157,"c98759fd":157,"e8b6d676":157,"45ee5840":157,"76f04033":157,"43480b19":157,"fd955858":157,"69798d15":157,"efea71fa":157,"fb3aa867":157,"c9cf710b":157,"fcacdeb3":157,"0ea055ed":157,"e3b1bdf8":157,"644b45fb":157,"81942d9b":157,"699b90c1":157,"d9b5a7a8":157,"1e7914d2":157,"e5d8fdb2":157,"3412ab75":157,"bcac5daf":157,"62d028cc":157,"0af2cf39":157,"27491297":157,"d041ea86":157,"1eda11b2":157,"fc442678":157,"18c73816":157,"e491161e":157,"b5087677":157,"16f60bed":157,"cb0c3481":157,"7664512c":157,"df9a53b8":157,"f6c27b2b":157,"945f6c24":157,"f1daea7e":157,"b8fb90e3":157,"56227e35":157,"0d6bf22a":157,"b87321d0":157,"43205b5d":157,"8982905a":157,"f6fe1ad7":157,"230064fa":157,"764e0abb":157,"bba6d88e":157,"590ce3d3":157,"1802d7ce":157,"0a49914b":157,"5d3f5cad":157,"cf347cba":157,"fc0c23f7":157,"641f9b9e":157,"c92edec5":157,"ea3479ec":157,"32266fa3":157,"50b090c3":157,"8be24763":157,"eb4800b2":157,"6e0ce9dc":157,"87d9bec4":157,"e30dfa0c":157,"6da34174":157,"bfb849fa":157,"0a10b423":157,"9ef7cee7":157,"49f1a0d1":157,"5f04aa76":157,"ba297382":157,"0287db2a":157,"96abe4a9":157,"753b10b1":157,"cf14bd99":157,"782022f4":157,"322e833f":157,"ab3619e4":157,"106006ad":157,"c8237be9":157,"1416e8f5":157,"dde2eed5":157,"a208caa8":157,"16605353":157,"77b39e15":157,"f1726edb":157,"9f03c1e7":157,"06c24a8d":157,"2f35e75f":157,"3eddf7c8":157,"77970f8b":157,"efd594d5":157,"4718294d":157,"5352cf45":157,"e0ffe8ff":157,"ae14d6b5":157,"721f5f42":157,"0b50bca6":157,"bf2ca266":157,"5d8d9641":157,"0de67c6c":157,"2311399f":157,"5e3ebf5e":157,"9f6ca218":157,"6213799d":157,"44cb1fd2":157,"baf19c25":157,"24a79a6e":157,"edde30af":157,"4d949e11":157,"df12f689":157,"1da10cbf":157,"832c48e4":157,"dc90a44c":157,"1ad7c45b":157,"5566c17c":157,"86a22252":157,"0000dece":157,"ce5efdbe":157,"58ace2b5":157,"d379fd96":157,"7b819458":157,"7f8024cd":157,"ae562513":157,"7b66dacd":157,"9ab137d7":157,"7191d1cd":157,"005354dd":157,"92b72493":157,"d3e58903":157,"4481c4be":157,"7954891b":157,"4afd60a9":157,"d44c0ea3":157,"68f87858":157,"533bac6b":157,"41634dba":157,"43fd1327":157,"113e7f4b":157,"8cce569a":157,"ce6401b6":157,"6f57824c":157,"28bd7aa1":157,"1d52fb0d":157,"cde0d748":157,"535ed444":157,"710f0d0e":157,"0905f1fb":157,"a20e529c":157,"1ae76fcc":157,"35b161d3":157,"344cd1a3":157,"77ea1236":157,"96d2a118":157,"23a0e41f":157,"b32a1080":157,"a2c4b591":157,"6dfa57be":157,"1854ce44":157,"f92b22f1":157,"ece12664":157,"36f4ecde":157,"568a0d58":157,"5fd569d2":157,"10c8fd03":157,"bd4ccb49":157,"e773d697":157,"7e8c11e7":157,"077eb15a":157,"5337c279":157,"8d256cb6":157,"7021c619":157,"32ae00db":157,"bf2defb2":157,"bc733a28":157,"30d32d34":157,"886c16d3":157,"e8d09b62":157,"5b09e53e":157,"da5bb0f7":157,"6d925c84":157,"50b23ab2":157,"edfa56d4":157,"899c16eb":157,"41c76041":157,"6bb1fa99":157,"d73ff72e":157,"61c0ca91":157,"d2fda7be":157,"ce20ca3c":157,"1d2d958b":157,"81fb6a01":157,"7f5b27c8":157,"fb3444d9":157,"f05de640":157,"86a68967":157,"56cd4dca":157,"7f469f4c":157,"f92dedfc":157,"355d1489":157,"f96fc1af":157,"06713bac":157,"61aca924":157,"d97fb857":157,"59ff5ec6":157,"ef04e64e":157,"6e2d04de":157,"2fca1798":157,"05028839":157,"5488826c":157,"84fff5c1":157,"c649992d":157,"d5ad3ed6":157,"8e5f7187":157,"55ba7579":157,"b7769ca6":157
1601327224994,"9c27de51":157,"38a75b48":157,"1792bfa3":157,"426f1904":157,"7c0f1ca9":157,"b2f820ac":157,"25d4f65d":157,"eddb6a2a":157,"ff8a00aa":157,"c146560b":157,"985068e7":157,"d543ba6f":157,"3b3569f6":157,"b01ab62a":157,"76da16fa":157,"bffee581":157,"07150038":157,"080fa362":157,"7b6945ad":157,"a40d08e1":157,"cec79bc2":157,"d2eff358":157,"e70aebb5":157,"a488b2f1":157,"4caa87d6":157,"f7076e21":157,"69e653b6":157,"98d2991b":157,"3b411d6a":157,"83826ef3":157,"595609d5":157,"b47f1b89":157,"8e6caf71":157,"9a3433b8":157,"b89112cb":157,"66736d5e":157,"30de89a7":157,"06aaa33f":157,"320c65bf":157,"1fa1e7c2":157,"646af2b9":157,"659389ad":157,"240c8679":157,"0718c3be":157,"8b503f7b":157,"87a8523c":157,"f1e86522":157,"c416baa6":157,"fa03f48f":157,"ae350a07":157,"5298dafa":157,"680a32a6":157,"25f7f918":157,"83ba647d":157,"c5311ebb":157,"105bb3f6":157,"cb0bd6b7":157,"58de5462":157,"8e426e39":157,"f01c896d":157,"51909df8":157,"e22b0973":157,"1f2670d0":157,"962c9c8f":157,"23646ff9":157,"aec0bf28":157,"3abb827b":157,"0c73c293":157,"a017a323":157,"8801c469":157,"88929b06":157,"b6281f1a":157,"08c4692e":157,"5b2479ef":157,"48c6df81":157,"1d882c36":157,"5e165f43":157,"eb62e8f2":157,"f8785b71":157,"ab4a411a":157,"d7a4b24c":157,"686d5c0b":157,"f15eb1c5":157,"71789493":157,"5ac72353":157,"d1b14d06":157,"f6c074a7":157,"ffd6849d":157,"962fca02":157,"75968179":157,"bc8bdc23":157,"a71f3f70":157,"1f7aa83c":157,"732d62ee":157,"d4b0751c":157,"5b01444b":157,"79995b62":157,"97160db8":157,"589f0d6e":157,"51b4016a":157,"46bf9112":157,"092ad3d6":157,"bf940089":157,"01f34f98":157,"808bc372":157,"1670b0d3":157,"c792a7c1":157,"ec97d63e":157,"5a7da061":157,"94208a41":157,"06a94514":157,"73c420df":157,"2cbcad17":157,"4dccb5ca":157,"0700da70":157,"ff591765":157,"83268abf":157,"578c4c95":157,"93f12198":157,"62e270e5":157,"c606b472":157,"66b1b6d7":157,"b062adc4":157,"4aae5133":157,"63a3af32":157,"3fec4b0b":157,"faa3de3e":157,"44983d13":157,"80999122":157,"72af9198":157,"e39e9552":157,"81c1b70d":157,"e72f0f82":157,"88374b72":157,"fdfaf1ed":157,"ea981bed":157,"5e197575":157,"e587c4d0":157,"525b2635":157,"caa38a45":157,"a9987a58":157,"b6b8e5c7":157,"e82177d3":157,"89914b94":157,"04bdf5e1":157,"da8b42be":157,"3b0576bf":157,"9458934f":157,"1dcc489c":157,"945badf3":157,"1327775b":157,"bdd40125":157,"75fd47f7":157,"1c52a07e":157,"e70ccc25":157,"afd1494f":157,"ca6bffd3":157,"829c44a4":157,"e76e2617":157,"2b4fd52e":157,"57162572":157,"d1d50cfe":157,"272e7d0d":157,"f92596ee":157,"68831ea9":157,"9713d076":157,"fd098272":157,"6ee788a7":157,"8249641d":157,"45b0968f":157,"6a9bb182":157,"1f1afd4f":157,"25fb8826":157,"0dc5da58":157,"2874a625":157,"e61ae828":157,"9666b973":157,"653b27c7":157,"83b37fd6":157,"4d852788":157,"e43a9448":157,"3542b748":157,"379c53ab":157,"e396d80d":157,"7da61f27":157,"dc874a97":157,"85a220de":157,"40a7cdd2":157,"ac033c7b":157,"87759976":157,"4df3f62e":157,"c881a53e":157,"80c1c8b1":157,"cf52acd8":157,"a63cb4ce":157,"d3b3492b":157,"7580cfa4":157,"22a96386":157,"5c672b50":157,"5df16440":157,"b666e56d":157,"8db378ff":157,"784d6375":157,"f7ac3883":157,"ccd01528":157,"dab8cf68":157,"00f2a9cb":157,"916fe082":157,"b64dba8e":157,"c3bb30ce":157,"86219c70":157,"601990d8":157,"5c662c19":157,"d2a5d2fd":157,"89d220c2":157,"3e10c9cb":157,"5500a3e8":157,"3c0e87ac":157,"a891461f":157,"a246cdab":157,"117c7f0b":157,"0d21cf99":157,"14e6fe14":157,"37ec5e73":157,"bfff7913":157,"f8636899":157,"37724339":157,"d45d9727":157,"ee5ff2a3":157,"44322dfd":157,"295e4d1d":157,"8cf6570a":157,"403064a0":157,"312af46e":157,"b5a9f8c3":157,"fcbc0ae8":157,"2ff6b6a8":157,"4541bf85":157,"a6b13f20":157,"2459c882":157,"3df97186":157,"ef0490de":157,"e0f47ced":157,"309bbf54":157,"cc537772":157,"6618390c":157,"99cc0813":157,"dc32c4e1":157,"239c636e":157,"6ee160ff":157,"c55d40ca":157,"22c177a8":157,"00ae883f":157,"f416ee62":157,"0d2b182d":157,"320754c3":157,"232b2f64":157,"3171b6e7":157,"3b25460f":157,"d2064756":157,"f7ffcbb8":157,"5728f934":157,"00b26865":157,"c333337d":157,"815c56bc":157,"5bd61a68":157,"8582c5cf":157,"0c353665":157,"231e8700":157,"1f9fbd85":157,"43f24679":157,"a1c0dfc4":157,"78f71162":157,"4b27a9a4":157,"163f4d19":157,"1d043d5a":157,"b2f82e06":157,"5b0b43e6":157,"b5474d69":157,"5a938eeb":157,"4fe0dedf":157,"951fc6d0":157,"61892a4c":157,"f096219e":157,"a3f0a6ec":157,"01051f84":157,"aa7e370d":157,"f995eeab":157,"4006e709":157,"0dedf63e":157,"a9d5374b":157,"4321f02d":157,"089b3f8f":157,"7698d0dc":157,"784414ce":157,"66a71cc1":157,"bf4b58e4":157,"a8edfe84":157,"2ed19b1e":157,"959e16ea":157,"2df3efdb":157,"d0f1b7bd":157,"e7799883":157,"4f9456cf":157,"6e260ee8":157,"f4f84279":157,"b0950de5":157,"6f873999":157,"1f4e0e22":157,"60d69311":157,"3b09f1de":157,"b371f44a":157,"8b6180ff":157,"8819ac24":157,"dbbf7f69":157,"02f76c64":157,"5c6d1f33":157,"b4801cae":157,"c3c2fd05":157,"f8c97147":157,"c2526ff3":157,"cc386067":157,"a22ffd8f":157,"3cd28a4d":157,"44a12c31":157,"45a961ca":157,"5ca978fd":157,"668e601b":157,"7552d86c":157,"02ebf3b6":157,"bb17a968":157,"4abcb85d":157,"cba26072":157,"2a718dcc":157,"c6a9a8e1":157,"88854fd0":157,"8dc27d2a":157,"41d7f05d":157,"2b851827":157,"9f428a03":157,"4d504d96":157,"0533ece1":157,"bcee2ef3":157,"0afba00c":157,"04ff8100":157,"6c00d8d6":157,"ac9a02bc":157,"acfe69ed":157,"426603ff":157,"2db2f252":157,"2e84193b":157,"c55683c9":157,"51233daf":157,"dfe4a061":157,"c2bf7d51":157,"781afef6":157,"de9229a0":157,"99a5feef":157,"f6266388":157,"e64fd39c":157,"e1b3ce36":157,"625fa164":157,"0c6ae551":157,"e8f4c1dd":157,"cede8b8c":157,"ad95ff4a":157,"893a99c5":157,"d8bf32b5":157,"0eb42efe":157,"03c4ab87":157,"4e3d3af7":157,"3a4803a8":157,"f7a7de5d":157,"d4e56c3e":157,"0c045c2d":157,"8efd4801":157,"7eb8f268":157,"20236d3e":157,"36ae8cd8":157,"3ddd5391":157,"02791635":157,"be081247":157,"5cc47d1b":157,"678b846f":157,"b4bd39d8":157,"b4cdbe5d":157,"fa0386f3":157,"b95d0f17":157,"cee9c347":157,"07f69c6d":157,"2254f0f5":157,"ea282e84":157,"6653c83b":157,"c896052c":157,"287ecd1c":157,"f9376d3e":157,"07a94e8c":157,"bb017b49":157,"37b52fe4":157,"61ad1519":157,"819c4185":157,"ba69b06b":157,"7d2a2cb4":157,"4f62491c":157,"70b4c438":157,"71ed93db":157,"c92efaa8":157,"c241ac7e":157,"62a45672":157,"210e507a":157,"ac6e268b":157,"742238e8":157
1601327225998,"7800e7ce":158,"77869ff0":158,"4b8f7b16":158,"89f75690":158,"cb363e2f":158,"cd802f02":158,"d3cca7eb":158,"e866a899":158,"5690e712":158,"0b92d2a9":158,"070bed95":158,"67e5d108":158,"3d37b94b":158,"842c97c2":158,"c4cef92b":158,"d5d94481":158,"ffe48500":158,"c7a45a33":158,"faffe099":158,"e99490cd":158,"3b830769":158,"583f0305":158,"1557c50a":158,"249e80ab":158,"f52a3d94":158,"eb74d3dd":158,"3bcbc28d":158,"3c0455e7":158,"df203c79":158,"df1e1ac0":158,"491708eb":158,"e421caaa":158,"0eecdc5b":158,"b7e495ea":158,"45ec63c0":158,"0ddfde2c":158,"a8b41774":158,"81f0da2d":158,"1fcc8ba4":158,"75a9c117":158,"12ba54ec":158,"be391c1a":158,"37d8a5b7":158,"d5ab81c4":158,"2ecde685":158,"f0bd52d3":158,"dcc20f76":158,"666a8ef0":158,"c5b609f1":158,"4dc5849a":158,"d605c755":158,"8a8c1d67":158,"cc6b3306":158,"8c2dfd9a":158,"f11267b9":158,"a483b15e":158,"f80ab49d":158,"95eaed39":158,"a5ba0ebb":158,"f53362a9":158,"1901ef7e":158,"960c2e6b":158,"3515e999":158,"d11f8f1b":158,"9d9eb027":158,"325f9a29":158,"503aafe5":158,"2d2ecf27":158,"d38a4953":158,"eba5efdd":158,"a5463f93":158,"c85ac4f8":158,"bc253f4f":158,"0d9d2bf8":158,"846b7f11":158,"d3411467":158,"1df0ce7f":158,"a08171d0":158,"c8bc5677":158,"dfca0518":158,"b9a21017":158,"e47705d3":158,"3cae4115":158,"0ccf4731":158,"c7c6782d":158,"54346574":158,"b12cbf87":158,"81942d9b":158,"699b90c1":158,"d9b5a7a8":158,"1e7914d2":158,"e5d8fdb2":158,"3412ab75":158,"bcac5daf":158,"62d028cc":158,"0af2cf39":158,"27491297":158,"d041ea86":158,"1eda11b2":158,"fc442678":158
1601327226830,"080d5d42":158,"5d03f5dc":158,"f0a01341":158,"1ee4d9f9":158,"0d6e45e7":158,"0da97151":158,"e829038c":158,"4987cfb5":158,"ba90687c":158,"77f2cf92":158,"037e2be4":158,"9e7dbd20":158,"0c086273":158,"ac13c3b0":158,"b4d9c57f":158,"5d53c964":158,"8ee9cc91":158,"4cc0af91":158,"55f6a2ba":158,"9559ea96":158,"9cb044bf":158,"16b25add":158,"80ee333e":158,"3b329af2":158,"1cd662bf":158,"72992b35":158,"47589344":158,"593b1533":158,"e9f6e5ce":158,"ed6bead5":158,"96f594b9":158,"94dfcfc5":158,"8301986e":158,"830ecfec":158,"a8bae791":158,"312009ee":158,"c98759fd":158,"e8b6d676":158,"45ee5840":158,"76f04033":158,"43480b19":158,"fd955858":158,"69798d15":158,"efea71fa":158,"fb3aa867":158,"c9cf710b":158,"fcacdeb3":158,"0ea055ed":158,"e3b1bdf8":158,"644b45fb":158,"18c73816":158,"590ce3d3":158,"1802d7ce":158,"0a49914b":158,"5d3f5cad":158,"cf347cba":158,"fc0c23f7":158,"641f9b9e":158,"c92edec5":158,"9f03c1e7":158,"06c24a8d":158,"2f35e75f":158,"3eddf7c8":158,"77970f8b":158,"efd594d5":158,"4718294d":158,"5352cf45":158,"e0ffe8ff":158,"ae14d6b5":158,"721f5f42":158,"0b50bca6":158,"bf2ca266":158,"5d8d9641":158,"e491161e":158,"b5087677":158,"16f60bed":158,"cb0c3481":158,"7664512c":158,"df9a53b8":158,"f6c27b2b":158,"945f6c24":158,"f1daea7e":158,"b8fb90e3":158,"56227e35":158,"0d6bf22a":158,"b87321d0":158,"43205b5d":158,"8982905a":158,"f6fe1ad7":158,"230064fa":158,"764e0abb":158,"bba6d88e":158,"ea3479ec":158,"32266fa3":158,"50b090c3":158,"8be24763":158,"eb4800b2":158,"6e0ce9dc":158,"87d9bec4":158,"e30dfa0c":158,"6da34174":158,"bfb849fa":158,"0a10b423":158,"9ef7cee7":158,"49f1a0d1":158,"5f04aa76":158,"ba297382":158,"0287db2a":158,"96abe4a9":158,"0de67c6c":158,"2311399f":158,"5e3ebf5e":158,"9f6ca218":158,"6213799d":158,"44cb1fd2":158,"baf19c25":158,"24a79a6e":158,"edde30af":158,"4d949e11":158,"df12f689":158,"1da10cbf":158,"832c48e4":158,"dc90a44c":158,"1ad7c45b":158,"5566c17c":158,"86a22252":158,"0000dece":158,"ce5efdbe":158,"58ace2b5":158,"d379fd96":158,"7b819458":158,"7f8024cd":158,"ae562513":158,"7b66dacd":158,"9ab137d7":158,"7191d1cd":158,"005354dd":158,"753b10b1":158,"cf14bd99":158,"782022f4":158,"322e833f":158,"ab3619e4":158,"106006ad":158,"c8237be9":158,"1416e8f5":158,"dde2eed5":158,"a208caa8":158,"16605353":158,"77b39e15":158,"f1726edb":158,"92b72493":158,"d3e58903":158,"4481c4be":158,"7954891b":158,"4afd60a9":158,"d44c0ea3":158,"68f87858":158,"533bac6b":158,"41634dba":158,"43fd1327":158,"113e7f4b":158,"8cce569a":158,"ce6401b6":158,"6f57824c":158,"28bd7aa1":158,"1d52fb0d":158,"cde0d748":158,"535ed444":158,"710f0d0e":158,"0905f1fb":158,"a20e529c":158,"1ae76fcc":158,"35b161d3":158,"344cd1a3":158,"77ea1236":158,"96d2a118":158,"23a0e41f":158,"b32a1080":158,"a2c4b591":158,"6dfa57be":158,"1854ce44":158,"f92b22f1":158,"ece12664":158,"36f4ecde":158,"568a0d58":158,"5fd569d2":158,"10c8fd03":158,"bd4ccb49":158,"e773d697":158,"7e8c11e7":158,"077eb15a":158,"5337c279":158,"8d256cb6":158,"7021c619":158,"32ae00db":158,"bf2defb2":158,"bc733a28":158,"30d32d34":158,"886c16d3":158,"e8d09b62":158,"5b09e53e":158,"da5bb0f7":158,"6d925c84":158,"50b23ab2":158,"edfa56d4":158,"899c16eb":158,"41c76041":158,"6bb1fa99":158,"d73ff72e":158,"61c0ca91":158,"d2fda7be":158,"ce20ca3c":158,"1d2d958b":158,"81fb6a01":158,"7f5b27c8":158,"fb3444d9":158,"f05de640":158,"86a68967":158,"56cd4dca":158,"7f469f4c":158,"f92dedfc":158,"355d1489":158,"f96fc1af":158,"06713bac":158,"61aca924":158,"d97fb857":158,"59ff5ec6":158,"ef04e64e":158,"6e2d04de":158,"2fca1798":158,"05028839":158,"5488826c":158,"84fff5c1":158,"c649992d":158,"d5ad3ed6":158,"8e5f7187":158,"55ba7579":158,"b7769ca6":158,"9c27de51":158,"38a75b48":158,"1792bfa3":158,"426f1904":158,"7c0f1ca9":158,"b2f820ac":158,"25d4f65d":158,"eddb6a2a":158,"ff8a00aa":158,"c146560b":158,"985068e7":158,"d543ba6f":158
1601327227155,"3b3569f6":158,"b01ab62a":158,"76da16fa":158,"bffee581":158,"07150038":158,"080fa362":158,"7b6945ad":158,"a40d08e1":158,"cec79bc2":158,"d2eff358":158,"e70aebb5":158,"a488b2f1":158,"4caa87d6":158,"f7076e21":158,"69e653b6":158,"98d2991b":158,"3b411d6a":158,"83826ef3":158,"595609d5":158,"b47f1b89":158,"8e6caf71":158,"9a3433b8":158,"b89112cb":158,"66736d5e":158,"30de89a7":158,"06aaa33f":158,"320c65bf":158,"1fa1e7c2":158,"646af2b9":158,"659389ad":158,"f1e86522":158,"240c8679":158,"fa03f48f":158,"0718c3be":158,"5298dafa":158,"8b503f7b":158,"25f7f918":158,"87a8523c":158,"c5311ebb":158,"c416baa6":158,"105bb3f6":158,"ae350a07":158,"58de5462":158,"680a32a6":158,"f01c896d":158,"83ba647d":158,"1f2670d0":158,"cb0bd6b7":158,"962c9c8f":158,"8e426e39":158,"aec0bf28":158,"51909df8":158,"a017a323":158,"e22b0973":158,"8801c469":158,"23646ff9":158,"b6281f1a":158,"272e7d0d":158,"f92596ee":158,"68831ea9":158,"9713d076":158,"fd098272":158,"6ee788a7":158,"8249641d":158,"45b0968f":158,"6a9bb182":158,"1f1afd4f":158,"25fb8826":158,"0dc5da58":158,"2874a625":158,"e61ae828":158,"f7ac3883":158,"ccd01528":158,"dab8cf68":158,"00f2a9cb":158,"916fe082":158,"b64dba8e":158,"c3bb30ce":158,"86219c70":158,"601990d8":158,"5c662c19":158,"d2a5d2fd":158,"89d220c2":158,"3e10c9cb":158,"3abb827b":158,"48c6df81":158,"5e165f43":158,"0c73c293":158,"f8785b71":158,"88929b06":158,"08c4692e":158,"ab4a411a":158,"d7a4b24c":158,"5b2479ef":158,"1d882c36":158,"686d5c0b":158,"eb62e8f2":158,"f15eb1c5":158,"71789493":158,"5ac72353":158,"d1b14d06":158,"f6c074a7":158,"ffd6849d":158,"962fca02":158,"75968179":158,"bc8bdc23":158,"a71f3f70":158,"1f7aa83c":158,"732d62ee":158,"d4b0751c":158,"5b01444b":158,"79995b62":158,"97160db8":158,"589f0d6e":158,"51b4016a":158,"46bf9112":158,"092ad3d6":158,"bf940089":158,"01f34f98":158,"1670b0d3":158,"ec97d63e":158,"94208a41":158,"2cbcad17":158,"808bc372":158,"4dccb5ca":158,"c792a7c1":158,"83268abf":158,"5a7da061":158,"578c4c95":158,"06a94514":158,"c606b472":158,"73c420df":158,"0700da70":158,"ff591765":158,"5500a3e8":158,"3c0e87ac":158,"a891461f":158,"a246cdab":158,"117c7f0b":158,"0d21cf99":158,"93f12198":158,"62e270e5":158,"66b1b6d7":158,"b062adc4":158,"4aae5133":158,"63a3af32":158,"3fec4b0b":158,"faa3de3e":158,"44983d13":158,"80999122":158,"72af9198":158,"e39e9552":158,"81c1b70d":158,"e72f0f82":158,"88374b72":158,"fdfaf1ed":158,"ea981bed":158,"5e197575":158,"e587c4d0":158,"525b2635":158,"caa38a45":158,"a9987a58":158,"b6b8e5c7":158,"e82177d3":158,"89914b94":158,"04bdf5e1":158,"da8b42be":158,"3b0576bf":158,"9458934f":158,"1dcc489c":158,"945badf3":158,"1327775b":158,"bdd40125":158,"75fd47f7":158,"1c52a07e":158,"14e6fe14":158,"37ec5e73":158,"bfff7913":158,"f8636899":158,"37724339":158,"d45d9727":158,"ee5ff2a3":158,"44322dfd":158,"295e4d1d":158,"9666b973":158,"653b27c7":158,"83b37fd6":158,"4d852788":158,"e43a9448":158,"3542b748":158,"8cf6570a":158,"403064a0":158,"312af46e":158,"b5a9f8c3":158,"fcbc0ae8":158,"2ff6b6a8":158,"66a71cc1":158,"bf4b58e4":158,"e70ccc25":158,"afd1494f":158,"ca6bffd3":158,"829c44a4":158,"e76e2617":158,"2b4fd52e":158,"57162572":158,"d1d50cfe":158,"379c53ab":158,"e396d80d":158,"7da61f27":158,"dc874a97":158,"85a220de":158,"40a7cdd2":158,"ac033c7b":158,"87759976":158,"4df3f62e":158,"c881a53e":158,"80c1c8b1":158,"cf52acd8":158,"a63cb4ce":158,"d3b3492b":158,"7580cfa4":158,"22a96386":158,"5c672b50":158,"5df16440":158,"b666e56d":158,"8db378ff":158,"784d6375":158,"4541bf85":158,"a6b13f20":158,"2459c882":158,"3df97186":158,"ef0490de":158,"e0f47ced":158,"309bbf54":158,"cc537772":158,"6618390c":158,"99cc0813":158,"dc32c4e1":158,"239c636e":158,"6ee160ff":158,"c55d40ca":158,"22c177a8":158,"00ae883f":158,"f416ee62":158,"0d2b182d":158,"320754c3":158,"232b2f64":158,"3171b6e7":158,"3b25460f":158,"d2064756":158,"f7ffcbb8":158,"5728f934":158,"00b26865":158,"c333337d":158,"815c56bc":158,"5bd61a68":158,"8582c5cf":158,"0c353665":158,"231e8700":158,"1f9fbd85":158,"43f24679":158,"a1c0dfc4":158,"78f71162":158,"4b27a9a4":158,"163f4d19":158,"1d043d5a":158,"b2f82e06":158,"5b0b43e6":158,"b5474d69":158,"5a938eeb":158,"4fe0dedf":158,"951fc6d0":158,"61892a4c":158,"f096219e":158,"a3f0a6ec":158,"01051f84":158,"aa7e370d":158,"f995eeab":158,"4006e709":158,"0dedf63e":158,"a9d5374b":158,"4321f02d":158,"089b3f8f":158,"7698d0dc":158,"784414ce":158,"2df3efdb":158,"d0f1b7bd":158,"e7799883":158,"4f9456cf":158,"6e260ee8":158,"f4f84279":158,"b0950de5":158,"6f873999":158,"1f4e0e22":158,"60d69311":158,"3b09f1de":158,"b371f44a":158,"8b6180ff":158,"8819ac24":158,"dbbf7f69":158,"dfe4a061":158,"c2bf7d51":158,"781afef6":158,"de9229a0":158,"99a5feef":158,"f6266388":158,"e64fd39c":158,"e1b3ce36":158,"625fa164":158,"0c6ae551":158,"e8f4c1dd":158,"cede8b8c":158,"ad95ff4a":158,"893a99c5":158,"a8edfe84":158,"2ed19b1e":158,"959e16ea":158,"02f76c64":158,"5c6d1f33":158,"b4801cae":158,"c3c2fd05":158,"f8c97147":158,"c2526ff3":158,"cc386067":158,"a22ffd8f":158,"3cd28a4d":158,"44a12c31":158,"45a961ca":158,"5ca978fd":158,"668e601b":158,"7552d86c":158,"02ebf3b6":158,"bb17a968":158,"4abcb85d":158,"cba26072":158,"2a718dcc":158,"c6a9a8e1":158,"88854fd0":158,"8dc27d2a":158,"41d7f05d":158,"d8bf32b5":158,"0eb42efe":158,"03c4ab87":158,"4e3d3af7":158,"3a4803a8":158,"f7a7de5d":158,"d4e56c3e":158,"0c045c2d":158,"8efd4801":158,"7eb8f268":158,"20236d3e":158,"36ae8cd8":158,"3ddd5391":158,"07f69c6d":158,"2254f0f5":158,"ea282e84":158,"6653c83b":158,"c896052c":158,"287ecd1c":158,"f9376d3e":158,"07a94e8c":158,"bb017b49":158,"37b52fe4":158,"61ad1519":158,"819c4185":158,"ba69b06b":158,"7d2a2cb4":158,"4f62491c":158,"70b4c438":158,"71ed93db":158,"c92efaa8":158,"c241ac7e":158,"62a45672":158,"2b851827":158,"9f428a03":158,"4d504d96":158,"0533ece1":158,"bcee2ef3":158,"0afba00c":158,"04ff8100":158,"6c00d8d6":158,"ac9a02bc":158,"acfe69ed":158,"426603ff":158,"2db2f252":158,"2e84193b":158,"c55683c9":158,"51233daf":158,"02791635":158,"be081247":158,"5cc47d1b":158,"678b846f":158,"b4bd39d8":158,"b4cdbe5d":158,"fa0386f3":158,"b95d0f17":158,"cee9c347":158,"210e507a":158,"ac6e268b":158,"742238e8":158
1601327227861,"7800e7ce":159,"77869ff0":159,"4b8f7b16":159,"89f75690":159,"cb363e2f":159,"cd802f02":159,"d3cca7eb":159,"e866a899":159,"5690e712":159,"0b92d2a9":159,"070bed95":159,"67e5d108":159,"3d37b94b":159
1601327228486,"d5d94481":159,"ffe48500":159,"c7a45a33":159,"faffe099":159,"e99490cd":159,"3b830769":159,"583f0305":159,"1557c50a":159,"249e80ab":159,"f52a3d94":159,"eb74d3dd":159,"3bcbc28d":159,"3c0455e7":159,"df203c79":159,"df1e1ac0":159,"491708eb":159,"e421caaa":159,"2d2ecf27":159,"d38a4953":159,"eba5efdd":159,"a5463f93":159,"c85ac4f8":159,"bc253f4f":159,"0d9d2bf8":159,"846b7f11":159,"d3411467":159,"1df0ce7f":159,"a08171d0":159,"c8bc5677":159,"dfca0518":159,"b9a21017":159,"e47705d3":159,"3cae4115":159,"0ccf4731":159,"c7c6782d":159,"54346574":159,"b12cbf87":159,"81942d9b":159,"699b90c1":159,"d9b5a7a8":159,"1e7914d2":159,"e5d8fdb2":159,"3412ab75":159,"bcac5daf":159,"62d028cc":159,"0af2cf39":159,"27491297":159,"d041ea86":159,"842c97c2":159,"c4cef92b":159,"0eecdc5b":159,"b7e495ea":159,"45ec63c0":159,"0ddfde2c":159,"a8b41774":159,"81f0da2d":159,"1fcc8ba4":159,"75a9c117":159,"12ba54ec":159,"be391c1a":159,"37d8a5b7":159,"d5ab81c4":159,"2ecde685":159,"f0bd52d3":159,"dcc20f76":159,"666a8ef0":159,"c5b609f1":159,"4dc5849a":159,"d605c755":159,"8a8c1d67":159,"cc6b3306":159,"1eda11b2":159,"fc442678":159,"8c2dfd9a":159,"f11267b9":159,"a483b15e":159,"f80ab49d":159,"95eaed39":159,"a5ba0ebb":159,"f53362a9":159,"1901ef7e":159,"960c2e6b":159,"3515e999":159,"d11f8f1b":159,"9d9eb027":159,"325f9a29":159,"503aafe5":159,"080d5d42":159,"5d03f5dc":159,"f0a01341":159,"1ee4d9f9":159,"0d6e45e7":159,"0da97151":159,"e829038c":159,"4987cfb5":159,"ba90687c":159,"77f2cf92":159,"037e2be4":159,"9e7dbd20":159,"0c086273":159,"ac13c3b0":159,"b4d9c57f":159,"5d53c964":159,"8ee9cc91":159,"4cc0af91":159,"55f6a2ba":159,"9559ea96":159,"9cb044bf":159,"16b25add":159,"80ee333e":159,"3b329af2":159,"1cd662bf":159,"72992b35":159,"47589344":159,"593b1533":159,"e9f6e5ce":159,"ed6bead5":159,"96f594b9":159,"94dfcfc5":159,"8301986e":159,"830ecfec":159,"a8bae791":159,"312009ee":159,"c98759fd":159,"e8b6d676":159,"45ee5840":159,"76f04033":159,"43480b19":159,"fd955858":159,"69798d15":159,"efea71fa":159,"fb3aa867":159,"c9cf710b":159,"fcacdeb3":159,"0ea055ed":159,"e3b1bdf8":159,"644b45fb":159,"18c73816":159,"e491161e":159,"b5087677":159,"16f60bed":159,"cb0c3481":159,"7664512c":159,"df9a53b8":159,"f6c27b2b":159,"945f6c24":159,"f1daea7e":159,"b8fb90e3":159,"56227e35":159,"0d6bf22a":159,"b87321d0":159,"43205b5d":159,"8982905a":159,"f6fe1ad7":159,"230064fa":159,"764e0abb":159,"bba6d88e":159,"ea3479ec":159,"32266fa3":159,"50b090c3":159,"8be24763":159,"eb4800b2":159,"6e0ce9dc":159,"87d9bec4":159,"e30dfa0c":159,"6da34174":159,"bfb849fa":159,"0a10b423":159,"9ef7cee7":159,"49f1a0d1":159,"5f04aa76":159,"ba297382":159,"0287db2a":159,"96abe4a9":159,"753b10b1":159,"cf14bd99":159,"782022f4":159,"322e833f":159,"ab3619e4":159,"106006ad":159,"c8237be9":159,"1416e8f5":159,"dde2eed5":159,"a208caa8":159,"16605353":159,"77b39e15":159,"f1726edb":159,"590ce3d3":159,"1802d7ce":159,"0a49914b":159,"5d3f5cad":159,"cf347cba":159,"fc0c23f7":159,"641f9b9e":159,"c92edec5":159,"9f03c1e7":159,"06c24a8d":159,"2f35e75f":159,"3eddf7c8":159,"77970f8b":159,"efd594d5":159,"4718294d":159,"5352cf45":159,"e0ffe8ff":159,"ae14d6b5":159,"721f5f42":159,"0b50bca6":159,"bf2ca266":159,"5d8d9641":159,"0de67c6c":159,"2311399f":159,"5e3ebf5e":159,"9f6ca218":159,"6213799d":159,"44cb1fd2":159,"baf19c25":159,"92b72493":159,"d3e58903":159,"4481c4be":159,"7954891b":159,"4afd60a9":159,"d44c0ea3":159,"68f87858":159,"533bac6b":159,"41634dba":159,"43fd1327":159,"113e7f4b":159,"8cce569a":159,"ce6401b6":159,"6f57824c":159,"28bd7aa1":159,"1d52fb0d":159,"cde0d748":159,"535ed444":159,"710f0d0e":159,"0905f1fb":159,"a20e529c":159,"1ae76fcc":159,"35b161d3":159,"344cd1a3":159,"77ea1236":159,"96d2a118":159,"23a0e41f":159,"b32a1080":159,"a2c4b591":159,"6dfa57be":159,"1854ce44":159,"f92b22f1":159,"ece12664":159,"36f4ecde":159,"568a0d58":159,"5fd569d2":159,"10c8fd03":159,"bd4ccb49":159,"5b09e53e":159,"da5bb0f7":159,"6d925c84":159,"50b23ab2":159,"edfa56d4":159,"899c16eb":159,"41c76041":159,"6bb1fa99":159,"d73ff72e":159,"61c0ca91":159,"d2fda7be":159,"ce20ca3c":159,"1d2d958b":159,"81fb6a01":159,"7f5b27c8":159,"fb3444d9":159,"f05de640":159,"86a68967":159,"56cd4dca":159,"7f469f4c":159,"f92dedfc":159,"355d1489":159,"24a79a6e":159,"edde30af":159,"4d949e11":159,"df12f689":159,"1da10cbf":159,"832c48e4":159,"dc90a44c":159,"1ad7c45b":159,"5566c17c":159,"86a22252":159,"0000dece":159,"ce5efdbe":159,"58ace2b5":159,"d379fd96":159,"7b819458":159,"7f8024cd":159,"ae562513":159,"7b66dacd":159,"9ab137d7":159,"7191d1cd":159,"005354dd":159,"f96fc1af":159,"06713bac":159,"61aca924":159,"d97fb857":159,"59ff5ec6":159,"ef04e64e":159,"6e2d04de":159,"2fca1798":159,"05028839":159,"5488826c":159,"84fff5c1":159,"e773d697":159,"7e8c11e7":159,"077eb15a":159,"5337c279":159,"8d256cb6":159,"7021c619":159,"32ae00db":159,"bf2defb2":159,"bc733a28":159,"30d32d34":159,"886c16d3":159,"e8d09b62":159,"c649992d":159,"d5ad3ed6":159,"8e5f7187":159,"55ba7579":159,"b7769ca6":159,"9c27de51":159,"38a75b48":159,"1792bfa3":159,"426f1904":159,"7c0f1ca9":159,"b2f820ac":159,"25d4f65d":159,"eddb6a2a":159,"ff8a00aa":159,"c146560b":159,"985068e7":159,"d543ba6f":159,"3b3569f6":159,"b01ab62a":159,"76da16fa":159,"bffee581":159,"07150038":159,"080fa362":159,"7b6945ad":159,"a40d08e1":159,"cec79bc2":159,"d2eff358":159,"e70aebb5":159,"a488b2f1":159,"4caa87d6":159,"f7076e21":159,"69e653b6":159,"98d2991b":159,"3b411d6a":159,"83826ef3":159,"595609d5":159,"b47f1b89":159
1601327229175,"8e6caf71":159,"9a3433b8":159,"b89112cb":159,"66736d5e":159,"30de89a7":159,"06aaa33f":159,"272e7d0d":159,"f92596ee":159,"68831ea9":159,"9713d076":159,"fd098272":159,"6ee788a7":159,"8249641d":159,"45b0968f":159,"6a9bb182":159,"1f1afd4f":159,"25fb8826":159,"0dc5da58":159,"2874a625":159,"e61ae828":159,"f7ac3883":159,"ccd01528":159,"dab8cf68":159,"00f2a9cb":159,"916fe082":159,"b64dba8e":159,"320c65bf":159,"1fa1e7c2":159,"646af2b9":159,"f1e86522":159,"659389ad":159,"fa03f48f":159,"240c8679":159,"5298dafa":159,"0718c3be":159,"25f7f918":159,"8b503f7b":159,"87a8523c":159,"c5311ebb":159,"105bb3f6":159,"c416baa6":159,"58de5462":159,"ae350a07":159,"680a32a6":159,"f01c896d":159,"1f2670d0":159,"83ba647d":159,"962c9c8f":159,"cb0bd6b7":159,"aec0bf28":159,"8e426e39":159,"51909df8":159,"a017a323":159,"e22b0973":159,"8801c469":159,"23646ff9":159,"b6281f1a":159,"48c6df81":159,"3abb827b":159,"5e165f43":159,"0c73c293":159,"f8785b71":159,"88929b06":159,"08c4692e":159,"ab4a411a":159,"5b2479ef":159,"d7a4b24c":159,"686d5c0b":159,"1d882c36":159,"eb62e8f2":159,"f15eb1c5":159,"71789493":159,"5ac72353":159,"d1b14d06":159,"f6c074a7":159,"ffd6849d":159,"962fca02":159,"75968179":159,"bc8bdc23":159,"a71f3f70":159,"1f7aa83c":159,"732d62ee":159,"d4b0751c":159,"c3bb30ce":159,"86219c70":159,"601990d8":159,"5c662c19":159,"d2a5d2fd":159,"89d220c2":159,"3e10c9cb":159,"5500a3e8":159,"3c0e87ac":159,"a891461f":159,"a246cdab":159,"117c7f0b":159,"0d21cf99":159,"14e6fe14":159,"37ec5e73":159,"bfff7913":159,"f8636899":159,"37724339":159,"d45d9727":159,"ee5ff2a3":159,"44322dfd":159,"295e4d1d":159,"8cf6570a":159,"403064a0":159,"312af46e":159,"b5a9f8c3":159,"fcbc0ae8":159,"2ff6b6a8":159,"66a71cc1":159,"bf4b58e4":159,"9666b973":159,"653b27c7":159,"83b37fd6":159,"4d852788":159,"e43a9448":159,"3542b748":159,"379c53ab":159,"e396d80d":159,"7da61f27":159,"dc874a97":159,"85a220de":159,"40a7cdd2":159,"ac033c7b":159,"87759976":159,"4df3f62e":159,"c881a53e":159,"80c1c8b1":159,"cf52acd8":159,"a63cb4ce":159,"d3b3492b":159,"7580cfa4":159,"22a96386":159,"5c672b50":159,"5df16440":159,"b666e56d":159,"8db378ff":159,"784d6375":159,"4541bf85":159,"a6b13f20":159,"caa38a45":159,"a9987a58":159,"b6b8e5c7":159,"e82177d3":159,"89914b94":159,"04bdf5e1":159,"da8b42be":159,"3b0576bf":159,"9458934f":159,"1dcc489c":159,"945badf3":159,"1327775b":159,"bdd40125":159,"75fd47f7":159,"1c52a07e":159,"e70ccc25":159,"afd1494f":159,"ca6bffd3":159,"829c44a4":159,"e76e2617":159,"2b4fd52e":159,"57162572":159,"d1d50cfe":159,"5b01444b":159,"79995b62":159,"97160db8":159,"589f0d6e":159,"51b4016a":159,"46bf9112":159,"092ad3d6":159,"bf940089":159,"808bc372":159,"01f34f98":159,"c792a7c1":159,"1670b0d3":159,"5a7da061":159,"ec97d63e":159,"06a94514":159,"94208a41":159,"73c420df":159,"2cbcad17":159,"0700da70":159,"4dccb5ca":159,"ff591765":159,"83268abf":159,"93f12198":159,"578c4c95":159,"62e270e5":159,"c606b472":159,"66b1b6d7":159,"b062adc4":159,"4aae5133":159,"63a3af32":159,"3fec4b0b":159,"faa3de3e":159,"44983d13":159,"80999122":159,"72af9198":159,"e39e9552":159,"81c1b70d":159,"e72f0f82":159,"88374b72":159,"fdfaf1ed":159,"ea981bed":159,"5e197575":159,"e587c4d0":159,"525b2635":159,"f7ffcbb8":159,"5728f934":159,"00b26865":159,"c333337d":159,"815c56bc":159,"5bd61a68":159,"8582c5cf":159,"2459c882":159,"3df97186":159,"ef0490de":159,"e0f47ced":159,"309bbf54":159,"cc537772":159,"6618390c":159,"99cc0813":159,"dc32c4e1":159,"239c636e":159,"6ee160ff":159,"c55d40ca":159,"22c177a8":159,"00ae883f":159,"f416ee62":159,"0d2b182d":159,"320754c3":159,"232b2f64":159,"3171b6e7":159,"3b25460f":159,"d2064756":159,"0c353665":159,"231e8700":159,"1f9fbd85":159,"43f24679":159,"a1c0dfc4":159,"78f71162":159,"4b27a9a4":159,"163f4d19":159,"1d043d5a":159,"b2f82e06":159,"5b0b43e6":159,"b5474d69":159,"5a938eeb":159,"4fe0dedf":159,"951fc6d0":159,"61892a4c":159,"f096219e":159,"a3f0a6ec":159,"01051f84":159,"aa7e370d":159,"f995eeab":159,"4006e709":159,"0dedf63e":159,"a9d5374b":159,"4321f02d":159,"089b3f8f":159,"7698d0dc":159,"784414ce":159,"2df3efdb":159,"d0f1b7bd":159,"e7799883":159,"4f9456cf":159,"6e260ee8":159,"f4f84279":159,"b0950de5":159,"6f873999":159,"1f4e0e22":159,"60d69311":159,"3b09f1de":159,"b371f44a":159,"8b6180ff":159,"8819ac24":159,"dbbf7f69":159,"a8edfe84":159,"2ed19b1e":159,"959e16ea":159,"02f76c64":159,"5c6d1f33":159,"b4801cae":159,"c3c2fd05":159,"dfe4a061":159,"c2bf7d51":159,"781afef6":159,"de9229a0":159,"99a5feef":159,"f6266388":159,"e64fd39c":159,"e1b3ce36":159,"625fa164":159,"0c6ae551":159,"e8f4c1dd":159,"cede8b8c":159,"ad95ff4a":159,"893a99c5":159,"d8bf32b5":159,"0eb42efe":159,"03c4ab87":159,"4e3d3af7":159,"3a4803a8":159,"f7a7de5d":159,"d4e56c3e":159,"0c045c2d":159,"8efd4801":159,"7eb8f268":159,"20236d3e":159,"36ae8cd8":159,"3ddd5391":159,"07f69c6d":159,"2254f0f5":159,"ea282e84":159,"6653c83b":159,"c896052c":159,"f8c97147":159,"c2526ff3":159,"cc386067":159,"a22ffd8f":159,"3cd28a4d":159,"44a12c31":159,"45a961ca":159,"5ca978fd":159,"668e601b":159,"7552d86c":159,"02ebf3b6":159,"bb17a968":159,"4abcb85d":159,"cba26072":159,"2a718dcc":159,"c6a9a8e1":159,"88854fd0":159,"8dc27d2a":159,"41d7f05d":159,"2b851827":159,"9f428a03":159,"4d504d96":159,"0533ece1":159,"bcee2ef3":159,"0afba00c":159,"04ff8100":159,"6c00d8d6":159,"ac9a02bc":159,"acfe69ed":159,"426603ff":159,"2db2f252":159,"2e84193b":159,"c55683c9":159,"51233daf":159,"287ecd1c":159,"f9376d3e":159,"07a94e8c":159,"bb017b49":159,"37b52fe4":159,"61ad1519":159,"819c4185":159,"ba69b06b":159,"7d2a2cb4":159,"4f62491c":159,"70b4c438":159,"71ed93db":159,"c92efaa8":159,"c241ac7e":159,"62a45672":159,"210e507a":159,"ac6e268b":159,"742238e8":159,"02791635":159,"be081247":159,"5cc47d1b":159,"678b846f":159,"b4bd39d8":159,"b4cdbe5d":159,"fa0386f3":159,"b95d0f17":159,"cee9c347":159
1601327230013,"7800e7ce":160,"77869ff0":160,"4b8f7b16":160,"89f75690":160,"cb363e2f":160,"cd802f02":160,"d3cca7eb":160,"e866a899":160,"5690e712":160,"0b92d2a9":160,"070bed95":160,"67e5d108":160,"3d37b94b":160,"842c97c2":160,"c4cef92b":160,"0eecdc5b":160,"b7e495ea":160,"45ec63c0":160,"0ddfde2c":160,"a8b41774":160,"81f0da2d":160,"1fcc8ba4":160,"75a9c117":160,"12ba54ec":160,"d5d94481":160,"ffe48500":160,"c7a45a33":160,"faffe099":160,"e99490cd":160,"3b830769":160,"583f0305":160,"1557c50a":160,"249e80ab":160,"f52a3d94":160,"eb74d3dd":160,"3bcbc28d":160,"3c0455e7":160,"df203c79":160,"df1e1ac0":160,"491708eb":160,"e421caaa":160,"2d2ecf27":160,"d38a4953":160,"eba5efdd":160,"a5463f93":160,"c85ac4f8":160,"bc253f4f":160,"0d9d2bf8":160,"846b7f11":160,"be391c1a":160,"37d8a5b7":160,"d5ab81c4":160,"2ecde685":160,"f0bd52d3":160,"dcc20f76":160,"666a8ef0":160,"c5b609f1":160,"4dc5849a":160,"d605c755":160,"8a8c1d67":160,"cc6b3306":160,"8c2dfd9a":160,"f11267b9":160,"a483b15e":160,"f80ab49d":160,"95eaed39":160,"a5ba0ebb":160,"f53362a9":160,"1901ef7e":160,"960c2e6b":160,"3515e999":160,"d11f8f1b":160,"9d9eb027":160,"325f9a29":160,"503aafe5":160,"d3411467":160,"1df0ce7f":160,"a08171d0":160,"c8bc5677":160,"dfca0518":160,"b9a21017":160,"e47705d3":160,"3cae4115":160,"0ccf4731":160,"c7c6782d":160,"54346574":160,"b12cbf87":160,"81942d9b":160,"699b90c1":160,"d9b5a7a8":160,"1e7914d2":160,"e5d8fdb2":160,"3412ab75":160,"bcac5daf":160,"62d028cc":160,"0af2cf39":160,"27491297":160,"d041ea86":160,"1eda11b2":160,"fc442678":160,"080d5d42":160,"5d03f5dc":160,"f0a01341":160,"1ee4d9f9":160,"0d6e45e7":160,"0da97151":160,"e829038c":160,"4987cfb5":160,"ba90687c":160,"77f2cf92":160,"037e2be4":160,"9e7dbd20":160,"0c086273":160,"ac13c3b0":160,"b4d9c57f":160,"5d53c964":160,"8ee9cc91":160,"4cc0af91":160,"55f6a2ba":160,"9559ea96":160,"9cb044bf":160,"16b25add":160,"80ee333e":160,"3b329af2":160,"1cd662bf":160,"72992b35":160,"47589344":160,"593b1533":160,"e9f6e5ce":160,"ed6bead5":160,"96f594b9":160,"94dfcfc5":160,"8301986e":160,"830ecfec":160,"a8bae791":160,"312009ee":160,"c98759fd":160,"e8b6d676":160
1601327230594,"45ee5840":160,"76f04033":160,"43480b19":160,"fd955858":160,"69798d15":160,"efea71fa":160,"fb3aa867":160,"c9cf710b":160,"fcacdeb3":160,"0ea055ed":160,"e3b1bdf8":160,"644b45fb":160,"18c73816":160,"e491161e":160,"b5087677":160,"16f60bed":160,"cb0c3481":160,"7664512c":160,"df9a53b8":160,"f6c27b2b":160,"945f6c24":160,"f1daea7e":160,"b8fb90e3":160,"56227e35":160,"0d6bf22a":160,"b87321d0":160,"43205b5d":160,"8982905a":160,"f6fe1ad7":160,"230064fa":160,"764e0abb":160,"bba6d88e":160,"ea3479ec":160,"32266fa3":160,"50b090c3":160,"8be24763":160,"eb4800b2":160,"6e0ce9dc":160,"87d9bec4":160,"e30dfa0c":160,"6da34174":160,"bfb849fa":160,"0a10b423":160,"9ef7cee7":160,"49f1a0d1":160,"5f04aa76":160,"ba297382":160,"0287db2a":160,"96abe4a9":160,"753b10b1":160,"cf14bd99":160,"782022f4":160,"322e833f":160,"ab3619e4":160,"106006ad":160,"c8237be9":160,"1416e8f5":160,"dde2eed5":160,"a208caa8":160,"16605353":160,"77b39e15":160,"f1726edb":160,"590ce3d3":160,"1802d7ce":160,"0a49914b":160,"5d3f5cad":160,"cf347cba":160,"fc0c23f7":160,"641f9b9e":160,"c92edec5":160,"9f03c1e7":160,"06c24a8d":160,"2f35e75f":160,"3eddf7c8":160,"77970f8b":160,"efd594d5":160,"4718294d":160,"5352cf45":160,"e0ffe8ff":160,"ae14d6b5":160,"721f5f42":160,"0b50bca6":160,"bf2ca266":160,"5d8d9641":160,"0de67c6c":160,"2311399f":160,"5e3ebf5e":160,"9f6ca218":160,"6213799d":160,"44cb1fd2":160,"baf19c25":160,"24a79a6e":160,"edde30af":160,"4d949e11":160,"df12f689":160,"1da10cbf":160,"832c48e4":160,"dc90a44c":160,"1ad7c45b":160,"5566c17c":160,"86a22252":160,"0000dece":160,"ce5efdbe":160,"58ace2b5":160,"d379fd96":160,"7b819458":160,"7f8024cd":160,"ae562513":160,"7b66dacd":160,"9ab137d7":160,"7191d1cd":160,"005354dd":160,"92b72493":160,"d3e58903":160,"4481c4be":160,"7954891b":160,"4afd60a9":160,"d44c0ea3":160,"68f87858":160,"533bac6b":160,"41634dba":160,"43fd1327":160,"113e7f4b":160,"8cce569a":160,"ce6401b6":160,"6f57824c":160,"28bd7aa1":160,"1d52fb0d":160,"cde0d748":160,"535ed444":160,"710f0d0e":160,"0905f1fb":160,"a20e529c":160,"1ae76fcc":160,"35b161d3":160,"344cd1a3":160,"77ea1236":160,"96d2a118":160,"23a0e41f":160,"b32a1080":160,"a2c4b591":160,"6dfa57be":160,"1854ce44":160,"f92b22f1":160,"ece12664":160,"36f4ecde":160,"568a0d58":160,"5fd569d2":160,"10c8fd03":160,"bd4ccb49":160,"e773d697":160,"7e8c11e7":160,"077eb15a":160,"5337c279":160,"8d256cb6":160,"7021c619":160,"32ae00db":160,"bf2defb2":160,"bc733a28":160,"30d32d34":160,"886c16d3":160,"e8d09b62":160,"5b09e53e":160,"da5bb0f7":160,"6d925c84":160,"50b23ab2":160,"edfa56d4":160,"899c16eb":160,"41c76041":160,"6bb1fa99":160,"d73ff72e":160,"61c0ca91":160,"d2fda7be":160,"ce20ca3c":160,"1d2d958b":160,"81fb6a01":160,"7f5b27c8":160,"fb3444d9":160,"f05de640":160,"86a68967":160,"56cd4dca":160,"7f469f4c":160,"f92dedfc":160,"355d1489":160,"f96fc1af":160,"06713bac":160,"61aca924":160,"d97fb857":160,"59ff5ec6":160,"ef04e64e":160,"6e2d04de":160,"2fca1798":160,"05028839":160,"5488826c":160,"84fff5c1":160,"c649992d":160,"d5ad3ed6":160,"8e5f7187":160,"55ba7579":160,"b7769ca6":160,"9c27de51":160,"38a75b48":160,"1792bfa3":160,"426f1904":160,"7c0f1ca9":160,"b2f820ac":160,"25d4f65d":160,"eddb6a2a":160,"ff8a00aa":160,"c146560b":160,"985068e7":160,"d543ba6f":160,"3b3569f6":160,"b01ab62a":160,"76da16fa":160,"bffee581":160,"07150038":160,"080fa362":160,"7b6945ad":160,"a40d08e1":160,"cec79bc2":160,"d2eff358":160,"e70aebb5":160,"a488b2f1":160,"4caa87d6":160,"f7076e21":160,"69e653b6":160,"98d2991b":160,"3b411d6a":160,"83826ef3":160,"595609d5":160,"b47f1b89":160,"8e6caf71":160,"9a3433b8":160,"b89112cb":160,"66736d5e":160,"30de89a7":160,"06aaa33f":160,"320c65bf":160,"1fa1e7c2":160,"646af2b9":160,"659389ad":160,"f1e86522":160,"fa03f48f":160,"240c8679":160,"5298dafa":160,"0718c3be":160,"25f7f918":160,"8b503f7b":160,"c5311ebb":160,"87a8523c":160,"105bb3f6":160,"c416baa6":160,"ae350a07":160,"58de5462":160,"f01c896d":160,"680a32a6":160,"83ba647d":160,"1f2670d0":160,"cb0bd6b7":160,"962c9c8f":160,"aec0bf28":160,"8e426e39":160,"51909df8":160,"a017a323":160,"e22b0973":160,"8801c469":160,"b6281f1a":160,"23646ff9":160,"3abb827b":160,"48c6df81":160,"5e165f43":160,"0c73c293":160,"88929b06":160,"f8785b71":160,"ab4a411a":160,"08c4692e":160,"d7a4b24c":160,"5b2479ef":160,"686d5c0b":160,"1d882c36":160,"eb62e8f2":160,"f15eb1c5":160,"71789493":160,"5ac72353":160,"d1b14d06":160,"f6c074a7":160,"ffd6849d":160,"962fca02":160,"75968179":160,"bc8bdc23":160,"a71f3f70":160,"1f7aa83c":160,"732d62ee":160,"d4b0751c":160,"5b01444b":160,"79995b62":160,"97160db8":160,"589f0d6e":160,"51b4016a":160,"46bf9112":160,"808bc372":160,"092ad3d6":160,"c792a7c1":160,"bf940089":160,"5a7da061":160,"01f34f98":160,"06a94514":160,"1670b0d3":160,"73c420df":160,"ec97d63e":160,"0700da70":160,"94208a41":160,"ff591765":160,"2cbcad17":160,"4dccb5ca":160,"93f12198":160,"83268abf":160,"62e270e5":160,"66b1b6d7":160,"578c4c95":160,"c606b472":160,"b062adc4":160,"4aae5133":160,"63a3af32":160,"3fec4b0b":160,"faa3de3e":160,"44983d13":160,"80999122":160,"72af9198":160,"e39e9552":160,"81c1b70d":160,"e72f0f82":160,"88374b72":160,"fdfaf1ed":160,"ea981bed":160,"5e197575":160,"e587c4d0":160,"525b2635":160,"caa38a45":160,"a9987a58":160,"b6b8e5c7":160,"e82177d3":160,"89914b94":160,"04bdf5e1":160,"da8b42be":160,"3b0576bf":160,"9458934f":160,"1dcc489c":160,"945badf3":160,"1327775b":160,"bdd40125":160,"75fd47f7":160,"1c52a07e":160,"e70ccc25":160,"afd1494f":160,"9666b973":160,"653b27c7":160,"83b37fd6":160,"4d852788":160,"e43a9448":160,"3542b748":160,"379c53ab":160,"e396d80d":160,"7da61f27":160,"dc874a97":160,"85a220de":160,"40a7cdd2":160,"ca6bffd3":160,"829c44a4":160,"e76e2617":160,"2b4fd52e":160,"57162572":160,"d1d50cfe":160,"f7ffcbb8":160,"5728f934":160,"00b26865":160,"c333337d":160,"815c56bc":160,"5bd61a68":160,"8582c5cf":160,"0c353665":160,"231e8700":160,"1f9fbd85":160,"43f24679":160,"a1c0dfc4":160,"78f71162":160,"4b27a9a4":160,"163f4d19":160,"272e7d0d":160,"f92596ee":160,"68831ea9":160,"9713d076":160,"fd098272":160,"6ee788a7":160,"8249641d":160,"45b0968f":160,"6a9bb182":160,"1f1afd4f":160,"25fb8826":160,"0dc5da58":160,"2874a625":160,"e61ae828":160,"f7ac3883":160,"ccd01528":160,"dab8cf68":160,"00f2a9cb":160,"916fe082":160,"b64dba8e":160,"c3bb30ce":160,"86219c70":160,"601990d8":160,"5c662c19":160,"d2a5d2fd":160,"89d220c2":160,"3e10c9cb":160,"5500a3e8":160,"3c0e87ac":160,"a891461f":160,"a246cdab":160,"117c7f0b":160,"0d21cf99":160,"14e6fe14":160,"37ec5e73":160,"bfff7913":160,"f8636899":160,"1d043d5a":160,"b2f82e06":160,"5b0b43e6":160,"b5474d69":160,"5a938eeb":160,"4fe0dedf":160,"951fc6d0":160,"61892a4c":160,"f096219e":160,"a3f0a6ec":160,"01051f84":160,"aa7e370d":160,"f995eeab":160,"4006e709":160,"0dedf63e":160,"a9d5374b":160,"4321f02d":160,"089b3f8f":160,"ac033c7b":160,"87759976":160,"4df3f62e":160,"c881a53e":160,"80c1c8b1":160,"cf52acd8":160,"a63cb4ce":160,"d3b3492b":160,"7580cfa4":160,"22a96386":160,"5c672b50":160,"5df16440":160,"b666e56d":160,"8db378ff":160,"784d6375":160,"4541bf85":160,"a6b13f20":160,"2459c882":160,"3df97186":160,"ef0490de":160,"e0f47ced":160,"309bbf54":160,"cc537772":160,"6618390c":160,"99cc0813":160,"dc32c4e1":160,"239c636e":160,"6ee160ff":160,"c55d40ca":160,"22c177a8":160,"00ae883f":160,"f416ee62":160,"0d2b182d":160,"320754c3":160,"232b2f64":160,"3171b6e7":160,"3b25460f":160,"7698d0dc":160,"784414ce":160,"2df3efdb":160,"d0f1b7bd":160,"e7799883":160,"4f9456cf":160,"6e260ee8":160,"f4f84279":160,"b0950de5":160,"6f873999":160,"1f4e0e22":160,"60d69311":160
1601327231273,"d2064756":160,"37724339":160,"d45d9727":160,"ee5ff2a3":160,"44322dfd":160,"295e4d1d":160,"8cf6570a":160,"403064a0":160,"312af46e":160,"b5a9f8c3":160,"fcbc0ae8":160,"2ff6b6a8":160,"66a71cc1":160,"bf4b58e4":160,"a8edfe84":160,"2ed19b1e":160,"959e16ea":160,"02f76c64":160,"5c6d1f33":160,"b4801cae":160,"c3c2fd05":160,"f8c97147":160,"c2526ff3":160,"cc386067":160,"a22ffd8f":160,"3cd28a4d":160,"44a12c31":160,"45a961ca":160,"5ca978fd":160,"668e601b":160,"7552d86c":160,"02ebf3b6":160,"bb17a968":160,"4abcb85d":160,"cba26072":160,"2a718dcc":160,"c6a9a8e1":160,"88854fd0":160,"8dc27d2a":160,"41d7f05d":160,"2b851827":160,"9f428a03":160,"4d504d96":160,"0533ece1":160,"bcee2ef3":160,"0afba00c":160,"04ff8100":160,"6c00d8d6":160,"ac9a02bc":160,"acfe69ed":160,"426603ff":160,"2db2f252":160,"2e84193b":160,"c55683c9":160,"51233daf":160,"02791635":160,"be081247":160,"5cc47d1b":160,"678b846f":160,"b4bd39d8":160,"b4cdbe5d":160,"fa0386f3":160,"b95d0f17":160,"cee9c347":160,"3b09f1de":160,"b371f44a":160,"8b6180ff":160,"8819ac24":160,"dbbf7f69":160,"dfe4a061":160,"c2bf7d51":160,"781afef6":160,"de9229a0":160,"99a5feef":160,"f6266388":160,"e64fd39c":160,"e1b3ce36":160,"625fa164":160,"0c6ae551":160,"e8f4c1dd":160,"cede8b8c":160,"ad95ff4a":160,"893a99c5":160,"d8bf32b5":160,"0eb42efe":160,"03c4ab87":160,"4e3d3af7":160,"3a4803a8":160,"f7a7de5d":160,"d4e56c3e":160,"0c045c2d":160,"8efd4801":160,"7eb8f268":160,"20236d3e":160,"36ae8cd8":160,"3ddd5391":160,"07f69c6d":160,"2254f0f5":160,"ea282e84":160,"6653c83b":160,"c896052c":160,"287ecd1c":160,"f9376d3e":160,"07a94e8c":160,"bb017b49":160,"37b52fe4":160,"61ad1519":160,"819c4185":160,"ba69b06b":160,"7d2a2cb4":160,"4f62491c":160,"70b4c438":160,"71ed93db":160,"c92efaa8":160,"c241ac7e":160,"62a45672":160,"210e507a":160,"ac6e268b":160,"742238e8":160
1601327231619,"7800e7ce":161,"77869ff0":161,"4b8f7b16":161,"89f75690":161,"cb363e2f":161,"cd802f02":161,"d3cca7eb":161,"e866a899":161,"5690e712":161,"0b92d2a9":161,"070bed95":161,"67e5d108":161,"3d37b94b":161,"842c97c2":161,"c4cef92b":161,"0eecdc5b":161,"b7e495ea":161,"45ec63c0":161,"0ddfde2c":161,"a8b41774":161,"81f0da2d":161,"1fcc8ba4":161,"75a9c117":161,"12ba54ec":161,"be391c1a":161,"37d8a5b7":161,"d5ab81c4":161,"2ecde685":161,"f0bd52d3":161,"dcc20f76":161,"666a8ef0":161,"c5b609f1":161,"4dc5849a":161,"d605c755":161,"8a8c1d67":161,"cc6b3306":161,"8c2dfd9a":161,"f11267b9":161,"a483b15e":161,"f80ab49d":161,"95eaed39":161,"a5ba0ebb":161,"f53362a9":161,"1901ef7e":161,"960c2e6b":161,"3515e999":161,"d11f8f1b":161,"9d9eb027":161,"325f9a29":161,"503aafe5":161,"d5d94481":161,"ffe48500":161,"c7a45a33":161,"faffe099":161,"e99490cd":161,"3b830769":161,"583f0305":161,"1557c50a":161,"249e80ab":161,"f52a3d94":161,"eb74d3dd":161,"3bcbc28d":161,"3c0455e7":161
1601327232088,"df203c79":161,"df1e1ac0":161,"491708eb":161,"e421caaa":161,"2d2ecf27":161,"d38a4953":161,"eba5efdd":161,"a5463f93":161,"c85ac4f8":161,"bc253f4f":161,"0d9d2bf8":161,"846b7f11":161,"d3411467":161,"1df0ce7f":161,"a08171d0":161,"c8bc5677":161,"dfca0518":161,"b9a21017":161,"e47705d3":161,"3cae4115":161,"0ccf4731":161,"c7c6782d":161,"54346574":161,"b12cbf87":161,"81942d9b":161,"699b90c1":161,"d9b5a7a8":161,"1e7914d2":161,"e5d8fdb2":161,"3412ab75":161,"bcac5daf":161,"62d028cc":161,"0af2cf39":161,"27491297":161,"d041ea86":161,"1eda11b2":161,"fc442678":161,"080d5d42":161,"5d03f5dc":161,"f0a01341":161,"1ee4d9f9":161,"0d6e45e7":161,"0da97151":161,"e829038c":161,"4987cfb5":161,"ba90687c":161,"77f2cf92":161,"037e2be4":161,"9e7dbd20":161,"0c086273":161,"ac13c3b0":161,"b4d9c57f":161,"5d53c964":161,"8ee9cc91":161,"4cc0af91":161,"55f6a2ba":161,"9559ea96":161,"9cb044bf":161,"16b25add":161,"80ee333e":161,"3b329af2":161,"1cd662bf":161,"72992b35":161,"47589344":161,"593b1533":161,"e9f6e5ce":161,"ed6bead5":161,"96f594b9":161,"94dfcfc5":161,"8301986e":161,"830ecfec":161,"a8bae791":161,"312009ee":161,"c98759fd":161,"e8b6d676":161,"45ee5840":161,"76f04033":161,"43480b19":161,"fd955858":161,"69798d15":161,"efea71fa":161,"fb3aa867":161,"c9cf710b":161,"fcacdeb3":161,"0ea055ed":161,"e3b1bdf8":161,"644b45fb":161,"590ce3d3":161,"1802d7ce":161,"0a49914b":161,"5d3f5cad":161,"96abe4a9":161,"753b10b1":161,"cf14bd99":161,"782022f4":161,"322e833f":161,"ab3619e4":161,"106006ad":161,"c8237be9":161,"1416e8f5":161,"dde2eed5":161,"a208caa8":161,"16605353":161,"77b39e15":161,"f1726edb":161,"92b72493":161,"d3e58903":161,"4481c4be":161,"7954891b":161,"4afd60a9":161,"d44c0ea3":161,"68f87858":161,"533bac6b":161,"41634dba":161,"43fd1327":161,"113e7f4b":161,"8cce569a":161,"ce6401b6":161,"6f57824c":161,"28bd7aa1":161,"1d52fb0d":161,"18c73816":161,"e491161e":161,"b5087677":161,"16f60bed":161,"cb0c3481":161,"7664512c":161,"df9a53b8":161,"f6c27b2b":161,"945f6c24":161,"f1daea7e":161,"b8fb90e3":161,"56227e35":161,"0d6bf22a":161,"b87321d0":161,"43205b5d":161,"8982905a":161,"f6fe1ad7":161,"230064fa":161,"764e0abb":161,"bba6d88e":161,"ea3479ec":161,"32266fa3":161,"50b090c3":161,"8be24763":161,"eb4800b2":161,"6e0ce9dc":161,"87d9bec4":161,"e30dfa0c":161,"6da34174":161,"bfb849fa":161,"0a10b423":161,"9ef7cee7":161,"49f1a0d1":161,"5f04aa76":161,"ba297382":161,"0287db2a":161,"5b09e53e":161,"da5bb0f7":161,"6d925c84":161,"50b23ab2":161,"edfa56d4":161,"cf347cba":161,"fc0c23f7":161,"641f9b9e":161,"c92edec5":161,"9f03c1e7":161,"06c24a8d":161,"2f35e75f":161,"3eddf7c8":161,"77970f8b":161,"efd594d5":161,"4718294d":161,"5352cf45":161,"e0ffe8ff":161,"ae14d6b5":161,"721f5f42":161,"0b50bca6":161,"bf2ca266":161,"5d8d9641":161,"0de67c6c":161,"2311399f":161,"5e3ebf5e":161,"9f6ca218":161,"6213799d":161,"44cb1fd2":161,"baf19c25":161,"24a79a6e":161,"edde30af":161,"4d949e11":161,"df12f689":161,"1da10cbf":161,"832c48e4":161,"dc90a44c":161,"1ad7c45b":161,"5566c17c":161,"86a22252":161,"0000dece":161,"ce5efdbe":161,"899c16eb":161,"41c76041":161,"6bb1fa99":161,"d73ff72e":161,"61c0ca91":161,"d2fda7be":161,"ce20ca3c":161,"1d2d958b":161,"81fb6a01":161,"7f5b27c8":161,"fb3444d9":161,"cde0d748":161,"535ed444":161,"710f0d0e":161,"0905f1fb":161,"a20e529c":161,"1ae76fcc":161,"35b161d3":161,"344cd1a3":161,"77ea1236":161,"96d2a118":161,"23a0e41f":161,"b32a1080":161,"a2c4b591":161,"6dfa57be":161,"1854ce44":161,"f92b22f1":161,"ece12664":161,"36f4ecde":161,"568a0d58":161,"5fd569d2":161,"10c8fd03":161,"bd4ccb49":161,"e773d697":161,"7e8c11e7":161,"077eb15a":161,"5337c279":161,"8d256cb6":161,"7021c619":161,"32ae00db":161,"bf2defb2":161,"bc733a28":161,"30d32d34":161,"886c16d3":161,"e8d09b62":161,"f05de640":161,"86a68967":161,"56cd4dca":161,"7f469f4c":161,"f92dedfc":161,"355d1489":161,"f96fc1af":161,"06713bac":161,"61aca924":161,"d97fb857":161,"59ff5ec6":161,"ef04e64e":161,"6e2d04de":161,"2fca1798":161,"05028839":161,"5488826c":161,"84fff5c1":161,"58ace2b5":161,"d379fd96":161,"7b819458":161,"7f8024cd":161,"ae562513":161,"7b66dacd":161,"9ab137d7":161,"7191d1cd":161,"005354dd":161,"c649992d":161,"d5ad3ed6":161,"8e5f7187":161,"55ba7579":161,"b7769ca6":161
1601327232712,"9c27de51":161,"38a75b48":161,"1792bfa3":161,"426f1904":161,"7c0f1ca9":161,"b2f820ac":161,"25d4f65d":161,"eddb6a2a":161,"ff8a00aa":161,"c146560b":161,"985068e7":161,"d543ba6f":161,"3b3569f6":161,"b01ab62a":161,"76da16fa":161,"bffee581":161,"07150038":161,"080fa362":161,"7b6945ad":161,"a40d08e1":161,"cec79bc2":161,"d2eff358":161,"e70aebb5":161,"a488b2f1":161,"4caa87d6":161,"f7076e21":161,"69e653b6":161,"98d2991b":161,"3b411d6a":161,"83826ef3":161,"595609d5":161,"b47f1b89":161,"8e6caf71":161,"9a3433b8":161,"b89112cb":161,"66736d5e":161,"30de89a7":161,"06aaa33f":161,"320c65bf":161,"1fa1e7c2":161,"646af2b9":161,"f1e86522":161,"659389ad":161,"fa03f48f":161,"240c8679":161,"5298dafa":161,"0718c3be":161,"25f7f918":161,"8b503f7b":161,"c5311ebb":161,"87a8523c":161,"105bb3f6":161,"c416baa6":161,"58de5462":161,"ae350a07":161,"680a32a6":161,"f01c896d":161,"83ba647d":161,"1f2670d0":161,"cb0bd6b7":161,"962c9c8f":161,"aec0bf28":161,"8e426e39":161,"a017a323":161,"51909df8":161,"e22b0973":161,"8801c469":161,"23646ff9":161,"b6281f1a":161,"48c6df81":161,"3abb827b":161,"5e165f43":161,"0c73c293":161,"88929b06":161,"f8785b71":161,"ab4a411a":161,"08c4692e":161,"5b2479ef":161,"d7a4b24c":161,"686d5c0b":161,"1d882c36":161,"eb62e8f2":161,"f15eb1c5":161,"71789493":161,"5ac72353":161,"d1b14d06":161,"f6c074a7":161,"ffd6849d":161,"962fca02":161,"75968179":161,"bc8bdc23":161,"a71f3f70":161,"1f7aa83c":161,"732d62ee":161,"d4b0751c":161,"5b01444b":161,"79995b62":161,"97160db8":161,"589f0d6e":161,"51b4016a":161,"46bf9112":161,"092ad3d6":161,"bf940089":161,"808bc372":161,"c792a7c1":161,"01f34f98":161,"5a7da061":161,"1670b0d3":161,"06a94514":161,"ec97d63e":161,"73c420df":161,"94208a41":161,"0700da70":161,"2cbcad17":161,"4dccb5ca":161,"ff591765":161,"93f12198":161,"83268abf":161,"62e270e5":161,"578c4c95":161,"66b1b6d7":161,"c606b472":161,"b062adc4":161,"4aae5133":161,"63a3af32":161,"3fec4b0b":161,"faa3de3e":161,"44983d13":161,"80999122":161,"72af9198":161,"e39e9552":161,"81c1b70d":161,"e72f0f82":161,"88374b72":161,"fdfaf1ed":161,"ea981bed":161,"5e197575":161,"e587c4d0":161,"525b2635":161,"caa38a45":161,"a9987a58":161,"b6b8e5c7":161,"e82177d3":161,"89914b94":161,"04bdf5e1":161,"da8b42be":161,"3b0576bf":161,"9458934f":161,"1dcc489c":161,"945badf3":161,"9666b973":161,"653b27c7":161,"83b37fd6":161,"4d852788":161,"e43a9448":161,"3542b748":161,"379c53ab":161,"e396d80d":161,"1327775b":161,"bdd40125":161,"75fd47f7":161,"1c52a07e":161,"e70ccc25":161,"afd1494f":161,"ca6bffd3":161,"829c44a4":161,"e76e2617":161,"2b4fd52e":161,"57162572":161,"d1d50cfe":161,"7da61f27":161,"dc874a97":161,"85a220de":161,"40a7cdd2":161,"ac033c7b":161,"87759976":161,"4df3f62e":161,"c881a53e":161,"80c1c8b1":161,"cf52acd8":161,"a63cb4ce":161,"d3b3492b":161,"7580cfa4":161,"22a96386":161,"5c672b50":161,"5df16440":161,"b666e56d":161,"8db378ff":161,"784d6375":161,"4541bf85":161,"a6b13f20":161,"2459c882":161,"3df97186":161,"ef0490de":161,"e0f47ced":161,"309bbf54":161,"cc537772":161,"6618390c":161,"99cc0813":161,"dc32c4e1":161,"239c636e":161,"6ee160ff":161,"c55d40ca":161,"22c177a8":161,"00ae883f":161,"f416ee62":161,"0d2b182d":161,"320754c3":161,"232b2f64":161,"3171b6e7":161,"3b25460f":161,"d2064756":161,"272e7d0d":161,"f92596ee":161,"68831ea9":161,"9713d076":161,"fd098272":161,"6ee788a7":161,"8249641d":161,"45b0968f":161,"6a9bb182":161,"1f1afd4f":161,"25fb8826":161,"0dc5da58":161,"2874a625":161,"e61ae828":161,"f7ac3883":161,"ccd01528":161,"dab8cf68":161,"00f2a9cb":161,"916fe082":161,"b64dba8e":161,"c3bb30ce":161,"86219c70":161,"601990d8":161,"5c662c19":161,"d2a5d2fd":161,"89d220c2":161,"3e10c9cb":161,"5500a3e8":161,"3c0e87ac":161,"a891461f":161,"a246cdab":161,"117c7f0b":161,"0d21cf99":161,"14e6fe14":161,"37ec5e73":161,"bfff7913":161,"f8636899":161,"37724339":161,"d45d9727":161,"ee5ff2a3":161,"44322dfd":161,"295e4d1d":161,"8cf6570a":161,"403064a0":161,"312af46e":161,"b5a9f8c3":161,"fcbc0ae8":161,"2ff6b6a8":161,"66a71cc1":161,"bf4b58e4":161,"f7ffcbb8":161,"5728f934":161,"00b26865":161,"c333337d":161,"815c56bc":161,"5bd61a68":161,"8582c5cf":161,"0c353665":161,"231e8700":161,"1f9fbd85":161,"43f24679":161,"a1c0dfc4":161,"78f71162":161,"4b27a9a4":161,"163f4d19":161,"1d043d5a":161,"b2f82e06":161,"5b0b43e6":161,"b5474d69":161,"5a938eeb":161,"4fe0dedf":161,"951fc6d0":161,"61892a4c":161,"f096219e":161,"a3f0a6ec":161,"01051f84":161,"aa7e370d":161,"f995eeab":161,"4006e709":161,"0dedf63e":161,"a9d5374b":161,"4321f02d":161,"089b3f8f":161,"7698d0dc":161,"784414ce":161,"2df3efdb":161,"d0f1b7bd":161,"e7799883":161,"4f9456cf":161,"6e260ee8":161,"f4f84279":161,"b0950de5":161,"6f873999":161,"1f4e0e22":161,"60d69311":161,"3b09f1de":161,"b371f44a":161,"8b6180ff":161,"8819ac24":161,"dbbf7f69":161,"dfe4a061":161,"c2bf7d51":161,"781afef6":161,"de9229a0":161,"99a5feef":161,"f6266388":161,"e64fd39c":161,"e1b3ce36":161,"625fa164":161,"0c6ae551":161,"e8f4c1dd":161,"cede8b8c":161,"ad95ff4a":161,"a8edfe84":161,"2ed19b1e":161,"959e16ea":161,"02f76c64":161,"5c6d1f33":161,"b4801cae":161,"c3c2fd05":161,"f8c97147":161,"c2526ff3":161,"cc386067":161,"a22ffd8f":161,"3cd28a4d":161,"44a12c31":161,"45a961ca":161,"5ca978fd":161,"668e601b":161,"7552d86c":161,"02ebf3b6":161,"bb17a968":161,"4abcb85d":161,"cba26072":161,"893a99c5":161,"d8bf32b5":161,"0eb42efe":161,"03c4ab87":161,"4e3d3af7":161,"3a4803a8":161,"f7a7de5d":161,"d4e56c3e":161,"0c045c2d":161,"8efd4801":161,"7eb8f268":161,"20236d3e":161,"36ae8cd8":161,"3ddd5391":161,"07f69c6d":161,"2254f0f5":161,"ea282e84":161,"6653c83b":161,"c896052c":161,"287ecd1c":161,"f9376d3e":161,"07a94e8c":161,"bb017b49":161,"37b52fe4":161,"61ad1519":161,"819c4185":161,"ba69b06b":161,"7d2a2cb4":161,"4f62491c":161,"70b4c438":161,"71ed93db":161,"c92efaa8":161,"c241ac7e":161,"62a45672":161,"210e507a":161,"ac6e268b":161,"742238e8":161,"2a718dcc":161,"c6a9a8e1":161,"88854fd0":161,"8dc27d2a":161,"41d7f05d":161,"2b851827":161,"9f428a03":161,"4d504d96":161,"0533ece1":161,"bcee2ef3":161,"0afba00c":161,"04ff8100":161,"6c00d8d6":161,"ac9a02bc":161,"acfe69ed":161,"426603ff":161,"2db2f252":161,"2e84193b":161,"c55683c9":161,"51233daf":161,"02791635":161,"be081247":161,"5cc47d1b":161,"678b846f":161,"b4bd39d8":161,"b4cdbe5d":161,"fa0386f3":161,"b95d0f17":161,"cee9c347":161
1601327233560,"7800e7ce":162,"77869ff0":162,"4b8f7b16":162,"89f75690":162,"cb363e2f":162,"cd802f02":162,"d3cca7eb":162,"e866a899":162,"5690e712":162,"0b92d2a9":162,"070bed95":162,"67e5d108":162,"3d37b94b":162,"842c97c2":162,"c4cef92b":162,"0eecdc5b":162,"b7e495ea":162,"45ec63c0":162,"0ddfde2c":162,"a8b41774":162,"81f0da2d":162,"1fcc8ba4":162,"75a9c117":162,"12ba54ec":162,"be391c1a":162,"37d8a5b7":162,"d5ab81c4":162,"2ecde685":162,"f0bd52d3":162,"dcc20f76":162,"666a8ef0":162,"c5b609f1":162,"4dc5849a":162,"d605c755":162,"8a8c1d67":162,"cc6b3306":162,"8c2dfd9a":162,"f11267b9":162,"a483b15e":162,"f80ab49d":162,"95eaed39":162,"a5ba0ebb":162,"f53362a9":162,"1901ef7e":162,"960c2e6b":162,"3515e999":162,"d11f8f1b":162,"9d9eb027":162,"325f9a29":162,"503aafe5":162,"d5d94481":162,"ffe48500":162,"c7a45a33":162,"faffe099":162,"e99490cd":162,"3b830769":162,"583f0305":162,"080d5d42":162,"5d03f5dc":162,"f0a01341":162,"1ee4d9f9":162,"0d6e45e7":162,"0da97151":162,"e829038c":162,"4987cfb5":162,"ba90687c":162,"77f2cf92":162,"037e2be4":162,"9e7dbd20":162,"0c086273":162,"ac13c3b0":162
1601327234141,"1557c50a":162,"249e80ab":162,"f52a3d94":162,"eb74d3dd":162,"3bcbc28d":162,"3c0455e7":162,"df203c79":162,"df1e1ac0":162,"491708eb":162,"e421caaa":162,"2d2ecf27":162,"d38a4953":162,"eba5efdd":162,"a5463f93":162,"c85ac4f8":162,"bc253f4f":162,"0d9d2bf8":162,"846b7f11":162,"d3411467":162,"1df0ce7f":162,"a08171d0":162,"c8bc5677":162,"dfca0518":162,"b9a21017":162,"e47705d3":162,"3cae4115":162,"0ccf4731":162,"c7c6782d":162,"54346574":162,"b12cbf87":162,"81942d9b":162,"699b90c1":162,"d9b5a7a8":162,"1e7914d2":162,"e5d8fdb2":162,"3412ab75":162,"bcac5daf":162,"62d028cc":162,"0af2cf39":162,"27491297":162,"d041ea86":162,"1eda11b2":162,"fc442678":162,"b4d9c57f":162,"5d53c964":162,"8ee9cc91":162,"4cc0af91":162,"55f6a2ba":162,"9559ea96":162,"9cb044bf":162,"16b25add":162,"80ee333e":162,"3b329af2":162,"1cd662bf":162,"72992b35":162,"47589344":162,"593b1533":162,"e9f6e5ce":162,"ed6bead5":162,"96f594b9":162,"94dfcfc5":162,"8301986e":162,"830ecfec":162,"a8bae791":162,"312009ee":162,"c98759fd":162,"e8b6d676":162,"45ee5840":162,"76f04033":162,"43480b19":162,"fd955858":162,"69798d15":162,"efea71fa":162,"fb3aa867":162,"c9cf710b":162,"fcacdeb3":162,"0ea055ed":162,"e3b1bdf8":162,"644b45fb":162,"18c73816":162,"e491161e":162,"b5087677":162,"16f60bed":162,"cb0c3481":162,"7664512c":162,"df9a53b8":162,"f6c27b2b":162,"945f6c24":162,"f1daea7e":162,"b8fb90e3":162,"56227e35":162,"0d6bf22a":162,"b87321d0":162,"43205b5d":162,"8982905a":162,"f6fe1ad7":162,"230064fa":162,"764e0abb":162,"bba6d88e":162,"ea3479ec":162,"32266fa3":162,"50b090c3":162,"8be24763":162,"eb4800b2":162,"6e0ce9dc":162,"87d9bec4":162,"e30dfa0c":162,"92b72493":162,"d3e58903":162,"4481c4be":162,"7954891b":162,"4afd60a9":162,"6da34174":162,"bfb849fa":162,"0a10b423":162,"9ef7cee7":162,"49f1a0d1":162,"5f04aa76":162,"ba297382":162,"0287db2a":162,"96abe4a9":162,"753b10b1":162,"cf14bd99":162,"782022f4":162,"322e833f":162,"ab3619e4":162,"106006ad":162,"c8237be9":162,"1416e8f5":162,"dde2eed5":162,"a208caa8":162,"16605353":162,"77b39e15":162,"f1726edb":162,"590ce3d3":162,"1802d7ce":162,"0a49914b":162,"5d3f5cad":162,"cf347cba":162,"fc0c23f7":162,"641f9b9e":162,"c92edec5":162,"9f03c1e7":162,"06c24a8d":162,"2f35e75f":162,"3eddf7c8":162,"77970f8b":162,"efd594d5":162,"4718294d":162,"5352cf45":162,"e0ffe8ff":162,"ae14d6b5":162,"721f5f42":162,"0b50bca6":162,"bf2ca266":162,"5d8d9641":162,"0de67c6c":162,"2311399f":162,"5e3ebf5e":162,"9f6ca218":162,"6213799d":162,"44cb1fd2":162,"baf19c25":162,"24a79a6e":162,"edde30af":162,"4d949e11":162,"df12f689":162,"5b09e53e":162,"da5bb0f7":162,"6d925c84":162,"50b23ab2":162,"edfa56d4":162,"899c16eb":162,"41c76041":162,"6bb1fa99":162,"d73ff72e":162,"61c0ca91":162,"d2fda7be":162,"ce20ca3c":162,"1d2d958b":162,"81fb6a01":162,"7f5b27c8":162,"fb3444d9":162,"1da10cbf":162,"832c48e4":162,"dc90a44c":162,"1ad7c45b":162,"5566c17c":162,"86a22252":162,"0000dece":162,"ce5efdbe":162,"58ace2b5":162,"d379fd96":162,"7b819458":162,"7f8024cd":162,"ae562513":162,"7b66dacd":162,"9ab137d7":162,"7191d1cd":162,"005354dd":162,"5337c279":162,"8d256cb6":162,"7021c619":162,"32ae00db":162,"bf2defb2":162,"bc733a28":162,"30d32d34":162,"886c16d3":162,"e8d09b62":162,"d44c0ea3":162,"68f87858":162,"533bac6b":162,"41634dba":162,"43fd1327":162,"113e7f4b":162,"8cce569a":162,"ce6401b6":162,"6f57824c":162,"28bd7aa1":162,"1d52fb0d":162,"cde0d748":162,"535ed444":162,"710f0d0e":162,"0905f1fb":162,"a20e529c":162,"1ae76fcc":162,"35b161d3":162,"344cd1a3":162,"77ea1236":162,"96d2a118":162,"23a0e41f":162,"b32a1080":162,"a2c4b591":162,"6dfa57be":162,"1854ce44":162,"f92b22f1":162,"ece12664":162,"36f4ecde":162,"568a0d58":162,"5fd569d2":162,"10c8fd03":162,"bd4ccb49":162,"e773d697":162,"7e8c11e7":162,"077eb15a":162,"f05de640":162,"86a68967":162,"56cd4dca":162,"7f469f4c":162,"f92dedfc":162,"355d1489":162,"f96fc1af":162,"06713bac":162,"61aca924":162,"d97fb857":162,"59ff5ec6":162,"ef04e64e":162,"6e2d04de":162,"2fca1798":162,"05028839":162,"5488826c":162,"84fff5c1":162,"c649992d":162,"d5ad3ed6":162,"8e5f7187":162,"55ba7579":162,"b7769ca6":162,"9c27de51":162,"38a75b48":162,"1792bfa3":162,"426f1904":162,"7c0f1ca9":162,"b2f820ac":162,"25d4f65d":162,"eddb6a2a":162,"ff8a00aa":162,"c146560b":162,"985068e7":162,"d543ba6f":162,"3b3569f6":162,"b01ab62a":162,"76da16fa":162,"bffee581":162,"07150038":162,"080fa362":162,"7b6945ad":162,"a40d08e1":162,"cec79bc2":162,"d2eff358":162,"e70aebb5":162,"a488b2f1":162,"4caa87d6":162,"f7076e21":162,"69e653b6":162,"98d2991b":162,"3b411d6a":162,"83826ef3":162,"595609d5":162,"b47f1b89":162,"8e6caf71":162,"9a3433b8":162,"b89112cb":162,"66736d5e":162,"30de89a7":162,"06aaa33f":162,"320c65bf":162,"1fa1e7c2":162,"646af2b9":162,"f1e86522":162,"659389ad":162,"fa03f48f":162,"240c8679":162,"5298dafa":162,"0718c3be":162,"25f7f918":162,"8b503f7b":162,"c5311ebb":162,"87a8523c":162,"105bb3f6":162,"c416baa6":162,"58de5462":162,"ae350a07":162,"f01c896d":162,"680a32a6":162,"1f2670d0":162,"83ba647d":162,"962c9c8f":162,"cb0bd6b7":162,"aec0bf28":162,"8e426e39":162,"a017a323":162,"51909df8":162,"8801c469":162,"e22b0973":162,"b6281f1a":162,"23646ff9":162,"3abb827b":162,"48c6df81":162,"5e165f43":162,"0c73c293":162,"f8785b71":162,"88929b06":162,"ab4a411a":162,"08c4692e":162,"d7a4b24c":162,"5b2479ef":162,"1d882c36":162,"686d5c0b":162,"f15eb1c5":162,"eb62e8f2":162,"71789493":162,"5ac72353":162,"d1b14d06":162,"f6c074a7":162,"ffd6849d":162,"962fca02":162,"75968179":162,"bc8bdc23":162,"a71f3f70":162
1601327234416,"272e7d0d":162,"f92596ee":162,"68831ea9":162,"9713d076":162,"fd098272":162,"6ee788a7":162,"8249641d":162,"45b0968f":162,"6a9bb182":162,"1f1afd4f":162,"25fb8826":162,"0dc5da58":162,"2874a625":162,"e61ae828":162,"f7ac3883":162,"ccd01528":162,"dab8cf68":162,"00f2a9cb":162,"916fe082":162,"b64dba8e":162,"c3bb30ce":162,"86219c70":162,"601990d8":162,"9666b973":162,"653b27c7":162,"83b37fd6":162,"4d852788":162,"e43a9448":162,"3542b748":162,"379c53ab":162,"e396d80d":162,"7da61f27":162,"dc874a97":162,"85a220de":162,"40a7cdd2":162,"ac033c7b":162,"87759976":162,"4df3f62e":162,"c881a53e":162,"80c1c8b1":162,"cf52acd8":162,"a63cb4ce":162,"d3b3492b":162,"7580cfa4":162,"22a96386":162,"5c672b50":162,"5df16440":162,"b666e56d":162,"8db378ff":162,"784d6375":162,"4541bf85":162,"a6b13f20":162,"2459c882":162,"3df97186":162,"ef0490de":162,"f7ffcbb8":162,"5728f934":162,"00b26865":162,"c333337d":162,"815c56bc":162,"5bd61a68":162,"8582c5cf":162,"0c353665":162,"231e8700":162,"1f9fbd85":162,"43f24679":162,"a1c0dfc4":162,"78f71162":162,"4b27a9a4":162,"163f4d19":162,"1d043d5a":162,"b2f82e06":162,"5b0b43e6":162,"b5474d69":162,"5a938eeb":162,"5c662c19":162,"d2a5d2fd":162,"89d220c2":162,"3e10c9cb":162,"5500a3e8":162,"3c0e87ac":162,"a891461f":162,"a246cdab":162,"117c7f0b":162,"0d21cf99":162,"14e6fe14":162,"37ec5e73":162,"bfff7913":162,"f8636899":162,"37724339":162,"d45d9727":162,"ee5ff2a3":162,"44322dfd":162,"295e4d1d":162,"8cf6570a":162,"403064a0":162,"312af46e":162,"b5a9f8c3":162,"fcbc0ae8":162,"2ff6b6a8":162,"66a71cc1":162,"bf4b58e4":162,"e0f47ced":162,"309bbf54":162,"cc537772":162,"6618390c":162,"99cc0813":162,"dc32c4e1":162,"239c636e":162,"6ee160ff":162,"c55d40ca":162,"22c177a8":162,"00ae883f":162,"f416ee62":162,"0d2b182d":162,"320754c3":162,"232b2f64":162,"3171b6e7":162,"3b25460f":162,"d2064756":162,"4fe0dedf":162,"951fc6d0":162,"61892a4c":162,"f096219e":162,"a3f0a6ec":162,"01051f84":162,"aa7e370d":162,"f995eeab":162,"4006e709":162,"0dedf63e":162,"a9d5374b":162,"4321f02d":162,"089b3f8f":162,"7698d0dc":162,"784414ce":162,"2df3efdb":162,"d0f1b7bd":162,"e7799883":162,"4f9456cf":162,"6e260ee8":162,"f4f84279":162,"b0950de5":162,"6f873999":162,"1f4e0e22":162,"60d69311":162,"3b09f1de":162,"b371f44a":162,"8b6180ff":162,"8819ac24":162,"dbbf7f69":162,"a8edfe84":162,"2ed19b1e":162,"959e16ea":162,"02f76c64":162,"5c6d1f33":162,"b4801cae":162,"c3c2fd05":162,"f8c97147":162,"c2526ff3":162,"cc386067":162,"a22ffd8f":162,"3cd28a4d":162,"44a12c31":162,"45a961ca":162,"5ca978fd":162,"668e601b":162,"7552d86c":162,"02ebf3b6":162,"bb17a968":162,"4abcb85d":162,"cba26072":162,"2a718dcc":162,"c6a9a8e1":162,"88854fd0":162,"8dc27d2a":162,"41d7f05d":162,"2b851827":162,"9f428a03":162,"4d504d96":162,"0533ece1":162,"bcee2ef3":162,"1f7aa83c":162,"732d62ee":162,"d4b0751c":162,"5b01444b":162,"79995b62":162,"97160db8":162,"589f0d6e":162,"51b4016a":162,"46bf9112":162,"808bc372":162,"092ad3d6":162,"c792a7c1":162,"0afba00c":162,"04ff8100":162,"6c00d8d6":162,"ac9a02bc":162,"dfe4a061":162,"c2bf7d51":162,"781afef6":162,"de9229a0":162,"99a5feef":162,"f6266388":162,"e64fd39c":162,"e1b3ce36":162,"625fa164":162,"0c6ae551":162,"e8f4c1dd":162,"cede8b8c":162,"ad95ff4a":162,"893a99c5":162,"d8bf32b5":162,"0eb42efe":162,"03c4ab87":162,"4e3d3af7":162,"3a4803a8":162,"f7a7de5d":162,"d4e56c3e":162,"0c045c2d":162,"8efd4801":162,"7eb8f268":162,"20236d3e":162,"36ae8cd8":162,"3ddd5391":162,"07f69c6d":162,"2254f0f5":162,"ea282e84":162,"6653c83b":162,"c896052c":162,"287ecd1c":162,"f9376d3e":162,"acfe69ed":162,"426603ff":162,"2db2f252":162,"2e84193b":162,"c55683c9":162,"51233daf":162,"02791635":162,"be081247":162,"5cc47d1b":162,"678b846f":162,"b4bd39d8":162,"b4cdbe5d":162,"fa0386f3":162,"b95d0f17":162,"cee9c347":162,"945badf3":162,"1327775b":162,"bdd40125":162,"75fd47f7":162,"1c52a07e":162,"e70ccc25":162,"afd1494f":162,"ca6bffd3":162,"829c44a4":162,"e76e2617":162,"2b4fd52e":162,"57162572":162,"d1d50cfe":162,"5a7da061":162,"bf940089":162,"06a94514":162,"01f34f98":162,"1670b0d3":162,"73c420df":162,"0700da70":162,"ec97d63e":162,"94208a41":162,"ff591765":162,"2cbcad17":162,"93f12198":162,"4dccb5ca":162,"62e270e5":162,"83268abf":162,"66b1b6d7":162,"b062adc4":162,"578c4c95":162,"4aae5133":162,"c606b472":162,"63a3af32":162,"3fec4b0b":162,"faa3de3e":162,"44983d13":162,"80999122":162,"72af9198":162,"e39e9552":162,"81c1b70d":162,"e72f0f82":162,"88374b72":162,"fdfaf1ed":162,"ea981bed":162,"5e197575":162,"e587c4d0":162,"525b2635":162,"caa38a45":162,"a9987a58":162,"b6b8e5c7":162,"e82177d3":162,"89914b94":162,"04bdf5e1":162,"da8b42be":162,"3b0576bf":162,"9458934f":162,"1dcc489c":162,"07a94e8c":162,"bb017b49":162,"37b52fe4":162,"61ad1519":162,"819c4185":162,"ba69b06b":162,"7d2a2cb4":162,"4f62491c":162,"70b4c438":162,"71ed93db":162,"c92efaa8":162,"c241ac7e":162,"62a45672":162,"210e507a":162,"ac6e268b":162,"742238e8":162
1601327235140,"7800e7ce":163,"77869ff0":163,"4b8f7b16":163,"89f75690":163,"cb363e2f":163,"cd802f02":163,"d3cca7eb":163,"e866a899":163,"5690e712":163,"0b92d2a9":163,"070bed95":163,"67e5d108":163,"3d37b94b":163,"842c97c2":163,"c4cef92b":163,"0eecdc5b":163,"b7e495ea":163,"45ec63c0":163,"0ddfde2c":163,"a8b41774":163,"81f0da2d":163,"1fcc8ba4":163,"75a9c117":163,"12ba54ec":163,"be391c1a":163,"37d8a5b7":163,"d5ab81c4":163,"2ecde685":163,"f0bd52d3":163,"dcc20f76":163,"666a8ef0":163,"c5b609f1":163,"4dc5849a":163,"d605c755":163,"8a8c1d67":163,"cc6b3306":163,"8c2dfd9a":163,"f11267b9":163,"a483b15e":163,"f80ab49d":163,"95eaed39":163,"a5ba0ebb":163,"f53362a9":163,"1901ef7e":163,"960c2e6b":163,"3515e999":163,"d11f8f1b":163,"9d9eb027":163,"325f9a29":163,"503aafe5":163,"d5d94481":163,"ffe48500":163,"c7a45a33":163,"faffe099":163,"e99490cd":163,"3b830769":163,"583f0305":163,"1557c50a":163,"249e80ab":163,"f52a3d94":163,"eb74d3dd":163,"3bcbc28d":163,"3c0455e7":163,"df203c79":163,"df1e1ac0":163,"491708eb":163,"e421caaa":163,"2d2ecf27":163,"d38a4953":163,"eba5efdd":163,"a5463f93":163,"c85ac4f8":163,"bc253f4f":163,"0d9d2bf8":163,"846b7f11":163,"d3411467":163,"1df0ce7f":163,"a08171d0":163,"c8bc5677":163,"dfca0518":163,"b9a21017":163,"e47705d3":163,"3cae4115":163,"0ccf4731":163,"c7c6782d":163,"54346574":163,"b12cbf87":163,"81942d9b":163,"699b90c1":163,"d9b5a7a8":163,"1e7914d2":163,"e5d8fdb2":163,"3412ab75":163,"bcac5daf":163,"62d028cc":163,"0af2cf39":163,"27491297":163,"d041ea86":163,"1eda11b2":163,"fc442678":163,"080d5d42":163,"5d03f5dc":163,"f0a01341":163,"1ee4d9f9":163,"0d6e45e7":163,"0da97151":163,"e829038c":163,"4987cfb5":163,"ba90687c":163,"77f2cf92":163,"037e2be4":163,"9e7dbd20":163,"0c086273":163,"ac13c3b0":163,"b4d9c57f":163
1601327235646,"5d53c964":163,"8ee9cc91":163,"4cc0af91":163,"55f6a2ba":163,"9559ea96":163,"9cb044bf":163,"16b25add":163,"80ee333e":163,"3b329af2":163,"1cd662bf":163,"72992b35":163,"47589344":163,"593b1533":163,"e9f6e5ce":163,"ed6bead5":163,"96f594b9":163,"94dfcfc5":163,"8301986e":163,"830ecfec":163,"a8bae791":163,"312009ee":163,"c98759fd":163,"e8b6d676":163,"45ee5840":163,"76f04033":163,"43480b19":163,"fd955858":163,"69798d15":163,"efea71fa":163,"fb3aa867":163,"c9cf710b":163,"fcacdeb3":163,"0ea055ed":163,"e3b1bdf8":163,"644b45fb":163,"18c73816":163,"e491161e":163,"b5087677":163,"16f60bed":163,"cb0c3481":163,"7664512c":163,"df9a53b8":163,"f6c27b2b":163,"945f6c24":163,"f1daea7e":163,"b8fb90e3":163,"56227e35":163,"0d6bf22a":163,"b87321d0":163,"43205b5d":163,"8982905a":163,"f6fe1ad7":163,"230064fa":163,"764e0abb":163,"bba6d88e":163,"ea3479ec":163,"32266fa3":163,"50b090c3":163,"8be24763":163,"eb4800b2":163,"6e0ce9dc":163,"87d9bec4":163,"e30dfa0c":163,"6da34174":163,"bfb849fa":163,"0a10b423":163,"9ef7cee7":163,"49f1a0d1":163,"5f04aa76":163,"ba297382":163,"0287db2a":163,"96abe4a9":163,"753b10b1":163,"cf14bd99":163,"782022f4":163,"322e833f":163,"ab3619e4":163,"106006ad":163,"c8237be9":163,"1416e8f5":163,"dde2eed5":163,"a208caa8":163,"16605353":163,"77b39e15":163,"f1726edb":163,"590ce3d3":163,"1802d7ce":163,"0a49914b":163,"5d3f5cad":163,"cf347cba":163,"fc0c23f7":163,"641f9b9e":163,"c92edec5":163,"9f03c1e7":163,"06c24a8d":163,"2f35e75f":163,"3eddf7c8":163,"77970f8b":163,"efd594d5":163,"4718294d":163,"5352cf45":163,"e0ffe8ff":163,"ae14d6b5":163,"721f5f42":163,"0b50bca6":163,"bf2ca266":163,"5d8d9641":163,"0de67c6c":163,"2311399f":163,"5e3ebf5e":163,"9f6ca218":163,"92b72493":163,"6213799d":163,"44cb1fd2":163,"baf19c25":163,"24a79a6e":163,"edde30af":163,"4d949e11":163,"df12f689":163,"1da10cbf":163,"832c48e4":163,"dc90a44c":163,"1ad7c45b":163,"5566c17c":163,"86a22252":163,"0000dece":163,"ce5efdbe":163,"58ace2b5":163,"d379fd96":163,"7b819458":163,"7f8024cd":163,"ae562513":163,"7b66dacd":163,"9ab137d7":163,"7191d1cd":163,"005354dd":163,"d3e58903":163,"4481c4be":163,"7954891b":163,"4afd60a9":163,"d44c0ea3":163,"68f87858":163,"533bac6b":163,"41634dba":163,"43fd1327":163,"113e7f4b":163,"8cce569a":163,"ce6401b6":163,"6f57824c":163,"28bd7aa1":163,"1d52fb0d":163,"cde0d748":163,"535ed444":163,"710f0d0e":163,"0905f1fb":163,"a20e529c":163,"1ae76fcc":163,"35b161d3":163,"344cd1a3":163,"77ea1236":163,"96d2a118":163,"23a0e41f":163,"b32a1080":163,"a2c4b591":163,"6dfa57be":163,"1854ce44":163,"f92b22f1":163,"ece12664":163,"36f4ecde":163,"568a0d58":163,"5fd569d2":163,"10c8fd03":163,"bd4ccb49":163,"e773d697":163,"7e8c11e7":163,"077eb15a":163,"5337c279":163,"8d256cb6":163,"7021c619":163,"32ae00db":163,"bf2defb2":163,"bc733a28":163,"30d32d34":163,"886c16d3":163,"e8d09b62":163,"5b09e53e":163,"da5bb0f7":163,"6d925c84":163,"50b23ab2":163,"edfa56d4":163,"899c16eb":163,"41c76041":163,"6bb1fa99":163,"d73ff72e":163,"61c0ca91":163,"d2fda7be":163,"ce20ca3c":163,"1d2d958b":163,"81fb6a01":163,"7f5b27c8":163,"fb3444d9":163,"f05de640":163,"86a68967":163,"56cd4dca":163,"7f469f4c":163,"f92dedfc":163,"355d1489":163,"f96fc1af":163,"06713bac":163,"61aca924":163,"d97fb857":163,"59ff5ec6":163,"ef04e64e":163,"6e2d04de":163,"2fca1798":163,"05028839":163,"5488826c":163,"84fff5c1":163,"c649992d":163,"d5ad3ed6":163,"8e5f7187":163,"55ba7579":163,"b7769ca6":163,"9c27de51":163,"38a75b48":163,"1792bfa3":163,"426f1904":163,"7c0f1ca9":163,"b2f820ac":163,"25d4f65d":163,"eddb6a2a":163,"ff8a00aa":163,"c146560b":163,"985068e7":163
1601327236148,"d543ba6f":163,"3b3569f6":163,"b01ab62a":163,"76da16fa":163,"bffee581":163,"07150038":163,"080fa362":163,"7b6945ad":163,"a40d08e1":163,"cec79bc2":163,"d2eff358":163,"e70aebb5":163,"a488b2f1":163,"4caa87d6":163,"f7076e21":163,"69e653b6":163,"98d2991b":163,"3b411d6a":163,"83826ef3":163,"595609d5":163,"b47f1b89":163,"8e6caf71":163,"9a3433b8":163,"b89112cb":163,"66736d5e":163,"30de89a7":163,"06aaa33f":163,"320c65bf":163,"1fa1e7c2":163,"f1e86522":163,"646af2b9":163,"fa03f48f":163,"659389ad":163,"5298dafa":163,"240c8679":163,"25f7f918":163,"0718c3be":163,"c5311ebb":163,"8b503f7b":163,"105bb3f6":163,"58de5462":163,"87a8523c":163,"f01c896d":163,"c416baa6":163,"ae350a07":163,"1f2670d0":163,"680a32a6":163,"962c9c8f":163,"aec0bf28":163,"83ba647d":163,"cb0bd6b7":163,"a017a323":163,"8801c469":163,"8e426e39":163,"51909df8":163,"b6281f1a":163,"e22b0973":163,"48c6df81":163,"5e165f43":163,"23646ff9":163,"f8785b71":163,"3abb827b":163,"0c73c293":163,"ab4a411a":163,"d7a4b24c":163,"88929b06":163,"686d5c0b":163,"08c4692e":163,"f15eb1c5":163,"5b2479ef":163,"71789493":163,"1d882c36":163,"5ac72353":163,"eb62e8f2":163,"d1b14d06":163,"f6c074a7":163,"ffd6849d":163,"962fca02":163,"75968179":163,"bc8bdc23":163,"a71f3f70":163,"1f7aa83c":163,"732d62ee":163,"d4b0751c":163,"5b01444b":163,"79995b62":163,"97160db8":163,"589f0d6e":163,"51b4016a":163,"46bf9112":163,"092ad3d6":163,"bf940089":163,"01f34f98":163,"808bc372":163,"c792a7c1":163,"1670b0d3":163,"5a7da061":163,"ec97d63e":163,"06a94514":163,"94208a41":163,"2cbcad17":163,"73c420df":163,"0700da70":163,"4dccb5ca":163,"ff591765":163,"83268abf":163,"93f12198":163,"578c4c95":163,"c606b472":163,"62e270e5":163,"66b1b6d7":163,"b062adc4":163,"4aae5133":163,"63a3af32":163,"3fec4b0b":163,"faa3de3e":163,"44983d13":163,"80999122":163,"72af9198":163,"e39e9552":163,"81c1b70d":163,"e72f0f82":163,"88374b72":163,"fdfaf1ed":163,"ea981bed":163,"5e197575":163,"e587c4d0":163,"525b2635":163,"caa38a45":163,"a9987a58":163,"b6b8e5c7":163,"e82177d3":163,"89914b94":163,"04bdf5e1":163,"da8b42be":163,"3b0576bf":163,"9458934f":163,"1dcc489c":163,"945badf3":163,"1327775b":163,"bdd40125":163,"75fd47f7":163,"1c52a07e":163,"e70ccc25":163,"afd1494f":163,"ca6bffd3":163,"829c44a4":163,"e76e2617":163,"2b4fd52e":163,"57162572":163,"d1d50cfe":163,"272e7d0d":163,"f92596ee":163,"68831ea9":163,"9713d076":163,"fd098272":163,"6ee788a7":163,"8249641d":163,"45b0968f":163,"6a9bb182":163,"1f1afd4f":163,"25fb8826":163,"0dc5da58":163,"2874a625":163,"e61ae828":163,"f7ac3883":163,"ccd01528":163,"dab8cf68":163,"00f2a9cb":163,"9666b973":163,"653b27c7":163,"83b37fd6":163,"4d852788":163,"e43a9448":163,"3542b748":163,"379c53ab":163,"e396d80d":163,"7da61f27":163,"dc874a97":163,"85a220de":163,"40a7cdd2":163,"ac033c7b":163,"87759976":163,"4df3f62e":163,"c881a53e":163,"80c1c8b1":163,"cf52acd8":163,"a63cb4ce":163,"d3b3492b":163,"7580cfa4":163,"22a96386":163,"5c672b50":163,"5df16440":163,"b666e56d":163,"8db378ff":163,"f7ffcbb8":163,"5728f934":163,"00b26865":163,"c333337d":163,"815c56bc":163,"5bd61a68":163,"8582c5cf":163,"0c353665":163,"231e8700":163,"1f9fbd85":163,"43f24679":163,"a1c0dfc4":163,"78f71162":163,"4b27a9a4":163,"163f4d19":163,"916fe082":163,"b64dba8e":163,"c3bb30ce":163,"86219c70":163,"601990d8":163,"5c662c19":163,"d2a5d2fd":163,"89d220c2":163,"3e10c9cb":163,"5500a3e8":163,"3c0e87ac":163,"a891461f":163,"a246cdab":163,"117c7f0b":163,"0d21cf99":163,"14e6fe14":163,"37ec5e73":163,"bfff7913":163,"f8636899":163,"37724339":163,"d45d9727":163,"ee5ff2a3":163,"44322dfd":163,"295e4d1d":163,"8cf6570a":163,"403064a0":163,"312af46e":163,"b5a9f8c3":163,"fcbc0ae8":163,"2ff6b6a8":163,"66a71cc1":163,"bf4b58e4":163,"784d6375":163,"4541bf85":163,"a6b13f20":163,"2459c882":163,"3df97186":163,"ef0490de":163,"e0f47ced":163,"309bbf54":163,"cc537772":163,"6618390c":163,"99cc0813":163,"dc32c4e1":163,"239c636e":163,"6ee160ff":163,"c55d40ca":163,"22c177a8":163,"00ae883f":163,"f416ee62":163,"0d2b182d":163,"320754c3":163,"232b2f64":163,"3171b6e7":163,"3b25460f":163,"d2064756":163,"1d043d5a":163,"b2f82e06":163,"5b0b43e6":163,"b5474d69":163,"5a938eeb":163,"4fe0dedf":163,"951fc6d0":163,"61892a4c":163,"f096219e":163,"a3f0a6ec":163,"01051f84":163,"aa7e370d":163,"f995eeab":163,"4006e709":163,"0dedf63e":163,"a9d5374b":163,"4321f02d":163,"089b3f8f":163,"7698d0dc":163,"784414ce":163,"2df3efdb":163,"d0f1b7bd":163,"e7799883":163,"4f9456cf":163,"6e260ee8":163,"f4f84279":163,"b0950de5":163,"6f873999":163,"1f4e0e22":163,"60d69311":163,"3b09f1de":163,"b371f44a":163,"8b6180ff":163,"8819ac24":163,"dbbf7f69":163,"a8edfe84":163,"2ed19b1e":163,"959e16ea":163,"02f76c64":163,"5c6d1f33":163,"b4801cae":163,"c3c2fd05":163,"f8c97147":163,"c2526ff3":163,"cc386067":163,"a22ffd8f":163,"3cd28a4d":163,"44a12c31":163,"45a961ca":163,"5ca978fd":163,"668e601b":163,"7552d86c":163,"02ebf3b6":163,"bb17a968":163,"4abcb85d":163,"cba26072":163,"2a718dcc":163,"c6a9a8e1":163,"88854fd0":163,"8dc27d2a":163,"41d7f05d":163,"2b851827":163,"9f428a03":163,"4d504d96":163,"dfe4a061":163,"c2bf7d51":163,"781afef6":163,"de9229a0":163,"99a5feef":163,"f6266388":163,"e64fd39c":163,"e1b3ce36":163,"625fa164":163,"0c6ae551":163,"e8f4c1dd":163,"cede8b8c":163,"ad95ff4a":163,"893a99c5":163,"d8bf32b5":163,"0eb42efe":163,"03c4ab87":163,"4e3d3af7":163,"3a4803a8":163,"f7a7de5d":163,"d4e56c3e":163,"0c045c2d":163,"8efd4801":163,"7eb8f268":163,"20236d3e":163,"36ae8cd8":163,"3ddd5391":163,"07f69c6d":163,"2254f0f5":163,"ea282e84":163,"6653c83b":163,"0533ece1":163,"bcee2ef3":163,"0afba00c":163,"04ff8100":163,"6c00d8d6":163,"ac9a02bc":163,"acfe69ed":163,"426603ff":163,"2db2f252":163,"2e84193b":163,"c55683c9":163,"51233daf":163,"02791635":163,"be081247":163,"5cc47d1b":163,"678b846f":163,"b4bd39d8":163,"b4cdbe5d":163,"fa0386f3":163,"b95d0f17":163,"cee9c347":163,"c896052c":163,"287ecd1c":163,"f9376d3e":163,"07a94e8c":163,"bb017b49":163,"37b52fe4":163,"61ad1519":163,"819c4185":163,"ba69b06b":163,"7d2a2cb4":163,"4f62491c":163,"70b4c438":163,"71ed93db":163,"c92efaa8":163,"c241ac7e":163,"62a45672":163,"210e507a":163,"ac6e268b":163,"742238e8":163
1601327237281,"7800e7ce":164,"77869ff0":164,"4b8f7b16":164,"89f75690":164,"cb363e2f":164,"cd802f02":164,"d3cca7eb":164,"e866a899":164,"5690e712":164,"0b92d2a9":164,"070bed95":164,"67e5d108":164,"3d37b94b":164,"842c97c2":164,"c4cef92b":164,"0eecdc5b":164,"b7e495ea":164,"45ec63c0":164,"0ddfde2c":164,"a8b41774":164,"81f0da2d":164,"1fcc8ba4":164,"75a9c117":164,"12ba54ec":164,"be391c1a":164,"37d8a5b7":164,"d5ab81c4":164,"2ecde685":164,"f0bd52d3":164,"dcc20f76":164,"666a8ef0":164,"c5b609f1":164,"4dc5849a":164,"d605c755":164,"8a8c1d67":164,"cc6b3306":164,"8c2dfd9a":164,"f11267b9":164,"a483b15e":164,"f80ab49d":164,"95eaed39":164,"a5ba0ebb":164,"f53362a9":164,"1901ef7e":164,"960c2e6b":164,"3515e999":164,"d11f8f1b":164,"9d9eb027":164,"325f9a29":164,"503aafe5":164
1601327237822,"d5d94481":164,"ffe48500":164,"c7a45a33":164,"faffe099":164,"e99490cd":164,"3b830769":164,"583f0305":164,"1557c50a":164,"249e80ab":164,"f52a3d94":164,"eb74d3dd":164,"3bcbc28d":164,"3c0455e7":164,"df203c79":164,"df1e1ac0":164,"491708eb":164,"e421caaa":164,"2d2ecf27":164,"d38a4953":164,"eba5efdd":164,"a5463f93":164,"c85ac4f8":164,"bc253f4f":164,"0d9d2bf8":164,"846b7f11":164,"d3411467":164,"1df0ce7f":164,"a08171d0":164,"c8bc5677":164,"dfca0518":164,"b9a21017":164,"e47705d3":164,"3cae4115":164,"0ccf4731":164,"c7c6782d":164,"54346574":164,"b12cbf87":164,"81942d9b":164,"699b90c1":164,"d9b5a7a8":164,"1e7914d2":164,"e5d8fdb2":164,"3412ab75":164,"bcac5daf":164,"62d028cc":164,"0af2cf39":164,"27491297":164,"d041ea86":164,"1eda11b2":164,"fc442678":164,"080d5d42":164,"5d03f5dc":164,"f0a01341":164,"1ee4d9f9":164,"0d6e45e7":164,"0da97151":164,"e829038c":164,"4987cfb5":164,"ba90687c":164,"77f2cf92":164,"037e2be4":164,"9e7dbd20":164,"0c086273":164,"ac13c3b0":164,"b4d9c57f":164,"5d53c964":164,"8ee9cc91":164,"4cc0af91":164,"55f6a2ba":164,"9559ea96":164,"9cb044bf":164,"16b25add":164,"80ee333e":164,"3b329af2":164,"1cd662bf":164,"72992b35":164,"47589344":164,"593b1533":164,"e9f6e5ce":164,"ed6bead5":164,"96f594b9":164,"94dfcfc5":164,"8301986e":164,"830ecfec":164,"a8bae791":164,"312009ee":164,"c98759fd":164,"e8b6d676":164,"45ee5840":164,"76f04033":164,"43480b19":164,"fd955858":164,"69798d15":164,"efea71fa":164,"fb3aa867":164,"c9cf710b":164,"fcacdeb3":164,"0ea055ed":164,"e3b1bdf8":164,"644b45fb":164,"18c73816":164,"e491161e":164,"b5087677":164,"16f60bed":164,"cb0c3481":164,"7664512c":164,"df9a53b8":164,"f6c27b2b":164,"945f6c24":164,"f1daea7e":164,"b8fb90e3":164,"56227e35":164,"0d6bf22a":164,"b87321d0":164,"43205b5d":164,"8982905a":164,"f6fe1ad7":164,"230064fa":164,"764e0abb":164,"bba6d88e":164,"ea3479ec":164,"32266fa3":164,"92b72493":164,"d3e58903":164,"4481c4be":164,"50b090c3":164,"8be24763":164,"eb4800b2":164,"6e0ce9dc":164,"87d9bec4":164,"e30dfa0c":164,"6da34174":164,"bfb849fa":164,"0a10b423":164,"9ef7cee7":164,"49f1a0d1":164,"5f04aa76":164,"ba297382":164,"0287db2a":164,"96abe4a9":164,"753b10b1":164,"cf14bd99":164,"782022f4":164,"322e833f":164,"ab3619e4":164,"106006ad":164,"c8237be9":164,"1416e8f5":164,"dde2eed5":164,"a208caa8":164,"16605353":164,"77b39e15":164,"f1726edb":164
1601327238347,"590ce3d3":164,"1802d7ce":164,"0a49914b":164,"5d3f5cad":164,"cf347cba":164,"fc0c23f7":164,"641f9b9e":164,"c92edec5":164,"9f03c1e7":164,"06c24a8d":164,"2f35e75f":164,"3eddf7c8":164,"77970f8b":164,"efd594d5":164,"4718294d":164,"5352cf45":164,"e0ffe8ff":164,"ae14d6b5":164,"721f5f42":164,"0b50bca6":164,"bf2ca266":164,"5d8d9641":164,"0de67c6c":164,"2311399f":164,"5e3ebf5e":164,"9f6ca218":164,"6213799d":164,"44cb1fd2":164,"baf19c25":164,"24a79a6e":164,"edde30af":164,"4d949e11":164,"df12f689":164,"1da10cbf":164,"832c48e4":164,"dc90a44c":164,"1ad7c45b":164,"5566c17c":164,"86a22252":164,"0000dece":164,"ce5efdbe":164,"58ace2b5":164,"d379fd96":164,"7b819458":164,"7f8024cd":164,"ae562513":164,"7b66dacd":164,"9ab137d7":164,"7191d1cd":164,"005354dd":164,"7954891b":164,"4afd60a9":164,"d44c0ea3":164,"68f87858":164,"533bac6b":164,"41634dba":164,"43fd1327":164,"113e7f4b":164,"8cce569a":164,"ce6401b6":164,"6f57824c":164,"28bd7aa1":164,"1d52fb0d":164,"cde0d748":164,"535ed444":164,"710f0d0e":164,"0905f1fb":164,"a20e529c":164,"1ae76fcc":164,"35b161d3":164,"344cd1a3":164,"77ea1236":164,"96d2a118":164,"23a0e41f":164,"b32a1080":164,"a2c4b591":164,"6dfa57be":164,"1854ce44":164,"f92b22f1":164,"ece12664":164,"36f4ecde":164,"568a0d58":164,"5fd569d2":164,"10c8fd03":164,"bd4ccb49":164,"e773d697":164,"7e8c11e7":164,"077eb15a":164,"5337c279":164,"8d256cb6":164,"7021c619":164,"32ae00db":164,"bf2defb2":164,"bc733a28":164,"30d32d34":164,"886c16d3":164,"e8d09b62":164,"5b09e53e":164,"da5bb0f7":164,"6d925c84":164,"50b23ab2":164,"edfa56d4":164,"899c16eb":164,"41c76041":164,"6bb1fa99":164,"d73ff72e":164,"61c0ca91":164,"d2fda7be":164,"ce20ca3c":164,"1d2d958b":164,"81fb6a01":164,"7f5b27c8":164,"fb3444d9":164,"f05de640":164,"86a68967":164,"56cd4dca":164,"7f469f4c":164,"f92dedfc":164,"355d1489":164,"f96fc1af":164,"06713bac":164,"61aca924":164,"d97fb857":164,"59ff5ec6":164,"ef04e64e":164,"6e2d04de":164,"2fca1798":164,"05028839":164,"5488826c":164,"84fff5c1":164,"c649992d":164,"d5ad3ed6":164,"8e5f7187":164,"55ba7579":164,"b7769ca6":164,"9c27de51":164,"38a75b48":164,"1792bfa3":164,"426f1904":164,"7c0f1ca9":164,"b2f820ac":164,"25d4f65d":164,"eddb6a2a":164,"ff8a00aa":164,"c146560b":164,"985068e7":164,"d543ba6f":164,"3b3569f6":164,"b01ab62a":164,"76da16fa":164,"bffee581":164,"07150038":164,"080fa362":164,"7b6945ad":164,"a40d08e1":164,"cec79bc2":164,"d2eff358":164,"e70aebb5":164,"a488b2f1":164,"4caa87d6":164,"f7076e21":164,"69e653b6":164,"98d2991b":164,"3b411d6a":164,"83826ef3":164,"595609d5":164,"b47f1b89":164,"8e6caf71":164,"9a3433b8":164,"b89112cb":164,"66736d5e":164,"30de89a7":164,"06aaa33f":164,"320c65bf":164,"1fa1e7c2":164,"f1e86522":164,"646af2b9":164,"fa03f48f":164,"659389ad":164,"5298dafa":164,"25f7f918":164,"240c8679":164,"0718c3be":164,"c5311ebb":164,"8b503f7b":164,"105bb3f6":164,"87a8523c":164,"58de5462":164,"c416baa6":164,"f01c896d":164,"ae350a07":164,"680a32a6":164,"1f2670d0":164,"962c9c8f":164,"83ba647d":164,"cb0bd6b7":164,"aec0bf28":164,"a017a323":164,"8e426e39":164,"51909df8":164,"8801c469":164,"b6281f1a":164,"e22b0973":164,"23646ff9":164,"48c6df81":164,"3abb827b":164,"5e165f43":164,"f8785b71":164,"0c73c293":164,"ab4a411a":164,"88929b06":164,"08c4692e":164,"d7a4b24c":164,"686d5c0b":164,"5b2479ef":164,"1d882c36":164,"f15eb1c5":164,"eb62e8f2":164,"71789493":164,"5ac72353":164,"d1b14d06":164,"f6c074a7":164,"ffd6849d":164,"962fca02":164,"75968179":164,"bc8bdc23":164,"a71f3f70":164,"1f7aa83c":164,"525b2635":164,"caa38a45":164,"a9987a58":164,"b6b8e5c7":164,"e82177d3":164,"89914b94":164,"04bdf5e1":164,"da8b42be":164,"3b0576bf":164,"9458934f":164,"1dcc489c":164,"945badf3":164,"1327775b":164,"bdd40125":164,"75fd47f7":164,"1c52a07e":164,"e70ccc25":164,"afd1494f":164,"ca6bffd3":164,"829c44a4":164,"e76e2617":164,"2b4fd52e":164,"57162572":164,"d1d50cfe":164,"732d62ee":164,"d4b0751c":164,"5b01444b":164,"79995b62":164,"97160db8":164,"589f0d6e":164,"51b4016a":164,"46bf9112":164,"092ad3d6":164,"808bc372":164,"bf940089":164,"c792a7c1":164,"01f34f98":164,"5a7da061":164,"1670b0d3":164,"ec97d63e":164,"06a94514":164,"73c420df":164,"94208a41":164,"2cbcad17":164,"0700da70":164,"4dccb5ca":164,"ff591765":164,"83268abf":164,"93f12198":164,"62e270e5":164,"578c4c95":164,"c606b472":164,"66b1b6d7":164,"b062adc4":164,"4aae5133":164,"63a3af32":164,"3fec4b0b":164,"faa3de3e":164,"44983d13":164,"80999122":164,"72af9198":164,"e39e9552":164,"81c1b70d":164,"e72f0f82":164,"88374b72":164,"fdfaf1ed":164,"ea981bed":164,"5e197575":164,"e587c4d0":164,"272e7d0d":164,"f92596ee":164,"68831ea9":164,"9713d076":164,"fd098272":164,"6ee788a7":164,"8249641d":164,"45b0968f":164,"6a9bb182":164,"1f1afd4f":164,"25fb8826":164,"0dc5da58":164,"2874a625":164,"e61ae828":164,"f7ac3883":164,"ccd01528":164,"dab8cf68":164,"00f2a9cb":164,"9666b973":164,"653b27c7":164,"83b37fd6":164,"4d852788":164,"e43a9448":164,"3542b748":164,"379c53ab":164,"e396d80d":164,"7da61f27":164,"dc874a97":164,"85a220de":164,"40a7cdd2":164,"ac033c7b":164,"87759976":164,"4df3f62e":164,"c881a53e":164,"80c1c8b1":164,"cf52acd8":164,"a63cb4ce":164,"d3b3492b":164,"7580cfa4":164,"22a96386":164,"f7ffcbb8":164,"5728f934":164,"00b26865":164,"c333337d":164,"815c56bc":164,"5bd61a68":164,"8582c5cf":164,"0c353665":164,"231e8700":164,"1f9fbd85":164,"43f24679":164,"a1c0dfc4":164,"78f71162":164,"4b27a9a4":164,"163f4d19":164,"1d043d5a":164,"916fe082":164,"b64dba8e":164,"c3bb30ce":164,"86219c70":164,"601990d8":164,"5c662c19":164,"d2a5d2fd":164,"89d220c2":164,"3e10c9cb":164,"5500a3e8":164,"3c0e87ac":164,"a891461f":164,"a246cdab":164,"117c7f0b":164,"0d21cf99":164,"14e6fe14":164,"37ec5e73":164,"bfff7913":164,"f8636899":164,"37724339":164,"d45d9727":164,"ee5ff2a3":164,"44322dfd":164,"295e4d1d":164,"8cf6570a":164,"403064a0":164,"312af46e":164,"b5a9f8c3":164,"fcbc0ae8":164,"5c672b50":164,"5df16440":164,"b666e56d":164,"8db378ff":164,"784d6375":164,"4541bf85":164,"a6b13f20":164,"2459c882":164,"3df97186":164,"ef0490de":164,"e0f47ced":164,"309bbf54":164,"cc537772":164,"6618390c":164,"99cc0813":164,"dc32c4e1":164,"239c636e":164,"6ee160ff":164,"c55d40ca":164,"22c177a8":164,"00ae883f":164,"f416ee62":164,"0d2b182d":164,"320754c3":164,"232b2f64":164,"3171b6e7":164,"3b25460f":164,"d2064756":164,"b2f82e06":164,"5b0b43e6":164,"b5474d69":164,"5a938eeb":164,"4fe0dedf":164,"951fc6d0":164,"61892a4c":164,"f096219e":164,"a3f0a6ec":164,"01051f84":164,"aa7e370d":164,"f995eeab":164,"4006e709":164,"0dedf63e":164,"a9d5374b":164,"4321f02d":164,"089b3f8f":164,"7698d0dc":164,"784414ce":164,"2df3efdb":164,"d0f1b7bd":164,"e7799883":164,"4f9456cf":164,"6e260ee8":164,"f4f84279":164,"b0950de5":164,"6f873999":164,"1f4e0e22":164,"60d69311":164,"3b09f1de":164,"b371f44a":164,"8b6180ff":164,"8819ac24":164,"dbbf7f69":164
1601327238907,"2ff6b6a8":164,"66a71cc1":164,"bf4b58e4":164,"dfe4a061":164,"c2bf7d51":164,"781afef6":164,"de9229a0":164,"99a5feef":164,"f6266388":164,"e64fd39c":164,"e1b3ce36":164,"625fa164":164,"0c6ae551":164,"e8f4c1dd":164,"cede8b8c":164,"ad95ff4a":164,"893a99c5":164,"d8bf32b5":164,"0eb42efe":164,"03c4ab87":164,"4e3d3af7":164,"3a4803a8":164,"f7a7de5d":164,"d4e56c3e":164,"0c045c2d":164,"8efd4801":164,"7eb8f268":164,"20236d3e":164,"36ae8cd8":164,"3ddd5391":164,"07f69c6d":164,"2254f0f5":164,"ea282e84":164,"a8edfe84":164,"2ed19b1e":164,"959e16ea":164,"02f76c64":164,"5c6d1f33":164,"b4801cae":164,"c3c2fd05":164,"f8c97147":164,"c2526ff3":164,"cc386067":164,"a22ffd8f":164,"3cd28a4d":164,"44a12c31":164,"45a961ca":164,"5ca978fd":164,"668e601b":164,"7552d86c":164,"02ebf3b6":164,"bb17a968":164,"4abcb85d":164,"cba26072":164,"2a718dcc":164,"c6a9a8e1":164,"88854fd0":164,"8dc27d2a":164,"41d7f05d":164,"2b851827":164,"9f428a03":164,"4d504d96":164,"0533ece1":164,"bcee2ef3":164,"0afba00c":164,"04ff8100":164,"6c00d8d6":164,"ac9a02bc":164,"acfe69ed":164,"426603ff":164,"2db2f252":164,"2e84193b":164,"c55683c9":164,"51233daf":164,"02791635":164,"be081247":164,"5cc47d1b":164,"6653c83b":164,"c896052c":164,"287ecd1c":164,"f9376d3e":164,"07a94e8c":164,"bb017b49":164,"37b52fe4":164,"61ad1519":164,"819c4185":164,"ba69b06b":164,"7d2a2cb4":164,"4f62491c":164,"70b4c438":164,"71ed93db":164,"c92efaa8":164,"c241ac7e":164,"62a45672":164,"210e507a":164,"ac6e268b":164,"742238e8":164,"678b846f":164,"b4bd39d8":164,"b4cdbe5d":164,"fa0386f3":164,"b95d0f17":164,"cee9c347":164
1601327239255,"7800e7ce":165,"77869ff0":165,"4b8f7b16":165,"89f75690":165,"cb363e2f":165,"cd802f02":165,"d3cca7eb":165,"e866a899":165,"5690e712":165,"0b92d2a9":165,"070bed95":165,"67e5d108":165,"3d37b94b":165,"842c97c2":165,"c4cef92b":165,"0eecdc5b":165,"b7e495ea":165,"45ec63c0":165,"0ddfde2c":165,"a8b41774":165,"81f0da2d":165,"1fcc8ba4":165,"75a9c117":165,"12ba54ec":165,"be391c1a":165,"37d8a5b7":165,"d5ab81c4":165,"2ecde685":165,"f0bd52d3":165,"dcc20f76":165,"666a8ef0":165,"c5b609f1":165,"4dc5849a":165,"d605c755":165,"8a8c1d67":165,"cc6b3306":165,"8c2dfd9a":165,"f11267b9":165,"a483b15e":165,"f80ab49d":165,"95eaed39":165,"a5ba0ebb":165,"f53362a9":165,"1901ef7e":165,"960c2e6b":165,"3515e999":165,"d11f8f1b":165,"9d9eb027":165,"325f9a29":165,"503aafe5":165,"d5d94481":165,"ffe48500":165,"c7a45a33":165,"faffe099":165,"e99490cd":165,"080d5d42":165,"5d03f5dc":165,"f0a01341":165,"1ee4d9f9":165,"0d6e45e7":165,"0da97151":165,"e829038c":165,"4987cfb5":165,"ba90687c":165,"77f2cf92":165,"037e2be4":165,"9e7dbd20":165,"0c086273":165,"ac13c3b0":165,"b4d9c57f":165,"5d53c964":165,"8ee9cc91":165,"4cc0af91":165,"55f6a2ba":165,"3b830769":165,"583f0305":165,"1557c50a":165,"249e80ab":165,"f52a3d94":165,"eb74d3dd":165,"3bcbc28d":165,"3c0455e7":165,"df203c79":165,"df1e1ac0":165,"491708eb":165,"e421caaa":165,"2d2ecf27":165,"d38a4953":165,"eba5efdd":165,"a5463f93":165,"c85ac4f8":165,"bc253f4f":165,"0d9d2bf8":165,"846b7f11":165,"d3411467":165,"1df0ce7f":165,"a08171d0":165,"c8bc5677":165,"dfca0518":165,"b9a21017":165,"e47705d3":165,"3cae4115":165,"0ccf4731":165,"c7c6782d":165,"54346574":165,"b12cbf87":165,"81942d9b":165,"699b90c1":165,"d9b5a7a8":165,"1e7914d2":165,"e5d8fdb2":165,"3412ab75":165,"bcac5daf":165
1601327239767,"62d028cc":165,"0af2cf39":165,"27491297":165,"d041ea86":165,"1eda11b2":165,"fc442678":165,"9559ea96":165,"9cb044bf":165,"16b25add":165,"80ee333e":165,"3b329af2":165,"1cd662bf":165,"72992b35":165,"47589344":165,"593b1533":165,"e9f6e5ce":165,"ed6bead5":165,"96f594b9":165,"94dfcfc5":165,"8301986e":165,"830ecfec":165,"a8bae791":165,"312009ee":165,"c98759fd":165,"e8b6d676":165,"45ee5840":165,"76f04033":165,"43480b19":165,"fd955858":165,"69798d15":165,"efea71fa":165,"fb3aa867":165,"c9cf710b":165,"fcacdeb3":165,"0ea055ed":165,"e3b1bdf8":165,"644b45fb":165,"18c73816":165,"e491161e":165,"b5087677":165,"16f60bed":165,"cb0c3481":165,"7664512c":165,"df9a53b8":165,"f6c27b2b":165,"945f6c24":165,"f1daea7e":165,"b8fb90e3":165,"56227e35":165,"0d6bf22a":165,"b87321d0":165,"43205b5d":165,"8982905a":165,"f6fe1ad7":165,"230064fa":165,"764e0abb":165,"bba6d88e":165,"ea3479ec":165,"32266fa3":165,"50b090c3":165,"8be24763":165,"eb4800b2":165,"6e0ce9dc":165,"87d9bec4":165,"e30dfa0c":165,"6da34174":165,"bfb849fa":165,"0a10b423":165,"9ef7cee7":165,"49f1a0d1":165,"5f04aa76":165,"ba297382":165,"0287db2a":165,"96abe4a9":165,"753b10b1":165,"cf14bd99":165,"782022f4":165,"322e833f":165,"ab3619e4":165,"106006ad":165,"c8237be9":165,"1416e8f5":165,"dde2eed5":165,"a208caa8":165,"16605353":165,"77b39e15":165,"f1726edb":165,"590ce3d3":165,"1802d7ce":165,"0a49914b":165,"5d3f5cad":165,"cf347cba":165,"fc0c23f7":165,"641f9b9e":165,"c92edec5":165,"9f03c1e7":165,"06c24a8d":165,"2f35e75f":165,"3eddf7c8":165,"77970f8b":165,"efd594d5":165,"4718294d":165,"5352cf45":165,"e0ffe8ff":165,"ae14d6b5":165,"721f5f42":165,"0b50bca6":165,"bf2ca266":165,"5d8d9641":165,"0de67c6c":165,"2311399f":165,"5e3ebf5e":165,"5b09e53e":165,"da5bb0f7":165,"6d925c84":165,"50b23ab2":165,"edfa56d4":165,"899c16eb":165,"41c76041":165,"92b72493":165,"d3e58903":165,"4481c4be":165,"7954891b":165,"4afd60a9":165,"d44c0ea3":165,"68f87858":165,"533bac6b":165,"41634dba":165,"43fd1327":165,"113e7f4b":165,"8cce569a":165,"ce6401b6":165,"6f57824c":165,"28bd7aa1":165,"1d52fb0d":165,"cde0d748":165,"535ed444":165,"710f0d0e":165,"0905f1fb":165,"a20e529c":165,"1ae76fcc":165,"35b161d3":165,"344cd1a3":165,"77ea1236":165,"96d2a118":165,"23a0e41f":165,"b32a1080":165,"a2c4b591":165,"6dfa57be":165,"1854ce44":165,"f92b22f1":165,"ece12664":165,"36f4ecde":165,"568a0d58":165,"6bb1fa99":165,"d73ff72e":165,"61c0ca91":165,"d2fda7be":165,"ce20ca3c":165,"1d2d958b":165,"81fb6a01":165,"7f5b27c8":165,"fb3444d9":165,"f05de640":165,"86a68967":165,"56cd4dca":165,"7f469f4c":165,"f92dedfc":165,"355d1489":165,"f96fc1af":165,"06713bac":165,"61aca924":165,"d97fb857":165,"59ff5ec6":165,"ef04e64e":165,"6e2d04de":165,"9f6ca218":165,"6213799d":165,"44cb1fd2":165,"baf19c25":165,"24a79a6e":165,"edde30af":165,"4d949e11":165,"df12f689":165,"1da10cbf":165,"832c48e4":165,"dc90a44c":165,"1ad7c45b":165,"5566c17c":165,"86a22252":165,"0000dece":165,"ce5efdbe":165,"58ace2b5":165,"d379fd96":165,"7b819458":165,"7f8024cd":165,"ae562513":165,"7b66dacd":165,"9ab137d7":165,"7191d1cd":165,"005354dd":165,"2fca1798":165,"05028839":165,"5488826c":165,"84fff5c1":165,"c649992d":165,"d5ad3ed6":165,"8e5f7187":165,"55ba7579":165,"b7769ca6":165,"9c27de51":165,"38a75b48":165,"5fd569d2":165,"10c8fd03":165,"bd4ccb49":165,"e773d697":165,"7e8c11e7":165,"077eb15a":165,"5337c279":165,"8d256cb6":165,"7021c619":165,"32ae00db":165,"bf2defb2":165,"bc733a28":165,"30d32d34":165,"886c16d3":165,"e8d09b62":165,"1792bfa3":165,"426f1904":165,"7c0f1ca9":165,"b2f820ac":165,"25d4f65d":165,"eddb6a2a":165,"ff8a00aa":165,"c146560b":165,"985068e7":165,"d543ba6f":165,"3b3569f6":165,"b01ab62a":165,"76da16fa":165,"bffee581":165,"07150038":165,"080fa362":165,"7b6945ad":165,"a40d08e1":165,"cec79bc2":165,"d2eff358":165,"e70aebb5":165,"a488b2f1":165,"4caa87d6":165,"f7076e21":165,"69e653b6":165,"98d2991b":165,"3b411d6a":165,"83826ef3":165,"595609d5":165,"b47f1b89":165,"8e6caf71":165,"9a3433b8":165,"b89112cb":165,"66736d5e":165,"30de89a7":165,"06aaa33f":165,"320c65bf":165,"1fa1e7c2":165,"646af2b9":165,"659389ad":165,"f1e86522":165,"240c8679":165,"fa03f48f":165,"5298dafa":165,"0718c3be":165,"8b503f7b":165,"25f7f918":165,"87a8523c":165,"c5311ebb":165,"c416baa6":165,"105bb3f6":165,"ae350a07":165,"58de5462":165,"f01c896d":165,"680a32a6":165,"83ba647d":165,"1f2670d0":165,"cb0bd6b7":165,"962c9c8f":165,"aec0bf28":165,"8e426e39":165,"a017a323":165,"51909df8":165,"e22b0973":165,"8801c469":165,"b6281f1a":165,"23646ff9":165,"48c6df81":165,"3abb827b":165,"5e165f43":165,"0c73c293":165,"88929b06":165,"f8785b71":165,"ab4a411a":165,"08c4692e":165,"5b2479ef":165,"d7a4b24c":165,"686d5c0b":165,"1d882c36":165,"f15eb1c5":165,"eb62e8f2":165,"71789493":165,"5ac72353":165,"d1b14d06":165,"f6c074a7":165,"ffd6849d":165,"962fca02":165,"75968179":165,"bc8bdc23":165,"a71f3f70":165,"1f7aa83c":165,"732d62ee":165,"d4b0751c":165,"5b01444b":165,"79995b62":165,"97160db8":165,"589f0d6e":165,"51b4016a":165,"46bf9112":165,"092ad3d6":165,"bf940089":165,"01f34f98":165,"1670b0d3":165,"ec97d63e":165,"94208a41":165,"808bc372":165,"c792a7c1":165,"2cbcad17":165,"4dccb5ca":165,"5a7da061":165,"83268abf":165,"06a94514":165,"73c420df":165,"578c4c95":165,"0700da70":165,"c606b472":165,"ff591765":165,"93f12198":165,"62e270e5":165,"66b1b6d7":165,"b062adc4":165,"4aae5133":165,"63a3af32":165,"3fec4b0b":165,"faa3de3e":165,"44983d13":165,"80999122":165,"72af9198":165,"e39e9552":165,"81c1b70d":165,"e72f0f82":165,"88374b72":165,"fdfaf1ed":165,"ea981bed":165,"5e197575":165,"e587c4d0":165,"525b2635":165,"caa38a45":165,"a9987a58":165,"b6b8e5c7":165,"e82177d3":165,"89914b94":165,"04bdf5e1":165
1601327240274,"da8b42be":165,"3b0576bf":165,"9458934f":165,"1dcc489c":165,"945badf3":165,"1327775b":165,"bdd40125":165,"75fd47f7":165,"1c52a07e":165,"e70ccc25":165,"afd1494f":165,"ca6bffd3":165,"829c44a4":165,"e76e2617":165,"2b4fd52e":165,"57162572":165,"d1d50cfe":165,"272e7d0d":165,"f92596ee":165,"68831ea9":165,"9713d076":165,"fd098272":165,"6ee788a7":165,"8249641d":165,"45b0968f":165,"6a9bb182":165,"1f1afd4f":165,"25fb8826":165,"0dc5da58":165,"2874a625":165,"e61ae828":165,"f7ffcbb8":165,"5728f934":165,"00b26865":165,"c333337d":165,"815c56bc":165,"5bd61a68":165,"8582c5cf":165,"0c353665":165,"231e8700":165,"1f9fbd85":165,"43f24679":165,"a1c0dfc4":165,"78f71162":165,"4b27a9a4":165,"163f4d19":165,"1d043d5a":165,"b2f82e06":165,"5b0b43e6":165,"b5474d69":165,"5a938eeb":165,"4fe0dedf":165,"951fc6d0":165,"61892a4c":165,"f096219e":165,"a3f0a6ec":165,"01051f84":165,"aa7e370d":165,"f995eeab":165,"4006e709":165,"0dedf63e":165,"a9d5374b":165,"4321f02d":165,"089b3f8f":165,"7698d0dc":165,"784414ce":165,"2df3efdb":165,"d0f1b7bd":165,"e7799883":165,"4f9456cf":165,"6e260ee8":165,"f7ac3883":165,"ccd01528":165,"dab8cf68":165,"00f2a9cb":165,"916fe082":165,"b64dba8e":165,"c3bb30ce":165,"86219c70":165,"601990d8":165,"5c662c19":165,"d2a5d2fd":165,"89d220c2":165,"3e10c9cb":165,"5500a3e8":165,"3c0e87ac":165,"a891461f":165,"a246cdab":165,"117c7f0b":165,"0d21cf99":165,"14e6fe14":165,"37ec5e73":165,"bfff7913":165,"f8636899":165,"37724339":165,"d45d9727":165,"ee5ff2a3":165,"44322dfd":165,"295e4d1d":165,"8cf6570a":165,"403064a0":165,"312af46e":165,"b5a9f8c3":165,"fcbc0ae8":165,"2ff6b6a8":165,"66a71cc1":165,"bf4b58e4":165,"f4f84279":165,"b0950de5":165,"6f873999":165,"1f4e0e22":165,"60d69311":165,"3b09f1de":165,"b371f44a":165,"8b6180ff":165,"8819ac24":165,"dbbf7f69":165,"9666b973":165,"653b27c7":165,"83b37fd6":165,"4d852788":165,"e43a9448":165,"3542b748":165,"379c53ab":165,"e396d80d":165,"7da61f27":165,"dc874a97":165,"85a220de":165,"40a7cdd2":165,"ac033c7b":165,"87759976":165,"4df3f62e":165,"c881a53e":165,"80c1c8b1":165,"cf52acd8":165,"a63cb4ce":165,"d3b3492b":165,"7580cfa4":165,"22a96386":165,"5c672b50":165,"5df16440":165,"b666e56d":165,"dfe4a061":165,"c2bf7d51":165,"781afef6":165,"de9229a0":165,"99a5feef":165,"f6266388":165,"e64fd39c":165,"e1b3ce36":165,"625fa164":165,"0c6ae551":165,"e8f4c1dd":165,"cede8b8c":165,"ad95ff4a":165,"893a99c5":165,"d8bf32b5":165,"0eb42efe":165,"a8edfe84":165,"2ed19b1e":165,"959e16ea":165,"02f76c64":165,"5c6d1f33":165,"b4801cae":165,"c3c2fd05":165,"f8c97147":165,"c2526ff3":165,"cc386067":165,"a22ffd8f":165,"3cd28a4d":165,"44a12c31":165,"45a961ca":165,"5ca978fd":165,"668e601b":165,"7552d86c":165,"02ebf3b6":165,"03c4ab87":165,"4e3d3af7":165,"3a4803a8":165,"f7a7de5d":165,"8db378ff":165,"784d6375":165,"4541bf85":165,"a6b13f20":165,"2459c882":165,"3df97186":165,"ef0490de":165,"e0f47ced":165,"309bbf54":165,"cc537772":165,"6618390c":165,"99cc0813":165,"dc32c4e1":165,"239c636e":165,"6ee160ff":165,"c55d40ca":165,"22c177a8":165,"00ae883f":165,"f416ee62":165,"0d2b182d":165,"320754c3":165,"232b2f64":165,"3171b6e7":165,"3b25460f":165,"d2064756":165,"d4e56c3e":165,"0c045c2d":165,"8efd4801":165,"7eb8f268":165,"20236d3e":165,"36ae8cd8":165,"3ddd5391":165,"07f69c6d":165,"2254f0f5":165,"ea282e84":165,"6653c83b":165,"c896052c":165,"287ecd1c":165,"f9376d3e":165,"07a94e8c":165,"bb017b49":165,"37b52fe4":165,"61ad1519":165,"819c4185":165,"ba69b06b":165,"7d2a2cb4":165,"4f62491c":165,"70b4c438":165,"71ed93db":165,"c92efaa8":165,"c241ac7e":165,"62a45672":165,"210e507a":165,"ac6e268b":165,"742238e8":165,"bb17a968":165,"4abcb85d":165,"cba26072":165,"2a718dcc":165,"c6a9a8e1":165,"88854fd0":165,"8dc27d2a":165,"41d7f05d":165,"2b851827":165,"9f428a03":165,"4d504d96":165,"0533ece1":165,"bcee2ef3":165,"0afba00c":165,"04ff8100":165,"6c00d8d6":165,"ac9a02bc":165,"acfe69ed":165,"426603ff":165,"2db2f252":165,"2e84193b":165,"c55683c9":165,"51233daf":165,"02791635":165,"be081247":165,"5cc47d1b":165,"678b846f":165,"b4bd39d8":165,"b4cdbe5d":165,"fa0386f3":165,"b95d0f17":165,"cee9c347":165
1601327240839,"7800e7ce":166,"77869ff0":166,"4b8f7b16":166,"89f75690":166,"cb363e2f":166,"cd802f02":166,"d3cca7eb":166,"e866a899":166,"5690e712":166,"0b92d2a9":166,"070bed95":166,"67e5d108":166,"3d37b94b":166,"842c97c2":166,"c4cef92b":166,"0eecdc5b":166,"b7e495ea":166,"45ec63c0":166,"0ddfde2c":166,"a8b41774":166,"81f0da2d":166,"1fcc8ba4":166,"75a9c117":166,"12ba54ec":166,"be391c1a":166,"37d8a5b7":166,"d5ab81c4":166,"2ecde685":166,"f0bd52d3":166,"dcc20f76":166,"666a8ef0":166,"c5b609f1":166,"4dc5849a":166,"d605c755":166,"8a8c1d67":166,"cc6b3306":166,"8c2dfd9a":166,"f11267b9":166,"a483b15e":166,"f80ab49d":166,"95eaed39":166,"a5ba0ebb":166,"f53362a9":166,"1901ef7e":166,"960c2e6b":166,"3515e999":166,"d11f8f1b":166,"9d9eb027":166,"325f9a29":166,"503aafe5":166,"d5d94481":166,"ffe48500":166,"c7a45a33":166,"faffe099":166,"e99490cd":166,"3b830769":166,"583f0305":166,"1557c50a":166,"249e80ab":166,"f52a3d94":166,"eb74d3dd":166,"3bcbc28d":166,"3c0455e7":166,"080d5d42":166,"5d03f5dc":166,"f0a01341":166,"1ee4d9f9":166,"0d6e45e7":166,"0da97151":166,"e829038c":166,"4987cfb5":166,"ba90687c":166,"77f2cf92":166,"037e2be4":166,"9e7dbd20":166,"0c086273":166,"ac13c3b0":166,"b4d9c57f":166,"5d53c964":166,"8ee9cc91":166,"4cc0af91":166,"55f6a2ba":166,"9559ea96":166,"9cb044bf":166,"16b25add":166,"80ee333e":166,"3b329af2":166,"1cd662bf":166,"72992b35":166,"47589344":166,"593b1533":166,"e9f6e5ce":166,"ed6bead5":166,"96f594b9":166,"94dfcfc5":166,"8301986e":166,"830ecfec":166,"a8bae791":166,"312009ee":166,"c98759fd":166,"df203c79":166,"df1e1ac0":166,"491708eb":166,"e421caaa":166,"2d2ecf27":166,"d38a4953":166,"eba5efdd":166,"a5463f93":166,"c85ac4f8":166,"bc253f4f":166,"0d9d2bf8":166,"846b7f11":166,"d3411467":166,"1df0ce7f":166,"a08171d0":166,"c8bc5677":166,"dfca0518":166,"b9a21017":166,"e47705d3":166,"3cae4115":166,"0ccf4731":166,"c7c6782d":166,"54346574":166,"b12cbf87":166,"81942d9b":166,"699b90c1":166,"d9b5a7a8":166,"1e7914d2":166,"e5d8fdb2":166,"3412ab75":166,"bcac5daf":166,"62d028cc":166,"0af2cf39":166,"27491297":166,"d041ea86":166,"1eda11b2":166,"fc442678":166,"e8b6d676":166,"45ee5840":166,"76f04033":166,"43480b19":166,"fd955858":166,"69798d15":166,"efea71fa":166,"fb3aa867":166,"c9cf710b":166,"fcacdeb3":166,"0ea055ed":166,"e3b1bdf8":166,"644b45fb":166
1601327241376,"18c73816":166,"e491161e":166,"b5087677":166,"16f60bed":166,"cb0c3481":166,"7664512c":166,"df9a53b8":166,"f6c27b2b":166,"945f6c24":166,"f1daea7e":166,"b8fb90e3":166,"56227e35":166,"0d6bf22a":166,"b87321d0":166,"43205b5d":166,"8982905a":166,"f6fe1ad7":166,"230064fa":166,"764e0abb":166,"bba6d88e":166,"ea3479ec":166,"32266fa3":166,"50b090c3":166,"8be24763":166,"eb4800b2":166,"6e0ce9dc":166,"87d9bec4":166,"e30dfa0c":166,"6da34174":166,"bfb849fa":166,"0a10b423":166,"9ef7cee7":166,"49f1a0d1":166,"5f04aa76":166,"ba297382":166,"0287db2a":166,"96abe4a9":166,"753b10b1":166,"cf14bd99":166,"782022f4":166,"322e833f":166,"ab3619e4":166,"106006ad":166,"c8237be9":166,"1416e8f5":166,"dde2eed5":166,"a208caa8":166,"16605353":166,"77b39e15":166,"f1726edb":166,"5b09e53e":166,"da5bb0f7":166,"6d925c84":166,"50b23ab2":166,"edfa56d4":166,"899c16eb":166,"590ce3d3":166,"1802d7ce":166,"0a49914b":166,"5d3f5cad":166,"cf347cba":166,"fc0c23f7":166,"641f9b9e":166,"c92edec5":166,"9f03c1e7":166,"06c24a8d":166,"2f35e75f":166,"3eddf7c8":166,"77970f8b":166,"efd594d5":166,"4718294d":166,"5352cf45":166,"e0ffe8ff":166,"ae14d6b5":166,"721f5f42":166,"0b50bca6":166,"bf2ca266":166,"5d8d9641":166,"0de67c6c":166,"2311399f":166,"5e3ebf5e":166,"9f6ca218":166,"6213799d":166,"44cb1fd2":166,"baf19c25":166,"24a79a6e":166,"edde30af":166,"4d949e11":166,"df12f689":166,"1da10cbf":166,"832c48e4":166,"dc90a44c":166,"1ad7c45b":166,"41c76041":166,"6bb1fa99":166,"d73ff72e":166,"61c0ca91":166,"d2fda7be":166,"ce20ca3c":166,"1d2d958b":166,"81fb6a01":166,"92b72493":166,"d3e58903":166,"4481c4be":166,"7954891b":166,"4afd60a9":166,"d44c0ea3":166,"68f87858":166,"533bac6b":166,"41634dba":166,"43fd1327":166,"113e7f4b":166,"8cce569a":166,"ce6401b6":166,"6f57824c":166,"28bd7aa1":166,"1d52fb0d":166,"cde0d748":166,"535ed444":166,"710f0d0e":166,"0905f1fb":166,"a20e529c":166,"1ae76fcc":166,"35b161d3":166,"344cd1a3":166,"77ea1236":166,"96d2a118":166,"23a0e41f":166,"b32a1080":166,"a2c4b591":166,"6dfa57be":166,"1854ce44":166,"f92b22f1":166,"ece12664":166,"7f5b27c8":166,"fb3444d9":166,"f05de640":166,"86a68967":166,"56cd4dca":166,"7f469f4c":166,"f92dedfc":166,"355d1489":166,"f96fc1af":166,"06713bac":166,"61aca924":166,"d97fb857":166,"59ff5ec6":166,"ef04e64e":166,"6e2d04de":166,"2fca1798":166,"05028839":166,"5488826c":166,"84fff5c1":166,"c649992d":166,"d5ad3ed6":166,"8e5f7187":166,"55ba7579":166,"b7769ca6":166,"5566c17c":166,"86a22252":166,"0000dece":166,"ce5efdbe":166,"58ace2b5":166,"d379fd96":166,"7b819458":166,"7f8024cd":166,"ae562513":166,"7b66dacd":166,"9ab137d7":166,"7191d1cd":166,"005354dd":166,"9c27de51":166,"38a75b48":166,"1792bfa3":166,"426f1904":166,"7c0f1ca9":166,"b2f820ac":166,"25d4f65d":166,"eddb6a2a":166,"ff8a00aa":166,"36f4ecde":166,"568a0d58":166,"5fd569d2":166,"10c8fd03":166,"bd4ccb49":166,"e773d697":166,"7e8c11e7":166,"077eb15a":166,"5337c279":166,"8d256cb6":166,"7021c619":166,"32ae00db":166,"bf2defb2":166,"bc733a28":166,"30d32d34":166,"886c16d3":166,"e8d09b62":166,"c146560b":166,"985068e7":166,"d543ba6f":166,"3b3569f6":166,"b01ab62a":166,"76da16fa":166,"bffee581":166,"07150038":166,"080fa362":166,"7b6945ad":166,"a40d08e1":166,"cec79bc2":166,"d2eff358":166,"e70aebb5":166,"a488b2f1":166,"4caa87d6":166,"f7076e21":166,"69e653b6":166,"98d2991b":166,"3b411d6a":166,"83826ef3":166,"595609d5":166,"b47f1b89":166,"8e6caf71":166,"9a3433b8":166,"b89112cb":166,"66736d5e":166,"30de89a7":166,"06aaa33f":166,"320c65bf":166,"1fa1e7c2":166,"f1e86522":166,"646af2b9":166,"659389ad":166,"fa03f48f":166,"5298dafa":166,"240c8679":166,"0718c3be":166,"25f7f918":166,"8b503f7b":166,"c5311ebb":166,"105bb3f6":166,"87a8523c":166,"c416baa6":166,"58de5462":166,"f01c896d":166,"ae350a07":166,"680a32a6":166,"1f2670d0":166,"962c9c8f":166,"83ba647d":166,"aec0bf28":166,"cb0bd6b7":166,"8e426e39":166,"a017a323":166,"51909df8":166,"8801c469":166,"e22b0973":166,"b6281f1a":166,"23646ff9":166,"48c6df81":166,"5e165f43":166,"3abb827b":166,"f8785b71":166,"0c73c293":166,"88929b06":166,"ab4a411a":166,"08c4692e":166,"d7a4b24c":166,"5b2479ef":166,"686d5c0b":166,"f15eb1c5":166,"1d882c36":166,"71789493":166,"eb62e8f2":166,"5ac72353":166,"d1b14d06":166,"f6c074a7":166,"ffd6849d":166,"962fca02":166,"75968179":166,"bc8bdc23":166,"a71f3f70":166,"1f7aa83c":166,"732d62ee":166,"d4b0751c":166,"5b01444b":166,"79995b62":166,"97160db8":166,"589f0d6e":166,"51b4016a":166,"46bf9112":166,"092ad3d6":166,"bf940089":166,"01f34f98":166,"1670b0d3":166,"808bc372":166,"ec97d63e":166,"c792a7c1":166,"94208a41":166,"5a7da061":166,"06a94514":166,"2cbcad17":166,"4dccb5ca":166,"73c420df":166,"83268abf":166,"0700da70":166,"ff591765":166,"578c4c95":166,"c606b472":166,"93f12198":166,"62e270e5":166,"66b1b6d7":166,"b062adc4":166,"4aae5133":166,"63a3af32":166,"3fec4b0b":166,"faa3de3e":166,"44983d13":166,"80999122":166,"72af9198":166,"e39e9552":166,"81c1b70d":166,"e72f0f82":166,"88374b72":166,"fdfaf1ed":166,"ea981bed":166,"5e197575":166,"e587c4d0":166,"525b2635":166,"caa38a45":166,"a9987a58":166,"b6b8e5c7":166,"e82177d3":166,"89914b94":166,"04bdf5e1":166,"da8b42be":166,"3b0576bf":166,"9458934f":166,"9666b973":166,"653b27c7":166,"83b37fd6":166,"4d852788":166,"e43a9448":166,"3542b748":166,"379c53ab":166,"e396d80d":166,"7da61f27":166,"dc874a97":166,"85a220de":166,"40a7cdd2":166,"ac033c7b":166,"87759976":166,"4df3f62e":166,"c881a53e":166,"80c1c8b1":166,"1dcc489c":166,"945badf3":166,"1327775b":166,"bdd40125":166,"75fd47f7":166,"1c52a07e":166,"e70ccc25":166,"afd1494f":166,"ca6bffd3":166,"829c44a4":166,"e76e2617":166,"2b4fd52e":166,"57162572":166,"d1d50cfe":166,"cf52acd8":166,"a63cb4ce":166,"d3b3492b":166,"7580cfa4":166,"22a96386":166,"5c672b50":166,"5df16440":166,"b666e56d":166,"8db378ff":166,"784d6375":166,"4541bf85":166,"a6b13f20":166,"2459c882":166,"3df97186":166,"ef0490de":166,"e0f47ced":166,"309bbf54":166,"cc537772":166,"6618390c":166,"99cc0813":166,"dc32c4e1":166,"239c636e":166,"6ee160ff":166,"c55d40ca":166,"22c177a8":166
1601327241599,"00ae883f":166,"f416ee62":166,"0d2b182d":166,"320754c3":166,"232b2f64":166,"3171b6e7":166,"3b25460f":166,"d2064756":166,"272e7d0d":166,"f92596ee":166,"68831ea9":166,"9713d076":166,"fd098272":166,"6ee788a7":166,"8249641d":166,"45b0968f":166,"6a9bb182":166,"1f1afd4f":166,"25fb8826":166,"0dc5da58":166,"2874a625":166,"e61ae828":166,"f7ac3883":166,"ccd01528":166,"dab8cf68":166,"00f2a9cb":166,"916fe082":166,"b64dba8e":166,"c3bb30ce":166,"86219c70":166,"601990d8":166,"5c662c19":166,"d2a5d2fd":166,"89d220c2":166,"3e10c9cb":166,"5500a3e8":166,"3c0e87ac":166,"a891461f":166,"a246cdab":166,"117c7f0b":166,"0d21cf99":166,"14e6fe14":166,"37ec5e73":166,"bfff7913":166,"f8636899":166,"37724339":166,"d45d9727":166,"ee5ff2a3":166,"44322dfd":166,"295e4d1d":166,"8cf6570a":166,"403064a0":166,"312af46e":166,"b5a9f8c3":166,"fcbc0ae8":166,"2ff6b6a8":166,"66a71cc1":166,"bf4b58e4":166,"f7ffcbb8":166,"5728f934":166,"00b26865":166,"c333337d":166,"815c56bc":166,"5bd61a68":166,"8582c5cf":166,"0c353665":166,"231e8700":166,"1f9fbd85":166,"43f24679":166,"a1c0dfc4":166,"78f71162":166,"4b27a9a4":166,"163f4d19":166,"1d043d5a":166,"b2f82e06":166,"5b0b43e6":166,"b5474d69":166,"5a938eeb":166,"4fe0dedf":166,"951fc6d0":166,"61892a4c":166,"f096219e":166,"a3f0a6ec":166,"01051f84":166,"aa7e370d":166,"f995eeab":166,"4006e709":166,"0dedf63e":166,"a9d5374b":166,"4321f02d":166,"089b3f8f":166,"7698d0dc":166,"784414ce":166,"2df3efdb":166,"d0f1b7bd":166,"e7799883":166,"4f9456cf":166,"6e260ee8":166,"f4f84279":166,"b0950de5":166,"6f873999":166,"1f4e0e22":166,"60d69311":166,"3b09f1de":166,"b371f44a":166,"8b6180ff":166,"8819ac24":166,"dbbf7f69":166,"dfe4a061":166,"c2bf7d51":166,"781afef6":166,"de9229a0":166,"99a5feef":166,"f6266388":166,"e64fd39c":166,"a8edfe84":166,"2ed19b1e":166,"959e16ea":166,"02f76c64":166,"5c6d1f33":166,"b4801cae":166,"c3c2fd05":166,"f8c97147":166,"c2526ff3":166,"cc386067":166,"a22ffd8f":166,"3cd28a4d":166,"44a12c31":166,"45a961ca":166,"5ca978fd":166,"668e601b":166,"7552d86c":166,"02ebf3b6":166,"bb17a968":166,"4abcb85d":166,"cba26072":166,"2a718dcc":166,"c6a9a8e1":166,"88854fd0":166,"8dc27d2a":166,"41d7f05d":166,"e1b3ce36":166,"625fa164":166,"0c6ae551":166,"e8f4c1dd":166,"cede8b8c":166,"ad95ff4a":166,"893a99c5":166,"d8bf32b5":166,"0eb42efe":166,"03c4ab87":166,"4e3d3af7":166,"3a4803a8":166,"f7a7de5d":166,"d4e56c3e":166,"0c045c2d":166,"8efd4801":166,"7eb8f268":166,"20236d3e":166,"36ae8cd8":166,"3ddd5391":166,"07f69c6d":166,"2254f0f5":166,"ea282e84":166,"6653c83b":166,"c896052c":166,"287ecd1c":166,"f9376d3e":166,"07a94e8c":166,"bb017b49":166,"37b52fe4":166,"61ad1519":166,"819c4185":166,"ba69b06b":166,"7d2a2cb4":166,"4f62491c":166,"2b851827":166,"9f428a03":166,"4d504d96":166,"0533ece1":166,"bcee2ef3":166,"0afba00c":166,"04ff8100":166,"6c00d8d6":166,"ac9a02bc":166,"acfe69ed":166,"426603ff":166,"2db2f252":166,"2e84193b":166,"c55683c9":166,"51233daf":166,"02791635":166,"be081247":166,"5cc47d1b":166,"678b846f":166,"b4bd39d8":166,"b4cdbe5d":166,"fa0386f3":166,"b95d0f17":166,"cee9c347":166,"70b4c438":166,"71ed93db":166,"c92efaa8":166,"c241ac7e":166,"62a45672":166,"210e507a":166,"ac6e268b":166,"742238e8":166
1601327242642,"7800e7ce":167,"77869ff0":167,"4b8f7b16":167,"89f75690":167,"cb363e2f":167,"cd802f02":167,"d3cca7eb":167,"e866a899":167,"5690e712":167,"0b92d2a9":167,"070bed95":167,"67e5d108":167,"3d37b94b":167,"842c97c2":167,"c4cef92b":167,"0eecdc5b":167,"b7e495ea":167,"45ec63c0":167,"0ddfde2c":167,"a8b41774":167,"81f0da2d":167,"1fcc8ba4":167,"75a9c117":167,"12ba54ec":167,"be391c1a":167,"37d8a5b7":167,"d5d94481":167,"ffe48500":167,"c7a45a33":167,"faffe099":167,"e99490cd":167,"3b830769":167,"583f0305":167,"1557c50a":167,"249e80ab":167,"f52a3d94":167,"eb74d3dd":167,"3bcbc28d":167,"3c0455e7":167,"df203c79":167,"df1e1ac0":167,"491708eb":167,"e421caaa":167,"2d2ecf27":167,"d38a4953":167,"eba5efdd":167,"a5463f93":167,"c85ac4f8":167,"bc253f4f":167,"0d9d2bf8":167,"d5ab81c4":167,"2ecde685":167,"f0bd52d3":167,"dcc20f76":167,"666a8ef0":167,"c5b609f1":167,"4dc5849a":167,"d605c755":167,"8a8c1d67":167,"cc6b3306":167,"8c2dfd9a":167,"f11267b9":167,"a483b15e":167,"f80ab49d":167,"95eaed39":167,"a5ba0ebb":167,"f53362a9":167,"1901ef7e":167,"960c2e6b":167,"3515e999":167,"d11f8f1b":167,"9d9eb027":167,"325f9a29":167,"503aafe5":167,"846b7f11":167,"d3411467":167,"1df0ce7f":167,"a08171d0":167,"c8bc5677":167,"dfca0518":167,"b9a21017":167,"e47705d3":167,"3cae4115":167,"0ccf4731":167,"c7c6782d":167,"54346574":167,"b12cbf87":167,"81942d9b":167,"699b90c1":167,"d9b5a7a8":167,"1e7914d2":167,"e5d8fdb2":167,"3412ab75":167,"bcac5daf":167,"62d028cc":167,"0af2cf39":167,"27491297":167,"d041ea86":167
1601327243089,"1eda11b2":167,"fc442678":167,"18c73816":167,"e491161e":167,"b5087677":167,"16f60bed":167,"cb0c3481":167,"7664512c":167,"df9a53b8":167,"f6c27b2b":167,"945f6c24":167,"f1daea7e":167,"b8fb90e3":167,"56227e35":167,"0d6bf22a":167,"b87321d0":167,"43205b5d":167,"8982905a":167,"080d5d42":167,"5d03f5dc":167,"f0a01341":167,"1ee4d9f9":167,"0d6e45e7":167,"0da97151":167,"e829038c":167,"4987cfb5":167,"ba90687c":167,"77f2cf92":167,"037e2be4":167,"9e7dbd20":167,"0c086273":167,"ac13c3b0":167,"b4d9c57f":167,"5d53c964":167,"8ee9cc91":167,"4cc0af91":167,"55f6a2ba":167,"9559ea96":167,"9cb044bf":167,"16b25add":167,"80ee333e":167,"3b329af2":167,"1cd662bf":167,"72992b35":167,"47589344":167,"593b1533":167,"e9f6e5ce":167,"ed6bead5":167,"96f594b9":167,"94dfcfc5":167,"8301986e":167,"830ecfec":167,"a8bae791":167,"f6fe1ad7":167,"230064fa":167,"764e0abb":167,"bba6d88e":167,"ea3479ec":167,"32266fa3":167,"50b090c3":167,"8be24763":167,"eb4800b2":167,"6e0ce9dc":167,"87d9bec4":167,"e30dfa0c":167,"6da34174":167,"bfb849fa":167,"0a10b423":167,"9ef7cee7":167,"49f1a0d1":167,"5f04aa76":167,"ba297382":167,"0287db2a":167,"96abe4a9":167,"753b10b1":167,"cf14bd99":167,"782022f4":167,"322e833f":167,"ab3619e4":167,"106006ad":167,"c8237be9":167,"1416e8f5":167,"dde2eed5":167,"a208caa8":167,"16605353":167,"77b39e15":167,"f1726edb":167,"312009ee":167,"c98759fd":167,"e8b6d676":167,"45ee5840":167,"76f04033":167,"43480b19":167,"fd955858":167,"69798d15":167,"efea71fa":167,"fb3aa867":167,"c9cf710b":167,"fcacdeb3":167,"0ea055ed":167,"e3b1bdf8":167,"644b45fb":167,"92b72493":167,"d3e58903":167,"4481c4be":167,"7954891b":167,"4afd60a9":167,"d44c0ea3":167,"68f87858":167,"533bac6b":167,"41634dba":167,"43fd1327":167,"113e7f4b":167,"8cce569a":167,"ce6401b6":167,"6f57824c":167,"28bd7aa1":167,"1d52fb0d":167,"cde0d748":167,"535ed444":167,"710f0d0e":167,"0905f1fb":167,"a20e529c":167,"1ae76fcc":167,"35b161d3":167,"344cd1a3":167,"77ea1236":167,"96d2a118":167,"23a0e41f":167,"b32a1080":167,"a2c4b591":167,"6dfa57be":167,"1854ce44":167,"f92b22f1":167,"ece12664":167,"36f4ecde":167,"568a0d58":167,"5fd569d2":167,"10c8fd03":167,"bd4ccb49":167,"e773d697":167,"7e8c11e7":167,"077eb15a":167,"5337c279":167,"8d256cb6":167,"7021c619":167,"32ae00db":167,"bf2defb2":167,"bc733a28":167,"30d32d34":167,"886c16d3":167,"e8d09b62":167
1601327243746,"5b09e53e":167,"da5bb0f7":167,"6d925c84":167,"50b23ab2":167,"edfa56d4":167,"899c16eb":167,"41c76041":167,"6bb1fa99":167,"d73ff72e":167,"61c0ca91":167,"d2fda7be":167,"590ce3d3":167,"1802d7ce":167,"0a49914b":167,"5d3f5cad":167,"cf347cba":167,"fc0c23f7":167,"641f9b9e":167,"c92edec5":167,"9f03c1e7":167,"06c24a8d":167,"2f35e75f":167,"3eddf7c8":167,"77970f8b":167,"efd594d5":167,"4718294d":167,"5352cf45":167,"e0ffe8ff":167,"ae14d6b5":167,"721f5f42":167,"0b50bca6":167,"bf2ca266":167,"5d8d9641":167,"0de67c6c":167,"2311399f":167,"5e3ebf5e":167,"9f6ca218":167,"6213799d":167,"44cb1fd2":167,"ce20ca3c":167,"1d2d958b":167,"81fb6a01":167,"7f5b27c8":167,"fb3444d9":167,"f05de640":167,"86a68967":167,"56cd4dca":167,"7f469f4c":167,"f92dedfc":167,"355d1489":167,"f96fc1af":167,"06713bac":167,"61aca924":167,"d97fb857":167,"59ff5ec6":167,"ef04e64e":167,"6e2d04de":167,"2fca1798":167,"05028839":167,"5488826c":167,"84fff5c1":167,"c649992d":167,"d5ad3ed6":167,"8e5f7187":167,"55ba7579":167,"b7769ca6":167,"9c27de51":167,"38a75b48":167,"1792bfa3":167,"426f1904":167,"7c0f1ca9":167,"b2f820ac":167,"25d4f65d":167,"eddb6a2a":167,"ff8a00aa":167,"baf19c25":167,"24a79a6e":167,"edde30af":167,"4d949e11":167,"df12f689":167,"1da10cbf":167,"832c48e4":167,"dc90a44c":167,"1ad7c45b":167,"5566c17c":167,"86a22252":167,"0000dece":167,"ce5efdbe":167,"58ace2b5":167,"d379fd96":167,"7b819458":167,"7f8024cd":167,"ae562513":167,"7b66dacd":167,"9ab137d7":167,"7191d1cd":167,"005354dd":167,"c146560b":167,"985068e7":167,"d543ba6f":167,"3b3569f6":167,"b01ab62a":167,"76da16fa":167,"bffee581":167,"07150038":167,"080fa362":167,"7b6945ad":167,"a40d08e1":167,"cec79bc2":167,"d2eff358":167,"e70aebb5":167,"a488b2f1":167,"4caa87d6":167,"f7076e21":167,"69e653b6":167,"98d2991b":167,"3b411d6a":167,"83826ef3":167,"595609d5":167,"b47f1b89":167,"8e6caf71":167,"9a3433b8":167,"b89112cb":167,"66736d5e":167,"30de89a7":167,"06aaa33f":167,"320c65bf":167,"1fa1e7c2":167,"f1e86522":167,"fa03f48f":167,"646af2b9":167,"5298dafa":167,"659389ad":167,"240c8679":167,"25f7f918":167,"0718c3be":167,"c5311ebb":167,"8b503f7b":167,"105bb3f6":167,"58de5462":167,"87a8523c":167,"c416baa6":167,"f01c896d":167,"1f2670d0":167,"ae350a07":167,"962c9c8f":167,"680a32a6":167,"aec0bf28":167,"83ba647d":167,"cb0bd6b7":167,"a017a323":167,"8e426e39":167,"8801c469":167,"b6281f1a":167,"51909df8":167,"e22b0973":167,"48c6df81":167,"5e165f43":167,"23646ff9":167,"3abb827b":167,"f8785b71":167,"ab4a411a":167,"0c73c293":167,"d7a4b24c":167,"88929b06":167,"686d5c0b":167,"08c4692e":167,"5b2479ef":167,"f15eb1c5":167,"1d882c36":167,"71789493":167,"eb62e8f2":167,"5ac72353":167,"d1b14d06":167,"f6c074a7":167,"ffd6849d":167,"962fca02":167,"75968179":167,"bc8bdc23":167,"a71f3f70":167,"1f7aa83c":167,"732d62ee":167,"d4b0751c":167,"5b01444b":167,"79995b62":167,"97160db8":167,"589f0d6e":167,"51b4016a":167,"46bf9112":167,"092ad3d6":167,"bf940089":167,"01f34f98":167,"1670b0d3":167,"ec97d63e":167,"94208a41":167,"2cbcad17":167,"808bc372":167,"c792a7c1":167,"4dccb5ca":167,"83268abf":167,"5a7da061":167,"06a94514":167,"578c4c95":167,"c606b472":167,"73c420df":167,"0700da70":167,"ff591765":167,"93f12198":167,"62e270e5":167,"66b1b6d7":167,"b062adc4":167,"4aae5133":167,"63a3af32":167,"3fec4b0b":167,"faa3de3e":167,"44983d13":167,"80999122":167,"72af9198":167,"e39e9552":167,"81c1b70d":167,"e72f0f82":167,"88374b72":167,"fdfaf1ed":167,"ea981bed":167,"5e197575":167,"e587c4d0":167,"525b2635":167,"caa38a45":167,"a9987a58":167,"b6b8e5c7":167,"e82177d3":167,"89914b94":167,"04bdf5e1":167,"da8b42be":167,"3b0576bf":167,"9458934f":167,"1dcc489c":167,"945badf3":167,"1327775b":167,"bdd40125":167,"75fd47f7":167,"1c52a07e":167,"9666b973":167,"653b27c7":167,"83b37fd6":167,"4d852788":167,"e43a9448":167,"3542b748":167,"379c53ab":167,"e396d80d":167,"7da61f27":167,"dc874a97":167,"85a220de":167,"40a7cdd2":167,"ac033c7b":167,"87759976":167,"4df3f62e":167,"e70ccc25":167,"afd1494f":167,"ca6bffd3":167,"829c44a4":167,"e76e2617":167,"2b4fd52e":167,"57162572":167,"d1d50cfe":167,"c881a53e":167,"80c1c8b1":167,"cf52acd8":167,"a63cb4ce":167,"d3b3492b":167,"7580cfa4":167,"22a96386":167,"5c672b50":167,"5df16440":167,"b666e56d":167,"8db378ff":167,"784d6375":167,"4541bf85":167,"a6b13f20":167,"2459c882":167,"3df97186":167,"ef0490de":167,"e0f47ced":167,"309bbf54":167,"cc537772":167,"6618390c":167,"99cc0813":167,"dc32c4e1":167,"239c636e":167,"6ee160ff":167,"c55d40ca":167,"22c177a8":167,"00ae883f":167,"f416ee62":167,"0d2b182d":167,"320754c3":167,"232b2f64":167,"3171b6e7":167,"3b25460f":167,"d2064756":167,"272e7d0d":167,"f92596ee":167,"68831ea9":167,"9713d076":167,"fd098272":167,"6ee788a7":167,"8249641d":167,"45b0968f":167,"6a9bb182":167,"1f1afd4f":167,"25fb8826":167,"0dc5da58":167,"2874a625":167,"e61ae828":167,"f7ac3883":167,"ccd01528":167,"dab8cf68":167,"00f2a9cb":167,"916fe082":167,"b64dba8e":167,"c3bb30ce":167,"86219c70":167,"601990d8":167,"5c662c19":167,"d2a5d2fd":167,"89d220c2":167,"3e10c9cb":167,"5500a3e8":167,"3c0e87ac":167,"a891461f":167,"a246cdab":167,"117c7f0b":167,"0d21cf99":167,"14e6fe14":167,"37ec5e73":167,"bfff7913":167,"f8636899":167,"37724339":167,"d45d9727":167,"ee5ff2a3":167,"44322dfd":167,"295e4d1d":167,"8cf6570a":167,"403064a0":167,"312af46e":167,"b5a9f8c3":167,"fcbc0ae8":167,"2ff6b6a8":167,"66a71cc1":167,"bf4b58e4":167,"f7ffcbb8":167,"5728f934":167,"00b26865":167,"c333337d":167,"815c56bc":167,"5bd61a68":167,"8582c5cf":167,"0c353665":167,"231e8700":167,"1f9fbd85":167,"43f24679":167,"a1c0dfc4":167,"78f71162":167,"4b27a9a4":167,"163f4d19":167,"1d043d5a":167,"b2f82e06":167,"5b0b43e6":167,"b5474d69":167,"5a938eeb":167,"4fe0dedf":167,"951fc6d0":167,"61892a4c":167,"f096219e":167,"a3f0a6ec":167,"01051f84":167,"aa7e370d":167,"f995eeab":167,"4006e709":167,"0dedf63e":167,"a9d5374b":167,"4321f02d":167,"089b3f8f":167,"7698d0dc":167,"784414ce":167,"2df3efdb":167,"d0f1b7bd":167,"e7799883":167,"4f9456cf":167,"6e260ee8":167,"f4f84279":167,"b0950de5":167,"6f873999":167,"1f4e0e22":167,"60d69311":167,"3b09f1de":167,"b371f44a":167,"8b6180ff":167,"8819ac24":167,"dbbf7f69":167
1601327243906,"a8edfe84":167,"2ed19b1e":167,"959e16ea":167,"02f76c64":167,"5c6d1f33":167,"b4801cae":167,"c3c2fd05":167,"f8c97147":167,"c2526ff3":167,"cc386067":167,"a22ffd8f":167,"3cd28a4d":167,"44a12c31":167,"45a961ca":167,"5ca978fd":167,"668e601b":167,"7552d86c":167,"02ebf3b6":167,"bb17a968":167,"4abcb85d":167,"cba26072":167,"2a718dcc":167,"c6a9a8e1":167,"88854fd0":167,"dfe4a061":167,"c2bf7d51":167,"781afef6":167,"de9229a0":167,"99a5feef":167,"f6266388":167,"e64fd39c":167,"e1b3ce36":167,"625fa164":167,"0c6ae551":167,"e8f4c1dd":167,"cede8b8c":167,"ad95ff4a":167,"8dc27d2a":167,"41d7f05d":167,"2b851827":167,"9f428a03":167,"4d504d96":167,"0533ece1":167,"bcee2ef3":167,"0afba00c":167,"04ff8100":167,"6c00d8d6":167,"ac9a02bc":167,"acfe69ed":167,"426603ff":167,"2db2f252":167,"2e84193b":167,"c55683c9":167,"51233daf":167,"02791635":167,"be081247":167,"5cc47d1b":167,"678b846f":167,"b4bd39d8":167,"b4cdbe5d":167,"fa0386f3":167,"b95d0f17":167,"cee9c347":167,"893a99c5":167,"d8bf32b5":167,"0eb42efe":167,"03c4ab87":167,"4e3d3af7":167,"3a4803a8":167,"f7a7de5d":167,"d4e56c3e":167,"0c045c2d":167,"8efd4801":167,"7eb8f268":167,"20236d3e":167,"36ae8cd8":167,"3ddd5391":167,"07f69c6d":167,"2254f0f5":167,"ea282e84":167,"6653c83b":167,"c896052c":167,"287ecd1c":167,"f9376d3e":167,"07a94e8c":167,"bb017b49":167,"37b52fe4":167,"61ad1519":167,"819c4185":167,"ba69b06b":167,"7d2a2cb4":167,"4f62491c":167,"70b4c438":167,"71ed93db":167,"c92efaa8":167,"c241ac7e":167,"62a45672":167,"210e507a":167,"ac6e268b":167,"742238e8":167
1601327244743,"7800e7ce":168,"77869ff0":168,"4b8f7b16":168,"89f75690":168,"cb363e2f":168,"cd802f02":168,"d3cca7eb":168,"e866a899":168,"5690e712":168,"0b92d2a9":168,"070bed95":168,"67e5d108":168,"3d37b94b":168,"842c97c2":168,"c4cef92b":168,"0eecdc5b":168,"b7e495ea":168,"45ec63c0":168,"0ddfde2c":168,"a8b41774":168,"81f0da2d":168,"1fcc8ba4":168,"75a9c117":168,"12ba54ec":168,"be391c1a":168,"37d8a5b7":168,"d5ab81c4":168,"2ecde685":168,"f0bd52d3":168,"dcc20f76":168,"666a8ef0":168,"c5b609f1":168,"4dc5849a":168,"d605c755":168,"8a8c1d67":168,"cc6b3306":168,"8c2dfd9a":168,"f11267b9":168,"a483b15e":168,"f80ab49d":168,"95eaed39":168,"a5ba0ebb":168,"f53362a9":168,"1901ef7e":168,"960c2e6b":168,"3515e999":168,"d11f8f1b":168,"9d9eb027":168,"325f9a29":168,"503aafe5":168
1601327245059,"d5d94481":168,"ffe48500":168,"c7a45a33":168,"faffe099":168,"e99490cd":168,"3b830769":168,"583f0305":168,"1557c50a":168,"249e80ab":168,"f52a3d94":168,"eb74d3dd":168,"3bcbc28d":168,"3c0455e7":168,"df203c79":168,"df1e1ac0":168,"491708eb":168,"e421caaa":168,"2d2ecf27":168,"d38a4953":168,"eba5efdd":168,"a5463f93":168,"c85ac4f8":168,"bc253f4f":168,"0d9d2bf8":168,"846b7f11":168,"d3411467":168,"1df0ce7f":168,"a08171d0":168,"c8bc5677":168,"dfca0518":168,"b9a21017":168,"e47705d3":168,"3cae4115":168,"0ccf4731":168,"c7c6782d":168,"54346574":168,"b12cbf87":168,"81942d9b":168,"699b90c1":168,"d9b5a7a8":168,"1e7914d2":168,"e5d8fdb2":168,"3412ab75":168,"bcac5daf":168,"62d028cc":168,"0af2cf39":168,"27491297":168,"d041ea86":168,"1eda11b2":168,"fc442678":168,"080d5d42":168,"5d03f5dc":168,"f0a01341":168,"1ee4d9f9":168,"0d6e45e7":168,"0da97151":168,"e829038c":168,"4987cfb5":168,"ba90687c":168,"77f2cf92":168,"037e2be4":168,"9e7dbd20":168,"0c086273":168,"ac13c3b0":168,"b4d9c57f":168,"5d53c964":168,"8ee9cc91":168,"4cc0af91":168,"55f6a2ba":168,"9559ea96":168,"9cb044bf":168,"16b25add":168,"80ee333e":168,"3b329af2":168,"1cd662bf":168,"72992b35":168,"47589344":168,"593b1533":168,"e9f6e5ce":168,"ed6bead5":168,"96f594b9":168,"94dfcfc5":168,"8301986e":168,"830ecfec":168,"a8bae791":168,"312009ee":168,"c98759fd":168,"e8b6d676":168,"45ee5840":168,"76f04033":168,"43480b19":168,"fd955858":168,"69798d15":168,"efea71fa":168,"fb3aa867":168,"18c73816":168,"e491161e":168,"b5087677":168,"16f60bed":168,"cb0c3481":168,"7664512c":168,"df9a53b8":168,"f6c27b2b":168,"945f6c24":168,"f1daea7e":168,"b8fb90e3":168,"56227e35":168,"c9cf710b":168,"fcacdeb3":168,"0ea055ed":168,"e3b1bdf8":168,"644b45fb":168
1601327245628,"0d6bf22a":168,"b87321d0":168,"43205b5d":168,"8982905a":168,"f6fe1ad7":168,"230064fa":168,"764e0abb":168,"bba6d88e":168,"ea3479ec":168,"32266fa3":168,"50b090c3":168,"8be24763":168,"eb4800b2":168,"6e0ce9dc":168,"87d9bec4":168,"e30dfa0c":168,"6da34174":168,"bfb849fa":168,"0a10b423":168,"9ef7cee7":168,"49f1a0d1":168,"5f04aa76":168,"ba297382":168,"0287db2a":168,"96abe4a9":168,"753b10b1":168,"cf14bd99":168,"782022f4":168,"322e833f":168,"ab3619e4":168,"106006ad":168,"c8237be9":168,"1416e8f5":168,"dde2eed5":168,"a208caa8":168,"16605353":168,"77b39e15":168,"f1726edb":168,"92b72493":168,"d3e58903":168,"4481c4be":168,"7954891b":168,"4afd60a9":168,"d44c0ea3":168,"68f87858":168,"533bac6b":168,"41634dba":168,"43fd1327":168,"113e7f4b":168,"8cce569a":168,"ce6401b6":168,"6f57824c":168,"28bd7aa1":168,"1d52fb0d":168,"cde0d748":168,"535ed444":168,"710f0d0e":168,"0905f1fb":168,"a20e529c":168,"1ae76fcc":168,"35b161d3":168,"344cd1a3":168,"77ea1236":168,"96d2a118":168,"23a0e41f":168,"b32a1080":168,"590ce3d3":168,"1802d7ce":168,"0a49914b":168,"a2c4b591":168,"6dfa57be":168,"1854ce44":168,"f92b22f1":168,"ece12664":168,"36f4ecde":168,"568a0d58":168,"5fd569d2":168,"10c8fd03":168,"bd4ccb49":168,"e773d697":168,"7e8c11e7":168,"077eb15a":168,"5337c279":168,"8d256cb6":168,"7021c619":168,"32ae00db":168,"bf2defb2":168,"bc733a28":168,"30d32d34":168,"886c16d3":168,"e8d09b62":168,"5b09e53e":168,"da5bb0f7":168,"5d3f5cad":168,"cf347cba":168,"fc0c23f7":168,"641f9b9e":168,"c92edec5":168,"9f03c1e7":168,"06c24a8d":168,"2f35e75f":168,"3eddf7c8":168,"77970f8b":168,"efd594d5":168,"4718294d":168,"5352cf45":168,"e0ffe8ff":168,"ae14d6b5":168,"721f5f42":168,"0b50bca6":168,"bf2ca266":168,"5d8d9641":168,"0de67c6c":168,"2311399f":168,"5e3ebf5e":168,"9f6ca218":168,"6213799d":168,"44cb1fd2":168,"baf19c25":168,"24a79a6e":168,"edde30af":168,"4d949e11":168,"df12f689":168,"1da10cbf":168,"832c48e4":168,"dc90a44c":168,"1ad7c45b":168,"5566c17c":168,"86a22252":168,"0000dece":168,"ce5efdbe":168,"58ace2b5":168,"d379fd96":168,"7b819458":168,"7f8024cd":168,"ae562513":168,"7b66dacd":168,"9ab137d7":168,"7191d1cd":168,"005354dd":168,"6d925c84":168,"50b23ab2":168,"edfa56d4":168,"899c16eb":168,"41c76041":168,"6bb1fa99":168,"d73ff72e":168,"61c0ca91":168,"d2fda7be":168,"ce20ca3c":168,"1d2d958b":168,"81fb6a01":168,"7f5b27c8":168,"fb3444d9":168,"f05de640":168,"86a68967":168,"56cd4dca":168,"7f469f4c":168,"f92dedfc":168,"355d1489":168,"f96fc1af":168,"06713bac":168,"61aca924":168,"d97fb857":168,"59ff5ec6":168,"ef04e64e":168,"6e2d04de":168,"2fca1798":168,"05028839":168,"5488826c":168,"84fff5c1":168,"c649992d":168,"d5ad3ed6":168,"8e5f7187":168,"55ba7579":168,"b7769ca6":168,"9c27de51":168,"38a75b48":168,"1792bfa3":168,"426f1904":168,"7c0f1ca9":168,"b2f820ac":168,"25d4f65d":168,"eddb6a2a":168,"ff8a00aa":168,"c146560b":168,"985068e7":168,"d543ba6f":168,"3b3569f6":168,"b01ab62a":168,"76da16fa":168,"bffee581":168,"07150038":168,"080fa362":168,"7b6945ad":168,"a40d08e1":168,"cec79bc2":168,"d2eff358":168,"e70aebb5":168,"a488b2f1":168,"4caa87d6":168,"f7076e21":168,"69e653b6":168,"98d2991b":168,"3b411d6a":168,"83826ef3":168,"595609d5":168,"b47f1b89":168,"8e6caf71":168,"9a3433b8":168,"b89112cb":168,"66736d5e":168,"30de89a7":168,"06aaa33f":168,"320c65bf":168,"1fa1e7c2":168,"f1e86522":168,"646af2b9":168,"fa03f48f":168,"659389ad":168,"5298dafa":168,"240c8679":168,"25f7f918":168,"0718c3be":168,"c5311ebb":168,"8b503f7b":168,"105bb3f6":168,"87a8523c":168,"58de5462":168,"c416baa6":168,"f01c896d":168,"ae350a07":168,"680a32a6":168,"1f2670d0":168,"83ba647d":168,"962c9c8f":168,"cb0bd6b7":168,"aec0bf28":168,"8e426e39":168,"a017a323":168,"8801c469":168,"51909df8":168,"b6281f1a":168,"e22b0973":168,"48c6df81":168,"23646ff9":168,"3abb827b":168,"5e165f43":168,"0c73c293":168,"f8785b71":168,"88929b06":168,"ab4a411a":168,"d7a4b24c":168,"08c4692e":168,"5b2479ef":168,"686d5c0b":168,"f15eb1c5":168,"1d882c36":168,"eb62e8f2":168,"71789493":168,"5ac72353":168,"d1b14d06":168,"272e7d0d":168,"f92596ee":168,"68831ea9":168,"9713d076":168,"fd098272":168,"6ee788a7":168,"8249641d":168,"45b0968f":168,"6a9bb182":168,"1f1afd4f":168,"25fb8826":168,"0dc5da58":168,"2874a625":168,"e61ae828":168,"f6c074a7":168,"ffd6849d":168,"962fca02":168,"75968179":168,"bc8bdc23":168,"a71f3f70":168,"1f7aa83c":168,"732d62ee":168,"d4b0751c":168,"5b01444b":168,"79995b62":168,"97160db8":168,"589f0d6e":168,"51b4016a":168,"46bf9112":168,"092ad3d6":168,"bf940089":168,"01f34f98":168,"1670b0d3":168,"ec97d63e":168,"94208a41":168,"2cbcad17":168,"4dccb5ca":168,"808bc372":168,"83268abf":168,"c792a7c1":168,"578c4c95":168,"5a7da061":168,"06a94514":168,"c606b472":168,"73c420df":168,"0700da70":168,"ff591765":168,"93f12198":168,"62e270e5":168,"66b1b6d7":168,"b062adc4":168,"4aae5133":168,"63a3af32":168,"3fec4b0b":168,"faa3de3e":168,"44983d13":168,"f7ac3883":168,"ccd01528":168,"dab8cf68":168,"00f2a9cb":168,"916fe082":168,"b64dba8e":168,"c3bb30ce":168,"86219c70":168,"601990d8":168,"5c662c19":168,"d2a5d2fd":168,"89d220c2":168,"3e10c9cb":168,"5500a3e8":168,"3c0e87ac":168,"a891461f":168,"a246cdab":168,"117c7f0b":168,"80999122":168,"72af9198":168,"e39e9552":168,"81c1b70d":168,"e72f0f82":168,"88374b72":168,"fdfaf1ed":168,"ea981bed":168,"5e197575":168,"e587c4d0":168,"525b2635":168,"caa38a45":168,"a9987a58":168,"b6b8e5c7":168,"e82177d3":168,"89914b94":168,"04bdf5e1":168,"da8b42be":168,"3b0576bf":168,"9458934f":168,"1dcc489c":168,"945badf3":168,"1327775b":168,"bdd40125":168,"75fd47f7":168,"1c52a07e":168,"e70ccc25":168,"afd1494f":168,"ca6bffd3":168,"829c44a4":168,"e76e2617":168,"2b4fd52e":168,"57162572":168,"d1d50cfe":168,"0d21cf99":168,"14e6fe14":168,"37ec5e73":168,"bfff7913":168,"f8636899":168,"37724339":168,"d45d9727":168,"ee5ff2a3":168,"44322dfd":168,"295e4d1d":168,"8cf6570a":168,"403064a0":168,"312af46e":168,"b5a9f8c3":168,"fcbc0ae8":168,"2ff6b6a8":168,"66a71cc1":168,"bf4b58e4":168,"9666b973":168,"653b27c7":168,"83b37fd6":168,"4d852788":168,"e43a9448":168,"3542b748":168,"379c53ab":168,"e396d80d":168,"7da61f27":168,"dc874a97":168,"85a220de":168,"40a7cdd2":168,"ac033c7b":168,"87759976":168,"4df3f62e":168,"c881a53e":168,"80c1c8b1":168,"cf52acd8":168,"a63cb4ce":168,"d3b3492b":168,"7580cfa4":168,"22a96386":168,"5c672b50":168,"5df16440":168,"b666e56d":168,"8db378ff":168,"784d6375":168,"4541bf85":168,"a6b13f20":168,"2459c882":168,"3df97186":168,"ef0490de":168,"e0f47ced":168,"309bbf54":168,"cc537772":168,"6618390c":168,"99cc0813":168,"dc32c4e1":168,"239c636e":168,"6ee160ff":168,"c55d40ca":168,"22c177a8":168,"00ae883f":168,"f416ee62":168,"0d2b182d":168,"320754c3":168,"232b2f64":168,"3171b6e7":168,"3b25460f":168,"d2064756":168,"f7ffcbb8":168,"5728f934":168,"00b26865":168,"c333337d":168,"815c56bc":168,"5bd61a68":168,"8582c5cf":168,"0c353665":168,"231e8700":168,"1f9fbd85":168,"43f24679":168,"a1c0dfc4":168,"78f71162":168,"4b27a9a4":168,"163f4d19":168,"1d043d5a":168,"b2f82e06":168,"5b0b43e6":168,"b5474d69":168,"5a938eeb":168,"4fe0dedf":168,"951fc6d0":168,"61892a4c":168,"f096219e":168,"a3f0a6ec":168,"01051f84":168,"aa7e370d":168,"f995eeab":168,"4006e709":168,"0dedf63e":168,"a9d5374b":168,"4321f02d":168,"089b3f8f":168,"7698d0dc":168,"784414ce":168
1601327246168,"2df3efdb":168,"d0f1b7bd":168,"e7799883":168,"4f9456cf":168,"6e260ee8":168,"f4f84279":168,"b0950de5":168,"6f873999":168,"1f4e0e22":168,"60d69311":168,"3b09f1de":168,"b371f44a":168,"8b6180ff":168,"8819ac24":168,"dbbf7f69":168,"a8edfe84":168,"2ed19b1e":168,"959e16ea":168,"02f76c64":168,"5c6d1f33":168,"b4801cae":168,"c3c2fd05":168,"f8c97147":168,"c2526ff3":168,"cc386067":168,"a22ffd8f":168,"3cd28a4d":168,"44a12c31":168,"45a961ca":168,"5ca978fd":168,"668e601b":168,"dfe4a061":168,"c2bf7d51":168,"781afef6":168,"de9229a0":168,"99a5feef":168,"f6266388":168,"e64fd39c":168,"e1b3ce36":168,"625fa164":168,"0c6ae551":168,"e8f4c1dd":168,"cede8b8c":168,"ad95ff4a":168,"893a99c5":168,"d8bf32b5":168,"0eb42efe":168,"03c4ab87":168,"4e3d3af7":168,"3a4803a8":168,"f7a7de5d":168,"d4e56c3e":168,"0c045c2d":168,"8efd4801":168,"7eb8f268":168,"20236d3e":168,"7552d86c":168,"02ebf3b6":168,"bb17a968":168,"4abcb85d":168,"cba26072":168,"2a718dcc":168,"c6a9a8e1":168,"88854fd0":168,"8dc27d2a":168,"41d7f05d":168,"2b851827":168,"9f428a03":168,"4d504d96":168,"0533ece1":168,"bcee2ef3":168,"0afba00c":168,"04ff8100":168,"6c00d8d6":168,"ac9a02bc":168,"acfe69ed":168,"426603ff":168,"2db2f252":168,"2e84193b":168,"c55683c9":168,"51233daf":168,"02791635":168,"be081247":168,"5cc47d1b":168,"678b846f":168,"b4bd39d8":168,"b4cdbe5d":168,"fa0386f3":168,"b95d0f17":168,"cee9c347":168,"36ae8cd8":168,"3ddd5391":168,"07f69c6d":168,"2254f0f5":168,"ea282e84":168,"6653c83b":168,"c896052c":168,"287ecd1c":168,"f9376d3e":168,"07a94e8c":168,"bb017b49":168,"37b52fe4":168,"61ad1519":168,"819c4185":168,"ba69b06b":168,"7d2a2cb4":168,"4f62491c":168,"70b4c438":168,"71ed93db":168,"c92efaa8":168,"c241ac7e":168,"62a45672":168,"210e507a":168,"ac6e268b":168,"742238e8":168
1601327246568,"7800e7ce":169,"77869ff0":169,"4b8f7b16":169,"89f75690":169,"cb363e2f":169,"cd802f02":169,"d3cca7eb":169,"e866a899":169,"5690e712":169,"0b92d2a9":169,"070bed95":169,"67e5d108":169,"3d37b94b":169,"842c97c2":169,"c4cef92b":169,"0eecdc5b":169,"b7e495ea":169,"45ec63c0":169,"0ddfde2c":169,"a8b41774":169,"81f0da2d":169,"1fcc8ba4":169,"75a9c117":169,"12ba54ec":169,"be391c1a":169,"37d8a5b7":169,"d5ab81c4":169,"2ecde685":169,"f0bd52d3":169,"dcc20f76":169,"666a8ef0":169,"c5b609f1":169,"4dc5849a":169,"d605c755":169,"8a8c1d67":169,"cc6b3306":169,"8c2dfd9a":169,"f11267b9":169,"a483b15e":169,"f80ab49d":169,"95eaed39":169,"a5ba0ebb":169,"f53362a9":169,"1901ef7e":169,"960c2e6b":169,"3515e999":169,"d11f8f1b":169,"9d9eb027":169,"325f9a29":169,"503aafe5":169
1601327246751,"d5d94481":169,"ffe48500":169,"c7a45a33":169,"faffe099":169,"e99490cd":169,"3b830769":169,"583f0305":169,"1557c50a":169,"249e80ab":169,"f52a3d94":169,"eb74d3dd":169,"3bcbc28d":169,"3c0455e7":169,"df203c79":169,"080d5d42":169,"5d03f5dc":169,"f0a01341":169,"1ee4d9f9":169,"0d6e45e7":169,"0da97151":169,"e829038c":169,"4987cfb5":169,"ba90687c":169,"77f2cf92":169,"037e2be4":169,"9e7dbd20":169,"0c086273":169,"ac13c3b0":169,"b4d9c57f":169,"5d53c964":169,"8ee9cc91":169,"4cc0af91":169,"55f6a2ba":169,"9559ea96":169,"9cb044bf":169,"16b25add":169,"80ee333e":169,"3b329af2":169,"1cd662bf":169,"72992b35":169,"47589344":169,"593b1533":169,"e9f6e5ce":169,"ed6bead5":169,"96f594b9":169,"94dfcfc5":169,"8301986e":169,"830ecfec":169,"df1e1ac0":169,"491708eb":169,"e421caaa":169,"2d2ecf27":169,"d38a4953":169,"eba5efdd":169,"a5463f93":169,"c85ac4f8":169,"bc253f4f":169,"0d9d2bf8":169,"846b7f11":169,"d3411467":169,"1df0ce7f":169,"a08171d0":169,"c8bc5677":169,"dfca0518":169,"b9a21017":169,"e47705d3":169,"3cae4115":169,"0ccf4731":169,"c7c6782d":169,"54346574":169,"b12cbf87":169,"81942d9b":169,"699b90c1":169,"d9b5a7a8":169,"1e7914d2":169,"e5d8fdb2":169,"3412ab75":169,"bcac5daf":169,"62d028cc":169,"0af2cf39":169,"27491297":169,"d041ea86":169,"1eda11b2":169,"fc442678":169,"a8bae791":169,"312009ee":169,"c98759fd":169,"e8b6d676":169,"45ee5840":169,"76f04033":169,"43480b19":169,"fd955858":169,"69798d15":169,"efea71fa":169,"fb3aa867":169,"c9cf710b":169,"fcacdeb3":169,"0ea055ed":169,"e3b1bdf8":169,"644b45fb":169,"18c73816":169,"e491161e":169,"b5087677":169,"16f60bed":169,"cb0c3481":169,"7664512c":169,"df9a53b8":169,"f6c27b2b":169,"945f6c24":169,"f1daea7e":169,"b8fb90e3":169,"56227e35":169,"0d6bf22a":169,"b87321d0":169,"43205b5d":169,"8982905a":169,"f6fe1ad7":169,"230064fa":169,"764e0abb":169,"bba6d88e":169,"ea3479ec":169,"32266fa3":169,"50b090c3":169,"8be24763":169,"eb4800b2":169,"6e0ce9dc":169,"87d9bec4":169,"e30dfa0c":169,"6da34174":169,"bfb849fa":169,"0a10b423":169,"9ef7cee7":169,"49f1a0d1":169,"5f04aa76":169,"ba297382":169,"0287db2a":169,"96abe4a9":169,"753b10b1":169,"cf14bd99":169,"782022f4":169,"322e833f":169,"ab3619e4":169,"106006ad":169,"c8237be9":169,"1416e8f5":169,"dde2eed5":169,"a208caa8":169,"16605353":169,"77b39e15":169,"f1726edb":169,"590ce3d3":169,"1802d7ce":169,"0a49914b":169,"5d3f5cad":169,"cf347cba":169,"fc0c23f7":169,"641f9b9e":169,"c92edec5":169,"9f03c1e7":169,"06c24a8d":169,"2f35e75f":169,"3eddf7c8":169,"77970f8b":169,"efd594d5":169,"4718294d":169,"5352cf45":169,"e0ffe8ff":169,"ae14d6b5":169,"721f5f42":169,"0b50bca6":169,"bf2ca266":169,"5d8d9641":169,"0de67c6c":169,"2311399f":169,"5e3ebf5e":169,"9f6ca218":169,"6213799d":169,"44cb1fd2":169,"baf19c25":169,"24a79a6e":169,"edde30af":169,"4d949e11":169,"df12f689":169,"1da10cbf":169,"832c48e4":169,"dc90a44c":169,"1ad7c45b":169,"5566c17c":169,"86a22252":169,"0000dece":169,"ce5efdbe":169,"58ace2b5":169,"d379fd96":169,"7b819458":169,"7f8024cd":169,"ae562513":169,"7b66dacd":169,"9ab137d7":169,"7191d1cd":169,"005354dd":169,"92b72493":169,"d3e58903":169,"4481c4be":169,"7954891b":169,"4afd60a9":169,"d44c0ea3":169,"68f87858":169,"533bac6b":169,"41634dba":169,"43fd1327":169,"113e7f4b":169,"8cce569a":169,"ce6401b6":169,"6f57824c":169,"28bd7aa1":169,"1d52fb0d":169,"cde0d748":169,"535ed444":169,"710f0d0e":169,"0905f1fb":169,"a20e529c":169,"1ae76fcc":169
1601327247467,"35b161d3":169,"344cd1a3":169,"77ea1236":169,"96d2a118":169,"23a0e41f":169,"b32a1080":169,"a2c4b591":169,"6dfa57be":169,"1854ce44":169,"f92b22f1":169,"ece12664":169,"36f4ecde":169,"568a0d58":169,"5fd569d2":169,"10c8fd03":169,"bd4ccb49":169,"e773d697":169,"7e8c11e7":169,"077eb15a":169,"5337c279":169,"8d256cb6":169,"7021c619":169,"32ae00db":169,"bf2defb2":169,"bc733a28":169,"30d32d34":169,"886c16d3":169,"e8d09b62":169,"5b09e53e":169,"da5bb0f7":169,"6d925c84":169,"50b23ab2":169,"edfa56d4":169,"899c16eb":169,"41c76041":169,"6bb1fa99":169,"d73ff72e":169,"61c0ca91":169,"d2fda7be":169,"ce20ca3c":169,"1d2d958b":169,"81fb6a01":169,"7f5b27c8":169,"fb3444d9":169,"f05de640":169,"86a68967":169,"56cd4dca":169,"7f469f4c":169,"f92dedfc":169,"355d1489":169,"f96fc1af":169,"06713bac":169,"61aca924":169,"d97fb857":169,"59ff5ec6":169,"ef04e64e":169,"6e2d04de":169,"2fca1798":169,"05028839":169,"5488826c":169,"84fff5c1":169,"c649992d":169,"d5ad3ed6":169,"8e5f7187":169,"55ba7579":169,"b7769ca6":169,"9c27de51":169,"38a75b48":169,"1792bfa3":169,"426f1904":169,"7c0f1ca9":169,"b2f820ac":169,"25d4f65d":169,"eddb6a2a":169,"ff8a00aa":169,"c146560b":169,"985068e7":169,"d543ba6f":169,"3b3569f6":169,"b01ab62a":169,"76da16fa":169,"bffee581":169,"07150038":169,"080fa362":169,"7b6945ad":169,"a40d08e1":169,"cec79bc2":169,"d2eff358":169,"e70aebb5":169,"a488b2f1":169,"4caa87d6":169,"f7076e21":169,"69e653b6":169,"98d2991b":169,"3b411d6a":169,"83826ef3":169,"595609d5":169,"b47f1b89":169,"8e6caf71":169,"9a3433b8":169,"b89112cb":169,"66736d5e":169,"f1e86522":169,"fa03f48f":169,"30de89a7":169,"5298dafa":169,"06aaa33f":169,"25f7f918":169,"320c65bf":169,"c5311ebb":169,"1fa1e7c2":169,"105bb3f6":169,"646af2b9":169,"58de5462":169,"659389ad":169,"240c8679":169,"f01c896d":169,"0718c3be":169,"1f2670d0":169,"962c9c8f":169,"8b503f7b":169,"aec0bf28":169,"87a8523c":169,"a017a323":169,"c416baa6":169,"8801c469":169,"ae350a07":169,"b6281f1a":169,"680a32a6":169,"48c6df81":169,"83ba647d":169,"cb0bd6b7":169,"5e165f43":169,"8e426e39":169,"f8785b71":169,"51909df8":169,"ab4a411a":169,"e22b0973":169,"d7a4b24c":169,"686d5c0b":169,"23646ff9":169,"f15eb1c5":169,"3abb827b":169,"0c73c293":169,"71789493":169,"88929b06":169,"5ac72353":169,"d1b14d06":169,"08c4692e":169,"f6c074a7":169,"5b2479ef":169,"1d882c36":169,"ffd6849d":169,"962fca02":169,"eb62e8f2":169,"75968179":169,"bc8bdc23":169,"a71f3f70":169,"1f7aa83c":169,"732d62ee":169,"d4b0751c":169,"5b01444b":169,"79995b62":169,"97160db8":169,"589f0d6e":169,"51b4016a":169,"46bf9112":169,"092ad3d6":169,"bf940089":169,"01f34f98":169,"1670b0d3":169,"ec97d63e":169,"94208a41":169,"2cbcad17":169,"4dccb5ca":169,"808bc372":169,"83268abf":169,"c792a7c1":169,"578c4c95":169,"5a7da061":169,"c606b472":169,"06a94514":169,"73c420df":169,"0700da70":169,"ff591765":169,"93f12198":169,"62e270e5":169,"66b1b6d7":169,"b062adc4":169,"4aae5133":169,"63a3af32":169,"3fec4b0b":169,"faa3de3e":169,"44983d13":169,"80999122":169,"72af9198":169,"e39e9552":169,"81c1b70d":169,"e72f0f82":169,"88374b72":169,"fdfaf1ed":169,"ea981bed":169,"5e197575":169,"e587c4d0":169,"525b2635":169,"caa38a45":169,"a9987a58":169,"b6b8e5c7":169,"e82177d3":169,"89914b94":169,"04bdf5e1":169,"da8b42be":169,"3b0576bf":169,"9458934f":169,"1dcc489c":169,"945badf3":169,"1327775b":169,"bdd40125":169,"75fd47f7":169,"1c52a07e":169,"e70ccc25":169,"afd1494f":169,"ca6bffd3":169,"829c44a4":169,"e76e2617":169,"2b4fd52e":169,"57162572":169,"d1d50cfe":169,"272e7d0d":169,"f92596ee":169,"68831ea9":169,"9713d076":169,"fd098272":169,"6ee788a7":169,"8249641d":169,"45b0968f":169,"6a9bb182":169,"1f1afd4f":169,"25fb8826":169,"0dc5da58":169,"2874a625":169,"e61ae828":169,"f7ac3883":169,"ccd01528":169,"dab8cf68":169,"00f2a9cb":169,"916fe082":169,"b64dba8e":169,"c3bb30ce":169,"86219c70":169,"601990d8":169,"9666b973":169,"653b27c7":169,"83b37fd6":169,"4d852788":169,"e43a9448":169,"3542b748":169,"379c53ab":169,"e396d80d":169,"7da61f27":169,"dc874a97":169,"85a220de":169,"40a7cdd2":169,"ac033c7b":169,"87759976":169,"4df3f62e":169,"c881a53e":169,"80c1c8b1":169,"cf52acd8":169,"a63cb4ce":169,"d3b3492b":169,"7580cfa4":169,"22a96386":169,"5c672b50":169,"f7ffcbb8":169,"5728f934":169,"00b26865":169,"5df16440":169,"b666e56d":169,"8db378ff":169,"784d6375":169,"4541bf85":169,"a6b13f20":169,"2459c882":169,"3df97186":169,"ef0490de":169,"e0f47ced":169,"309bbf54":169,"cc537772":169,"6618390c":169,"99cc0813":169,"dc32c4e1":169,"239c636e":169,"6ee160ff":169,"c55d40ca":169,"22c177a8":169,"00ae883f":169,"f416ee62":169,"0d2b182d":169,"320754c3":169,"232b2f64":169,"3171b6e7":169,"3b25460f":169,"d2064756":169,"5c662c19":169,"d2a5d2fd":169,"89d220c2":169,"3e10c9cb":169,"5500a3e8":169,"3c0e87ac":169,"a891461f":169,"a246cdab":169,"117c7f0b":169,"0d21cf99":169,"14e6fe14":169,"37ec5e73":169,"bfff7913":169,"f8636899":169,"37724339":169,"d45d9727":169,"ee5ff2a3":169,"44322dfd":169,"295e4d1d":169,"8cf6570a":169,"403064a0":169,"312af46e":169,"b5a9f8c3":169,"fcbc0ae8":169,"2ff6b6a8":169,"66a71cc1":169,"bf4b58e4":169,"c333337d":169,"815c56bc":169,"5bd61a68":169,"8582c5cf":169,"0c353665":169,"231e8700":169,"1f9fbd85":169,"43f24679":169,"a1c0dfc4":169,"78f71162":169,"4b27a9a4":169,"163f4d19":169,"1d043d5a":169,"b2f82e06":169,"5b0b43e6":169,"b5474d69":169,"5a938eeb":169,"4fe0dedf":169,"951fc6d0":169,"61892a4c":169,"f096219e":169,"a3f0a6ec":169,"01051f84":169,"aa7e370d":169,"f995eeab":169,"4006e709":169,"0dedf63e":169,"a9d5374b":169,"4321f02d":169,"089b3f8f":169,"7698d0dc":169,"784414ce":169,"2df3efdb":169,"d0f1b7bd":169,"e7799883":169,"4f9456cf":169,"a8edfe84":169,"2ed19b1e":169,"959e16ea":169,"02f76c64":169,"5c6d1f33":169,"b4801cae":169,"c3c2fd05":169,"f8c97147":169,"c2526ff3":169,"cc386067":169,"a22ffd8f":169,"3cd28a4d":169,"44a12c31":169,"6e260ee8":169,"f4f84279":169,"b0950de5":169,"6f873999":169,"1f4e0e22":169,"60d69311":169,"3b09f1de":169,"b371f44a":169,"8b6180ff":169,"8819ac24":169,"dbbf7f69":169,"dfe4a061":169,"c2bf7d51":169,"781afef6":169,"45a961ca":169,"5ca978fd":169,"668e601b":169,"7552d86c":169,"02ebf3b6":169,"bb17a968":169,"4abcb85d":169,"cba26072":169,"2a718dcc":169,"c6a9a8e1":169,"88854fd0":169,"8dc27d2a":169,"41d7f05d":169,"2b851827":169,"9f428a03":169,"4d504d96":169,"0533ece1":169,"bcee2ef3":169,"0afba00c":169,"04ff8100":169,"6c00d8d6":169,"ac9a02bc":169,"acfe69ed":169,"426603ff":169,"2db2f252":169,"2e84193b":169,"c55683c9":169,"51233daf":169,"02791635":169,"be081247":169,"5cc47d1b":169,"678b846f":169,"b4bd39d8":169,"b4cdbe5d":169,"fa0386f3":169,"b95d0f17":169,"cee9c347":169,"de9229a0":169,"99a5feef":169,"f6266388":169,"e64fd39c":169,"e1b3ce36":169,"625fa164":169,"0c6ae551":169,"e8f4c1dd":169,"cede8b8c":169,"ad95ff4a":169,"893a99c5":169,"d8bf32b5":169,"0eb42efe":169,"03c4ab87":169,"4e3d3af7":169,"3a4803a8":169,"f7a7de5d":169,"d4e56c3e":169,"0c045c2d":169,"8efd4801":169,"7eb8f268":169,"20236d3e":169,"36ae8cd8":169,"3ddd5391":169,"07f69c6d":169,"2254f0f5":169,"ea282e84":169,"6653c83b":169,"c896052c":169,"287ecd1c":169,"f9376d3e":169,"07a94e8c":169,"bb017b49":169,"37b52fe4":169,"61ad1519":169,"819c4185":169,"ba69b06b":169,"7d2a2cb4":169,"4f62491c":169,"70b4c438":169,"71ed93db":169,"c92efaa8":169,"c241ac7e":169,"62a45672":169,"210e507a":169,"ac6e268b":169,"742238e8":169
1601327248274,"7800e7ce":170,"77869ff0":170,"4b8f7b16":170,"89f75690":170,"cb363e2f":170,"cd802f02":170,"d3cca7eb":170,"e866a899":170,"5690e712":170,"0b92d2a9":170,"070bed95":170,"67e5d108":170,"3d37b94b":170,"842c97c2":170,"c4cef92b":170,"0eecdc5b":170,"b7e495ea":170,"45ec63c0":170,"0ddfde2c":170,"a8b41774":170,"81f0da2d":170,"1fcc8ba4":170,"75a9c117":170,"12ba54ec":170,"be391c1a":170,"37d8a5b7":170,"d5ab81c4":170,"2ecde685":170,"f0bd52d3":170,"dcc20f76":170,"666a8ef0":170,"c5b609f1":170,"4dc5849a":170,"d605c755":170,"8a8c1d67":170,"cc6b3306":170,"8c2dfd9a":170,"f11267b9":170,"a483b15e":170,"f80ab49d":170,"95eaed39":170
1601327248613,"a5ba0ebb":170,"f53362a9":170,"1901ef7e":170,"960c2e6b":170,"3515e999":170,"d11f8f1b":170,"9d9eb027":170,"325f9a29":170,"503aafe5":170,"080d5d42":170,"5d03f5dc":170,"f0a01341":170,"1ee4d9f9":170,"0d6e45e7":170,"0da97151":170,"e829038c":170,"4987cfb5":170,"ba90687c":170,"77f2cf92":170,"037e2be4":170,"9e7dbd20":170,"0c086273":170,"ac13c3b0":170,"b4d9c57f":170,"5d53c964":170,"8ee9cc91":170,"4cc0af91":170,"55f6a2ba":170,"9559ea96":170,"9cb044bf":170,"16b25add":170,"80ee333e":170,"3b329af2":170,"1cd662bf":170,"72992b35":170,"47589344":170,"593b1533":170,"e9f6e5ce":170,"ed6bead5":170,"96f594b9":170,"94dfcfc5":170,"8301986e":170,"830ecfec":170,"a8bae791":170,"312009ee":170,"c98759fd":170,"e8b6d676":170,"45ee5840":170,"76f04033":170,"43480b19":170,"fd955858":170,"69798d15":170,"efea71fa":170,"fb3aa867":170,"c9cf710b":170,"fcacdeb3":170,"0ea055ed":170,"e3b1bdf8":170,"644b45fb":170,"d5d94481":170,"ffe48500":170,"c7a45a33":170,"faffe099":170,"e99490cd":170,"3b830769":170,"583f0305":170,"1557c50a":170,"249e80ab":170,"f52a3d94":170,"eb74d3dd":170,"3bcbc28d":170,"3c0455e7":170,"df203c79":170,"df1e1ac0":170,"491708eb":170,"e421caaa":170,"2d2ecf27":170,"d38a4953":170,"eba5efdd":170,"a5463f93":170,"c85ac4f8":170,"bc253f4f":170,"0d9d2bf8":170,"846b7f11":170,"d3411467":170,"1df0ce7f":170,"a08171d0":170,"c8bc5677":170,"dfca0518":170,"b9a21017":170,"e47705d3":170,"3cae4115":170,"0ccf4731":170,"c7c6782d":170,"54346574":170,"b12cbf87":170,"81942d9b":170,"699b90c1":170,"d9b5a7a8":170,"1e7914d2":170,"e5d8fdb2":170,"3412ab75":170,"bcac5daf":170,"62d028cc":170,"0af2cf39":170,"27491297":170,"d041ea86":170,"1eda11b2":170,"fc442678":170,"18c73816":170,"e491161e":170,"b5087677":170,"16f60bed":170,"cb0c3481":170,"7664512c":170,"df9a53b8":170,"f6c27b2b":170,"945f6c24":170,"f1daea7e":170,"b8fb90e3":170,"56227e35":170,"0d6bf22a":170,"b87321d0":170,"43205b5d":170,"8982905a":170,"f6fe1ad7":170,"230064fa":170,"764e0abb":170,"bba6d88e":170,"ea3479ec":170,"32266fa3":170,"50b090c3":170,"8be24763":170,"eb4800b2":170,"6e0ce9dc":170,"87d9bec4":170,"e30dfa0c":170,"6da34174":170,"bfb849fa":170,"0a10b423":170,"9ef7cee7":170,"49f1a0d1":170,"5f04aa76":170,"ba297382":170,"0287db2a":170,"96abe4a9":170,"753b10b1":170,"cf14bd99":170,"782022f4":170,"322e833f":170,"ab3619e4":170,"106006ad":170,"c8237be9":170,"1416e8f5":170,"dde2eed5":170,"a208caa8":170,"16605353":170,"77b39e15":170,"f1726edb":170,"590ce3d3":170,"1802d7ce":170,"0a49914b":170,"5d3f5cad":170,"cf347cba":170,"fc0c23f7":170,"641f9b9e":170,"c92edec5":170,"9f03c1e7":170,"06c24a8d":170,"2f35e75f":170,"3eddf7c8":170,"77970f8b":170,"efd594d5":170,"4718294d":170,"5352cf45":170,"e0ffe8ff":170,"ae14d6b5":170,"721f5f42":170,"0b50bca6":170,"bf2ca266":170,"5d8d9641":170,"0de67c6c":170,"2311399f":170,"5e3ebf5e":170,"9f6ca218":170,"6213799d":170,"44cb1fd2":170,"baf19c25":170,"24a79a6e":170,"edde30af":170,"92b72493":170,"d3e58903":170,"4481c4be":170,"7954891b":170,"4afd60a9":170,"d44c0ea3":170,"68f87858":170,"533bac6b":170,"41634dba":170,"43fd1327":170,"113e7f4b":170,"4d949e11":170,"df12f689":170,"1da10cbf":170,"832c48e4":170,"dc90a44c":170,"1ad7c45b":170,"5566c17c":170,"86a22252":170,"0000dece":170,"ce5efdbe":170,"58ace2b5":170,"d379fd96":170,"7b819458":170,"7f8024cd":170,"ae562513":170,"7b66dacd":170,"9ab137d7":170,"7191d1cd":170,"005354dd":170,"8cce569a":170,"ce6401b6":170,"6f57824c":170,"28bd7aa1":170,"1d52fb0d":170,"cde0d748":170,"535ed444":170,"710f0d0e":170,"0905f1fb":170,"a20e529c":170,"1ae76fcc":170,"35b161d3":170,"344cd1a3":170,"77ea1236":170,"96d2a118":170,"23a0e41f":170,"b32a1080":170,"a2c4b591":170,"6dfa57be":170,"1854ce44":170,"f92b22f1":170,"ece12664":170,"36f4ecde":170,"568a0d58":170,"5fd569d2":170,"10c8fd03":170,"bd4ccb49":170,"e773d697":170,"7e8c11e7":170,"077eb15a":170,"5337c279":170,"8d256cb6":170,"7021c619":170,"32ae00db":170,"bf2defb2":170,"bc733a28":170,"30d32d34":170,"886c16d3":170,"e8d09b62":170,"5b09e53e":170,"da5bb0f7":170,"6d925c84":170,"50b23ab2":170,"edfa56d4":170,"899c16eb":170,"41c76041":170,"6bb1fa99":170,"d73ff72e":170,"61c0ca91":170,"d2fda7be":170,"ce20ca3c":170,"1d2d958b":170,"81fb6a01":170,"7f5b27c8":170,"fb3444d9":170,"f05de640":170,"86a68967":170,"56cd4dca":170,"7f469f4c":170,"f92dedfc":170,"355d1489":170,"f96fc1af":170,"06713bac":170,"61aca924":170,"d97fb857":170,"59ff5ec6":170,"ef04e64e":170,"6e2d04de":170,"2fca1798":170,"05028839":170,"5488826c":170,"84fff5c1":170
1601327249146,"c649992d":170,"d5ad3ed6":170,"8e5f7187":170,"55ba7579":170,"b7769ca6":170,"9c27de51":170,"38a75b48":170,"1792bfa3":170,"426f1904":170,"7c0f1ca9":170,"b2f820ac":170,"25d4f65d":170,"eddb6a2a":170,"ff8a00aa":170,"c146560b":170,"985068e7":170,"d543ba6f":170,"3b3569f6":170,"b01ab62a":170,"76da16fa":170,"bffee581":170,"07150038":170,"080fa362":170,"7b6945ad":170,"a40d08e1":170,"cec79bc2":170,"d2eff358":170,"e70aebb5":170,"a488b2f1":170,"4caa87d6":170,"f7076e21":170,"69e653b6":170,"98d2991b":170,"3b411d6a":170,"83826ef3":170,"595609d5":170,"b47f1b89":170,"8e6caf71":170,"9a3433b8":170,"b89112cb":170,"66736d5e":170,"30de89a7":170,"06aaa33f":170,"320c65bf":170,"1fa1e7c2":170,"646af2b9":170,"659389ad":170,"f1e86522":170,"240c8679":170,"fa03f48f":170,"0718c3be":170,"5298dafa":170,"8b503f7b":170,"25f7f918":170,"87a8523c":170,"c5311ebb":170,"c416baa6":170,"105bb3f6":170,"58de5462":170,"ae350a07":170,"680a32a6":170,"f01c896d":170,"1f2670d0":170,"83ba647d":170,"cb0bd6b7":170,"962c9c8f":170,"aec0bf28":170,"8e426e39":170,"a017a323":170,"51909df8":170,"8801c469":170,"e22b0973":170,"b6281f1a":170,"23646ff9":170,"48c6df81":170,"3abb827b":170,"5e165f43":170,"0c73c293":170,"88929b06":170,"f8785b71":170,"08c4692e":170,"ab4a411a":170,"b062adc4":170,"4aae5133":170,"63a3af32":170,"3fec4b0b":170,"faa3de3e":170,"44983d13":170,"80999122":170,"72af9198":170,"e39e9552":170,"81c1b70d":170,"e72f0f82":170,"88374b72":170,"fdfaf1ed":170,"ea981bed":170,"5e197575":170,"e587c4d0":170,"525b2635":170,"caa38a45":170,"a9987a58":170,"b6b8e5c7":170,"e82177d3":170,"89914b94":170,"04bdf5e1":170,"da8b42be":170,"3b0576bf":170,"9458934f":170,"1dcc489c":170,"945badf3":170,"1327775b":170,"bdd40125":170,"75fd47f7":170,"1c52a07e":170,"e70ccc25":170,"afd1494f":170,"d7a4b24c":170,"5b2479ef":170,"1d882c36":170,"686d5c0b":170,"eb62e8f2":170,"f15eb1c5":170,"71789493":170,"5ac72353":170,"d1b14d06":170,"f6c074a7":170,"ffd6849d":170,"962fca02":170,"75968179":170,"bc8bdc23":170,"a71f3f70":170,"1f7aa83c":170,"732d62ee":170,"d4b0751c":170,"5b01444b":170,"79995b62":170,"97160db8":170,"589f0d6e":170,"51b4016a":170,"46bf9112":170,"092ad3d6":170,"bf940089":170,"01f34f98":170,"808bc372":170,"1670b0d3":170,"c792a7c1":170,"ec97d63e":170,"5a7da061":170,"94208a41":170,"06a94514":170,"2cbcad17":170,"73c420df":170,"4dccb5ca":170,"83268abf":170,"0700da70":170,"578c4c95":170,"ff591765":170,"c606b472":170,"93f12198":170,"62e270e5":170,"66b1b6d7":170,"272e7d0d":170,"f92596ee":170,"68831ea9":170,"9713d076":170,"fd098272":170,"6ee788a7":170,"9666b973":170,"653b27c7":170,"83b37fd6":170,"4d852788":170,"ca6bffd3":170,"829c44a4":170,"e76e2617":170,"2b4fd52e":170,"57162572":170,"d1d50cfe":170,"8249641d":170,"45b0968f":170,"6a9bb182":170,"1f1afd4f":170,"25fb8826":170,"0dc5da58":170,"2874a625":170,"e61ae828":170,"f7ac3883":170,"ccd01528":170,"dab8cf68":170,"00f2a9cb":170,"916fe082":170,"b64dba8e":170,"c3bb30ce":170,"86219c70":170,"601990d8":170,"5c662c19":170,"d2a5d2fd":170,"89d220c2":170,"3e10c9cb":170,"5500a3e8":170,"3c0e87ac":170,"a891461f":170,"a246cdab":170,"117c7f0b":170,"0d21cf99":170,"14e6fe14":170,"37ec5e73":170,"bfff7913":170,"e43a9448":170,"3542b748":170,"379c53ab":170,"e396d80d":170,"7da61f27":170,"dc874a97":170,"85a220de":170,"40a7cdd2":170,"ac033c7b":170,"87759976":170,"4df3f62e":170,"c881a53e":170,"80c1c8b1":170,"cf52acd8":170,"a63cb4ce":170,"d3b3492b":170,"7580cfa4":170,"22a96386":170,"5c672b50":170,"5df16440":170,"b666e56d":170,"8db378ff":170,"784d6375":170,"4541bf85":170,"a6b13f20":170,"2459c882":170,"3df97186":170,"ef0490de":170,"e0f47ced":170,"f7ffcbb8":170,"5728f934":170,"00b26865":170,"c333337d":170,"815c56bc":170,"5bd61a68":170,"8582c5cf":170,"0c353665":170,"231e8700":170,"1f9fbd85":170,"43f24679":170,"a1c0dfc4":170,"78f71162":170,"f8636899":170,"37724339":170,"d45d9727":170,"ee5ff2a3":170,"44322dfd":170,"295e4d1d":170,"8cf6570a":170,"403064a0":170,"312af46e":170,"b5a9f8c3":170,"fcbc0ae8":170,"2ff6b6a8":170,"66a71cc1":170,"bf4b58e4":170,"309bbf54":170,"cc537772":170,"6618390c":170,"99cc0813":170,"dc32c4e1":170,"239c636e":170,"6ee160ff":170,"c55d40ca":170,"22c177a8":170,"00ae883f":170,"f416ee62":170,"0d2b182d":170,"320754c3":170,"232b2f64":170,"3171b6e7":170,"3b25460f":170,"d2064756":170,"4b27a9a4":170,"163f4d19":170,"1d043d5a":170,"b2f82e06":170,"5b0b43e6":170,"b5474d69":170,"5a938eeb":170,"4fe0dedf":170,"951fc6d0":170,"61892a4c":170,"f096219e":170,"a3f0a6ec":170,"01051f84":170,"aa7e370d":170,"f995eeab":170,"4006e709":170,"0dedf63e":170,"a9d5374b":170,"4321f02d":170,"089b3f8f":170,"7698d0dc":170,"784414ce":170,"2df3efdb":170,"d0f1b7bd":170,"e7799883":170,"4f9456cf":170,"6e260ee8":170,"f4f84279":170,"b0950de5":170,"6f873999":170,"1f4e0e22":170,"60d69311":170,"3b09f1de":170,"a8edfe84":170,"2ed19b1e":170,"959e16ea":170,"02f76c64":170,"5c6d1f33":170,"b4801cae":170,"c3c2fd05":170,"f8c97147":170,"c2526ff3":170,"cc386067":170,"a22ffd8f":170,"3cd28a4d":170,"44a12c31":170,"45a961ca":170,"5ca978fd":170,"668e601b":170,"7552d86c":170,"02ebf3b6":170,"bb17a968":170,"4abcb85d":170,"cba26072":170,"2a718dcc":170,"c6a9a8e1":170,"88854fd0":170,"8dc27d2a":170,"41d7f05d":170,"2b851827":170,"9f428a03":170,"4d504d96":170,"0533ece1":170,"bcee2ef3":170,"0afba00c":170,"04ff8100":170,"6c00d8d6":170,"ac9a02bc":170,"acfe69ed":170,"b371f44a":170,"8b6180ff":170,"8819ac24":170,"dbbf7f69":170,"dfe4a061":170,"c2bf7d51":170,"781afef6":170,"de9229a0":170,"99a5feef":170,"f6266388":170,"e64fd39c":170,"e1b3ce36":170,"625fa164":170,"0c6ae551":170,"e8f4c1dd":170,"cede8b8c":170,"ad95ff4a":170,"893a99c5":170,"d8bf32b5":170,"0eb42efe":170,"03c4ab87":170,"4e3d3af7":170,"3a4803a8":170,"f7a7de5d":170,"d4e56c3e":170,"0c045c2d":170,"426603ff":170,"2db2f252":170,"2e84193b":170,"c55683c9":170,"51233daf":170,"02791635":170,"be081247":170,"5cc47d1b":170,"678b846f":170,"b4bd39d8":170,"b4cdbe5d":170,"fa0386f3":170,"b95d0f17":170,"cee9c347":170,"8efd4801":170,"7eb8f268":170,"20236d3e":170,"36ae8cd8":170,"3ddd5391":170,"07f69c6d":170,"2254f0f5":170,"ea282e84":170,"6653c83b":170,"c896052c":170,"287ecd1c":170,"f9376d3e":170,"07a94e8c":170,"bb017b49":170,"37b52fe4":170,"61ad1519":170,"819c4185":170,"ba69b06b":170,"7d2a2cb4":170,"4f62491c":170,"70b4c438":170,"71ed93db":170,"c92efaa8":170,"c241ac7e":170,"62a45672":170,"210e507a":170,"ac6e268b":170,"742238e8":170
1601327250290,"7800e7ce":171,"77869ff0":171,"4b8f7b16":171,"89f75690":171,"cb363e2f":171,"cd802f02":171,"d3cca7eb":171,"e866a899":171,"5690e712":171,"0b92d2a9":171,"070bed95":171,"67e5d108":171,"3d37b94b":171,"842c97c2":171,"c4cef92b":171,"0eecdc5b":171,"b7e495ea":171,"45ec63c0":171,"0ddfde2c":171,"a8b41774":171,"81f0da2d":171,"1fcc8ba4":171,"75a9c117":171,"12ba54ec":171,"be391c1a":171,"d5d94481":171,"ffe48500":171,"c7a45a33":171,"faffe099":171,"e99490cd":171,"3b830769":171,"583f0305":171,"1557c50a":171,"249e80ab":171,"f52a3d94":171,"eb74d3dd":171,"3bcbc28d":171,"3c0455e7":171,"df203c79":171,"df1e1ac0":171,"491708eb":171,"e421caaa":171,"2d2ecf27":171,"d38a4953":171,"eba5efdd":171,"a5463f93":171,"c85ac4f8":171,"bc253f4f":171,"0d9d2bf8":171,"846b7f11":171,"d3411467":171,"1df0ce7f":171,"a08171d0":171,"37d8a5b7":171,"d5ab81c4":171,"2ecde685":171,"f0bd52d3":171,"dcc20f76":171,"666a8ef0":171,"c5b609f1":171,"4dc5849a":171,"d605c755":171,"8a8c1d67":171,"cc6b3306":171,"8c2dfd9a":171,"f11267b9":171,"a483b15e":171,"f80ab49d":171,"95eaed39":171,"a5ba0ebb":171,"f53362a9":171,"1901ef7e":171,"960c2e6b":171,"3515e999":171,"d11f8f1b":171,"9d9eb027":171,"325f9a29":171,"503aafe5":171,"c8bc5677":171,"dfca0518":171,"b9a21017":171,"e47705d3":171,"3cae4115":171,"0ccf4731":171,"c7c6782d":171,"54346574":171,"b12cbf87":171,"81942d9b":171,"699b90c1":171,"d9b5a7a8":171,"1e7914d2":171,"e5d8fdb2":171,"3412ab75":171,"bcac5daf":171,"62d028cc":171,"0af2cf39":171,"27491297":171,"d041ea86":171,"1eda11b2":171,"fc442678":171,"080d5d42":171,"5d03f5dc":171,"f0a01341":171,"1ee4d9f9":171,"0d6e45e7":171,"0da97151":171,"e829038c":171,"4987cfb5":171,"ba90687c":171,"77f2cf92":171,"037e2be4":171,"9e7dbd20":171,"0c086273":171,"ac13c3b0":171,"b4d9c57f":171,"5d53c964":171,"8ee9cc91":171,"4cc0af91":171,"55f6a2ba":171,"9559ea96":171,"9cb044bf":171,"16b25add":171,"80ee333e":171,"3b329af2":171,"1cd662bf":171,"72992b35":171,"47589344":171,"593b1533":171,"e9f6e5ce":171,"ed6bead5":171,"96f594b9":171,"94dfcfc5":171,"8301986e":171,"830ecfec":171,"a8bae791":171,"312009ee":171,"18c73816":171,"c98759fd":171,"e8b6d676":171,"45ee5840":171,"76f04033":171,"43480b19":171,"fd955858":171,"69798d15":171,"efea71fa":171,"fb3aa867":171,"c9cf710b":171,"fcacdeb3":171,"0ea055ed":171,"e3b1bdf8":171,"644b45fb":171
1601327250681,"e491161e":171,"b5087677":171,"16f60bed":171,"cb0c3481":171,"7664512c":171,"df9a53b8":171,"f6c27b2b":171,"945f6c24":171,"f1daea7e":171,"b8fb90e3":171,"56227e35":171,"0d6bf22a":171,"b87321d0":171,"43205b5d":171,"8982905a":171,"f6fe1ad7":171,"230064fa":171,"764e0abb":171,"bba6d88e":171,"ea3479ec":171,"32266fa3":171,"50b090c3":171,"8be24763":171,"eb4800b2":171,"6e0ce9dc":171,"87d9bec4":171,"e30dfa0c":171,"6da34174":171,"bfb849fa":171,"0a10b423":171,"9ef7cee7":171,"49f1a0d1":171,"5f04aa76":171,"ba297382":171,"0287db2a":171,"96abe4a9":171,"753b10b1":171,"cf14bd99":171,"782022f4":171,"322e833f":171,"ab3619e4":171,"106006ad":171,"c8237be9":171,"1416e8f5":171,"dde2eed5":171,"a208caa8":171,"16605353":171,"77b39e15":171,"f1726edb":171,"590ce3d3":171,"1802d7ce":171,"0a49914b":171,"5d3f5cad":171,"cf347cba":171,"fc0c23f7":171,"641f9b9e":171,"c92edec5":171,"9f03c1e7":171,"06c24a8d":171,"2f35e75f":171,"3eddf7c8":171,"77970f8b":171,"efd594d5":171,"4718294d":171,"5352cf45":171,"e0ffe8ff":171,"ae14d6b5":171,"721f5f42":171,"0b50bca6":171,"bf2ca266":171,"5d8d9641":171,"0de67c6c":171,"2311399f":171,"5e3ebf5e":171,"9f6ca218":171,"6213799d":171,"44cb1fd2":171,"baf19c25":171,"24a79a6e":171,"edde30af":171,"4d949e11":171,"df12f689":171,"1da10cbf":171,"832c48e4":171,"dc90a44c":171,"1ad7c45b":171,"5566c17c":171,"86a22252":171,"0000dece":171,"ce5efdbe":171,"58ace2b5":171,"d379fd96":171,"7b819458":171,"7f8024cd":171,"ae562513":171,"7b66dacd":171,"9ab137d7":171,"7191d1cd":171,"005354dd":171,"92b72493":171,"d3e58903":171,"4481c4be":171,"7954891b":171,"4afd60a9":171,"d44c0ea3":171,"68f87858":171,"533bac6b":171,"41634dba":171,"43fd1327":171,"113e7f4b":171,"8cce569a":171,"ce6401b6":171,"6f57824c":171,"28bd7aa1":171,"1d52fb0d":171,"cde0d748":171,"535ed444":171,"710f0d0e":171,"0905f1fb":171,"a20e529c":171,"1ae76fcc":171,"35b161d3":171,"344cd1a3":171,"77ea1236":171,"96d2a118":171,"23a0e41f":171,"b32a1080":171,"a2c4b591":171,"6dfa57be":171,"1854ce44":171,"f92b22f1":171,"ece12664":171,"36f4ecde":171,"568a0d58":171,"5fd569d2":171,"10c8fd03":171,"bd4ccb49":171,"e773d697":171,"7e8c11e7":171,"077eb15a":171,"5337c279":171,"8d256cb6":171,"7021c619":171,"32ae00db":171,"bf2defb2":171,"bc733a28":171,"30d32d34":171,"886c16d3":171,"e8d09b62":171,"5b09e53e":171,"da5bb0f7":171,"6d925c84":171,"50b23ab2":171,"edfa56d4":171,"899c16eb":171,"41c76041":171,"6bb1fa99":171,"d73ff72e":171,"61c0ca91":171,"d2fda7be":171,"ce20ca3c":171,"1d2d958b":171,"81fb6a01":171,"7f5b27c8":171,"fb3444d9":171,"f05de640":171,"86a68967":171,"56cd4dca":171,"7f469f4c":171,"f92dedfc":171,"355d1489":171,"f96fc1af":171,"06713bac":171,"61aca924":171,"d97fb857":171,"59ff5ec6":171,"ef04e64e":171,"6e2d04de":171,"2fca1798":171,"05028839":171,"5488826c":171,"84fff5c1":171,"c649992d":171,"d5ad3ed6":171,"8e5f7187":171,"55ba7579":171,"b7769ca6":171,"9c27de51":171,"38a75b48":171,"1792bfa3":171,"426f1904":171,"7c0f1ca9":171,"b2f820ac":171,"25d4f65d":171,"eddb6a2a":171,"ff8a00aa":171,"c146560b":171,"985068e7":171,"d543ba6f":171,"3b3569f6":171,"b01ab62a":171,"76da16fa":171,"bffee581":171,"07150038":171,"080fa362":171,"7b6945ad":171,"a40d08e1":171,"cec79bc2":171,"d2eff358":171,"e70aebb5":171,"a488b2f1":171,"4caa87d6":171,"f7076e21":171,"69e653b6":171,"98d2991b":171,"3b411d6a":171,"83826ef3":171,"595609d5":171,"b47f1b89":171,"8e6caf71":171,"9a3433b8":171,"b89112cb":171,"66736d5e":171,"30de89a7":171,"f1e86522":171,"06aaa33f":171,"fa03f48f":171,"320c65bf":171,"5298dafa":171,"1fa1e7c2":171,"25f7f918":171,"c5311ebb":171,"646af2b9":171,"659389ad":171,"105bb3f6":171,"240c8679":171,"58de5462":171,"f01c896d":171,"0718c3be":171,"8b503f7b":171,"1f2670d0":171,"87a8523c":171,"962c9c8f":171,"aec0bf28":171,"c416baa6":171,"ae350a07":171,"a017a323":171,"8801c469":171,"680a32a6":171,"83ba647d":171,"b6281f1a":171,"48c6df81":171,"cb0bd6b7":171,"5e165f43":171,"8e426e39":171,"51909df8":171,"f8785b71":171,"e22b0973":171,"ab4a411a":171,"d7a4b24c":171,"23646ff9":171,"686d5c0b":171,"3abb827b":171,"0c73c293":171,"f15eb1c5":171,"71789493":171,"88929b06":171,"5ac72353":171,"08c4692e":171,"5b2479ef":171,"d1b14d06":171,"1d882c36":171,"f6c074a7":171
1601327251251,"eb62e8f2":171,"ffd6849d":171,"962fca02":171,"75968179":171,"bc8bdc23":171,"a71f3f70":171,"1f7aa83c":171,"732d62ee":171,"d4b0751c":171,"5b01444b":171,"808bc372":171,"79995b62":171,"c792a7c1":171,"97160db8":171,"589f0d6e":171,"5a7da061":171,"51b4016a":171,"06a94514":171,"73c420df":171,"46bf9112":171,"0700da70":171,"092ad3d6":171,"bf940089":171,"ff591765":171,"93f12198":171,"01f34f98":171,"1670b0d3":171,"62e270e5":171,"ec97d63e":171,"66b1b6d7":171,"b062adc4":171,"94208a41":171,"2cbcad17":171,"4aae5133":171,"63a3af32":171,"4dccb5ca":171,"3fec4b0b":171,"83268abf":171,"faa3de3e":171,"578c4c95":171,"c606b472":171,"44983d13":171,"80999122":171,"72af9198":171,"e39e9552":171,"81c1b70d":171,"e72f0f82":171,"88374b72":171,"fdfaf1ed":171,"ea981bed":171,"5e197575":171,"e587c4d0":171,"525b2635":171,"caa38a45":171,"a9987a58":171,"b6b8e5c7":171,"e82177d3":171,"89914b94":171,"04bdf5e1":171,"da8b42be":171,"3b0576bf":171,"9458934f":171,"1dcc489c":171,"945badf3":171,"1327775b":171,"bdd40125":171,"75fd47f7":171,"1c52a07e":171,"e70ccc25":171,"afd1494f":171,"ca6bffd3":171,"829c44a4":171,"e76e2617":171,"2b4fd52e":171,"57162572":171,"d1d50cfe":171,"9666b973":171,"653b27c7":171,"83b37fd6":171,"4d852788":171,"e43a9448":171,"3542b748":171,"379c53ab":171,"e396d80d":171,"7da61f27":171,"dc874a97":171,"85a220de":171,"40a7cdd2":171,"ac033c7b":171,"87759976":171,"4df3f62e":171,"c881a53e":171,"80c1c8b1":171,"cf52acd8":171,"a63cb4ce":171,"d3b3492b":171,"7580cfa4":171,"22a96386":171,"5c672b50":171,"5df16440":171,"b666e56d":171,"272e7d0d":171,"f92596ee":171,"68831ea9":171,"9713d076":171,"fd098272":171,"6ee788a7":171,"8249641d":171,"45b0968f":171,"6a9bb182":171,"1f1afd4f":171,"25fb8826":171,"0dc5da58":171,"2874a625":171,"e61ae828":171,"f7ac3883":171,"ccd01528":171,"dab8cf68":171,"00f2a9cb":171,"916fe082":171,"b64dba8e":171,"c3bb30ce":171,"86219c70":171,"601990d8":171,"5c662c19":171,"d2a5d2fd":171,"89d220c2":171,"3e10c9cb":171,"5500a3e8":171,"8db378ff":171,"784d6375":171,"4541bf85":171,"a6b13f20":171,"2459c882":171,"3df97186":171,"ef0490de":171,"e0f47ced":171,"309bbf54":171,"cc537772":171,"6618390c":171,"99cc0813":171,"dc32c4e1":171,"239c636e":171,"6ee160ff":171,"c55d40ca":171,"22c177a8":171,"00ae883f":171,"f416ee62":171,"0d2b182d":171,"320754c3":171,"232b2f64":171,"3171b6e7":171,"3b25460f":171,"d2064756":171,"3c0e87ac":171,"a891461f":171,"a246cdab":171,"117c7f0b":171,"0d21cf99":171,"14e6fe14":171,"37ec5e73":171,"bfff7913":171,"f8636899":171,"37724339":171,"d45d9727":171,"ee5ff2a3":171,"44322dfd":171,"295e4d1d":171,"8cf6570a":171,"403064a0":171,"312af46e":171,"b5a9f8c3":171,"fcbc0ae8":171,"2ff6b6a8":171,"66a71cc1":171,"bf4b58e4":171,"f7ffcbb8":171,"5728f934":171,"00b26865":171,"c333337d":171,"815c56bc":171,"5bd61a68":171,"8582c5cf":171,"0c353665":171,"231e8700":171,"1f9fbd85":171,"43f24679":171,"a1c0dfc4":171,"78f71162":171,"4b27a9a4":171,"163f4d19":171,"1d043d5a":171,"b2f82e06":171,"5b0b43e6":171,"b5474d69":171,"5a938eeb":171,"4fe0dedf":171,"951fc6d0":171,"61892a4c":171,"a8edfe84":171,"2ed19b1e":171,"959e16ea":171,"02f76c64":171,"5c6d1f33":171,"f096219e":171,"a3f0a6ec":171,"01051f84":171,"aa7e370d":171,"f995eeab":171,"4006e709":171,"0dedf63e":171,"a9d5374b":171,"4321f02d":171,"089b3f8f":171,"7698d0dc":171,"784414ce":171,"2df3efdb":171,"d0f1b7bd":171,"e7799883":171,"4f9456cf":171,"6e260ee8":171,"f4f84279":171,"b0950de5":171,"6f873999":171,"1f4e0e22":171,"60d69311":171,"3b09f1de":171,"b371f44a":171,"8b6180ff":171,"8819ac24":171,"dbbf7f69":171,"dfe4a061":171,"b4801cae":171,"c3c2fd05":171,"f8c97147":171,"c2526ff3":171,"cc386067":171,"a22ffd8f":171,"3cd28a4d":171,"44a12c31":171,"45a961ca":171,"5ca978fd":171,"668e601b":171,"7552d86c":171,"02ebf3b6":171,"bb17a968":171,"4abcb85d":171,"cba26072":171,"2a718dcc":171,"c6a9a8e1":171,"88854fd0":171,"8dc27d2a":171,"41d7f05d":171,"2b851827":171,"9f428a03":171,"4d504d96":171,"0533ece1":171,"bcee2ef3":171,"0afba00c":171,"04ff8100":171,"6c00d8d6":171,"c2bf7d51":171,"781afef6":171,"de9229a0":171,"99a5feef":171,"f6266388":171,"e64fd39c":171,"e1b3ce36":171,"625fa164":171,"0c6ae551":171,"e8f4c1dd":171,"cede8b8c":171,"ad95ff4a":171,"893a99c5":171,"d8bf32b5":171,"0eb42efe":171,"03c4ab87":171,"4e3d3af7":171,"3a4803a8":171,"f7a7de5d":171,"d4e56c3e":171,"0c045c2d":171,"8efd4801":171,"7eb8f268":171,"20236d3e":171,"36ae8cd8":171,"3ddd5391":171,"07f69c6d":171,"2254f0f5":171,"ea282e84":171,"6653c83b":171,"ac9a02bc":171,"acfe69ed":171,"426603ff":171,"2db2f252":171,"2e84193b":171,"c55683c9":171,"51233daf":171,"02791635":171,"be081247":171,"5cc47d1b":171,"678b846f":171,"b4bd39d8":171,"b4cdbe5d":171,"fa0386f3":171,"b95d0f17":171,"cee9c347":171,"c896052c":171,"287ecd1c":171,"f9376d3e":171,"07a94e8c":171,"bb017b49":171,"37b52fe4":171,"61ad1519":171,"819c4185":171,"ba69b06b":171,"7d2a2cb4":171,"4f62491c":171,"70b4c438":171,"71ed93db":171,"c92efaa8":171,"c241ac7e":171,"62a45672":171,"210e507a":171,"ac6e268b":171,"742238e8":171
1601327252261,"7800e7ce":172,"77869ff0":172,"4b8f7b16":172,"89f75690":172,"cb363e2f":172,"cd802f02":172,"d3cca7eb":172,"e866a899":172,"5690e712":172,"0b92d2a9":172,"070bed95":172,"67e5d108":172,"3d37b94b":172,"842c97c2":172,"c4cef92b":172,"0eecdc5b":172,"b7e495ea":172,"45ec63c0":172,"0ddfde2c":172,"a8b41774":172,"81f0da2d":172,"1fcc8ba4":172,"75a9c117":172,"12ba54ec":172,"be391c1a":172,"37d8a5b7":172,"d5ab81c4":172,"2ecde685":172,"f0bd52d3":172,"dcc20f76":172,"666a8ef0":172,"c5b609f1":172,"4dc5849a":172,"d605c755":172,"8a8c1d67":172,"cc6b3306":172,"8c2dfd9a":172,"f11267b9":172,"a483b15e":172,"f80ab49d":172,"95eaed39":172,"a5ba0ebb":172,"f53362a9":172,"1901ef7e":172,"960c2e6b":172,"3515e999":172,"d11f8f1b":172,"9d9eb027":172,"325f9a29":172,"503aafe5":172
1601327252630,"d5d94481":172,"ffe48500":172,"c7a45a33":172,"faffe099":172,"e99490cd":172,"3b830769":172,"583f0305":172,"1557c50a":172,"249e80ab":172,"f52a3d94":172,"eb74d3dd":172,"3bcbc28d":172,"080d5d42":172,"5d03f5dc":172,"f0a01341":172,"1ee4d9f9":172,"0d6e45e7":172,"0da97151":172,"e829038c":172,"4987cfb5":172,"ba90687c":172,"77f2cf92":172,"037e2be4":172,"9e7dbd20":172,"0c086273":172,"ac13c3b0":172,"b4d9c57f":172,"5d53c964":172,"8ee9cc91":172,"4cc0af91":172,"55f6a2ba":172,"9559ea96":172,"9cb044bf":172,"16b25add":172,"80ee333e":172,"3c0455e7":172,"df203c79":172,"df1e1ac0":172,"491708eb":172,"e421caaa":172,"2d2ecf27":172,"d38a4953":172,"eba5efdd":172,"a5463f93":172,"c85ac4f8":172,"bc253f4f":172,"0d9d2bf8":172,"846b7f11":172,"d3411467":172,"1df0ce7f":172,"a08171d0":172,"c8bc5677":172,"dfca0518":172,"b9a21017":172,"e47705d3":172,"3cae4115":172,"0ccf4731":172,"c7c6782d":172,"54346574":172,"b12cbf87":172,"81942d9b":172,"699b90c1":172,"d9b5a7a8":172,"1e7914d2":172,"e5d8fdb2":172,"3412ab75":172,"bcac5daf":172,"62d028cc":172,"0af2cf39":172,"27491297":172,"d041ea86":172,"1eda11b2":172,"fc442678":172,"3b329af2":172,"1cd662bf":172,"72992b35":172,"47589344":172,"593b1533":172,"e9f6e5ce":172,"ed6bead5":172,"96f594b9":172,"94dfcfc5":172,"8301986e":172,"830ecfec":172,"a8bae791":172,"312009ee":172,"c98759fd":172,"e8b6d676":172,"45ee5840":172,"76f04033":172,"43480b19":172,"fd955858":172,"69798d15":172,"efea71fa":172,"fb3aa867":172,"c9cf710b":172,"fcacdeb3":172,"0ea055ed":172,"e3b1bdf8":172,"644b45fb":172,"18c73816":172,"e491161e":172,"b5087677":172,"16f60bed":172,"cb0c3481":172,"7664512c":172,"df9a53b8":172,"f6c27b2b":172,"945f6c24":172,"f1daea7e":172,"b8fb90e3":172,"56227e35":172,"0d6bf22a":172,"b87321d0":172,"43205b5d":172,"8982905a":172,"f6fe1ad7":172,"230064fa":172,"590ce3d3":172,"1802d7ce":172,"0a49914b":172,"5d3f5cad":172,"cf347cba":172,"fc0c23f7":172,"641f9b9e":172,"c92edec5":172,"9f03c1e7":172,"06c24a8d":172,"2f35e75f":172,"3eddf7c8":172,"77970f8b":172,"efd594d5":172,"4718294d":172,"5352cf45":172,"e0ffe8ff":172,"ae14d6b5":172,"721f5f42":172,"0b50bca6":172,"bf2ca266":172,"5d8d9641":172,"0de67c6c":172,"764e0abb":172,"bba6d88e":172,"ea3479ec":172,"32266fa3":172,"50b090c3":172,"8be24763":172,"eb4800b2":172,"6e0ce9dc":172,"87d9bec4":172,"e30dfa0c":172,"6da34174":172,"bfb849fa":172,"0a10b423":172,"9ef7cee7":172,"49f1a0d1":172,"5f04aa76":172,"ba297382":172,"0287db2a":172,"96abe4a9":172,"753b10b1":172,"cf14bd99":172,"782022f4":172,"322e833f":172,"ab3619e4":172,"106006ad":172,"c8237be9":172,"1416e8f5":172,"dde2eed5":172,"a208caa8":172,"16605353":172,"77b39e15":172,"f1726edb":172,"2311399f":172,"5e3ebf5e":172,"9f6ca218":172,"6213799d":172,"44cb1fd2":172,"baf19c25":172,"24a79a6e":172,"edde30af":172,"4d949e11":172,"df12f689":172,"1da10cbf":172,"832c48e4":172,"dc90a44c":172,"1ad7c45b":172,"5566c17c":172,"86a22252":172,"0000dece":172,"ce5efdbe":172,"58ace2b5":172,"d379fd96":172,"7b819458":172,"7f8024cd":172,"ae562513":172,"7b66dacd":172,"9ab137d7":172,"7191d1cd":172,"005354dd":172,"92b72493":172,"d3e58903":172,"4481c4be":172,"7954891b":172,"4afd60a9":172,"d44c0ea3":172,"68f87858":172,"533bac6b":172,"41634dba":172,"43fd1327":172,"113e7f4b":172,"8cce569a":172,"ce6401b6":172,"6f57824c":172
1601327253010,"28bd7aa1":172,"1d52fb0d":172,"cde0d748":172,"535ed444":172,"710f0d0e":172,"0905f1fb":172,"a20e529c":172,"1ae76fcc":172,"5b09e53e":172,"da5bb0f7":172,"6d925c84":172,"50b23ab2":172,"35b161d3":172,"344cd1a3":172,"77ea1236":172,"96d2a118":172,"23a0e41f":172,"b32a1080":172,"a2c4b591":172,"6dfa57be":172,"1854ce44":172,"f92b22f1":172,"ece12664":172,"36f4ecde":172,"568a0d58":172,"5fd569d2":172,"10c8fd03":172,"bd4ccb49":172,"e773d697":172,"7e8c11e7":172,"077eb15a":172,"5337c279":172,"8d256cb6":172,"7021c619":172,"32ae00db":172,"bf2defb2":172,"bc733a28":172,"30d32d34":172,"886c16d3":172,"e8d09b62":172,"edfa56d4":172,"899c16eb":172,"41c76041":172,"6bb1fa99":172,"d73ff72e":172,"61c0ca91":172,"d2fda7be":172,"ce20ca3c":172,"1d2d958b":172,"81fb6a01":172,"7f5b27c8":172,"fb3444d9":172,"f05de640":172,"86a68967":172,"56cd4dca":172,"7f469f4c":172,"f92dedfc":172,"355d1489":172,"f96fc1af":172,"06713bac":172,"61aca924":172,"d97fb857":172,"59ff5ec6":172,"ef04e64e":172,"6e2d04de":172,"2fca1798":172,"05028839":172,"5488826c":172,"84fff5c1":172,"c649992d":172,"d5ad3ed6":172,"8e5f7187":172,"55ba7579":172,"b7769ca6":172,"9c27de51":172,"38a75b48":172,"1792bfa3":172,"3b3569f6":172,"b01ab62a":172,"76da16fa":172,"bffee581":172,"07150038":172,"080fa362":172,"7b6945ad":172,"a40d08e1":172,"cec79bc2":172,"426f1904":172,"7c0f1ca9":172,"b2f820ac":172,"25d4f65d":172,"eddb6a2a":172,"ff8a00aa":172,"c146560b":172,"985068e7":172,"d543ba6f":172,"d2eff358":172,"e70aebb5":172,"a488b2f1":172,"4caa87d6":172,"f7076e21":172,"69e653b6":172,"98d2991b":172,"3b411d6a":172,"83826ef3":172,"595609d5":172,"b47f1b89":172,"8e6caf71":172,"9a3433b8":172,"b89112cb":172,"66736d5e":172,"30de89a7":172,"06aaa33f":172,"320c65bf":172,"1fa1e7c2":172,"646af2b9":172,"659389ad":172,"240c8679":172,"0718c3be":172,"8b503f7b":172,"f1e86522":172,"fa03f48f":172,"87a8523c":172,"c416baa6":172,"5298dafa":172,"25f7f918":172,"ae350a07":172,"680a32a6":172,"c5311ebb":172,"105bb3f6":172,"83ba647d":172,"cb0bd6b7":172,"58de5462":172,"f01c896d":172,"8e426e39":172,"51909df8":172,"1f2670d0":172,"962c9c8f":172,"e22b0973":172,"23646ff9":172,"aec0bf28":172,"3abb827b":172,"a017a323":172,"0c73c293":172,"8801c469":172,"88929b06":172,"b6281f1a":172,"08c4692e":172,"48c6df81":172,"5e165f43":172,"5b2479ef":172,"1d882c36":172,"f8785b71":172,"ab4a411a":172,"eb62e8f2":172,"d7a4b24c":172,"686d5c0b":172,"f15eb1c5":172,"71789493":172,"5ac72353":172,"d1b14d06":172,"f6c074a7":172,"ffd6849d":172,"962fca02":172,"75968179":172,"bc8bdc23":172,"a71f3f70":172,"1f7aa83c":172,"732d62ee":172,"d4b0751c":172,"5b01444b":172,"79995b62":172,"97160db8":172,"589f0d6e":172,"51b4016a":172,"46bf9112":172,"092ad3d6":172,"bf940089":172,"01f34f98":172,"1670b0d3":172,"ec97d63e":172,"94208a41":172,"2cbcad17":172,"4dccb5ca":172,"808bc372":172,"83268abf":172,"578c4c95":172,"c792a7c1":172,"c606b472":172,"5a7da061":172,"06a94514":172,"73c420df":172,"0700da70":172,"ff591765":172,"93f12198":172,"62e270e5":172,"66b1b6d7":172,"b062adc4":172,"4aae5133":172,"63a3af32":172,"3fec4b0b":172,"faa3de3e":172,"44983d13":172,"80999122":172,"72af9198":172,"e39e9552":172,"81c1b70d":172,"e72f0f82":172,"88374b72":172,"fdfaf1ed":172,"ea981bed":172,"5e197575":172,"e587c4d0":172,"525b2635":172,"caa38a45":172,"a9987a58":172,"b6b8e5c7":172,"e82177d3":172,"89914b94":172,"04bdf5e1":172,"da8b42be":172,"3b0576bf":172,"9458934f":172,"1dcc489c":172,"945badf3":172,"1327775b":172,"bdd40125":172,"75fd47f7":172,"1c52a07e":172,"e70ccc25":172,"afd1494f":172,"ca6bffd3":172,"829c44a4":172,"e76e2617":172,"2b4fd52e":172,"57162572":172,"d1d50cfe":172,"9666b973":172,"653b27c7":172,"83b37fd6":172,"4d852788":172,"e43a9448":172,"3542b748":172,"379c53ab":172,"e396d80d":172,"7da61f27":172,"dc874a97":172,"85a220de":172,"40a7cdd2":172,"ac033c7b":172,"87759976":172,"4df3f62e":172,"c881a53e":172,"272e7d0d":172,"f92596ee":172,"68831ea9":172,"9713d076":172,"fd098272":172,"6ee788a7":172,"8249641d":172,"45b0968f":172,"6a9bb182":172,"1f1afd4f":172,"25fb8826":172,"0dc5da58":172,"2874a625":172,"e61ae828":172,"f7ac3883":172,"ccd01528":172,"dab8cf68":172,"00f2a9cb":172,"916fe082":172,"80c1c8b1":172,"cf52acd8":172,"a63cb4ce":172,"d3b3492b":172,"7580cfa4":172,"22a96386":172,"5c672b50":172,"5df16440":172,"b666e56d":172,"8db378ff":172,"784d6375":172,"4541bf85":172,"a6b13f20":172,"2459c882":172,"3df97186":172,"ef0490de":172,"e0f47ced":172,"309bbf54":172,"cc537772":172,"6618390c":172,"99cc0813":172,"dc32c4e1":172,"239c636e":172,"6ee160ff":172,"c55d40ca":172,"22c177a8":172,"00ae883f":172,"f416ee62":172,"0d2b182d":172,"320754c3":172,"232b2f64":172,"3171b6e7":172,"3b25460f":172,"d2064756":172,"b64dba8e":172,"c3bb30ce":172,"86219c70":172,"601990d8":172,"5c662c19":172,"d2a5d2fd":172,"89d220c2":172,"3e10c9cb":172,"5500a3e8":172,"3c0e87ac":172,"a891461f":172,"a246cdab":172,"117c7f0b":172,"0d21cf99":172,"14e6fe14":172,"37ec5e73":172,"bfff7913":172,"f8636899":172,"37724339":172,"d45d9727":172,"ee5ff2a3":172,"44322dfd":172,"295e4d1d":172,"8cf6570a":172,"403064a0":172,"312af46e":172,"b5a9f8c3":172,"fcbc0ae8":172,"2ff6b6a8":172,"66a71cc1":172,"bf4b58e4":172,"f7ffcbb8":172,"5728f934":172,"00b26865":172,"c333337d":172,"815c56bc":172,"5bd61a68":172,"8582c5cf":172,"0c353665":172,"231e8700":172,"1f9fbd85":172,"43f24679":172,"a1c0dfc4":172,"78f71162":172,"4b27a9a4":172,"163f4d19":172,"1d043d5a":172,"b2f82e06":172,"5b0b43e6":172,"b5474d69":172,"5a938eeb":172,"4fe0dedf":172,"951fc6d0":172,"61892a4c":172,"f096219e":172,"a3f0a6ec":172,"01051f84":172,"aa7e370d":172,"f995eeab":172,"4006e709":172,"0dedf63e":172,"a9d5374b":172,"4321f02d":172,"089b3f8f":172,"7698d0dc":172,"784414ce":172,"a8edfe84":172,"2ed19b1e":172,"959e16ea":172,"02f76c64":172,"5c6d1f33":172,"b4801cae":172,"c3c2fd05":172,"f8c97147":172,"c2526ff3":172,"cc386067":172,"a22ffd8f":172,"3cd28a4d":172,"44a12c31":172,"45a961ca":172,"5ca978fd":172,"668e601b":172,"7552d86c":172,"02ebf3b6":172,"bb17a968":172,"4abcb85d":172,"cba26072":172,"2a718dcc":172
1601327254435,"2df3efdb":172,"d0f1b7bd":172,"e7799883":172,"4f9456cf":172,"6e260ee8":172,"f4f84279":172,"b0950de5":172,"6f873999":172,"1f4e0e22":172,"60d69311":172,"3b09f1de":172,"dfe4a061":172,"b371f44a":172,"c2bf7d51":172,"8b6180ff":172,"781afef6":172,"8819ac24":172,"de9229a0":172,"dbbf7f69":172,"99a5feef":172,"f6266388":172,"e64fd39c":172,"e1b3ce36":172,"625fa164":172,"0c6ae551":172,"e8f4c1dd":172,"cede8b8c":172,"ad95ff4a":172,"893a99c5":172,"d8bf32b5":172,"0eb42efe":172,"03c4ab87":172,"4e3d3af7":172,"3a4803a8":172,"f7a7de5d":172,"d4e56c3e":172,"0c045c2d":172,"8efd4801":172,"c6a9a8e1":172,"88854fd0":172,"8dc27d2a":172,"41d7f05d":172,"2b851827":172,"9f428a03":172,"4d504d96":172,"0533ece1":172,"bcee2ef3":172,"0afba00c":172,"04ff8100":172,"6c00d8d6":172,"ac9a02bc":172,"acfe69ed":172,"426603ff":172,"2db2f252":172,"2e84193b":172,"c55683c9":172,"51233daf":172,"02791635":172,"be081247":172,"5cc47d1b":172,"678b846f":172,"b4bd39d8":172,"b4cdbe5d":172,"fa0386f3":172,"b95d0f17":172,"cee9c347":172,"7eb8f268":172,"20236d3e":172,"36ae8cd8":172,"3ddd5391":172,"07f69c6d":172,"2254f0f5":172,"ea282e84":172,"6653c83b":172,"c896052c":172,"287ecd1c":172,"f9376d3e":172,"07a94e8c":172,"bb017b49":172,"37b52fe4":172,"61ad1519":172,"819c4185":172,"ba69b06b":172,"7d2a2cb4":172,"4f62491c":172,"70b4c438":172,"71ed93db":172,"c92efaa8":172,"c241ac7e":172,"62a45672":172,"210e507a":172,"ac6e268b":172,"742238e8":172
1601327256759,"7800e7ce":173,"77869ff0":173,"4b8f7b16":173,"89f75690":173,"cb363e2f":173,"cd802f02":173,"d3cca7eb":173,"e866a899":173,"5690e712":173,"0b92d2a9":173,"070bed95":173,"67e5d108":173,"3d37b94b":173,"842c97c2":173,"c4cef92b":173,"0eecdc5b":173,"b7e495ea":173,"45ec63c0":173,"0ddfde2c":173,"a8b41774":173,"81f0da2d":173,"1fcc8ba4":173,"75a9c117":173,"12ba54ec":173,"be391c1a":173,"37d8a5b7":173,"d5ab81c4":173,"2ecde685":173,"f0bd52d3":173,"dcc20f76":173,"666a8ef0":173,"c5b609f1":173,"4dc5849a":173,"d605c755":173,"8a8c1d67":173,"cc6b3306":173,"8c2dfd9a":173,"f11267b9":173,"a483b15e":173,"f80ab49d":173,"95eaed39":173,"a5ba0ebb":173,"f53362a9":173,"1901ef7e":173,"960c2e6b":173,"3515e999":173,"d11f8f1b":173,"9d9eb027":173,"325f9a29":173,"503aafe5":173,"d5d94481":173,"ffe48500":173,"c7a45a33":173,"faffe099":173
1601327257604,"e99490cd":173,"3b830769":173,"583f0305":173,"1557c50a":173,"249e80ab":173,"f52a3d94":173,"eb74d3dd":173,"3bcbc28d":173,"3c0455e7":173,"df203c79":173,"df1e1ac0":173,"491708eb":173,"e421caaa":173,"2d2ecf27":173,"d38a4953":173,"eba5efdd":173,"a5463f93":173,"c85ac4f8":173,"bc253f4f":173,"0d9d2bf8":173,"846b7f11":173,"d3411467":173,"1df0ce7f":173,"a08171d0":173,"c8bc5677":173,"dfca0518":173,"b9a21017":173,"e47705d3":173,"3cae4115":173,"0ccf4731":173,"c7c6782d":173,"54346574":173,"b12cbf87":173,"81942d9b":173,"699b90c1":173,"d9b5a7a8":173,"1e7914d2":173,"e5d8fdb2":173,"3412ab75":173,"bcac5daf":173,"62d028cc":173,"0af2cf39":173,"27491297":173,"d041ea86":173,"1eda11b2":173,"fc442678":173,"080d5d42":173,"5d03f5dc":173,"f0a01341":173,"1ee4d9f9":173,"0d6e45e7":173,"0da97151":173,"e829038c":173,"4987cfb5":173,"ba90687c":173,"77f2cf92":173,"037e2be4":173,"9e7dbd20":173,"0c086273":173,"ac13c3b0":173,"b4d9c57f":173,"5d53c964":173,"8ee9cc91":173,"4cc0af91":173,"55f6a2ba":173,"9559ea96":173,"9cb044bf":173,"16b25add":173,"80ee333e":173,"3b329af2":173,"1cd662bf":173,"72992b35":173,"47589344":173,"593b1533":173,"e9f6e5ce":173,"ed6bead5":173,"96f594b9":173,"94dfcfc5":173,"8301986e":173,"830ecfec":173,"a8bae791":173,"312009ee":173,"c98759fd":173,"e8b6d676":173,"45ee5840":173,"76f04033":173,"43480b19":173,"fd955858":173,"69798d15":173,"efea71fa":173,"fb3aa867":173,"c9cf710b":173,"fcacdeb3":173,"0ea055ed":173,"e3b1bdf8":173,"644b45fb":173,"18c73816":173,"e491161e":173,"b5087677":173,"16f60bed":173,"cb0c3481":173,"7664512c":173,"df9a53b8":173,"f6c27b2b":173,"945f6c24":173,"f1daea7e":173,"b8fb90e3":173,"56227e35":173,"0d6bf22a":173,"b87321d0":173,"43205b5d":173,"8982905a":173,"f6fe1ad7":173,"230064fa":173,"764e0abb":173,"bba6d88e":173,"ea3479ec":173,"32266fa3":173,"50b090c3":173,"8be24763":173,"eb4800b2":173,"6e0ce9dc":173,"87d9bec4":173,"e30dfa0c":173,"6da34174":173,"bfb849fa":173,"0a10b423":173,"9ef7cee7":173,"49f1a0d1":173,"5f04aa76":173,"ba297382":173,"0287db2a":173,"96abe4a9":173,"753b10b1":173,"cf14bd99":173,"782022f4":173,"322e833f":173,"ab3619e4":173,"106006ad":173,"c8237be9":173,"1416e8f5":173,"dde2eed5":173,"a208caa8":173,"16605353":173,"77b39e15":173,"f1726edb":173,"92b72493":173,"d3e58903":173,"4481c4be":173,"7954891b":173,"4afd60a9":173,"d44c0ea3":173,"68f87858":173,"533bac6b":173,"41634dba":173,"43fd1327":173,"113e7f4b":173,"8cce569a":173,"ce6401b6":173,"6f57824c":173,"28bd7aa1":173,"1d52fb0d":173,"cde0d748":173
1601327257935,"590ce3d3":173,"1802d7ce":173,"0a49914b":173,"5d3f5cad":173,"cf347cba":173,"fc0c23f7":173,"641f9b9e":173,"c92edec5":173,"9f03c1e7":173,"06c24a8d":173,"2f35e75f":173,"3eddf7c8":173,"77970f8b":173,"efd594d5":173,"4718294d":173,"5352cf45":173,"e0ffe8ff":173,"ae14d6b5":173,"721f5f42":173,"0b50bca6":173,"bf2ca266":173,"5d8d9641":173,"0de67c6c":173,"2311399f":173,"5e3ebf5e":173,"9f6ca218":173,"6213799d":173,"44cb1fd2":173,"baf19c25":173,"24a79a6e":173,"edde30af":173,"4d949e11":173,"535ed444":173,"710f0d0e":173,"0905f1fb":173,"a20e529c":173,"1ae76fcc":173,"35b161d3":173,"344cd1a3":173,"77ea1236":173,"96d2a118":173,"23a0e41f":173,"b32a1080":173,"a2c4b591":173,"6dfa57be":173,"1854ce44":173,"f92b22f1":173,"ece12664":173,"36f4ecde":173,"568a0d58":173,"5fd569d2":173,"10c8fd03":173,"bd4ccb49":173,"e773d697":173,"7e8c11e7":173,"077eb15a":173,"5337c279":173,"8d256cb6":173,"7021c619":173,"32ae00db":173,"bf2defb2":173,"bc733a28":173,"30d32d34":173,"886c16d3":173,"e8d09b62":173,"5b09e53e":173,"da5bb0f7":173,"6d925c84":173,"50b23ab2":173,"edfa56d4":173,"899c16eb":173,"41c76041":173,"6bb1fa99":173,"d73ff72e":173,"61c0ca91":173,"d2fda7be":173,"ce20ca3c":173,"1d2d958b":173,"81fb6a01":173,"7f5b27c8":173,"fb3444d9":173,"f05de640":173,"86a68967":173,"56cd4dca":173,"7f469f4c":173,"f92dedfc":173,"355d1489":173,"f96fc1af":173,"06713bac":173,"61aca924":173,"d97fb857":173,"59ff5ec6":173,"ef04e64e":173,"6e2d04de":173,"2fca1798":173,"05028839":173,"5488826c":173,"84fff5c1":173,"df12f689":173,"1da10cbf":173,"832c48e4":173,"dc90a44c":173,"1ad7c45b":173,"5566c17c":173,"86a22252":173,"0000dece":173,"ce5efdbe":173,"58ace2b5":173,"d379fd96":173,"7b819458":173,"7f8024cd":173,"ae562513":173,"7b66dacd":173,"9ab137d7":173,"7191d1cd":173,"005354dd":173,"3b3569f6":173,"b01ab62a":173,"76da16fa":173,"c649992d":173,"d5ad3ed6":173,"8e5f7187":173,"55ba7579":173,"b7769ca6":173,"9c27de51":173,"38a75b48":173,"1792bfa3":173,"426f1904":173,"7c0f1ca9":173,"b2f820ac":173,"25d4f65d":173,"eddb6a2a":173,"ff8a00aa":173,"c146560b":173,"985068e7":173,"d543ba6f":173,"bffee581":173,"07150038":173,"080fa362":173,"7b6945ad":173,"a40d08e1":173,"cec79bc2":173,"d2eff358":173,"e70aebb5":173,"a488b2f1":173,"4caa87d6":173,"f7076e21":173,"69e653b6":173,"98d2991b":173,"3b411d6a":173,"83826ef3":173,"595609d5":173,"b47f1b89":173,"8e6caf71":173,"9a3433b8":173,"b89112cb":173,"66736d5e":173,"30de89a7":173,"06aaa33f":173,"320c65bf":173,"1fa1e7c2":173,"646af2b9":173,"659389ad":173,"240c8679":173,"0718c3be":173,"8b503f7b":173,"f1e86522":173,"87a8523c":173,"fa03f48f":173,"c416baa6":173,"5298dafa":173,"ae350a07":173,"25f7f918":173,"680a32a6":173,"83ba647d":173,"c5311ebb":173,"105bb3f6":173,"cb0bd6b7":173,"8e426e39":173,"58de5462":173,"51909df8":173,"f01c896d":173,"e22b0973":173,"1f2670d0":173,"23646ff9":173,"962c9c8f":173,"3abb827b":173,"aec0bf28":173,"a017a323":173,"0c73c293":173,"8801c469":173,"88929b06":173,"08c4692e":173,"b6281f1a":173,"5b2479ef":173,"48c6df81":173,"5e165f43":173,"1d882c36":173,"f8785b71":173,"eb62e8f2":173,"ab4a411a":173,"d7a4b24c":173,"686d5c0b":173,"f15eb1c5":173,"71789493":173,"5ac72353":173,"d1b14d06":173,"f6c074a7":173,"ffd6849d":173,"962fca02":173,"75968179":173,"bc8bdc23":173,"a71f3f70":173,"1f7aa83c":173,"732d62ee":173,"d4b0751c":173,"5b01444b":173,"79995b62":173,"97160db8":173,"589f0d6e":173,"51b4016a":173,"46bf9112":173,"092ad3d6":173,"bf940089":173,"01f34f98":173,"1670b0d3":173,"ec97d63e":173,"94208a41":173,"808bc372":173,"2cbcad17":173,"c792a7c1":173,"4dccb5ca":173,"83268abf":173,"5a7da061":173,"578c4c95":173,"06a94514":173,"c606b472":173,"73c420df":173,"0700da70":173,"ff591765":173,"93f12198":173,"62e270e5":173,"66b1b6d7":173,"b062adc4":173,"4aae5133":173,"63a3af32":173,"3fec4b0b":173,"faa3de3e":173,"44983d13":173,"80999122":173,"72af9198":173,"e39e9552":173,"81c1b70d":173,"e72f0f82":173,"88374b72":173,"fdfaf1ed":173,"ea981bed":173,"5e197575":173,"e587c4d0":173,"525b2635":173,"caa38a45":173,"a9987a58":173,"b6b8e5c7":173,"e82177d3":173,"89914b94":173,"04bdf5e1":173,"da8b42be":173,"3b0576bf":173,"9458934f":173,"1dcc489c":173,"945badf3":173,"1327775b":173,"bdd40125":173,"75fd47f7":173,"1c52a07e":173,"e70ccc25":173,"afd1494f":173,"ca6bffd3":173,"829c44a4":173,"e76e2617":173,"2b4fd52e":173,"57162572":173,"d1d50cfe":173,"9666b973":173,"653b27c7":173,"83b37fd6":173,"272e7d0d":173,"f92596ee":173,"68831ea9":173,"9713d076":173,"fd098272":173,"6ee788a7":173,"8249641d":173,"45b0968f":173,"6a9bb182":173,"1f1afd4f":173,"25fb8826":173,"0dc5da58":173,"4d852788":173,"e43a9448":173,"3542b748":173,"379c53ab":173,"e396d80d":173,"7da61f27":173,"dc874a97":173,"85a220de":173,"40a7cdd2":173,"ac033c7b":173,"87759976":173,"4df3f62e":173,"c881a53e":173,"80c1c8b1":173,"cf52acd8":173,"a63cb4ce":173,"d3b3492b":173,"7580cfa4":173,"22a96386":173,"5c672b50":173,"5df16440":173,"b666e56d":173,"8db378ff":173,"784d6375":173,"4541bf85":173,"a6b13f20":173,"2459c882":173,"3df97186":173,"ef0490de":173,"e0f47ced":173,"309bbf54":173,"cc537772":173,"6618390c":173,"99cc0813":173,"dc32c4e1":173,"239c636e":173,"6ee160ff":173,"c55d40ca":173,"22c177a8":173,"00ae883f":173,"f416ee62":173,"0d2b182d":173,"320754c3":173,"232b2f64":173,"3171b6e7":173,"3b25460f":173,"d2064756":173,"2874a625":173,"e61ae828":173,"f7ac3883":173,"ccd01528":173,"dab8cf68":173,"00f2a9cb":173,"916fe082":173,"b64dba8e":173,"c3bb30ce":173,"86219c70":173,"601990d8":173,"5c662c19":173,"d2a5d2fd":173,"89d220c2":173,"3e10c9cb":173,"5500a3e8":173,"3c0e87ac":173,"a891461f":173,"a246cdab":173,"117c7f0b":173,"0d21cf99":173,"14e6fe14":173,"37ec5e73":173,"bfff7913":173,"f8636899":173,"37724339":173,"d45d9727":173,"ee5ff2a3":173,"44322dfd":173,"295e4d1d":173,"8cf6570a":173,"403064a0":173,"312af46e":173,"b5a9f8c3":173,"fcbc0ae8":173,"2ff6b6a8":173,"66a71cc1":173,"bf4b58e4":173,"f7ffcbb8":173,"5728f934":173,"00b26865":173,"c333337d":173,"815c56bc":173,"5bd61a68":173,"8582c5cf":173,"0c353665":173,"231e8700":173,"1f9fbd85":173,"43f24679":173,"a1c0dfc4":173,"78f71162":173,"4b27a9a4":173,"163f4d19":173,"1d043d5a":173,"b2f82e06":173,"5b0b43e6":173,"b5474d69":173,"5a938eeb":173,"4fe0dedf":173,"951fc6d0":173
1601327258867,"a8edfe84":173,"2ed19b1e":173,"959e16ea":173,"02f76c64":173,"5c6d1f33":173,"b4801cae":173,"c3c2fd05":173,"f8c97147":173,"c2526ff3":173,"61892a4c":173,"f096219e":173,"a3f0a6ec":173,"01051f84":173,"aa7e370d":173,"f995eeab":173,"4006e709":173,"0dedf63e":173,"a9d5374b":173,"4321f02d":173,"089b3f8f":173,"7698d0dc":173,"784414ce":173,"2df3efdb":173,"d0f1b7bd":173,"e7799883":173,"4f9456cf":173,"6e260ee8":173,"f4f84279":173,"b0950de5":173,"6f873999":173,"1f4e0e22":173,"60d69311":173,"3b09f1de":173,"b371f44a":173,"8b6180ff":173,"8819ac24":173,"dbbf7f69":173,"dfe4a061":173,"c2bf7d51":173,"781afef6":173,"de9229a0":173,"99a5feef":173,"f6266388":173,"cc386067":173,"a22ffd8f":173,"3cd28a4d":173,"44a12c31":173,"45a961ca":173,"5ca978fd":173,"668e601b":173,"7552d86c":173,"02ebf3b6":173,"bb17a968":173,"4abcb85d":173,"cba26072":173,"2a718dcc":173,"c6a9a8e1":173,"88854fd0":173,"8dc27d2a":173,"41d7f05d":173,"2b851827":173,"9f428a03":173,"4d504d96":173,"0533ece1":173,"bcee2ef3":173,"0afba00c":173,"04ff8100":173,"6c00d8d6":173,"ac9a02bc":173,"acfe69ed":173,"426603ff":173,"2db2f252":173,"2e84193b":173,"c55683c9":173,"51233daf":173,"02791635":173,"be081247":173,"5cc47d1b":173,"678b846f":173,"b4bd39d8":173,"e64fd39c":173,"e1b3ce36":173,"625fa164":173,"0c6ae551":173,"e8f4c1dd":173,"cede8b8c":173,"ad95ff4a":173,"893a99c5":173,"d8bf32b5":173,"0eb42efe":173,"03c4ab87":173,"4e3d3af7":173,"3a4803a8":173,"f7a7de5d":173,"d4e56c3e":173,"0c045c2d":173,"8efd4801":173,"7eb8f268":173,"20236d3e":173,"36ae8cd8":173,"3ddd5391":173,"07f69c6d":173,"2254f0f5":173,"ea282e84":173,"6653c83b":173,"c896052c":173,"287ecd1c":173,"f9376d3e":173,"07a94e8c":173,"bb017b49":173,"37b52fe4":173,"61ad1519":173,"819c4185":173,"ba69b06b":173,"7d2a2cb4":173,"4f62491c":173,"70b4c438":173,"71ed93db":173,"b4cdbe5d":173,"fa0386f3":173,"b95d0f17":173,"cee9c347":173,"c92efaa8":173,"c241ac7e":173,"62a45672":173,"210e507a":173,"ac6e268b":173,"742238e8":173,"7800e7ce":174,"77869ff0":174,"4b8f7b16":174,"89f75690":174,"d5d94481":174,"ffe48500":174,"c7a45a33":174,"faffe099":174,"e99490cd":174,"3b830769":174,"583f0305":174,"1557c50a":174,"249e80ab":174,"f52a3d94":174,"eb74d3dd":174,"3bcbc28d":174,"3c0455e7":174,"df203c79":174,"df1e1ac0":174,"491708eb":174,"e421caaa":174,"2d2ecf27":174,"d38a4953":174,"eba5efdd":174,"a5463f93":174,"c85ac4f8":174,"bc253f4f":174,"0d9d2bf8":174,"846b7f11":174,"d3411467":174,"1df0ce7f":174,"a08171d0":174,"c8bc5677":174,"dfca0518":174,"b9a21017":174,"e47705d3":174,"3cae4115":174,"0ccf4731":174,"c7c6782d":174,"54346574":174,"b12cbf87":174,"81942d9b":174,"699b90c1":174,"d9b5a7a8":174,"1e7914d2":174,"e5d8fdb2":174,"3412ab75":174,"bcac5daf":174,"62d028cc":174,"0af2cf39":174,"27491297":174,"d041ea86":174,"cb363e2f":174,"cd802f02":174,"d3cca7eb":174,"e866a899":174,"5690e712":174,"0b92d2a9":174,"070bed95":174,"67e5d108":174,"3d37b94b":174,"842c97c2":174,"c4cef92b":174,"0eecdc5b":174,"b7e495ea":174,"45ec63c0":174,"0ddfde2c":174,"a8b41774":174,"81f0da2d":174,"1fcc8ba4":174,"75a9c117":174,"12ba54ec":174,"be391c1a":174,"37d8a5b7":174,"d5ab81c4":174,"2ecde685":174,"f0bd52d3":174,"dcc20f76":174,"666a8ef0":174,"c5b609f1":174,"4dc5849a":174,"d605c755":174,"8a8c1d67":174,"cc6b3306":174,"8c2dfd9a":174,"f11267b9":174,"a483b15e":174,"f80ab49d":174,"95eaed39":174,"a5ba0ebb":174,"1eda11b2":174,"fc442678":174,"f53362a9":174,"1901ef7e":174,"960c2e6b":174,"3515e999":174,"d11f8f1b":174,"9d9eb027":174,"325f9a29":174,"503aafe5":174,"080d5d42":174,"5d03f5dc":174,"f0a01341":174,"1ee4d9f9":174,"0d6e45e7":174,"0da97151":174,"e829038c":174,"4987cfb5":174,"ba90687c":174,"77f2cf92":174,"037e2be4":174,"9e7dbd20":174,"0c086273":174,"ac13c3b0":174,"b4d9c57f":174,"5d53c964":174,"8ee9cc91":174,"4cc0af91":174,"55f6a2ba":174,"9559ea96":174,"9cb044bf":174,"16b25add":174,"80ee333e":174,"3b329af2":174,"1cd662bf":174,"72992b35":174,"47589344":174,"593b1533":174,"e9f6e5ce":174,"ed6bead5":174,"96f594b9":174,"94dfcfc5":174,"8301986e":174,"830ecfec":174,"a8bae791":174,"312009ee":174,"c98759fd":174,"e8b6d676":174,"45ee5840":174,"76f04033":174,"43480b19":174,"fd955858":174,"69798d15":174,"efea71fa":174,"fb3aa867":174,"c9cf710b":174,"fcacdeb3":174,"0ea055ed":174,"e3b1bdf8":174,"644b45fb":174,"18c73816":174,"e491161e":174,"b5087677":174,"16f60bed":174,"cb0c3481":174,"7664512c":174,"df9a53b8":174,"f6c27b2b":174,"945f6c24":174,"f1daea7e":174,"b8fb90e3":174,"56227e35":174,"0d6bf22a":174,"b87321d0":174,"43205b5d":174,"8982905a":174,"f6fe1ad7":174,"230064fa":174,"764e0abb":174,"bba6d88e":174,"ea3479ec":174,"32266fa3":174,"50b090c3":174,"8be24763":174,"eb4800b2":174,"6e0ce9dc":174,"87d9bec4":174,"e30dfa0c":174,"6da34174":174,"bfb849fa":174,"0a10b423":174,"9ef7cee7":174,"49f1a0d1":174,"5f04aa76":174,"ba297382":174,"0287db2a":174,"96abe4a9":174,"753b10b1":174,"cf14bd99":174,"782022f4":174,"322e833f":174,"ab3619e4":174,"106006ad":174,"c8237be9":174,"1416e8f5":174,"dde2eed5":174,"a208caa8":174,"16605353":174,"77b39e15":174,"f1726edb":174,"590ce3d3":174,"1802d7ce":174,"0a49914b":174,"5d3f5cad":174,"cf347cba":174,"fc0c23f7":174,"641f9b9e":174,"c92edec5":174,"9f03c1e7":174,"06c24a8d":174,"2f35e75f":174,"3eddf7c8":174,"77970f8b":174,"efd594d5":174,"4718294d":174,"5352cf45":174,"e0ffe8ff":174,"ae14d6b5":174,"721f5f42":174,"5b09e53e":174,"da5bb0f7":174,"6d925c84":174,"50b23ab2":174,"edfa56d4":174,"899c16eb":174,"41c76041":174,"6bb1fa99":174,"d73ff72e":174,"61c0ca91":174,"d2fda7be":174,"ce20ca3c":174,"1d2d958b":174,"81fb6a01":174,"7f5b27c8":174,"fb3444d9":174,"f05de640":174,"86a68967":174,"56cd4dca":174,"7f469f4c":174,"f92dedfc":174,"355d1489":174,"92b72493":174,"d3e58903":174,"4481c4be":174,"7954891b":174,"4afd60a9":174,"d44c0ea3":174,"68f87858":174,"533bac6b":174,"41634dba":174,"43fd1327":174,"113e7f4b":174,"8cce569a":174,"ce6401b6":174,"6f57824c":174,"28bd7aa1":174,"1d52fb0d":174,"cde0d748":174,"535ed444":174,"710f0d0e":174,"0905f1fb":174,"a20e529c":174,"1ae76fcc":174,"35b161d3":174,"f96fc1af":174,"06713bac":174,"61aca924":174,"d97fb857":174,"59ff5ec6":174,"ef04e64e":174,"6e2d04de":174,"2fca1798":174,"05028839":174,"5488826c":174,"84fff5c1":174,"c649992d":174,"d5ad3ed6":174,"8e5f7187":174,"55ba7579":174,"b7769ca6":174,"9c27de51":174,"38a75b48":174,"1792bfa3":174,"426f1904":174,"7c0f1ca9":174,"b2f820ac":174,"25d4f65d":174,"eddb6a2a":174,"ff8a00aa":174,"c146560b":174,"985068e7":174,"d543ba6f":174,"344cd1a3":174,"77ea1236":174,"96d2a118":174,"23a0e41f":174,"b32a1080":174,"a2c4b591":174,"6dfa57be":174,"1854ce44":174,"f92b22f1":174,"ece12664":174,"36f4ecde":174,"568a0d58":174,"5fd569d2":174,"10c8fd03":174,"bd4ccb49":174,"e773d697":174,"7e8c11e7":174,"077eb15a":174,"5337c279":174,"8d256cb6":174,"7021c619":174,"32ae00db":174,"bf2defb2":174,"bc733a28":174,"30d32d34":174,"886c16d3":174,"e8d09b62":174,"0b50bca6":174,"bf2ca266":174,"5d8d9641":174,"0de67c6c":174,"2311399f":174,"5e3ebf5e":174,"9f6ca218":174,"6213799d":174,"44cb1fd2":174,"baf19c25":174,"24a79a6e":174,"edde30af":174,"4d949e11":174,"df12f689":174,"1da10cbf":174,"832c48e4":174,"dc90a44c":174,"1ad7c45b":174,"5566c17c":174,"86a22252":174,"0000dece":174,"ce5efdbe":174,"58ace2b5":174,"d379fd96":174,"7b819458":174,"7f8024cd":174,"ae562513":174,"7b66dacd":174,"9ab137d7":174,"7191d1cd":174,"005354dd":174,"3b3569f6":174,"b01ab62a":174,"76da16fa":174,"bffee581":174,"07150038":174,"080fa362":174,"7b6945ad":174,"a40d08e1":174,"cec79bc2":174,"d2eff358":174,"e70aebb5":174,"a488b2f1":174,"4caa87d6":174,"f7076e21":174,"69e653b6":174,"98d2991b":174,"3b411d6a":174,"83826ef3":174,"595609d5":174,"b47f1b89":174,"8e6caf71":174,"9a3433b8":174,"b89112cb":174,"66736d5e":174,"30de89a7":174,"06aaa33f":174,"320c65bf":174,"f1e86522":174,"1fa1e7c2":174,"fa03f48f":174,"646af2b9":174,"659389ad":174,"5298dafa":174,"25f7f918":174,"240c8679":174,"c5311ebb":174,"0718c3be":174,"105bb3f6":174,"8b503f7b":174,"58de5462":174,"87a8523c":174,"f01c896d":174,"c416baa6":174,"1f2670d0":174,"ae350a07":174,"962c9c8f":174,"680a32a6":174,"aec0bf28":174,"83ba647d":174,"a017a323":174,"cb0bd6b7":174,"8e426e39":174,"8801c469":174,"51909df8":174,"b6281f1a":174,"e22b0973":174,"48c6df81":174,"5e165f43":174,"23646ff9":174,"3abb827b":174,"f8785b71":174,"0c73c293":174,"ab4a411a":174,"d7a4b24c":174,"88929b06":174,"08c4692e":174,"686d5c0b":174,"f15eb1c5":174,"5b2479ef":174,"71789493":174,"1d882c36":174,"eb62e8f2":174,"5ac72353":174,"d1b14d06":174,"f6c074a7":174,"ffd6849d":174,"962fca02":174,"75968179":174,"bc8bdc23":174,"a71f3f70":174,"1f7aa83c":174,"732d62ee":174,"d4b0751c":174,"5b01444b":174,"79995b62":174,"97160db8":174,"589f0d6e":174,"51b4016a":174,"46bf9112":174,"092ad3d6":174,"bf940089":174,"01f34f98":174,"1670b0d3":174,"ec97d63e":174,"94208a41":174,"2cbcad17":174,"4dccb5ca":174,"83268abf":174,"578c4c95":174,"c606b472":174,"808bc372":174,"c792a7c1":174,"5a7da061":174,"06a94514":174,"73c420df":174,"0700da70":174,"ff591765":174,"93f12198":174,"62e270e5":174,"66b1b6d7":174,"b062adc4":174,"4aae5133":174,"63a3af32":174,"3fec4b0b":174,"faa3de3e":174,"44983d13":174,"80999122":174,"72af9198":174,"e39e9552":174,"81c1b70d":174,"e72f0f82":174,"88374b72":174,"fdfaf1ed":174,"ea981bed":174,"5e197575":174,"e587c4d0":174,"525b2635":174,"caa38a45":174,"a9987a58":174,"b6b8e5c7":174,"e82177d3":174,"89914b94":174,"04bdf5e1":174,"da8b42be":174,"3b0576bf":174,"9458934f":174,"1dcc489c":174,"945badf3":174,"1327775b":174,"bdd40125":174,"9666b973":174,"653b27c7":174,"83b37fd6":174,"4d852788":174,"e43a9448":174,"3542b748":174,"379c53ab":174,"e396d80d":174,"7da61f27":174,"dc874a97":174,"85a220de":174,"40a7cdd2":174,"ac033c7b":174,"87759976":174,"4df3f62e":174,"75fd47f7":174,"1c52a07e":174,"e70ccc25":174,"afd1494f":174,"ca6bffd3":174,"829c44a4":174,"e76e2617":174,"2b4fd52e":174,"57162572":174,"d1d50cfe":174,"c881a53e":174,"80c1c8b1":174,"cf52acd8":174,"a63cb4ce":174,"d3b3492b":174,"7580cfa4":174,"22a96386":174,"5c672b50":174,"5df16440":174,"b666e56d":174,"8db378ff":174,"784d6375":174,"4541bf85":174,"a6b13f20":174,"2459c882":174,"3df97186":174,"272e7d0d":174,"ef0490de":174,"e0f47ced":174,"309bbf54":174,"cc537772":174,"6618390c":174,"99cc0813":174,"dc32c4e1":174,"239c636e":174,"6ee160ff":174,"c55d40ca":174,"22c177a8":174,"00ae883f":174,"f416ee62":174,"0d2b182d":174,"320754c3":174,"232b2f64":174,"3171b6e7":174,"3b25460f":174,"d2064756":174,"f92596ee":174,"68831ea9":174,"9713d076":174,"fd098272":174,"6ee788a7":174,"8249641d":174,"45b0968f":174,"6a9bb182":174,"1f1afd4f":174,"25fb8826":174,"0dc5da58":174,"2874a625":174,"e61ae828":174,"f7ac3883":174,"ccd01528":174,"dab8cf68":174,"00f2a9cb":174,"916fe082":174,"b64dba8e":174,"c3bb30ce":174,"86219c70":174,"601990d8":174,"5c662c19":174,"d2a5d2fd":174,"89d220c2":174,"3e10c9cb":174,"5500a3e8":174,"3c0e87ac":174,"a891461f":174,"a246cdab":174,"117c7f0b":174,"0d21cf99":174,"14e6fe14":174,"37ec5e73":174,"bfff7913":174,"f8636899":174,"37724339":174,"d45d9727":174,"ee5ff2a3":174,"44322dfd":174,"295e4d1d":174,"8cf6570a":174,"403064a0":174,"312af46e":174,"b5a9f8c3":174,"fcbc0ae8":174,"2ff6b6a8":174,"66a71cc1":174,"bf4b58e4":174,"f7ffcbb8":174,"5728f934":174,"00b26865":174,"c333337d":174,"815c56bc":174,"5bd61a68":174,"8582c5cf":174,"0c353665":174,"231e8700":174,"1f9fbd85":174,"43f24679":174,"a1c0dfc4":174,"78f71162":174,"4b27a9a4":174,"163f4d19":174,"1d043d5a":174,"b2f82e06":174,"5b0b43e6":174,"b5474d69":174,"5a938eeb":174,"4fe0dedf":174,"951fc6d0":174,"61892a4c":174,"f096219e":174,"a3f0a6ec":174,"01051f84":174,"aa7e370d":174,"f995eeab":174,"4006e709":174,"0dedf63e":174,"a9d5374b":174,"4321f02d":174,"089b3f8f":174,"7698d0dc":174,"784414ce":174,"2df3efdb":174,"d0f1b7bd":174,"e7799883":174,"4f9456cf":174,"6e260ee8":174,"f4f84279":174,"b0950de5":174,"6f873999":174,"1f4e0e22":174,"60d69311":174,"3b09f1de":174,"b371f44a":174,"8b6180ff":174,"8819ac24":174,"dbbf7f69":174,"a8edfe84":174,"2ed19b1e":174,"959e16ea":174,"02f76c64":174,"5c6d1f33":174,"b4801cae":174,"c3c2fd05":174,"f8c97147":174,"c2526ff3":174,"cc386067":174,"a22ffd8f":174,"3cd28a4d":174,"44a12c31":174,"45a961ca":174,"5ca978fd":174,"668e601b":174,"7552d86c":174,"02ebf3b6":174,"bb17a968":174,"4abcb85d":174,"cba26072":174,"2a718dcc":174,"c6a9a8e1":174,"88854fd0":174,"8dc27d2a":174,"41d7f05d":174,"2b851827":174,"9f428a03":174,"4d504d96":174,"0533ece1":174,"bcee2ef3":174,"0afba00c":174,"dfe4a061":174,"c2bf7d51":174,"781afef6":174,"de9229a0":174,"99a5feef":174,"f6266388":174,"e64fd39c":174,"e1b3ce36":174,"625fa164":174,"0c6ae551":174,"e8f4c1dd":174,"cede8b8c":174,"ad95ff4a":174,"893a99c5":174,"d8bf32b5":174,"0eb42efe":174,"03c4ab87":174,"4e3d3af7":174,"3a4803a8":174,"f7a7de5d":174,"d4e56c3e":174,"0c045c2d":174,"8efd4801":174,"7eb8f268":174,"20236d3e":174,"36ae8cd8":174,"3ddd5391":174,"07f69c6d":174,"04ff8100":174,"6c00d8d6":174,"ac9a02bc":174,"acfe69ed":174,"426603ff":174,"2db2f252":174,"2e84193b":174,"c55683c9":174,"51233daf":174,"02791635":174,"be081247":174,"5cc47d1b":174,"678b846f":174,"b4bd39d8":174,"b4cdbe5d":174,"fa0386f3":174,"b95d0f17":174,"cee9c347":174,"2254f0f5":174,"ea282e84":174,"6653c83b":174,"c896052c":174,"287ecd1c":174,"f9376d3e":174,"07a94e8c":174,"bb017b49":174,"37b52fe4":174,"61ad1519":174,"819c4185":174,"ba69b06b":174,"7d2a2cb4":174,"4f62491c":174,"70b4c438":174,"71ed93db":174,"c92efaa8":174,"c241ac7e":174,"62a45672":174,"210e507a":174,"ac6e268b":174,"742238e8":174,"d5d94481":175,"ffe48500":175,"c7a45a33":175,"faffe099":175,"e99490cd":175,"3b830769":175,"583f0305":175,"1557c50a":175,"249e80ab":175,"f52a3d94":175,"eb74d3dd":175,"3bcbc28d":175,"3c0455e7":175,"df203c79":175,"df1e1ac0":175,"491708eb":175,"e421caaa":175,"2d2ecf27":175,"d38a4953":175,"eba5efdd":175,"a5463f93":175,"c85ac4f8":175,"bc253f4f":175,"0d9d2bf8":175,"846b7f11":175,"d3411467":175,"1df0ce7f":175,"a08171d0":175,"c8bc5677":175,"dfca0518":175,"b9a21017":175,"e47705d3":175,"3cae4115":175,"0ccf4731":175,"c7c6782d":175,"54346574":175,"b12cbf87":175,"81942d9b":175,"699b90c1":175,"d9b5a7a8":175,"1e7914d2":175,"e5d8fdb2":175,"3412ab75":175,"bcac5daf":175,"62d028cc":175,"0af2cf39":175,"27491297":175,"d041ea86":175,"1eda11b2":175,"fc442678":175,"8c2dfd9a":175,"f11267b9":175,"a483b15e":175,"f80ab49d":175,"95eaed39":175,"a5ba0ebb":175,"f53362a9":175,"1901ef7e":175,"960c2e6b":175,"3515e999":175,"d11f8f1b":175,"9d9eb027":175,"325f9a29":175,"503aafe5":175,"7800e7ce":175,"77869ff0":175,"4b8f7b16":175,"89f75690":175,"cb363e2f":175,"cd802f02":175,"d3cca7eb":175,"e866a899":175,"5690e712":175,"0b92d2a9":175,"070bed95":175,"67e5d108":175,"3d37b94b":175,"842c97c2":175,"c4cef92b":175,"0eecdc5b":175,"b7e495ea":175,"45ec63c0":175,"0ddfde2c":175,"a8b41774":175,"81f0da2d":175,"1fcc8ba4":175,"75a9c117":175,"12ba54ec":175,"be391c1a":175,"37d8a5b7":175,"d5ab81c4":175,"2ecde685":175,"f0bd52d3":175,"dcc20f76":175,"666a8ef0":175,"c5b609f1":175,"4dc5849a":175,"d605c755":175,"8a8c1d67":175,"cc6b3306":175,"080d5d42":175,"5d03f5dc":175,"f0a01341":175,"1ee4d9f9":175,"0d6e45e7":175,"0da97151":175,"e829038c":175,"4987cfb5":175,"ba90687c":175,"77f2cf92":175,"037e2be4":175,"9e7dbd20":175,"0c086273":175,"ac13c3b0":175,"b4d9c57f":175,"5d53c964":175,"8ee9cc91":175,"4cc0af91":175,"55f6a2ba":175,"9559ea96":175,"9cb044bf":175,"16b25add":175
1601327259688,"80ee333e":175,"3b329af2":175,"1cd662bf":175,"72992b35":175,"47589344":175,"593b1533":175,"e9f6e5ce":175,"ed6bead5":175,"96f594b9":175,"94dfcfc5":175,"8301986e":175,"830ecfec":175,"a8bae791":175,"312009ee":175,"c98759fd":175,"e8b6d676":175,"45ee5840":175,"76f04033":175,"43480b19":175,"fd955858":175,"69798d15":175,"efea71fa":175,"fb3aa867":175,"c9cf710b":175,"fcacdeb3":175,"0ea055ed":175,"e3b1bdf8":175,"18c73816":175,"e491161e":175,"b5087677":175,"16f60bed":175,"cb0c3481":175,"7664512c":175,"644b45fb":175,"df9a53b8":175,"f6c27b2b":175,"945f6c24":175,"f1daea7e":175,"b8fb90e3":175,"56227e35":175,"0d6bf22a":175,"b87321d0":175,"43205b5d":175,"8982905a":175,"f6fe1ad7":175,"230064fa":175,"764e0abb":175,"bba6d88e":175,"ea3479ec":175,"32266fa3":175,"50b090c3":175,"8be24763":175,"eb4800b2":175,"6e0ce9dc":175,"87d9bec4":175,"e30dfa0c":175,"6da34174":175,"bfb849fa":175,"0a10b423":175,"9ef7cee7":175,"49f1a0d1":175,"5f04aa76":175,"ba297382":175,"0287db2a":175,"96abe4a9":175,"753b10b1":175,"cf14bd99":175,"782022f4":175,"322e833f":175,"ab3619e4":175,"106006ad":175,"c8237be9":175,"1416e8f5":175,"dde2eed5":175,"a208caa8":175,"16605353":175,"77b39e15":175,"f1726edb":175,"590ce3d3":175,"1802d7ce":175,"0a49914b":175,"5d3f5cad":175,"cf347cba":175,"fc0c23f7":175,"641f9b9e":175,"c92edec5":175,"9f03c1e7":175,"06c24a8d":175,"2f35e75f":175,"3eddf7c8":175,"77970f8b":175,"efd594d5":175,"4718294d":175,"5352cf45":175,"e0ffe8ff":175,"ae14d6b5":175,"721f5f42":175,"0b50bca6":175,"bf2ca266":175,"5d8d9641":175,"92b72493":175,"d3e58903":175,"4481c4be":175,"7954891b":175,"4afd60a9":175,"d44c0ea3":175,"68f87858":175,"533bac6b":175,"41634dba":175,"43fd1327":175,"113e7f4b":175,"8cce569a":175,"ce6401b6":175,"6f57824c":175,"28bd7aa1":175,"1d52fb0d":175,"cde0d748":175,"535ed444":175,"710f0d0e":175,"0905f1fb":175,"a20e529c":175,"1ae76fcc":175,"35b161d3":175,"344cd1a3":175,"77ea1236":175,"96d2a118":175,"23a0e41f":175,"b32a1080":175,"5b09e53e":175,"da5bb0f7":175,"6d925c84":175,"50b23ab2":175,"edfa56d4":175,"899c16eb":175,"41c76041":175,"6bb1fa99":175,"d73ff72e":175,"61c0ca91":175,"d2fda7be":175,"ce20ca3c":175,"1d2d958b":175,"81fb6a01":175,"7f5b27c8":175,"fb3444d9":175,"f05de640":175,"86a68967":175,"56cd4dca":175,"a2c4b591":175,"6dfa57be":175,"1854ce44":175,"f92b22f1":175,"ece12664":175,"36f4ecde":175,"568a0d58":175,"5fd569d2":175,"10c8fd03":175,"bd4ccb49":175,"e773d697":175,"7e8c11e7":175,"077eb15a":175,"5337c279":175,"8d256cb6":175,"7021c619":175,"32ae00db":175,"bf2defb2":175,"bc733a28":175,"30d32d34":175,"886c16d3":175,"e8d09b62":175,"7f469f4c":175,"f92dedfc":175,"355d1489":175,"f96fc1af":175,"06713bac":175,"61aca924":175,"d97fb857":175,"59ff5ec6":175,"ef04e64e":175,"6e2d04de":175,"2fca1798":175,"05028839":175,"5488826c":175,"84fff5c1":175,"c649992d":175,"d5ad3ed6":175,"8e5f7187":175,"55ba7579":175,"b7769ca6":175,"9c27de51":175,"38a75b48":175,"1792bfa3":175,"426f1904":175,"7c0f1ca9":175,"b2f820ac":175,"25d4f65d":175,"eddb6a2a":175,"ff8a00aa":175,"c146560b":175,"985068e7":175,"d543ba6f":175,"3b3569f6":175,"b01ab62a":175,"0de67c6c":175,"2311399f":175,"5e3ebf5e":175,"9f6ca218":175,"6213799d":175,"44cb1fd2":175,"baf19c25":175,"24a79a6e":175,"edde30af":175,"4d949e11":175,"df12f689":175,"1da10cbf":175,"832c48e4":175,"dc90a44c":175,"1ad7c45b":175,"5566c17c":175,"86a22252":175,"0000dece":175,"ce5efdbe":175,"58ace2b5":175,"d379fd96":175,"7b819458":175,"7f8024cd":175,"ae562513":175,"7b66dacd":175,"9ab137d7":175,"7191d1cd":175,"005354dd":175,"76da16fa":175,"bffee581":175,"07150038":175,"080fa362":175,"7b6945ad":175,"a40d08e1":175,"cec79bc2":175,"d2eff358":175,"e70aebb5":175,"a488b2f1":175,"4caa87d6":175,"f7076e21":175,"69e653b6":175,"98d2991b":175,"3b411d6a":175,"83826ef3":175,"595609d5":175,"b47f1b89":175,"8e6caf71":175,"9a3433b8":175,"b89112cb":175,"66736d5e":175,"30de89a7":175,"06aaa33f":175,"320c65bf":175,"1fa1e7c2":175,"646af2b9":175,"659389ad":175,"f1e86522":175,"fa03f48f":175,"240c8679":175,"0718c3be":175,"5298dafa":175,"8b503f7b":175,"25f7f918":175,"c5311ebb":175,"87a8523c":175,"c416baa6":175,"105bb3f6":175,"58de5462":175,"ae350a07":175,"f01c896d":175,"680a32a6":175,"1f2670d0":175,"83ba647d":175,"cb0bd6b7":175,"962c9c8f":175,"aec0bf28":175,"8e426e39":175,"51909df8":175,"a017a323":175,"8801c469":175,"e22b0973":175,"b6281f1a":175,"23646ff9":175,"48c6df81":175,"3abb827b":175,"5e165f43":175,"0c73c293":175,"88929b06":175,"f8785b71":175,"ab4a411a":175,"08c4692e":175,"d7a4b24c":175,"5b2479ef":175,"1d882c36":175,"686d5c0b":175,"eb62e8f2":175,"f15eb1c5":175,"71789493":175,"5ac72353":175,"d1b14d06":175,"f6c074a7":175,"ffd6849d":175,"962fca02":175,"75968179":175,"bc8bdc23":175,"a71f3f70":175,"1f7aa83c":175,"732d62ee":175,"d4b0751c":175,"5b01444b":175,"79995b62":175,"97160db8":175,"589f0d6e":175,"51b4016a":175,"46bf9112":175,"092ad3d6":175,"bf940089":175,"01f34f98":175,"1670b0d3":175,"ec97d63e":175,"94208a41":175,"2cbcad17":175,"4dccb5ca":175,"808bc372":175,"83268abf":175,"578c4c95":175,"c792a7c1":175,"c606b472":175,"5a7da061":175,"06a94514":175,"73c420df":175,"0700da70":175,"ff591765":175,"93f12198":175,"62e270e5":175,"66b1b6d7":175,"b062adc4":175,"4aae5133":175,"63a3af32":175,"3fec4b0b":175,"faa3de3e":175,"44983d13":175,"80999122":175,"72af9198":175,"e39e9552":175,"81c1b70d":175,"e72f0f82":175,"88374b72":175,"fdfaf1ed":175,"ea981bed":175,"5e197575":175,"e587c4d0":175,"525b2635":175,"caa38a45":175,"a9987a58":175,"b6b8e5c7":175,"e82177d3":175,"89914b94":175,"04bdf5e1":175,"da8b42be":175,"3b0576bf":175,"9458934f":175,"1dcc489c":175,"945badf3":175,"1327775b":175,"bdd40125":175,"75fd47f7":175,"1c52a07e":175,"e70ccc25":175,"afd1494f":175,"ca6bffd3":175,"829c44a4":175,"e76e2617":175,"2b4fd52e":175,"57162572":175,"d1d50cfe":175,"9666b973":175,"653b27c7":175,"83b37fd6":175,"4d852788":175,"e43a9448":175,"3542b748":175,"379c53ab":175,"e396d80d":175,"7da61f27":175,"dc874a97":175,"85a220de":175,"40a7cdd2":175,"ac033c7b":175,"87759976":175,"4df3f62e":175,"c881a53e":175,"80c1c8b1":175,"cf52acd8":175,"a63cb4ce":175,"d3b3492b":175,"7580cfa4":175,"22a96386":175,"5c672b50":175,"5df16440":175,"b666e56d":175,"8db378ff":175,"272e7d0d":175,"f92596ee":175,"68831ea9":175,"9713d076":175,"fd098272":175,"6ee788a7":175,"8249641d":175,"45b0968f":175,"6a9bb182":175,"1f1afd4f":175,"25fb8826":175,"0dc5da58":175,"2874a625":175,"e61ae828":175,"f7ac3883":175,"ccd01528":175,"dab8cf68":175,"00f2a9cb":175,"916fe082":175,"b64dba8e":175,"c3bb30ce":175,"86219c70":175,"601990d8":175,"5c662c19":175,"d2a5d2fd":175,"89d220c2":175,"3e10c9cb":175,"5500a3e8":175,"3c0e87ac":175,"a891461f":175,"a246cdab":175,"117c7f0b":175,"0d21cf99":175,"14e6fe14":175,"784d6375":175,"4541bf85":175,"a6b13f20":175,"2459c882":175,"3df97186":175,"ef0490de":175,"e0f47ced":175,"309bbf54":175,"cc537772":175,"6618390c":175,"99cc0813":175,"dc32c4e1":175,"239c636e":175,"6ee160ff":175,"c55d40ca":175,"22c177a8":175,"00ae883f":175,"f416ee62":175,"0d2b182d":175,"320754c3":175,"232b2f64":175,"3171b6e7":175,"37ec5e73":175,"bfff7913":175,"f8636899":175,"37724339":175,"d45d9727":175,"ee5ff2a3":175,"44322dfd":175,"295e4d1d":175,"8cf6570a":175,"403064a0":175,"312af46e":175,"b5a9f8c3":175,"fcbc0ae8":175,"2ff6b6a8":175,"66a71cc1":175,"bf4b58e4":175,"3b25460f":175,"d2064756":175,"f7ffcbb8":175,"5728f934":175,"00b26865":175,"c333337d":175,"815c56bc":175,"5bd61a68":175,"8582c5cf":175,"0c353665":175,"231e8700":175,"1f9fbd85":175,"43f24679":175,"a1c0dfc4":175,"78f71162":175,"4b27a9a4":175,"163f4d19":175,"1d043d5a":175,"b2f82e06":175,"5b0b43e6":175,"b5474d69":175,"5a938eeb":175,"4fe0dedf":175,"951fc6d0":175,"61892a4c":175,"f096219e":175,"a3f0a6ec":175,"01051f84":175,"aa7e370d":175,"f995eeab":175,"4006e709":175,"0dedf63e":175,"a9d5374b":175,"4321f02d":175,"089b3f8f":175,"7698d0dc":175,"784414ce":175,"2df3efdb":175,"d0f1b7bd":175,"e7799883":175,"4f9456cf":175,"6e260ee8":175,"f4f84279":175,"b0950de5":175,"6f873999":175,"1f4e0e22":175,"60d69311":175,"3b09f1de":175,"a8edfe84":175,"2ed19b1e":175,"959e16ea":175,"02f76c64":175,"5c6d1f33":175,"b4801cae":175,"c3c2fd05":175,"f8c97147":175,"c2526ff3":175,"cc386067":175,"a22ffd8f":175,"3cd28a4d":175,"44a12c31":175,"45a961ca":175,"5ca978fd":175,"668e601b":175,"7552d86c":175,"02ebf3b6":175,"bb17a968":175,"4abcb85d":175,"cba26072":175,"2a718dcc":175,"c6a9a8e1":175,"88854fd0":175,"8dc27d2a":175,"41d7f05d":175,"2b851827":175,"b371f44a":175,"8b6180ff":175,"8819ac24":175,"dbbf7f69":175,"dfe4a061":175,"c2bf7d51":175,"781afef6":175,"de9229a0":175,"99a5feef":175,"f6266388":175,"e64fd39c":175,"e1b3ce36":175,"625fa164":175,"0c6ae551":175,"e8f4c1dd":175,"cede8b8c":175,"ad95ff4a":175,"893a99c5":175,"d8bf32b5":175,"0eb42efe":175,"03c4ab87":175,"4e3d3af7":175,"3a4803a8":175,"f7a7de5d":175,"d4e56c3e":175,"0c045c2d":175,"8efd4801":175,"7eb8f268":175,"20236d3e":175,"36ae8cd8":175,"3ddd5391":175,"07f69c6d":175,"2254f0f5":175,"ea282e84":175,"6653c83b":175,"c896052c":175,"287ecd1c":175,"f9376d3e":175,"07a94e8c":175,"bb017b49":175,"37b52fe4":175,"61ad1519":175,"819c4185":175,"ba69b06b":175,"7d2a2cb4":175,"4f62491c":175,"70b4c438":175,"71ed93db":175,"c92efaa8":175,"c241ac7e":175,"62a45672":175,"210e507a":175,"ac6e268b":175,"742238e8":175,"9f428a03":175,"4d504d96":175,"0533ece1":175,"bcee2ef3":175,"0afba00c":175,"04ff8100":175,"6c00d8d6":175,"ac9a02bc":175,"acfe69ed":175,"426603ff":175,"2db2f252":175,"2e84193b":175,"c55683c9":175,"51233daf":175,"02791635":175,"be081247":175,"5cc47d1b":175,"678b846f":175,"b4bd39d8":175,"b4cdbe5d":175,"fa0386f3":175,"b95d0f17":175,"cee9c347":175
1601327260368,"7800e7ce":176,"77869ff0":176,"4b8f7b16":176,"89f75690":176,"cb363e2f":176,"cd802f02":176,"d3cca7eb":176,"e866a899":176,"5690e712":176,"0b92d2a9":176,"070bed95":176,"67e5d108":176,"3d37b94b":176,"842c97c2":176,"c4cef92b":176,"0eecdc5b":176,"b7e495ea":176,"45ec63c0":176,"0ddfde2c":176,"a8b41774":176,"81f0da2d":176,"1fcc8ba4":176,"75a9c117":176,"12ba54ec":176,"be391c1a":176,"37d8a5b7":176,"d5ab81c4":176,"2ecde685":176,"f0bd52d3":176,"dcc20f76":176,"666a8ef0":176,"c5b609f1":176,"4dc5849a":176,"d605c755":176,"8a8c1d67":176,"cc6b3306":176,"8c2dfd9a":176,"f11267b9":176,"a483b15e":176,"f80ab49d":176,"95eaed39":176,"a5ba0ebb":176,"f53362a9":176,"1901ef7e":176,"960c2e6b":176,"3515e999":176,"d11f8f1b":176,"9d9eb027":176,"325f9a29":176,"503aafe5":176,"080d5d42":176,"5d03f5dc":176,"f0a01341":176,"1ee4d9f9":176,"0d6e45e7":176,"0da97151":176,"e829038c":176,"4987cfb5":176,"ba90687c":176,"77f2cf92":176,"037e2be4":176,"9e7dbd20":176,"0c086273":176,"d5d94481":176,"ffe48500":176,"c7a45a33":176,"faffe099":176,"e99490cd":176,"3b830769":176,"583f0305":176,"1557c50a":176,"249e80ab":176,"f52a3d94":176,"eb74d3dd":176,"3bcbc28d":176,"3c0455e7":176,"df203c79":176,"df1e1ac0":176,"491708eb":176,"e421caaa":176,"2d2ecf27":176,"d38a4953":176,"eba5efdd":176,"a5463f93":176,"c85ac4f8":176,"bc253f4f":176,"0d9d2bf8":176,"846b7f11":176,"d3411467":176,"1df0ce7f":176,"a08171d0":176,"c8bc5677":176,"dfca0518":176,"b9a21017":176,"e47705d3":176,"3cae4115":176,"0ccf4731":176,"c7c6782d":176,"ac13c3b0":176,"b4d9c57f":176,"5d53c964":176,"8ee9cc91":176,"4cc0af91":176,"55f6a2ba":176,"9559ea96":176,"9cb044bf":176,"16b25add":176,"80ee333e":176,"3b329af2":176,"1cd662bf":176,"72992b35":176,"47589344":176,"593b1533":176,"e9f6e5ce":176,"ed6bead5":176,"96f594b9":176,"94dfcfc5":176,"8301986e":176,"830ecfec":176,"a8bae791":176,"312009ee":176,"c98759fd":176,"e8b6d676":176,"45ee5840":176,"76f04033":176,"43480b19":176,"fd955858":176,"69798d15":176,"efea71fa":176,"fb3aa867":176,"c9cf710b":176,"fcacdeb3":176,"0ea055ed":176,"54346574":176,"b12cbf87":176,"81942d9b":176,"699b90c1":176,"d9b5a7a8":176,"1e7914d2":176,"e5d8fdb2":176,"3412ab75":176,"bcac5daf":176,"62d028cc":176,"0af2cf39":176,"27491297":176,"d041ea86":176,"1eda11b2":176,"fc442678":176,"e3b1bdf8":176,"644b45fb":176,"18c73816":176,"e491161e":176,"b5087677":176,"16f60bed":176,"cb0c3481":176,"7664512c":176,"df9a53b8":176,"f6c27b2b":176,"945f6c24":176,"f1daea7e":176,"b8fb90e3":176,"56227e35":176,"0d6bf22a":176,"b87321d0":176,"590ce3d3":176,"1802d7ce":176,"0a49914b":176,"5d3f5cad":176,"cf347cba":176,"fc0c23f7":176,"641f9b9e":176,"c92edec5":176,"9f03c1e7":176,"06c24a8d":176,"2f35e75f":176,"3eddf7c8":176,"77970f8b":176,"efd594d5":176,"4718294d":176,"5352cf45":176,"e0ffe8ff":176,"ae14d6b5":176,"43205b5d":176,"8982905a":176,"f6fe1ad7":176,"230064fa":176,"764e0abb":176,"bba6d88e":176,"ea3479ec":176,"32266fa3":176,"50b090c3":176,"8be24763":176,"eb4800b2":176,"6e0ce9dc":176,"87d9bec4":176,"e30dfa0c":176,"6da34174":176,"bfb849fa":176,"0a10b423":176,"9ef7cee7":176,"49f1a0d1":176,"5f04aa76":176,"ba297382":176,"0287db2a":176,"96abe4a9":176,"753b10b1":176,"cf14bd99":176,"782022f4":176,"322e833f":176,"ab3619e4":176,"106006ad":176,"c8237be9":176,"1416e8f5":176,"dde2eed5":176,"a208caa8":176,"16605353":176,"77b39e15":176,"f1726edb":176,"92b72493":176,"d3e58903":176,"4481c4be":176,"7954891b":176,"4afd60a9":176,"d44c0ea3":176,"721f5f42":176,"0b50bca6":176,"bf2ca266":176,"5d8d9641":176,"0de67c6c":176,"2311399f":176,"5e3ebf5e":176,"9f6ca218":176,"6213799d":176,"44cb1fd2":176,"baf19c25":176,"24a79a6e":176,"edde30af":176,"4d949e11":176,"df12f689":176,"1da10cbf":176,"832c48e4":176,"dc90a44c":176,"1ad7c45b":176,"5566c17c":176,"86a22252":176,"0000dece":176,"ce5efdbe":176,"58ace2b5":176,"d379fd96":176,"7b819458":176,"7f8024cd":176,"ae562513":176,"7b66dacd":176,"9ab137d7":176,"7191d1cd":176,"005354dd":176,"68f87858":176,"533bac6b":176,"41634dba":176,"43fd1327":176,"113e7f4b":176,"8cce569a":176,"ce6401b6":176,"6f57824c":176,"28bd7aa1":176,"1d52fb0d":176,"cde0d748":176,"535ed444":176,"710f0d0e":176,"0905f1fb":176,"a20e529c":176,"1ae76fcc":176,"35b161d3":176,"344cd1a3":176,"77ea1236":176,"96d2a118":176,"23a0e41f":176,"b32a1080":176,"a2c4b591":176,"6dfa57be":176,"1854ce44":176,"f92b22f1":176,"ece12664":176,"36f4ecde":176,"568a0d58":176,"5fd569d2":176,"10c8fd03":176,"bd4ccb49":176,"e773d697":176,"7e8c11e7":176,"077eb15a":176,"5b09e53e":176,"da5bb0f7":176,"6d925c84":176,"50b23ab2":176,"edfa56d4":176,"899c16eb":176,"41c76041":176,"6bb1fa99":176,"d73ff72e":176,"61c0ca91":176,"d2fda7be":176,"ce20ca3c":176,"1d2d958b":176,"81fb6a01":176,"7f5b27c8":176,"fb3444d9":176,"f05de640":176,"86a68967":176,"56cd4dca":176,"5337c279":176,"8d256cb6":176,"7021c619":176,"32ae00db":176,"bf2defb2":176,"bc733a28":176,"30d32d34":176,"886c16d3":176,"e8d09b62":176,"7f469f4c":176,"f92dedfc":176,"355d1489":176,"f96fc1af":176,"06713bac":176,"61aca924":176,"d97fb857":176,"59ff5ec6":176,"ef04e64e":176,"6e2d04de":176,"2fca1798":176,"05028839":176,"5488826c":176,"84fff5c1":176,"c649992d":176,"d5ad3ed6":176,"8e5f7187":176,"55ba7579":176,"b7769ca6":176,"9c27de51":176,"38a75b48":176,"1792bfa3":176,"426f1904":176,"7c0f1ca9":176,"b2f820ac":176,"25d4f65d":176,"eddb6a2a":176,"ff8a00aa":176,"c146560b":176,"985068e7":176,"d543ba6f":176
1601327261033,"3b3569f6":176,"b01ab62a":176,"76da16fa":176,"bffee581":176,"07150038":176,"080fa362":176,"7b6945ad":176,"a40d08e1":176,"cec79bc2":176,"d2eff358":176,"e70aebb5":176,"a488b2f1":176,"4caa87d6":176,"f7076e21":176,"69e653b6":176,"98d2991b":176,"3b411d6a":176,"83826ef3":176,"595609d5":176,"b47f1b89":176,"8e6caf71":176,"9a3433b8":176,"b89112cb":176,"66736d5e":176,"30de89a7":176,"06aaa33f":176,"320c65bf":176,"1fa1e7c2":176,"646af2b9":176,"f1e86522":176,"659389ad":176,"fa03f48f":176,"240c8679":176,"5298dafa":176,"25f7f918":176,"0718c3be":176,"c5311ebb":176,"8b503f7b":176,"87a8523c":176,"105bb3f6":176,"c416baa6":176,"58de5462":176,"ae350a07":176,"f01c896d":176,"680a32a6":176,"1f2670d0":176,"83ba647d":176,"962c9c8f":176,"cb0bd6b7":176,"aec0bf28":176,"8e426e39":176,"a017a323":176,"51909df8":176,"8801c469":176,"e22b0973":176,"b6281f1a":176,"48c6df81":176,"23646ff9":176,"3abb827b":176,"5e165f43":176,"0c73c293":176,"f8785b71":176,"ab4a411a":176,"88929b06":176,"08c4692e":176,"d7a4b24c":176,"5b2479ef":176,"686d5c0b":176,"1d882c36":176,"f15eb1c5":176,"71789493":176,"eb62e8f2":176,"5ac72353":176,"d1b14d06":176,"f6c074a7":176,"ffd6849d":176,"962fca02":176,"75968179":176,"bc8bdc23":176,"a71f3f70":176,"1f7aa83c":176,"732d62ee":176,"d4b0751c":176,"5b01444b":176,"79995b62":176,"97160db8":176,"589f0d6e":176,"51b4016a":176,"46bf9112":176,"092ad3d6":176,"bf940089":176,"01f34f98":176,"1670b0d3":176,"ec97d63e":176,"94208a41":176,"2cbcad17":176,"4dccb5ca":176,"808bc372":176,"c792a7c1":176,"83268abf":176,"578c4c95":176,"5a7da061":176,"c606b472":176,"06a94514":176,"73c420df":176,"0700da70":176,"ff591765":176,"93f12198":176,"62e270e5":176,"66b1b6d7":176,"b062adc4":176,"4aae5133":176,"63a3af32":176,"3fec4b0b":176,"faa3de3e":176,"44983d13":176,"80999122":176,"72af9198":176,"e39e9552":176,"81c1b70d":176,"e72f0f82":176,"88374b72":176,"fdfaf1ed":176,"ea981bed":176,"5e197575":176,"e587c4d0":176,"525b2635":176,"caa38a45":176,"a9987a58":176,"b6b8e5c7":176,"e82177d3":176,"89914b94":176,"04bdf5e1":176,"da8b42be":176,"3b0576bf":176,"9458934f":176,"1dcc489c":176,"945badf3":176,"1327775b":176,"bdd40125":176,"75fd47f7":176,"1c52a07e":176,"e70ccc25":176,"afd1494f":176,"ca6bffd3":176,"829c44a4":176,"e76e2617":176,"2b4fd52e":176,"57162572":176,"d1d50cfe":176,"272e7d0d":176,"f92596ee":176,"68831ea9":176,"9713d076":176,"fd098272":176,"6ee788a7":176,"8249641d":176,"45b0968f":176,"6a9bb182":176,"1f1afd4f":176,"25fb8826":176,"0dc5da58":176,"2874a625":176,"e61ae828":176,"f7ac3883":176,"ccd01528":176,"dab8cf68":176,"00f2a9cb":176,"916fe082":176,"b64dba8e":176,"c3bb30ce":176,"86219c70":176,"601990d8":176,"9666b973":176,"653b27c7":176,"83b37fd6":176,"4d852788":176,"e43a9448":176,"3542b748":176,"379c53ab":176,"e396d80d":176,"7da61f27":176,"dc874a97":176,"85a220de":176,"40a7cdd2":176,"ac033c7b":176,"87759976":176,"4df3f62e":176,"c881a53e":176,"80c1c8b1":176,"cf52acd8":176,"a63cb4ce":176,"d3b3492b":176,"7580cfa4":176,"22a96386":176,"5c672b50":176,"5df16440":176,"b666e56d":176,"8db378ff":176,"784d6375":176,"4541bf85":176,"a6b13f20":176,"2459c882":176,"3df97186":176,"ef0490de":176,"e0f47ced":176,"309bbf54":176,"5c662c19":176,"d2a5d2fd":176,"89d220c2":176,"3e10c9cb":176,"5500a3e8":176,"3c0e87ac":176,"a891461f":176,"a246cdab":176,"117c7f0b":176,"0d21cf99":176,"14e6fe14":176,"37ec5e73":176,"bfff7913":176,"f8636899":176,"37724339":176,"d45d9727":176,"ee5ff2a3":176,"44322dfd":176,"295e4d1d":176,"8cf6570a":176,"403064a0":176,"312af46e":176,"b5a9f8c3":176,"fcbc0ae8":176,"2ff6b6a8":176,"66a71cc1":176,"bf4b58e4":176,"f7ffcbb8":176,"5728f934":176,"00b26865":176,"c333337d":176,"815c56bc":176,"5bd61a68":176,"8582c5cf":176,"0c353665":176,"231e8700":176,"1f9fbd85":176,"cc537772":176,"6618390c":176,"99cc0813":176,"dc32c4e1":176,"239c636e":176,"6ee160ff":176,"c55d40ca":176,"22c177a8":176,"00ae883f":176,"f416ee62":176,"0d2b182d":176,"320754c3":176,"232b2f64":176,"3171b6e7":176,"3b25460f":176,"d2064756":176,"43f24679":176,"a1c0dfc4":176,"78f71162":176,"4b27a9a4":176,"163f4d19":176,"1d043d5a":176,"b2f82e06":176,"5b0b43e6":176,"b5474d69":176,"5a938eeb":176,"4fe0dedf":176,"951fc6d0":176,"61892a4c":176,"f096219e":176,"a3f0a6ec":176,"01051f84":176,"aa7e370d":176,"f995eeab":176,"4006e709":176,"0dedf63e":176,"a9d5374b":176,"4321f02d":176,"089b3f8f":176,"7698d0dc":176,"784414ce":176,"2df3efdb":176,"d0f1b7bd":176,"e7799883":176,"4f9456cf":176,"6e260ee8":176,"f4f84279":176,"b0950de5":176,"6f873999":176,"1f4e0e22":176,"60d69311":176,"3b09f1de":176,"b371f44a":176,"8b6180ff":176,"8819ac24":176,"dbbf7f69":176,"dfe4a061":176,"c2bf7d51":176,"781afef6":176,"de9229a0":176,"99a5feef":176,"f6266388":176,"e64fd39c":176,"e1b3ce36":176,"625fa164":176,"0c6ae551":176,"e8f4c1dd":176,"cede8b8c":176,"ad95ff4a":176,"893a99c5":176,"d8bf32b5":176,"0eb42efe":176,"03c4ab87":176,"4e3d3af7":176,"3a4803a8":176,"f7a7de5d":176,"d4e56c3e":176,"0c045c2d":176,"8efd4801":176,"a8edfe84":176,"2ed19b1e":176,"959e16ea":176,"02f76c64":176,"5c6d1f33":176,"b4801cae":176,"c3c2fd05":176,"f8c97147":176,"c2526ff3":176,"cc386067":176,"a22ffd8f":176,"3cd28a4d":176,"44a12c31":176,"45a961ca":176,"5ca978fd":176,"668e601b":176,"7552d86c":176,"02ebf3b6":176,"bb17a968":176,"4abcb85d":176,"cba26072":176,"7eb8f268":176,"20236d3e":176,"36ae8cd8":176,"3ddd5391":176,"07f69c6d":176,"2254f0f5":176,"ea282e84":176,"6653c83b":176,"c896052c":176,"287ecd1c":176,"f9376d3e":176,"07a94e8c":176,"bb017b49":176,"37b52fe4":176,"61ad1519":176,"819c4185":176,"ba69b06b":176,"7d2a2cb4":176,"4f62491c":176,"70b4c438":176,"71ed93db":176,"c92efaa8":176,"c241ac7e":176,"62a45672":176,"210e507a":176,"ac6e268b":176,"742238e8":176,"2a718dcc":176,"c6a9a8e1":176,"88854fd0":176,"8dc27d2a":176,"41d7f05d":176,"2b851827":176,"9f428a03":176,"4d504d96":176,"0533ece1":176,"bcee2ef3":176,"0afba00c":176,"04ff8100":176,"6c00d8d6":176,"ac9a02bc":176,"acfe69ed":176,"426603ff":176,"2db2f252":176,"2e84193b":176,"c55683c9":176,"51233daf":176,"02791635":176,"be081247":176,"5cc47d1b":176,"678b846f":176,"b4bd39d8":176,"b4cdbe5d":176,"fa0386f3":176,"b95d0f17":176,"cee9c347":176
1601327261510,"d5d94481":177,"ffe48500":177,"c7a45a33":177,"faffe099":177,"e99490cd":177,"7800e7ce":177,"77869ff0":177,"4b8f7b16":177,"89f75690":177,"cb363e2f":177,"cd802f02":177,"d3cca7eb":177,"e866a899":177,"5690e712":177,"0b92d2a9":177,"070bed95":177,"67e5d108":177,"3d37b94b":177,"842c97c2":177,"c4cef92b":177,"0eecdc5b":177,"b7e495ea":177,"45ec63c0":177,"0ddfde2c":177,"a8b41774":177,"81f0da2d":177,"1fcc8ba4":177,"75a9c117":177,"12ba54ec":177,"be391c1a":177,"37d8a5b7":177,"d5ab81c4":177,"2ecde685":177,"f0bd52d3":177,"dcc20f76":177,"666a8ef0":177,"c5b609f1":177,"3b830769":177,"583f0305":177,"1557c50a":177,"249e80ab":177,"f52a3d94":177,"eb74d3dd":177,"3bcbc28d":177,"3c0455e7":177,"df203c79":177,"df1e1ac0":177,"491708eb":177,"e421caaa":177,"2d2ecf27":177,"d38a4953":177,"eba5efdd":177,"a5463f93":177,"c85ac4f8":177,"bc253f4f":177,"0d9d2bf8":177,"846b7f11":177,"d3411467":177,"1df0ce7f":177,"a08171d0":177,"c8bc5677":177,"dfca0518":177,"b9a21017":177,"e47705d3":177,"3cae4115":177,"0ccf4731":177,"c7c6782d":177,"54346574":177,"4dc5849a":177,"d605c755":177,"8a8c1d67":177,"cc6b3306":177,"8c2dfd9a":177,"f11267b9":177,"a483b15e":177,"f80ab49d":177,"95eaed39":177,"a5ba0ebb":177,"f53362a9":177,"1901ef7e":177,"960c2e6b":177,"3515e999":177,"d11f8f1b":177,"9d9eb027":177,"325f9a29":177,"503aafe5":177,"b12cbf87":177,"81942d9b":177,"699b90c1":177,"d9b5a7a8":177,"1e7914d2":177,"e5d8fdb2":177,"3412ab75":177,"bcac5daf":177,"62d028cc":177,"0af2cf39":177,"27491297":177,"d041ea86":177,"1eda11b2":177,"fc442678":177,"080d5d42":177,"5d03f5dc":177,"f0a01341":177,"1ee4d9f9":177,"0d6e45e7":177,"0da97151":177,"e829038c":177,"4987cfb5":177,"ba90687c":177
1601327262111,"77f2cf92":177,"037e2be4":177,"9e7dbd20":177,"0c086273":177,"ac13c3b0":177,"b4d9c57f":177,"5d53c964":177,"8ee9cc91":177,"4cc0af91":177,"55f6a2ba":177,"9559ea96":177,"9cb044bf":177,"16b25add":177,"80ee333e":177,"3b329af2":177,"1cd662bf":177,"72992b35":177,"47589344":177,"593b1533":177,"e9f6e5ce":177,"ed6bead5":177,"96f594b9":177,"94dfcfc5":177,"8301986e":177,"830ecfec":177,"a8bae791":177,"312009ee":177,"c98759fd":177,"e8b6d676":177,"45ee5840":177,"76f04033":177,"43480b19":177,"fd955858":177,"69798d15":177,"efea71fa":177,"fb3aa867":177,"c9cf710b":177,"fcacdeb3":177,"0ea055ed":177,"e3b1bdf8":177,"644b45fb":177,"18c73816":177,"e491161e":177,"b5087677":177,"16f60bed":177,"cb0c3481":177,"7664512c":177,"df9a53b8":177,"f6c27b2b":177,"945f6c24":177,"f1daea7e":177,"b8fb90e3":177,"56227e35":177,"0d6bf22a":177,"b87321d0":177,"43205b5d":177,"8982905a":177,"590ce3d3":177,"1802d7ce":177,"0a49914b":177,"5d3f5cad":177,"cf347cba":177,"fc0c23f7":177,"641f9b9e":177,"c92edec5":177,"9f03c1e7":177,"06c24a8d":177,"2f35e75f":177,"3eddf7c8":177,"f6fe1ad7":177,"230064fa":177,"764e0abb":177,"bba6d88e":177,"ea3479ec":177,"32266fa3":177,"50b090c3":177,"8be24763":177,"eb4800b2":177,"6e0ce9dc":177,"87d9bec4":177,"e30dfa0c":177,"6da34174":177,"bfb849fa":177,"0a10b423":177,"9ef7cee7":177,"49f1a0d1":177,"5f04aa76":177,"ba297382":177,"0287db2a":177,"96abe4a9":177,"753b10b1":177,"cf14bd99":177,"782022f4":177,"322e833f":177,"ab3619e4":177,"106006ad":177,"c8237be9":177,"1416e8f5":177,"dde2eed5":177,"a208caa8":177,"16605353":177,"77b39e15":177,"f1726edb":177,"92b72493":177,"d3e58903":177,"4481c4be":177,"7954891b":177,"4afd60a9":177,"d44c0ea3":177,"68f87858":177,"533bac6b":177,"77970f8b":177,"efd594d5":177,"4718294d":177,"5352cf45":177,"e0ffe8ff":177,"ae14d6b5":177,"721f5f42":177,"0b50bca6":177,"bf2ca266":177,"5d8d9641":177,"0de67c6c":177,"2311399f":177,"5e3ebf5e":177,"9f6ca218":177,"6213799d":177,"44cb1fd2":177,"baf19c25":177,"24a79a6e":177,"edde30af":177,"4d949e11":177,"df12f689":177,"1da10cbf":177,"832c48e4":177,"dc90a44c":177,"1ad7c45b":177,"5566c17c":177,"86a22252":177,"0000dece":177,"ce5efdbe":177,"58ace2b5":177,"d379fd96":177,"7b819458":177,"7f8024cd":177,"ae562513":177,"7b66dacd":177,"9ab137d7":177,"7191d1cd":177,"005354dd":177,"41634dba":177,"43fd1327":177,"113e7f4b":177,"8cce569a":177,"ce6401b6":177,"6f57824c":177,"28bd7aa1":177,"1d52fb0d":177,"cde0d748":177,"535ed444":177,"710f0d0e":177,"0905f1fb":177,"a20e529c":177,"1ae76fcc":177,"35b161d3":177,"344cd1a3":177,"77ea1236":177,"96d2a118":177,"23a0e41f":177,"b32a1080":177,"a2c4b591":177,"6dfa57be":177,"1854ce44":177,"f92b22f1":177,"ece12664":177,"36f4ecde":177,"568a0d58":177,"5fd569d2":177,"10c8fd03":177,"bd4ccb49":177,"e773d697":177,"7e8c11e7":177,"077eb15a":177
1601327262381,"5b09e53e":177,"da5bb0f7":177,"6d925c84":177,"50b23ab2":177,"edfa56d4":177,"899c16eb":177,"41c76041":177,"6bb1fa99":177,"d73ff72e":177,"61c0ca91":177,"d2fda7be":177,"ce20ca3c":177,"1d2d958b":177,"81fb6a01":177,"7f5b27c8":177,"fb3444d9":177,"f05de640":177,"86a68967":177,"56cd4dca":177,"7f469f4c":177,"5337c279":177,"8d256cb6":177,"7021c619":177,"32ae00db":177,"bf2defb2":177,"bc733a28":177,"30d32d34":177,"886c16d3":177,"e8d09b62":177,"f92dedfc":177,"355d1489":177,"f96fc1af":177,"06713bac":177,"61aca924":177,"d97fb857":177,"59ff5ec6":177,"ef04e64e":177,"6e2d04de":177,"2fca1798":177,"05028839":177,"5488826c":177,"84fff5c1":177,"c649992d":177,"d5ad3ed6":177,"8e5f7187":177,"55ba7579":177,"b7769ca6":177,"9c27de51":177,"38a75b48":177,"1792bfa3":177,"426f1904":177,"7c0f1ca9":177,"b2f820ac":177,"25d4f65d":177,"eddb6a2a":177,"ff8a00aa":177,"c146560b":177,"985068e7":177,"d543ba6f":177,"3b3569f6":177,"b01ab62a":177,"76da16fa":177,"bffee581":177,"07150038":177,"080fa362":177,"7b6945ad":177,"a40d08e1":177,"cec79bc2":177,"d2eff358":177,"e70aebb5":177,"a488b2f1":177,"4caa87d6":177,"f7076e21":177,"69e653b6":177,"98d2991b":177,"3b411d6a":177,"83826ef3":177,"595609d5":177,"b47f1b89":177,"8e6caf71":177,"9a3433b8":177,"b89112cb":177,"66736d5e":177,"30de89a7":177,"06aaa33f":177,"320c65bf":177,"f1e86522":177,"1fa1e7c2":177,"646af2b9":177,"fa03f48f":177,"659389ad":177,"5298dafa":177,"25f7f918":177,"240c8679":177,"c5311ebb":177,"0718c3be":177,"105bb3f6":177,"8b503f7b":177,"87a8523c":177,"58de5462":177,"c416baa6":177,"f01c896d":177,"ae350a07":177,"1f2670d0":177,"680a32a6":177,"962c9c8f":177,"aec0bf28":177,"83ba647d":177,"cb0bd6b7":177,"a017a323":177,"8801c469":177,"8e426e39":177,"b6281f1a":177,"51909df8":177,"e22b0973":177,"48c6df81":177,"5e165f43":177,"23646ff9":177,"3abb827b":177,"f8785b71":177,"0c73c293":177,"ab4a411a":177,"d7a4b24c":177,"88929b06":177,"08c4692e":177,"686d5c0b":177,"f15eb1c5":177,"5b2479ef":177,"1d882c36":177,"71789493":177,"5ac72353":177,"eb62e8f2":177,"d1b14d06":177,"f6c074a7":177,"ffd6849d":177,"962fca02":177,"75968179":177,"bc8bdc23":177,"a71f3f70":177,"1f7aa83c":177,"732d62ee":177,"d4b0751c":177,"5b01444b":177,"79995b62":177,"97160db8":177,"589f0d6e":177,"51b4016a":177,"46bf9112":177,"092ad3d6":177,"bf940089":177,"01f34f98":177,"1670b0d3":177,"ec97d63e":177,"94208a41":177,"2cbcad17":177,"808bc372":177,"4dccb5ca":177,"c792a7c1":177,"83268abf":177,"5a7da061":177,"578c4c95":177,"06a94514":177,"c606b472":177,"73c420df":177,"0700da70":177,"ff591765":177,"93f12198":177,"62e270e5":177,"66b1b6d7":177,"b062adc4":177,"4aae5133":177,"63a3af32":177,"3fec4b0b":177,"faa3de3e":177,"44983d13":177,"80999122":177,"72af9198":177,"e39e9552":177,"81c1b70d":177,"e72f0f82":177,"88374b72":177,"fdfaf1ed":177,"ea981bed":177,"5e197575":177,"e587c4d0":177,"525b2635":177,"caa38a45":177,"a9987a58":177,"b6b8e5c7":177,"e82177d3":177,"89914b94":177,"04bdf5e1":177,"da8b42be":177,"3b0576bf":177,"9458934f":177,"1dcc489c":177,"945badf3":177,"1327775b":177,"bdd40125":177,"75fd47f7":177,"1c52a07e":177,"e70ccc25":177,"afd1494f":177,"ca6bffd3":177,"829c44a4":177,"e76e2617":177,"2b4fd52e":177,"57162572":177,"d1d50cfe":177,"9666b973":177,"653b27c7":177,"83b37fd6":177,"4d852788":177,"e43a9448":177,"3542b748":177,"379c53ab":177,"e396d80d":177,"7da61f27":177,"dc874a97":177,"85a220de":177,"40a7cdd2":177,"ac033c7b":177,"87759976":177,"4df3f62e":177,"c881a53e":177,"80c1c8b1":177,"cf52acd8":177,"a63cb4ce":177,"d3b3492b":177,"7580cfa4":177,"22a96386":177,"5c672b50":177,"5df16440":177,"b666e56d":177,"8db378ff":177,"784d6375":177,"4541bf85":177,"a6b13f20":177,"2459c882":177,"3df97186":177,"272e7d0d":177,"f92596ee":177,"68831ea9":177,"9713d076":177,"fd098272":177,"6ee788a7":177,"8249641d":177,"45b0968f":177,"6a9bb182":177,"1f1afd4f":177,"25fb8826":177,"0dc5da58":177,"2874a625":177,"e61ae828":177,"f7ac3883":177,"ccd01528":177,"dab8cf68":177,"00f2a9cb":177,"916fe082":177,"b64dba8e":177,"c3bb30ce":177,"86219c70":177,"601990d8":177,"5c662c19":177,"d2a5d2fd":177,"89d220c2":177,"3e10c9cb":177,"5500a3e8":177,"3c0e87ac":177,"a891461f":177,"a246cdab":177,"117c7f0b":177,"0d21cf99":177,"ef0490de":177,"e0f47ced":177,"309bbf54":177,"cc537772":177,"6618390c":177,"99cc0813":177,"dc32c4e1":177,"239c636e":177,"6ee160ff":177,"c55d40ca":177,"22c177a8":177,"00ae883f":177,"f416ee62":177,"0d2b182d":177,"320754c3":177,"232b2f64":177,"3171b6e7":177,"3b25460f":177,"d2064756":177,"14e6fe14":177,"37ec5e73":177,"bfff7913":177,"f8636899":177,"37724339":177,"d45d9727":177,"ee5ff2a3":177,"44322dfd":177,"295e4d1d":177,"8cf6570a":177,"403064a0":177,"312af46e":177,"b5a9f8c3":177,"fcbc0ae8":177,"2ff6b6a8":177,"66a71cc1":177,"bf4b58e4":177,"f7ffcbb8":177,"5728f934":177,"00b26865":177,"c333337d":177,"815c56bc":177,"5bd61a68":177,"8582c5cf":177,"0c353665":177,"231e8700":177,"1f9fbd85":177,"43f24679":177,"a1c0dfc4":177,"78f71162":177,"4b27a9a4":177,"163f4d19":177,"1d043d5a":177,"b2f82e06":177,"5b0b43e6":177,"b5474d69":177,"5a938eeb":177,"4fe0dedf":177,"951fc6d0":177,"61892a4c":177,"f096219e":177,"a3f0a6ec":177,"01051f84":177,"aa7e370d":177,"f995eeab":177,"4006e709":177,"0dedf63e":177,"a9d5374b":177,"4321f02d":177,"089b3f8f":177,"7698d0dc":177,"784414ce":177,"2df3efdb":177,"d0f1b7bd":177,"e7799883":177,"4f9456cf":177,"6e260ee8":177,"f4f84279":177,"b0950de5":177,"6f873999":177,"1f4e0e22":177,"60d69311":177,"3b09f1de":177,"b371f44a":177,"8b6180ff":177,"8819ac24":177,"dbbf7f69":177,"a8edfe84":177,"2ed19b1e":177,"959e16ea":177,"02f76c64":177,"5c6d1f33":177,"b4801cae":177,"c3c2fd05":177,"f8c97147":177,"c2526ff3":177,"cc386067":177,"a22ffd8f":177,"3cd28a4d":177,"44a12c31":177,"45a961ca":177,"5ca978fd":177,"668e601b":177,"7552d86c":177,"02ebf3b6":177,"bb17a968":177,"4abcb85d":177,"cba26072":177,"2a718dcc":177,"c6a9a8e1":177,"88854fd0":177,"8dc27d2a":177,"41d7f05d":177,"2b851827":177,"9f428a03":177,"dfe4a061":177,"c2bf7d51":177,"781afef6":177,"de9229a0":177,"99a5feef":177,"f6266388":177,"e64fd39c":177,"e1b3ce36":177,"625fa164":177,"0c6ae551":177,"e8f4c1dd":177,"cede8b8c":177,"ad95ff4a":177,"893a99c5":177,"d8bf32b5":177,"0eb42efe":177,"03c4ab87":177,"4e3d3af7":177,"3a4803a8":177,"f7a7de5d":177,"d4e56c3e":177,"0c045c2d":177,"8efd4801":177,"7eb8f268":177,"20236d3e":177,"36ae8cd8":177,"3ddd5391":177,"07f69c6d":177
1601327264701,"4d504d96":177,"0533ece1":177,"bcee2ef3":177,"0afba00c":177,"04ff8100":177,"6c00d8d6":177,"ac9a02bc":177,"acfe69ed":177,"426603ff":177,"2db2f252":177,"2e84193b":177,"c55683c9":177,"51233daf":177,"02791635":177,"be081247":177,"5cc47d1b":177,"678b846f":177,"b4bd39d8":177,"b4cdbe5d":177,"fa0386f3":177,"b95d0f17":177,"cee9c347":177,"2254f0f5":177,"ea282e84":177,"6653c83b":177,"c896052c":177,"287ecd1c":177,"f9376d3e":177,"07a94e8c":177,"bb017b49":177,"37b52fe4":177,"61ad1519":177,"819c4185":177,"ba69b06b":177,"7d2a2cb4":177,"4f62491c":177,"70b4c438":177,"71ed93db":177,"c92efaa8":177,"c241ac7e":177,"62a45672":177,"210e507a":177,"ac6e268b":177,"742238e8":177
1601327265212,"7800e7ce":178,"77869ff0":178,"4b8f7b16":178,"89f75690":178,"cb363e2f":178,"cd802f02":178,"d3cca7eb":178,"e866a899":178,"5690e712":178,"0b92d2a9":178,"070bed95":178,"67e5d108":178,"3d37b94b":178,"842c97c2":178,"c4cef92b":178,"0eecdc5b":178,"b7e495ea":178,"45ec63c0":178,"0ddfde2c":178,"a8b41774":178,"81f0da2d":178,"1fcc8ba4":178,"75a9c117":178,"12ba54ec":178,"be391c1a":178,"37d8a5b7":178,"d5ab81c4":178,"2ecde685":178,"f0bd52d3":178,"dcc20f76":178,"666a8ef0":178,"c5b609f1":178,"4dc5849a":178,"d605c755":178,"8a8c1d67":178,"cc6b3306":178,"8c2dfd9a":178,"f11267b9":178,"a483b15e":178,"f80ab49d":178,"95eaed39":178,"a5ba0ebb":178,"f53362a9":178,"1901ef7e":178,"960c2e6b":178,"3515e999":178,"d11f8f1b":178,"9d9eb027":178,"325f9a29":178,"503aafe5":178,"d5d94481":178,"ffe48500":178,"c7a45a33":178,"faffe099":178,"e99490cd":178,"3b830769":178,"583f0305":178,"1557c50a":178,"249e80ab":178,"f52a3d94":178,"eb74d3dd":178,"3bcbc28d":178,"3c0455e7":178,"df203c79":178,"df1e1ac0":178,"491708eb":178,"e421caaa":178,"2d2ecf27":178,"d38a4953":178,"eba5efdd":178,"a5463f93":178,"c85ac4f8":178,"bc253f4f":178,"0d9d2bf8":178,"846b7f11":178,"d3411467":178,"1df0ce7f":178,"a08171d0":178,"c8bc5677":178,"dfca0518":178,"b9a21017":178,"e47705d3":178,"3cae4115":178,"0ccf4731":178,"c7c6782d":178,"54346574":178,"b12cbf87":178,"81942d9b":178,"080d5d42":178,"5d03f5dc":178,"f0a01341":178,"1ee4d9f9":178,"0d6e45e7":178,"0da97151":178,"e829038c":178,"4987cfb5":178,"ba90687c":178,"77f2cf92":178,"037e2be4":178,"9e7dbd20":178,"699b90c1":178,"d9b5a7a8":178,"1e7914d2":178,"e5d8fdb2":178,"3412ab75":178,"bcac5daf":178,"62d028cc":178,"0af2cf39":178,"27491297":178,"d041ea86":178,"1eda11b2":178,"fc442678":178,"0c086273":178,"ac13c3b0":178,"b4d9c57f":178,"5d53c964":178,"8ee9cc91":178,"4cc0af91":178,"55f6a2ba":178,"9559ea96":178,"9cb044bf":178,"16b25add":178,"80ee333e":178,"3b329af2":178,"1cd662bf":178,"72992b35":178,"47589344":178,"593b1533":178,"e9f6e5ce":178,"ed6bead5":178,"96f594b9":178,"94dfcfc5":178,"8301986e":178,"830ecfec":178,"a8bae791":178,"312009ee":178,"c98759fd":178,"e8b6d676":178,"45ee5840":178,"76f04033":178,"43480b19":178,"fd955858":178,"69798d15":178,"efea71fa":178,"fb3aa867":178,"c9cf710b":178,"fcacdeb3":178,"0ea055ed":178,"e3b1bdf8":178,"644b45fb":178
1601327265470,"18c73816":178,"e491161e":178,"b5087677":178,"16f60bed":178,"cb0c3481":178,"7664512c":178,"df9a53b8":178,"f6c27b2b":178,"945f6c24":178,"f1daea7e":178,"b8fb90e3":178,"56227e35":178,"0d6bf22a":178,"b87321d0":178,"43205b5d":178,"8982905a":178,"f6fe1ad7":178,"230064fa":178,"764e0abb":178,"bba6d88e":178,"ea3479ec":178,"32266fa3":178,"50b090c3":178,"8be24763":178,"eb4800b2":178,"6e0ce9dc":178,"87d9bec4":178,"e30dfa0c":178,"6da34174":178,"bfb849fa":178,"0a10b423":178,"9ef7cee7":178,"49f1a0d1":178,"5f04aa76":178,"ba297382":178,"0287db2a":178,"96abe4a9":178,"753b10b1":178,"cf14bd99":178,"782022f4":178,"322e833f":178,"ab3619e4":178,"106006ad":178,"c8237be9":178,"1416e8f5":178,"dde2eed5":178,"a208caa8":178,"16605353":178,"77b39e15":178,"f1726edb":178,"92b72493":178,"d3e58903":178,"4481c4be":178,"7954891b":178,"4afd60a9":178,"d44c0ea3":178,"68f87858":178,"533bac6b":178,"41634dba":178,"43fd1327":178,"113e7f4b":178,"8cce569a":178,"ce6401b6":178,"6f57824c":178,"28bd7aa1":178,"1d52fb0d":178,"cde0d748":178,"535ed444":178,"710f0d0e":178,"0905f1fb":178,"a20e529c":178,"1ae76fcc":178,"35b161d3":178,"344cd1a3":178,"77ea1236":178,"96d2a118":178,"23a0e41f":178,"b32a1080":178,"a2c4b591":178,"6dfa57be":178,"1854ce44":178,"f92b22f1":178,"ece12664":178,"36f4ecde":178,"568a0d58":178,"5fd569d2":178,"10c8fd03":178,"bd4ccb49":178,"e773d697":178,"7e8c11e7":178,"077eb15a":178,"5337c279":178,"8d256cb6":178,"7021c619":178,"32ae00db":178,"bf2defb2":178,"bc733a28":178,"30d32d34":178,"886c16d3":178,"e8d09b62":178,"590ce3d3":178,"1802d7ce":178,"0a49914b":178,"5d3f5cad":178,"cf347cba":178,"fc0c23f7":178,"641f9b9e":178,"c92edec5":178,"9f03c1e7":178,"06c24a8d":178,"2f35e75f":178,"3eddf7c8":178,"77970f8b":178,"efd594d5":178,"4718294d":178,"5352cf45":178,"e0ffe8ff":178,"ae14d6b5":178,"721f5f42":178,"0b50bca6":178,"bf2ca266":178,"5d8d9641":178,"0de67c6c":178,"2311399f":178,"5e3ebf5e":178,"9f6ca218":178,"6213799d":178,"44cb1fd2":178,"baf19c25":178,"24a79a6e":178,"edde30af":178,"4d949e11":178,"df12f689":178,"1da10cbf":178,"832c48e4":178,"dc90a44c":178,"1ad7c45b":178,"5566c17c":178,"86a22252":178,"0000dece":178,"ce5efdbe":178,"58ace2b5":178,"5b09e53e":178,"da5bb0f7":178,"6d925c84":178,"50b23ab2":178,"edfa56d4":178,"899c16eb":178,"41c76041":178,"6bb1fa99":178,"d73ff72e":178,"61c0ca91":178,"d2fda7be":178,"ce20ca3c":178,"1d2d958b":178,"81fb6a01":178,"7f5b27c8":178,"fb3444d9":178,"f05de640":178,"86a68967":178,"d379fd96":178,"7b819458":178,"7f8024cd":178,"ae562513":178,"7b66dacd":178,"9ab137d7":178,"7191d1cd":178,"005354dd":178,"56cd4dca":178,"7f469f4c":178,"f92dedfc":178,"355d1489":178,"f96fc1af":178,"06713bac":178,"61aca924":178,"d97fb857":178,"59ff5ec6":178,"ef04e64e":178,"6e2d04de":178,"2fca1798":178,"05028839":178,"5488826c":178,"84fff5c1":178,"c649992d":178,"d5ad3ed6":178,"8e5f7187":178,"55ba7579":178,"b7769ca6":178,"9c27de51":178,"38a75b48":178,"1792bfa3":178,"426f1904":178,"7c0f1ca9":178,"b2f820ac":178,"25d4f65d":178,"eddb6a2a":178,"ff8a00aa":178,"c146560b":178,"985068e7":178,"d543ba6f":178,"3b3569f6":178,"b01ab62a":178,"76da16fa":178,"bffee581":178,"07150038":178,"080fa362":178,"7b6945ad":178,"a40d08e1":178,"cec79bc2":178,"d2eff358":178,"e70aebb5":178,"a488b2f1":178,"4caa87d6":178,"f7076e21":178,"69e653b6":178,"98d2991b":178,"3b411d6a":178,"83826ef3":178,"595609d5":178,"b47f1b89":178,"8e6caf71":178,"9a3433b8":178,"b89112cb":178,"66736d5e":178,"30de89a7":178,"06aaa33f":178,"320c65bf":178,"f1e86522":178,"1fa1e7c2":178,"646af2b9":178,"fa03f48f":178,"659389ad":178,"5298dafa":178,"272e7d0d":178,"f92596ee":178,"68831ea9":178,"9713d076":178,"fd098272":178,"6ee788a7":178,"8249641d":178,"45b0968f":178,"6a9bb182":178,"1f1afd4f":178,"25fb8826":178,"0dc5da58":178,"2874a625":178,"e61ae828":178,"f7ac3883":178,"ccd01528":178,"dab8cf68":178,"00f2a9cb":178,"916fe082":178,"b64dba8e":178,"c3bb30ce":178,"86219c70":178,"25f7f918":178,"240c8679":178,"c5311ebb":178,"0718c3be":178,"8b503f7b":178,"105bb3f6":178,"58de5462":178,"87a8523c":178,"f01c896d":178,"c416baa6":178,"ae350a07":178,"1f2670d0":178,"962c9c8f":178,"680a32a6":178,"aec0bf28":178,"83ba647d":178,"cb0bd6b7":178,"a017a323":178,"8e426e39":178,"8801c469":178,"b6281f1a":178,"51909df8":178,"48c6df81":178,"e22b0973":178,"23646ff9":178,"5e165f43":178,"f8785b71":178,"3abb827b":178,"0c73c293":178,"ab4a411a":178,"88929b06":178,"d7a4b24c":178,"686d5c0b":178,"08c4692e":178,"f15eb1c5":178,"5b2479ef":178,"1d882c36":178,"71789493":178,"eb62e8f2":178,"5ac72353":178,"d1b14d06":178,"f6c074a7":178,"ffd6849d":178,"962fca02":178,"75968179":178,"bc8bdc23":178,"a71f3f70":178,"1f7aa83c":178,"732d62ee":178,"d4b0751c":178,"5b01444b":178,"79995b62":178,"97160db8":178,"589f0d6e":178,"51b4016a":178,"601990d8":178,"5c662c19":178,"d2a5d2fd":178,"46bf9112":178,"092ad3d6":178,"bf940089":178,"808bc372":178,"01f34f98":178,"c792a7c1":178,"5a7da061":178,"1670b0d3":178,"06a94514":178,"ec97d63e":178,"94208a41":178,"73c420df":178,"0700da70":178,"2cbcad17":178,"ff591765":178,"4dccb5ca":178,"93f12198":178,"83268abf":178,"62e270e5":178,"578c4c95":178,"c606b472":178,"66b1b6d7":178,"b062adc4":178,"4aae5133":178,"63a3af32":178,"3fec4b0b":178,"faa3de3e":178,"44983d13":178,"80999122":178,"72af9198":178,"e39e9552":178,"81c1b70d":178,"e72f0f82":178,"88374b72":178,"fdfaf1ed":178,"ea981bed":178,"5e197575":178,"e587c4d0":178,"525b2635":178,"caa38a45":178,"a9987a58":178,"b6b8e5c7":178,"e82177d3":178,"89914b94":178,"04bdf5e1":178,"da8b42be":178,"3b0576bf":178,"9458934f":178,"89d220c2":178,"3e10c9cb":178,"5500a3e8":178,"3c0e87ac":178,"a891461f":178,"a246cdab":178,"117c7f0b":178,"0d21cf99":178,"14e6fe14":178,"37ec5e73":178,"bfff7913":178,"f8636899":178,"37724339":178,"d45d9727":178,"ee5ff2a3":178,"44322dfd":178,"295e4d1d":178,"8cf6570a":178,"403064a0":178,"312af46e":178,"b5a9f8c3":178,"fcbc0ae8":178,"9666b973":178,"653b27c7":178,"83b37fd6":178,"2ff6b6a8":178,"66a71cc1":178,"bf4b58e4":178,"1dcc489c":178,"945badf3":178,"1327775b":178,"bdd40125":178,"75fd47f7":178,"1c52a07e":178,"e70ccc25":178,"afd1494f":178,"ca6bffd3":178,"829c44a4":178,"e76e2617":178,"2b4fd52e":178,"57162572":178,"d1d50cfe":178,"4d852788":178,"e43a9448":178,"3542b748":178,"379c53ab":178,"e396d80d":178,"7da61f27":178,"dc874a97":178,"85a220de":178,"40a7cdd2":178,"ac033c7b":178,"87759976":178,"4df3f62e":178,"c881a53e":178,"80c1c8b1":178,"cf52acd8":178,"a63cb4ce":178,"d3b3492b":178,"7580cfa4":178,"22a96386":178,"5c672b50":178,"5df16440":178,"b666e56d":178,"8db378ff":178,"784d6375":178,"4541bf85":178,"a6b13f20":178,"2459c882":178,"3df97186":178,"ef0490de":178,"e0f47ced":178,"309bbf54":178,"cc537772":178,"6618390c":178,"99cc0813":178,"dc32c4e1":178,"239c636e":178,"6ee160ff":178
1601327267012,"f7ffcbb8":178,"5728f934":178,"00b26865":178,"c333337d":178,"815c56bc":178,"5bd61a68":178,"8582c5cf":178,"0c353665":178,"231e8700":178,"1f9fbd85":178,"43f24679":178,"c55d40ca":178,"22c177a8":178,"00ae883f":178,"f416ee62":178,"0d2b182d":178,"320754c3":178,"232b2f64":178,"3171b6e7":178,"3b25460f":178,"d2064756":178,"a1c0dfc4":178,"78f71162":178,"4b27a9a4":178,"163f4d19":178,"1d043d5a":178,"b2f82e06":178,"5b0b43e6":178,"b5474d69":178,"5a938eeb":178,"4fe0dedf":178,"951fc6d0":178,"61892a4c":178,"f096219e":178,"a3f0a6ec":178,"01051f84":178,"aa7e370d":178,"f995eeab":178,"4006e709":178,"0dedf63e":178,"a9d5374b":178,"4321f02d":178,"089b3f8f":178,"7698d0dc":178,"784414ce":178,"2df3efdb":178,"d0f1b7bd":178,"e7799883":178,"4f9456cf":178,"6e260ee8":178,"f4f84279":178,"b0950de5":178,"6f873999":178,"1f4e0e22":178,"60d69311":178,"3b09f1de":178,"b371f44a":178,"8b6180ff":178,"8819ac24":178,"dbbf7f69":178,"dfe4a061":178,"c2bf7d51":178,"781afef6":178,"de9229a0":178,"99a5feef":178,"f6266388":178,"e64fd39c":178,"e1b3ce36":178,"625fa164":178,"0c6ae551":178,"e8f4c1dd":178,"cede8b8c":178,"ad95ff4a":178,"893a99c5":178,"d8bf32b5":178,"0eb42efe":178,"03c4ab87":178,"4e3d3af7":178,"3a4803a8":178,"f7a7de5d":178,"d4e56c3e":178,"0c045c2d":178,"8efd4801":178,"7eb8f268":178,"20236d3e":178,"36ae8cd8":178,"3ddd5391":178,"07f69c6d":178,"2254f0f5":178,"ea282e84":178,"6653c83b":178,"c896052c":178,"287ecd1c":178,"f9376d3e":178,"07a94e8c":178,"bb017b49":178,"a8edfe84":178,"2ed19b1e":178,"959e16ea":178,"02f76c64":178,"5c6d1f33":178,"b4801cae":178,"c3c2fd05":178,"f8c97147":178,"c2526ff3":178,"cc386067":178,"a22ffd8f":178,"3cd28a4d":178,"44a12c31":178,"45a961ca":178,"5ca978fd":178,"668e601b":178,"7552d86c":178,"02ebf3b6":178,"bb17a968":178,"4abcb85d":178,"cba26072":178,"2a718dcc":178,"c6a9a8e1":178,"88854fd0":178,"8dc27d2a":178,"41d7f05d":178,"37b52fe4":178,"61ad1519":178,"819c4185":178,"ba69b06b":178,"7d2a2cb4":178,"4f62491c":178,"70b4c438":178,"71ed93db":178,"c92efaa8":178,"c241ac7e":178,"62a45672":178,"210e507a":178,"ac6e268b":178,"742238e8":178,"2b851827":178,"9f428a03":178,"4d504d96":178,"0533ece1":178,"bcee2ef3":178,"0afba00c":178,"04ff8100":178,"6c00d8d6":178,"ac9a02bc":178,"acfe69ed":178,"426603ff":178,"2db2f252":178,"2e84193b":178,"c55683c9":178,"51233daf":178,"02791635":178,"be081247":178,"5cc47d1b":178,"678b846f":178,"b4bd39d8":178,"b4cdbe5d":178,"fa0386f3":178,"b95d0f17":178,"cee9c347":178,"7800e7ce":179,"77869ff0":179,"4b8f7b16":179,"89f75690":179,"cb363e2f":179,"cd802f02":179,"d3cca7eb":179,"e866a899":179,"5690e712":179,"0b92d2a9":179,"070bed95":179,"67e5d108":179,"3d37b94b":179,"842c97c2":179,"c4cef92b":179,"0eecdc5b":179,"b7e495ea":179,"45ec63c0":179,"0ddfde2c":179,"a8b41774":179,"81f0da2d":179,"1fcc8ba4":179,"75a9c117":179,"12ba54ec":179,"be391c1a":179,"37d8a5b7":179,"d5ab81c4":179,"2ecde685":179,"f0bd52d3":179,"dcc20f76":179,"666a8ef0":179,"c5b609f1":179,"4dc5849a":179,"d605c755":179,"8a8c1d67":179,"cc6b3306":179,"8c2dfd9a":179,"f11267b9":179,"a483b15e":179,"f80ab49d":179,"95eaed39":179,"a5ba0ebb":179,"f53362a9":179,"1901ef7e":179,"960c2e6b":179,"3515e999":179,"d11f8f1b":179,"9d9eb027":179,"325f9a29":179,"503aafe5":179,"d5d94481":179,"ffe48500":179,"c7a45a33":179,"faffe099":179,"e99490cd":179,"3b830769":179,"583f0305":179,"1557c50a":179,"249e80ab":179,"f52a3d94":179,"eb74d3dd":179,"080d5d42":179,"5d03f5dc":179,"f0a01341":179,"1ee4d9f9":179,"0d6e45e7":179,"0da97151":179,"e829038c":179,"4987cfb5":179,"ba90687c":179,"77f2cf92":179,"037e2be4":179,"9e7dbd20":179,"0c086273":179,"ac13c3b0":179,"b4d9c57f":179,"5d53c964":179,"8ee9cc91":179,"4cc0af91":179,"55f6a2ba":179,"9559ea96":179,"9cb044bf":179,"16b25add":179,"80ee333e":179,"3b329af2":179,"1cd662bf":179,"fc442678":179,"3bcbc28d":179,"3c0455e7":179,"df203c79":179,"df1e1ac0":179,"491708eb":179,"e421caaa":179,"2d2ecf27":179,"d38a4953":179,"eba5efdd":179,"a5463f93":179,"c85ac4f8":179,"bc253f4f":179,"0d9d2bf8":179,"846b7f11":179,"d3411467":179,"1df0ce7f":179,"a08171d0":179,"c8bc5677":179,"dfca0518":179,"b9a21017":179,"e47705d3":179,"3cae4115":179,"0ccf4731":179,"c7c6782d":179,"54346574":179,"b12cbf87":179,"81942d9b":179,"699b90c1":179,"d9b5a7a8":179,"1e7914d2":179,"e5d8fdb2":179,"3412ab75":179,"bcac5daf":179,"62d028cc":179,"0af2cf39":179,"27491297":179,"d041ea86":179,"1eda11b2":179,"72992b35":179,"47589344":179,"593b1533":179,"e9f6e5ce":179,"ed6bead5":179,"96f594b9":179,"94dfcfc5":179,"8301986e":179,"830ecfec":179,"a8bae791":179,"312009ee":179,"c98759fd":179,"e8b6d676":179,"45ee5840":179,"76f04033":179,"43480b19":179,"fd955858":179,"69798d15":179,"efea71fa":179,"fb3aa867":179,"c9cf710b":179,"fcacdeb3":179,"0ea055ed":179,"e3b1bdf8":179,"644b45fb":179,"18c73816":179,"e491161e":179,"b5087677":179,"16f60bed":179,"cb0c3481":179,"7664512c":179,"df9a53b8":179,"f6c27b2b":179,"945f6c24":179,"f1daea7e":179,"b8fb90e3":179,"56227e35":179,"0d6bf22a":179,"b87321d0":179,"43205b5d":179,"8982905a":179,"f6fe1ad7":179,"230064fa":179,"764e0abb":179,"bba6d88e":179,"ea3479ec":179,"32266fa3":179,"50b090c3":179,"8be24763":179,"eb4800b2":179,"6e0ce9dc":179,"87d9bec4":179,"e30dfa0c":179,"6da34174":179,"bfb849fa":179,"0a10b423":179,"9ef7cee7":179,"49f1a0d1":179,"5f04aa76":179,"ba297382":179,"0287db2a":179,"96abe4a9":179,"753b10b1":179,"cf14bd99":179,"782022f4":179,"322e833f":179,"ab3619e4":179,"106006ad":179,"c8237be9":179,"1416e8f5":179,"dde2eed5":179,"a208caa8":179,"16605353":179,"77b39e15":179,"f1726edb":179,"590ce3d3":179,"1802d7ce":179,"0a49914b":179,"5d3f5cad":179,"cf347cba":179,"fc0c23f7":179,"641f9b9e":179,"c92edec5":179,"9f03c1e7":179,"06c24a8d":179,"2f35e75f":179,"3eddf7c8":179,"77970f8b":179,"efd594d5":179,"4718294d":179,"5352cf45":179,"e0ffe8ff":179,"ae14d6b5":179,"721f5f42":179,"0b50bca6":179,"bf2ca266":179,"5d8d9641":179,"0de67c6c":179,"2311399f":179,"5e3ebf5e":179,"9f6ca218":179,"6213799d":179,"44cb1fd2":179,"baf19c25":179,"24a79a6e":179,"edde30af":179,"4d949e11":179,"df12f689":179,"1da10cbf":179,"832c48e4":179,"dc90a44c":179,"1ad7c45b":179,"5566c17c":179,"86a22252":179,"0000dece":179,"ce5efdbe":179,"58ace2b5":179,"d379fd96":179,"7b819458":179,"7f8024cd":179,"ae562513":179,"7b66dacd":179,"9ab137d7":179,"7191d1cd":179,"005354dd":179,"92b72493":179,"d3e58903":179,"4481c4be":179,"7954891b":179,"4afd60a9":179,"d44c0ea3":179,"68f87858":179,"533bac6b":179,"41634dba":179,"43fd1327":179,"113e7f4b":179,"8cce569a":179,"ce6401b6":179,"6f57824c":179,"28bd7aa1":179,"1d52fb0d":179,"cde0d748":179,"535ed444":179,"710f0d0e":179,"0905f1fb":179,"a20e529c":179,"1ae76fcc":179,"35b161d3":179,"344cd1a3":179,"77ea1236":179,"96d2a118":179,"23a0e41f":179,"b32a1080":179,"a2c4b591":179,"6dfa57be":179,"1854ce44":179,"f92b22f1":179,"ece12664":179,"36f4ecde":179,"568a0d58":179,"5fd569d2":179,"10c8fd03":179,"bd4ccb49":179,"e773d697":179,"7e8c11e7":179,"077eb15a":179,"5337c279":179,"8d256cb6":179,"7021c619":179,"32ae00db":179,"bf2defb2":179,"bc733a28":179,"30d32d34":179,"886c16d3":179,"e8d09b62":179,"5b09e53e":179,"da5bb0f7":179,"6d925c84":179,"50b23ab2":179,"edfa56d4":179,"899c16eb":179,"41c76041":179,"6bb1fa99":179,"d73ff72e":179,"61c0ca91":179,"d2fda7be":179,"ce20ca3c":179,"1d2d958b":179,"81fb6a01":179,"7f5b27c8":179,"fb3444d9":179,"f05de640":179,"86a68967":179,"56cd4dca":179,"7f469f4c":179,"f92dedfc":179,"355d1489":179,"f96fc1af":179,"06713bac":179,"61aca924":179,"d97fb857":179,"59ff5ec6":179,"ef04e64e":179,"6e2d04de":179,"2fca1798":179,"05028839":179,"5488826c":179,"84fff5c1":179,"c649992d":179,"d5ad3ed6":179,"8e5f7187":179,"55ba7579":179,"b7769ca6":179,"9c27de51":179,"38a75b48":179,"1792bfa3":179,"426f1904":179,"7c0f1ca9":179,"b2f820ac":179,"25d4f65d":179,"eddb6a2a":179,"ff8a00aa":179,"c146560b":179,"985068e7":179,"d543ba6f":179,"3b3569f6":179,"b01ab62a":179,"76da16fa":179,"bffee581":179,"07150038":179,"080fa362":179,"7b6945ad":179,"a40d08e1":179,"cec79bc2":179,"d2eff358":179,"e70aebb5":179,"a488b2f1":179,"4caa87d6":179,"f7076e21":179,"69e653b6":179,"98d2991b":179,"3b411d6a":179,"83826ef3":179,"595609d5":179,"b47f1b89":179,"8e6caf71":179,"9a3433b8":179,"b89112cb":179,"66736d5e":179,"30de89a7":179,"06aaa33f":179,"320c65bf":179,"1fa1e7c2":179,"646af2b9":179,"f1e86522":179,"659389ad":179,"fa03f48f":179,"240c8679":179,"5298dafa":179,"25f7f918":179,"0718c3be":179,"c5311ebb":179,"8b503f7b":179,"87a8523c":179,"105bb3f6":179,"58de5462":179,"c416baa6":179,"ae350a07":179,"f01c896d":179,"1f2670d0":179,"680a32a6":179,"962c9c8f":179,"83ba647d":179,"cb0bd6b7":179,"aec0bf28":179,"8e426e39":179,"a017a323":179,"8801c469":179,"51909df8":179,"e22b0973":179,"b6281f1a":179,"48c6df81":179,"23646ff9":179,"5e165f43":179,"3abb827b":179,"0c73c293":179,"f8785b71":179,"88929b06":179,"ab4a411a":179,"d7a4b24c":179,"08c4692e":179,"686d5c0b":179,"5b2479ef":179,"1d882c36":179,"f15eb1c5":179,"eb62e8f2":179,"71789493":179,"5ac72353":179,"d1b14d06":179,"f6c074a7":179,"ffd6849d":179,"962fca02":179,"75968179":179,"bc8bdc23":179,"a71f3f70":179,"1f7aa83c":179,"732d62ee":179,"d4b0751c":179,"9666b973":179,"653b27c7":179,"83b37fd6":179,"4d852788":179,"e43a9448":179,"3542b748":179,"379c53ab":179,"e396d80d":179,"7da61f27":179,"dc874a97":179,"85a220de":179,"40a7cdd2":179,"5b01444b":179,"79995b62":179,"97160db8":179,"589f0d6e":179,"51b4016a":179,"46bf9112":179,"092ad3d6":179,"bf940089":179,"01f34f98":179,"1670b0d3":179,"ec97d63e":179,"94208a41":179,"2cbcad17":179,"808bc372":179,"c792a7c1":179,"4dccb5ca":179,"83268abf":179,"5a7da061":179,"578c4c95":179,"06a94514":179,"73c420df":179,"c606b472":179,"0700da70":179,"ff591765":179,"93f12198":179,"62e270e5":179,"66b1b6d7":179,"b062adc4":179,"4aae5133":179,"63a3af32":179,"3fec4b0b":179,"faa3de3e":179,"44983d13":179,"80999122":179,"72af9198":179,"e39e9552":179,"81c1b70d":179,"e72f0f82":179,"88374b72":179,"fdfaf1ed":179,"ea981bed":179,"5e197575":179,"e587c4d0":179,"525b2635":179,"caa38a45":179,"272e7d0d":179,"f92596ee":179,"68831ea9":179,"9713d076":179,"fd098272":179,"6ee788a7":179,"8249641d":179,"45b0968f":179,"6a9bb182":179,"1f1afd4f":179,"25fb8826":179,"0dc5da58":179,"2874a625":179,"e61ae828":179,"f7ac3883":179,"ccd01528":179,"dab8cf68":179,"00f2a9cb":179,"916fe082":179,"b64dba8e":179,"c3bb30ce":179,"86219c70":179,"601990d8":179,"5c662c19":179,"d2a5d2fd":179,"89d220c2":179,"3e10c9cb":179,"5500a3e8":179,"3c0e87ac":179,"a891461f":179,"a246cdab":179,"117c7f0b":179,"0d21cf99":179,"14e6fe14":179,"37ec5e73":179,"bfff7913":179,"f8636899":179,"37724339":179,"a9987a58":179,"b6b8e5c7":179,"e82177d3":179,"89914b94":179,"04bdf5e1":179,"da8b42be":179,"3b0576bf":179,"9458934f":179,"1dcc489c":179,"945badf3":179,"1327775b":179,"bdd40125":179,"75fd47f7":179,"1c52a07e":179,"e70ccc25":179,"afd1494f":179,"ca6bffd3":179,"829c44a4":179,"e76e2617":179,"2b4fd52e":179,"57162572":179,"d1d50cfe":179,"ac033c7b":179,"87759976":179,"4df3f62e":179,"c881a53e":179,"80c1c8b1":179,"cf52acd8":179,"a63cb4ce":179,"d3b3492b":179,"7580cfa4":179,"22a96386":179,"5c672b50":179,"5df16440":179,"b666e56d":179,"8db378ff":179,"784d6375":179,"4541bf85":179,"a6b13f20":179,"2459c882":179,"3df97186":179,"ef0490de":179,"e0f47ced":179,"309bbf54":179,"cc537772":179,"6618390c":179,"99cc0813":179,"dc32c4e1":179,"239c636e":179,"6ee160ff":179,"c55d40ca":179,"22c177a8":179,"00ae883f":179,"f416ee62":179,"0d2b182d":179,"320754c3":179,"232b2f64":179,"3171b6e7":179,"3b25460f":179,"f7ffcbb8":179,"5728f934":179,"00b26865":179,"c333337d":179,"815c56bc":179,"d45d9727":179,"ee5ff2a3":179,"44322dfd":179,"295e4d1d":179,"8cf6570a":179,"403064a0":179,"312af46e":179,"b5a9f8c3":179,"fcbc0ae8":179,"2ff6b6a8":179,"66a71cc1":179,"bf4b58e4":179,"5bd61a68":179,"8582c5cf":179,"0c353665":179,"231e8700":179,"1f9fbd85":179,"43f24679":179,"a1c0dfc4":179,"78f71162":179,"4b27a9a4":179,"163f4d19":179,"1d043d5a":179,"b2f82e06":179,"5b0b43e6":179,"b5474d69":179,"5a938eeb":179,"4fe0dedf":179,"951fc6d0":179,"d2064756":179,"61892a4c":179,"f096219e":179,"a3f0a6ec":179,"01051f84":179,"aa7e370d":179,"f995eeab":179,"4006e709":179,"0dedf63e":179,"a9d5374b":179,"4321f02d":179,"089b3f8f":179,"7698d0dc":179,"784414ce":179,"2df3efdb":179,"d0f1b7bd":179,"e7799883":179,"4f9456cf":179,"6e260ee8":179,"f4f84279":179,"b0950de5":179,"6f873999":179,"1f4e0e22":179,"60d69311":179,"3b09f1de":179,"b371f44a":179
1601327267384,"8b6180ff":179,"8819ac24":179,"dbbf7f69":179,"dfe4a061":179,"a8edfe84":179,"2ed19b1e":179,"959e16ea":179,"02f76c64":179,"5c6d1f33":179,"b4801cae":179,"c3c2fd05":179,"f8c97147":179,"c2526ff3":179,"cc386067":179,"a22ffd8f":179,"3cd28a4d":179,"44a12c31":179,"45a961ca":179,"5ca978fd":179,"668e601b":179,"7552d86c":179,"02ebf3b6":179,"bb17a968":179,"4abcb85d":179,"cba26072":179,"2a718dcc":179,"c6a9a8e1":179,"88854fd0":179,"8dc27d2a":179,"41d7f05d":179,"2b851827":179,"9f428a03":179,"4d504d96":179,"0533ece1":179,"bcee2ef3":179,"0afba00c":179,"04ff8100":179,"6c00d8d6":179,"ac9a02bc":179,"acfe69ed":179,"426603ff":179,"2db2f252":179,"2e84193b":179,"c55683c9":179,"51233daf":179,"02791635":179,"be081247":179,"5cc47d1b":179,"678b846f":179,"b4bd39d8":179,"b4cdbe5d":179,"fa0386f3":179,"b95d0f17":179,"cee9c347":179,"f9376d3e":179,"07a94e8c":179,"bb017b49":179,"37b52fe4":179,"61ad1519":179,"819c4185":179,"ba69b06b":179,"7d2a2cb4":179,"4f62491c":179,"70b4c438":179,"71ed93db":179,"c92efaa8":179,"c241ac7e":179,"62a45672":179,"210e507a":179,"ac6e268b":179,"742238e8":179,"c2bf7d51":179,"781afef6":179,"de9229a0":179,"99a5feef":179,"f6266388":179,"e64fd39c":179,"e1b3ce36":179,"625fa164":179,"0c6ae551":179,"e8f4c1dd":179,"cede8b8c":179,"ad95ff4a":179,"893a99c5":179,"d8bf32b5":179,"0eb42efe":179,"03c4ab87":179,"4e3d3af7":179,"3a4803a8":179,"f7a7de5d":179,"d4e56c3e":179,"0c045c2d":179,"8efd4801":179,"7eb8f268":179,"20236d3e":179,"36ae8cd8":179,"3ddd5391":179,"07f69c6d":179,"2254f0f5":179,"ea282e84":179,"6653c83b":179,"c896052c":179,"287ecd1c":179
1601327267796,"7800e7ce":180,"77869ff0":180,"4b8f7b16":180,"89f75690":180,"cb363e2f":180,"cd802f02":180,"d3cca7eb":180,"e866a899":180,"5690e712":180,"0b92d2a9":180,"070bed95":180,"67e5d108":180,"3d37b94b":180,"842c97c2":180,"c4cef92b":180,"0eecdc5b":180,"b7e495ea":180,"45ec63c0":180,"0ddfde2c":180,"a8b41774":180,"81f0da2d":180,"1fcc8ba4":180,"75a9c117":180,"12ba54ec":180,"be391c1a":180,"37d8a5b7":180,"d5ab81c4":180,"2ecde685":180,"f0bd52d3":180,"dcc20f76":180,"666a8ef0":180,"d5d94481":180,"ffe48500":180,"c7a45a33":180,"faffe099":180,"e99490cd":180,"3b830769":180,"583f0305":180,"1557c50a":180,"249e80ab":180,"f52a3d94":180,"eb74d3dd":180,"3bcbc28d":180,"3c0455e7":180,"df203c79":180,"df1e1ac0":180,"c5b609f1":180,"4dc5849a":180,"d605c755":180,"8a8c1d67":180,"cc6b3306":180,"8c2dfd9a":180,"f11267b9":180,"a483b15e":180,"f80ab49d":180,"95eaed39":180,"a5ba0ebb":180,"f53362a9":180,"1901ef7e":180,"960c2e6b":180,"3515e999":180,"d11f8f1b":180,"9d9eb027":180,"325f9a29":180,"503aafe5":180,"491708eb":180,"e421caaa":180,"2d2ecf27":180,"d38a4953":180,"eba5efdd":180,"a5463f93":180,"c85ac4f8":180,"bc253f4f":180,"0d9d2bf8":180,"846b7f11":180,"d3411467":180,"1df0ce7f":180,"a08171d0":180,"c8bc5677":180,"dfca0518":180,"b9a21017":180,"e47705d3":180,"3cae4115":180,"0ccf4731":180,"c7c6782d":180,"54346574":180,"b12cbf87":180,"81942d9b":180,"699b90c1":180,"d9b5a7a8":180,"1e7914d2":180,"e5d8fdb2":180,"3412ab75":180,"bcac5daf":180,"62d028cc":180,"0af2cf39":180,"27491297":180,"d041ea86":180,"1eda11b2":180,"fc442678":180,"18c73816":180,"e491161e":180,"b5087677":180,"16f60bed":180,"cb0c3481":180,"7664512c":180,"df9a53b8":180,"f6c27b2b":180,"945f6c24":180,"f1daea7e":180,"b8fb90e3":180,"080d5d42":180,"5d03f5dc":180,"f0a01341":180,"1ee4d9f9":180,"0d6e45e7":180,"0da97151":180,"e829038c":180,"4987cfb5":180,"ba90687c":180,"77f2cf92":180,"037e2be4":180,"9e7dbd20":180,"0c086273":180,"ac13c3b0":180,"b4d9c57f":180,"5d53c964":180,"8ee9cc91":180,"4cc0af91":180,"55f6a2ba":180,"9559ea96":180,"9cb044bf":180,"16b25add":180,"80ee333e":180,"56227e35":180,"0d6bf22a":180,"b87321d0":180,"43205b5d":180,"8982905a":180,"f6fe1ad7":180,"230064fa":180,"764e0abb":180,"bba6d88e":180,"ea3479ec":180,"32266fa3":180,"50b090c3":180,"8be24763":180,"eb4800b2":180,"6e0ce9dc":180,"87d9bec4":180,"e30dfa0c":180,"6da34174":180,"bfb849fa":180,"0a10b423":180,"9ef7cee7":180,"49f1a0d1":180,"5f04aa76":180,"ba297382":180,"0287db2a":180,"96abe4a9":180,"753b10b1":180,"cf14bd99":180,"782022f4":180,"322e833f":180,"ab3619e4":180,"106006ad":180,"c8237be9":180,"1416e8f5":180,"dde2eed5":180,"a208caa8":180,"16605353":180,"77b39e15":180,"f1726edb":180,"3b329af2":180,"1cd662bf":180,"72992b35":180,"47589344":180,"593b1533":180,"e9f6e5ce":180,"ed6bead5":180,"96f594b9":180,"94dfcfc5":180,"8301986e":180,"830ecfec":180,"a8bae791":180,"312009ee":180,"c98759fd":180,"e8b6d676":180,"45ee5840":180,"76f04033":180,"43480b19":180,"fd955858":180,"69798d15":180,"efea71fa":180,"fb3aa867":180,"c9cf710b":180,"fcacdeb3":180,"0ea055ed":180,"e3b1bdf8":180,"644b45fb":180
1601327268403,"5b09e53e":180,"da5bb0f7":180,"590ce3d3":180,"1802d7ce":180,"0a49914b":180,"5d3f5cad":180,"cf347cba":180,"fc0c23f7":180,"641f9b9e":180,"c92edec5":180,"9f03c1e7":180,"06c24a8d":180,"2f35e75f":180,"3eddf7c8":180,"77970f8b":180,"efd594d5":180,"4718294d":180,"5352cf45":180,"e0ffe8ff":180,"ae14d6b5":180,"721f5f42":180,"0b50bca6":180,"bf2ca266":180,"5d8d9641":180,"0de67c6c":180,"2311399f":180,"5e3ebf5e":180,"9f6ca218":180,"6213799d":180,"44cb1fd2":180,"6d925c84":180,"50b23ab2":180,"edfa56d4":180,"899c16eb":180,"41c76041":180,"6bb1fa99":180,"d73ff72e":180,"61c0ca91":180,"d2fda7be":180,"ce20ca3c":180,"1d2d958b":180,"81fb6a01":180,"7f5b27c8":180,"fb3444d9":180,"f05de640":180,"86a68967":180,"56cd4dca":180,"7f469f4c":180,"f92dedfc":180,"355d1489":180,"f96fc1af":180,"06713bac":180,"61aca924":180,"d97fb857":180,"92b72493":180,"d3e58903":180,"4481c4be":180,"7954891b":180,"4afd60a9":180,"d44c0ea3":180,"68f87858":180,"533bac6b":180,"41634dba":180,"43fd1327":180,"113e7f4b":180,"8cce569a":180,"ce6401b6":180,"59ff5ec6":180,"ef04e64e":180,"6e2d04de":180,"2fca1798":180,"05028839":180,"5488826c":180,"6f57824c":180,"28bd7aa1":180,"1d52fb0d":180,"cde0d748":180,"535ed444":180,"710f0d0e":180,"0905f1fb":180,"a20e529c":180,"1ae76fcc":180,"35b161d3":180,"344cd1a3":180,"77ea1236":180,"96d2a118":180,"23a0e41f":180,"b32a1080":180,"a2c4b591":180,"6dfa57be":180,"1854ce44":180,"f92b22f1":180,"ece12664":180,"36f4ecde":180,"568a0d58":180,"5fd569d2":180,"10c8fd03":180,"bd4ccb49":180,"e773d697":180,"7e8c11e7":180,"077eb15a":180,"5337c279":180,"8d256cb6":180,"7021c619":180,"32ae00db":180,"bf2defb2":180,"bc733a28":180,"30d32d34":180,"886c16d3":180,"e8d09b62":180,"84fff5c1":180,"c649992d":180,"d5ad3ed6":180,"8e5f7187":180,"55ba7579":180,"b7769ca6":180,"9c27de51":180,"baf19c25":180,"24a79a6e":180,"edde30af":180,"4d949e11":180,"df12f689":180,"1da10cbf":180,"832c48e4":180,"dc90a44c":180,"1ad7c45b":180,"5566c17c":180,"86a22252":180,"0000dece":180,"ce5efdbe":180,"58ace2b5":180,"d379fd96":180,"7b819458":180,"7f8024cd":180,"ae562513":180,"7b66dacd":180,"9ab137d7":180,"7191d1cd":180,"005354dd":180,"38a75b48":180,"1792bfa3":180,"426f1904":180,"7c0f1ca9":180,"b2f820ac":180,"25d4f65d":180,"eddb6a2a":180,"ff8a00aa":180,"c146560b":180,"985068e7":180,"d543ba6f":180,"3b3569f6":180,"b01ab62a":180,"76da16fa":180,"bffee581":180,"07150038":180,"080fa362":180,"7b6945ad":180,"a40d08e1":180,"cec79bc2":180,"d2eff358":180,"e70aebb5":180,"a488b2f1":180,"4caa87d6":180,"f7076e21":180,"69e653b6":180,"98d2991b":180,"3b411d6a":180,"83826ef3":180,"595609d5":180,"b47f1b89":180,"8e6caf71":180,"9a3433b8":180,"b89112cb":180,"66736d5e":180,"30de89a7":180,"06aaa33f":180,"320c65bf":180,"1fa1e7c2":180,"646af2b9":180,"659389ad":180,"240c8679":180,"0718c3be":180,"f1e86522":180,"8b503f7b":180,"fa03f48f":180,"87a8523c":180,"5298dafa":180,"c416baa6":180,"25f7f918":180,"ae350a07":180,"c5311ebb":180,"680a32a6":180,"105bb3f6":180,"83ba647d":180,"58de5462":180,"f01c896d":180,"cb0bd6b7":180,"8e426e39":180,"1f2670d0":180,"962c9c8f":180,"51909df8":180,"e22b0973":180,"aec0bf28":180,"23646ff9":180,"a017a323":180,"8801c469":180,"3abb827b":180,"0c73c293":180,"b6281f1a":180,"48c6df81":180,"88929b06":180,"5e165f43":180,"08c4692e":180,"5b2479ef":180,"f8785b71":180,"ab4a411a":180,"1d882c36":180,"d7a4b24c":180,"eb62e8f2":180,"686d5c0b":180,"f15eb1c5":180,"71789493":180,"5ac72353":180,"d1b14d06":180,"f6c074a7":180,"ffd6849d":180,"962fca02":180,"75968179":180,"bc8bdc23":180,"a71f3f70":180,"1f7aa83c":180,"808bc372":180,"732d62ee":180,"d4b0751c":180,"c792a7c1":180,"5a7da061":180,"5b01444b":180,"06a94514":180,"79995b62":180,"73c420df":180,"97160db8":180,"0700da70":180,"589f0d6e":180,"51b4016a":180,"ff591765":180,"93f12198":180,"46bf9112":180,"62e270e5":180,"092ad3d6":180,"66b1b6d7":180,"bf940089":180,"b062adc4":180,"01f34f98":180,"4aae5133":180,"1670b0d3":180,"63a3af32":180,"ec97d63e":180,"3fec4b0b":180,"94208a41":180,"faa3de3e":180,"2cbcad17":180,"44983d13":180,"4dccb5ca":180,"80999122":180,"83268abf":180,"578c4c95":180,"72af9198":180,"c606b472":180,"e39e9552":180,"81c1b70d":180,"e72f0f82":180,"88374b72":180,"fdfaf1ed":180,"ea981bed":180,"5e197575":180,"e587c4d0":180,"525b2635":180,"caa38a45":180,"a9987a58":180,"b6b8e5c7":180,"e82177d3":180,"9666b973":180,"653b27c7":180,"83b37fd6":180,"89914b94":180,"04bdf5e1":180,"da8b42be":180,"3b0576bf":180,"9458934f":180,"1dcc489c":180,"945badf3":180,"1327775b":180,"bdd40125":180,"75fd47f7":180,"1c52a07e":180,"e70ccc25":180,"afd1494f":180,"ca6bffd3":180,"829c44a4":180,"e76e2617":180,"2b4fd52e":180,"57162572":180,"d1d50cfe":180,"4d852788":180,"e43a9448":180,"3542b748":180,"379c53ab":180,"e396d80d":180,"7da61f27":180,"dc874a97":180,"85a220de":180,"40a7cdd2":180,"ac033c7b":180,"87759976":180,"4df3f62e":180,"c881a53e":180,"80c1c8b1":180,"cf52acd8":180,"a63cb4ce":180,"d3b3492b":180,"7580cfa4":180,"22a96386":180,"5c672b50":180,"5df16440":180,"b666e56d":180,"8db378ff":180,"784d6375":180,"4541bf85":180,"a6b13f20":180,"2459c882":180,"3df97186":180,"ef0490de":180,"e0f47ced":180,"309bbf54":180,"cc537772":180,"6618390c":180,"99cc0813":180,"dc32c4e1":180,"239c636e":180,"6ee160ff":180,"c55d40ca":180,"22c177a8":180,"00ae883f":180,"f416ee62":180,"0d2b182d":180,"320754c3":180,"232b2f64":180,"3171b6e7":180,"3b25460f":180,"d2064756":180,"272e7d0d":180,"f92596ee":180,"68831ea9":180,"9713d076":180,"fd098272":180,"6ee788a7":180,"8249641d":180,"45b0968f":180,"6a9bb182":180,"1f1afd4f":180,"25fb8826":180,"0dc5da58":180,"2874a625":180,"e61ae828":180,"f7ac3883":180,"ccd01528":180,"dab8cf68":180,"00f2a9cb":180,"916fe082":180,"b64dba8e":180,"c3bb30ce":180,"86219c70":180,"601990d8":180,"5c662c19":180,"d2a5d2fd":180,"89d220c2":180,"3e10c9cb":180,"5500a3e8":180,"3c0e87ac":180,"a891461f":180,"a246cdab":180,"117c7f0b":180,"0d21cf99":180,"14e6fe14":180,"37ec5e73":180,"bfff7913":180,"f8636899":180,"37724339":180,"d45d9727":180,"ee5ff2a3":180,"44322dfd":180,"295e4d1d":180,"8cf6570a":180,"403064a0":180,"312af46e":180,"b5a9f8c3":180,"fcbc0ae8":180,"2ff6b6a8":180,"66a71cc1":180,"bf4b58e4":180,"f7ffcbb8":180,"5728f934":180,"00b26865":180,"c333337d":180,"815c56bc":180,"5bd61a68":180,"8582c5cf":180,"0c353665":180,"231e8700":180,"1f9fbd85":180,"43f24679":180,"a1c0dfc4":180,"78f71162":180,"4b27a9a4":180,"163f4d19":180,"1d043d5a":180,"b2f82e06":180,"5b0b43e6":180,"b5474d69":180,"5a938eeb":180,"4fe0dedf":180,"951fc6d0":180,"61892a4c":180,"f096219e":180,"a3f0a6ec":180,"01051f84":180,"aa7e370d":180,"f995eeab":180,"4006e709":180,"0dedf63e":180,"a9d5374b":180,"4321f02d":180,"089b3f8f":180,"7698d0dc":180,"784414ce":180,"2df3efdb":180,"d0f1b7bd":180,"e7799883":180,"4f9456cf":180,"6e260ee8":180,"f4f84279":180,"b0950de5":180,"6f873999":180,"1f4e0e22":180,"60d69311":180,"3b09f1de":180,"b371f44a":180,"8b6180ff":180,"8819ac24":180,"dbbf7f69":180,"dfe4a061":180,"c2bf7d51":180,"781afef6":180,"de9229a0":180,"99a5feef":180,"f6266388":180,"e64fd39c":180,"e1b3ce36":180,"625fa164":180,"0c6ae551":180,"e8f4c1dd":180,"cede8b8c":180,"ad95ff4a":180,"893a99c5":180,"d8bf32b5":180,"0eb42efe":180,"03c4ab87":180,"4e3d3af7":180,"a8edfe84":180,"2ed19b1e":180,"959e16ea":180,"02f76c64":180,"5c6d1f33":180,"b4801cae":180,"c3c2fd05":180,"f8c97147":180,"c2526ff3":180,"cc386067":180,"a22ffd8f":180,"3cd28a4d":180,"44a12c31":180,"45a961ca":180,"5ca978fd":180,"668e601b":180,"7552d86c":180,"02ebf3b6":180,"bb17a968":180,"4abcb85d":180,"3a4803a8":180,"f7a7de5d":180,"d4e56c3e":180,"0c045c2d":180,"8efd4801":180,"7eb8f268":180,"20236d3e":180,"36ae8cd8":180,"3ddd5391":180,"07f69c6d":180,"2254f0f5":180,"ea282e84":180,"6653c83b":180,"c896052c":180,"287ecd1c":180,"f9376d3e":180,"07a94e8c":180,"bb017b49":180,"37b52fe4":180,"61ad1519":180,"819c4185":180,"ba69b06b":180,"7d2a2cb4":180,"4f62491c":180,"70b4c438":180,"71ed93db":180,"c92efaa8":180,"c241ac7e":180,"62a45672":180,"210e507a":180,"ac6e268b":180,"742238e8":180,"cba26072":180,"2a718dcc":180,"c6a9a8e1":180,"88854fd0":180,"8dc27d2a":180,"41d7f05d":180,"2b851827":180,"9f428a03":180,"4d504d96":180,"0533ece1":180,"bcee2ef3":180,"0afba00c":180,"04ff8100":180,"6c00d8d6":180,"ac9a02bc":180,"acfe69ed":180,"426603ff":180,"2db2f252":180,"2e84193b":180,"c55683c9":180,"51233daf":180,"02791635":180,"be081247":180,"5cc47d1b":180,"678b846f":180,"b4bd39d8":180,"b4cdbe5d":180,"fa0386f3":180,"b95d0f17":180,"cee9c347":180
1601327268780,"7800e7ce":181,"77869ff0":181,"4b8f7b16":181,"89f75690":181,"cb363e2f":181,"cd802f02":181,"d5d94481":181,"ffe48500":181,"c7a45a33":181,"faffe099":181,"e99490cd":181,"3b830769":181,"583f0305":181,"1557c50a":181,"249e80ab":181,"f52a3d94":181,"eb74d3dd":181,"3bcbc28d":181,"3c0455e7":181,"df203c79":181,"df1e1ac0":181,"491708eb":181,"e421caaa":181,"2d2ecf27":181,"d38a4953":181,"eba5efdd":181,"a5463f93":181,"c85ac4f8":181,"bc253f4f":181,"0d9d2bf8":181,"846b7f11":181,"d3411467":181,"1df0ce7f":181,"a08171d0":181,"c8bc5677":181,"dfca0518":181,"b9a21017":181,"e47705d3":181,"3cae4115":181,"0ccf4731":181,"c7c6782d":181,"54346574":181,"b12cbf87":181,"81942d9b":181,"699b90c1":181,"d3cca7eb":181,"e866a899":181,"5690e712":181,"0b92d2a9":181,"070bed95":181,"67e5d108":181,"3d37b94b":181,"842c97c2":181,"c4cef92b":181,"0eecdc5b":181,"b7e495ea":181,"45ec63c0":181,"0ddfde2c":181,"a8b41774":181,"81f0da2d":181,"1fcc8ba4":181,"75a9c117":181,"12ba54ec":181,"be391c1a":181,"37d8a5b7":181,"d5ab81c4":181,"2ecde685":181,"f0bd52d3":181,"dcc20f76":181,"666a8ef0":181,"c5b609f1":181,"4dc5849a":181,"d605c755":181,"8a8c1d67":181,"cc6b3306":181,"8c2dfd9a":181,"f11267b9":181,"a483b15e":181,"f80ab49d":181,"d9b5a7a8":181,"1e7914d2":181,"e5d8fdb2":181,"3412ab75":181,"bcac5daf":181,"62d028cc":181,"0af2cf39":181,"27491297":181,"d041ea86":181,"1eda11b2":181,"fc442678":181,"95eaed39":181,"a5ba0ebb":181,"f53362a9":181,"1901ef7e":181,"960c2e6b":181,"3515e999":181,"d11f8f1b":181,"9d9eb027":181,"325f9a29":181,"503aafe5":181,"080d5d42":181,"5d03f5dc":181,"f0a01341":181,"1ee4d9f9":181,"0d6e45e7":181,"0da97151":181,"e829038c":181,"4987cfb5":181,"ba90687c":181,"77f2cf92":181,"037e2be4":181,"9e7dbd20":181,"0c086273":181,"ac13c3b0":181,"b4d9c57f":181,"5d53c964":181,"8ee9cc91":181,"4cc0af91":181,"55f6a2ba":181,"9559ea96":181,"9cb044bf":181,"16b25add":181,"80ee333e":181,"3b329af2":181,"1cd662bf":181,"72992b35":181,"47589344":181,"593b1533":181,"e9f6e5ce":181,"ed6bead5":181,"96f594b9":181,"94dfcfc5":181,"8301986e":181,"830ecfec":181,"a8bae791":181,"312009ee":181,"c98759fd":181,"e8b6d676":181,"45ee5840":181,"76f04033":181,"43480b19":181,"fd955858":181,"69798d15":181,"efea71fa":181,"fb3aa867":181,"c9cf710b":181,"fcacdeb3":181,"0ea055ed":181,"e3b1bdf8":181,"644b45fb":181
1601327269227,"18c73816":181,"e491161e":181,"b5087677":181,"16f60bed":181,"cb0c3481":181,"7664512c":181,"df9a53b8":181,"f6c27b2b":181,"945f6c24":181,"f1daea7e":181,"b8fb90e3":181,"56227e35":181,"0d6bf22a":181,"b87321d0":181,"43205b5d":181,"8982905a":181,"f6fe1ad7":181,"230064fa":181,"764e0abb":181,"bba6d88e":181,"ea3479ec":181,"32266fa3":181,"50b090c3":181,"8be24763":181,"eb4800b2":181,"6e0ce9dc":181,"87d9bec4":181,"e30dfa0c":181,"6da34174":181,"bfb849fa":181,"0a10b423":181,"9ef7cee7":181,"49f1a0d1":181,"5f04aa76":181,"ba297382":181,"0287db2a":181,"96abe4a9":181,"753b10b1":181,"cf14bd99":181,"782022f4":181,"322e833f":181,"ab3619e4":181,"106006ad":181,"c8237be9":181,"1416e8f5":181,"dde2eed5":181,"a208caa8":181,"16605353":181,"77b39e15":181,"f1726edb":181,"590ce3d3":181,"1802d7ce":181,"0a49914b":181,"5d3f5cad":181,"cf347cba":181,"92b72493":181,"d3e58903":181,"4481c4be":181,"7954891b":181,"4afd60a9":181,"d44c0ea3":181,"68f87858":181,"533bac6b":181,"41634dba":181,"43fd1327":181,"113e7f4b":181,"8cce569a":181,"ce6401b6":181,"6f57824c":181,"28bd7aa1":181,"1d52fb0d":181,"cde0d748":181,"535ed444":181,"710f0d0e":181,"0905f1fb":181,"a20e529c":181,"1ae76fcc":181,"35b161d3":181,"344cd1a3":181,"5b09e53e":181,"da5bb0f7":181,"6d925c84":181,"50b23ab2":181,"edfa56d4":181,"899c16eb":181,"41c76041":181,"6bb1fa99":181,"d73ff72e":181,"61c0ca91":181,"d2fda7be":181,"ce20ca3c":181,"1d2d958b":181,"81fb6a01":181,"fc0c23f7":181,"641f9b9e":181,"c92edec5":181,"9f03c1e7":181,"06c24a8d":181,"2f35e75f":181,"3eddf7c8":181,"77970f8b":181,"efd594d5":181,"4718294d":181,"5352cf45":181,"e0ffe8ff":181,"ae14d6b5":181,"721f5f42":181,"0b50bca6":181,"bf2ca266":181,"5d8d9641":181,"0de67c6c":181,"2311399f":181,"5e3ebf5e":181,"9f6ca218":181,"6213799d":181,"44cb1fd2":181,"baf19c25":181,"24a79a6e":181,"edde30af":181,"4d949e11":181,"df12f689":181,"1da10cbf":181,"832c48e4":181,"dc90a44c":181,"1ad7c45b":181,"5566c17c":181,"86a22252":181,"0000dece":181,"ce5efdbe":181,"7f5b27c8":181,"fb3444d9":181,"f05de640":181,"86a68967":181,"56cd4dca":181,"7f469f4c":181,"f92dedfc":181,"355d1489":181,"f96fc1af":181,"06713bac":181,"61aca924":181,"d97fb857":181,"59ff5ec6":181,"ef04e64e":181,"6e2d04de":181,"2fca1798":181,"05028839":181,"5488826c":181,"84fff5c1":181,"c649992d":181,"d5ad3ed6":181,"8e5f7187":181,"55ba7579":181,"b7769ca6":181,"77ea1236":181,"96d2a118":181,"23a0e41f":181,"b32a1080":181,"a2c4b591":181,"6dfa57be":181,"1854ce44":181,"f92b22f1":181,"ece12664":181,"36f4ecde":181,"568a0d58":181,"5fd569d2":181,"10c8fd03":181,"bd4ccb49":181,"e773d697":181,"7e8c11e7":181,"077eb15a":181,"5337c279":181,"8d256cb6":181,"7021c619":181,"32ae00db":181,"bf2defb2":181,"bc733a28":181,"30d32d34":181,"886c16d3":181,"e8d09b62":181,"9c27de51":181,"38a75b48":181,"1792bfa3":181,"426f1904":181,"7c0f1ca9":181,"b2f820ac":181,"25d4f65d":181,"58ace2b5":181,"d379fd96":181,"7b819458":181,"7f8024cd":181,"ae562513":181,"7b66dacd":181,"9ab137d7":181,"7191d1cd":181,"005354dd":181,"eddb6a2a":181,"ff8a00aa":181,"c146560b":181,"985068e7":181,"d543ba6f":181,"3b3569f6":181,"b01ab62a":181,"76da16fa":181,"bffee581":181,"07150038":181,"080fa362":181,"7b6945ad":181,"a40d08e1":181,"cec79bc2":181,"d2eff358":181,"e70aebb5":181,"a488b2f1":181,"4caa87d6":181,"f7076e21":181,"69e653b6":181,"98d2991b":181,"3b411d6a":181,"83826ef3":181,"595609d5":181,"b47f1b89":181,"8e6caf71":181,"9a3433b8":181,"b89112cb":181,"66736d5e":181,"30de89a7":181,"06aaa33f":181,"320c65bf":181,"1fa1e7c2":181,"646af2b9":181,"659389ad":181,"240c8679":181,"0718c3be":181,"8b503f7b":181,"87a8523c":181,"c416baa6":181,"f1e86522":181,"ae350a07":181
1601327269490,"fa03f48f":181,"680a32a6":181,"5298dafa":181,"83ba647d":181,"cb0bd6b7":181,"25f7f918":181,"c5311ebb":181,"8e426e39":181,"51909df8":181,"105bb3f6":181,"e22b0973":181,"58de5462":181,"f01c896d":181,"23646ff9":181,"3abb827b":181,"1f2670d0":181,"0c73c293":181,"962c9c8f":181,"aec0bf28":181,"88929b06":181,"a017a323":181,"08c4692e":181,"5b2479ef":181,"8801c469":181,"b6281f1a":181,"1d882c36":181,"48c6df81":181,"eb62e8f2":181,"5e165f43":181,"f8785b71":181,"ab4a411a":181,"d7a4b24c":181,"686d5c0b":181,"f15eb1c5":181,"71789493":181,"5ac72353":181,"d1b14d06":181,"f6c074a7":181,"ffd6849d":181,"962fca02":181,"75968179":181,"bc8bdc23":181,"a71f3f70":181,"808bc372":181,"1f7aa83c":181,"732d62ee":181,"c792a7c1":181,"d4b0751c":181,"5a7da061":181,"06a94514":181,"5b01444b":181,"73c420df":181,"79995b62":181,"97160db8":181,"0700da70":181,"ff591765":181,"589f0d6e":181,"93f12198":181,"51b4016a":181,"46bf9112":181,"62e270e5":181,"092ad3d6":181,"66b1b6d7":181,"bf940089":181,"b062adc4":181,"4aae5133":181,"01f34f98":181,"63a3af32":181,"1670b0d3":181,"ec97d63e":181,"3fec4b0b":181,"94208a41":181,"faa3de3e":181,"44983d13":181,"2cbcad17":181,"80999122":181,"4dccb5ca":181,"83268abf":181,"72af9198":181,"578c4c95":181,"e39e9552":181,"81c1b70d":181,"c606b472":181,"e72f0f82":181,"88374b72":181,"fdfaf1ed":181,"ea981bed":181,"5e197575":181,"e587c4d0":181,"525b2635":181,"caa38a45":181,"a9987a58":181,"b6b8e5c7":181,"e82177d3":181,"89914b94":181,"04bdf5e1":181,"da8b42be":181,"3b0576bf":181,"9458934f":181,"1dcc489c":181,"945badf3":181,"1327775b":181,"bdd40125":181,"75fd47f7":181,"1c52a07e":181,"e70ccc25":181,"afd1494f":181,"ca6bffd3":181,"829c44a4":181,"e76e2617":181,"9666b973":181,"653b27c7":181,"83b37fd6":181,"4d852788":181,"e43a9448":181,"3542b748":181,"379c53ab":181,"e396d80d":181,"7da61f27":181,"dc874a97":181,"2b4fd52e":181,"57162572":181,"d1d50cfe":181,"85a220de":181,"40a7cdd2":181,"ac033c7b":181,"87759976":181,"4df3f62e":181,"c881a53e":181,"80c1c8b1":181,"cf52acd8":181,"a63cb4ce":181,"d3b3492b":181,"7580cfa4":181,"22a96386":181,"5c672b50":181,"5df16440":181,"b666e56d":181,"8db378ff":181,"784d6375":181,"4541bf85":181,"a6b13f20":181,"2459c882":181,"3df97186":181,"ef0490de":181,"e0f47ced":181,"309bbf54":181,"cc537772":181,"6618390c":181,"99cc0813":181,"dc32c4e1":181,"239c636e":181,"6ee160ff":181,"c55d40ca":181,"22c177a8":181,"00ae883f":181,"f416ee62":181,"0d2b182d":181,"320754c3":181,"232b2f64":181,"3171b6e7":181,"3b25460f":181,"d2064756":181,"272e7d0d":181,"f92596ee":181,"68831ea9":181,"9713d076":181,"fd098272":181,"6ee788a7":181,"8249641d":181,"45b0968f":181,"6a9bb182":181,"1f1afd4f":181,"25fb8826":181,"0dc5da58":181,"2874a625":181,"e61ae828":181,"f7ac3883":181,"ccd01528":181,"dab8cf68":181,"00f2a9cb":181,"916fe082":181,"b64dba8e":181,"c3bb30ce":181,"86219c70":181,"601990d8":181,"5c662c19":181,"d2a5d2fd":181,"89d220c2":181,"3e10c9cb":181,"5500a3e8":181,"3c0e87ac":181,"a891461f":181,"a246cdab":181,"117c7f0b":181,"0d21cf99":181,"14e6fe14":181,"37ec5e73":181,"bfff7913":181,"f8636899":181,"37724339":181,"d45d9727":181,"ee5ff2a3":181,"44322dfd":181,"295e4d1d":181,"8cf6570a":181,"403064a0":181,"312af46e":181,"b5a9f8c3":181,"fcbc0ae8":181,"2ff6b6a8":181,"66a71cc1":181,"bf4b58e4":181,"f7ffcbb8":181,"5728f934":181,"00b26865":181,"c333337d":181,"815c56bc":181,"5bd61a68":181,"8582c5cf":181,"0c353665":181,"231e8700":181,"1f9fbd85":181,"43f24679":181,"a1c0dfc4":181,"78f71162":181,"4b27a9a4":181,"163f4d19":181,"1d043d5a":181,"b2f82e06":181,"5b0b43e6":181,"b5474d69":181,"5a938eeb":181,"4fe0dedf":181,"951fc6d0":181,"61892a4c":181,"f096219e":181,"a3f0a6ec":181,"01051f84":181,"aa7e370d":181,"f995eeab":181,"4006e709":181,"0dedf63e":181,"a9d5374b":181,"4321f02d":181,"089b3f8f":181,"7698d0dc":181,"784414ce":181,"2df3efdb":181,"d0f1b7bd":181,"e7799883":181,"4f9456cf":181,"6e260ee8":181,"f4f84279":181,"b0950de5":181,"6f873999":181,"1f4e0e22":181,"60d69311":181,"3b09f1de":181,"b371f44a":181,"8b6180ff":181,"8819ac24":181,"dbbf7f69":181,"dfe4a061":181,"c2bf7d51":181,"781afef6":181,"de9229a0":181,"99a5feef":181,"f6266388":181,"e64fd39c":181,"e1b3ce36":181,"625fa164":181,"0c6ae551":181,"e8f4c1dd":181,"cede8b8c":181,"ad95ff4a":181,"893a99c5":181,"d8bf32b5":181,"0eb42efe":181,"03c4ab87":181,"4e3d3af7":181,"3a4803a8":181,"f7a7de5d":181,"d4e56c3e":181,"0c045c2d":181,"8efd4801":181,"7eb8f268":181,"20236d3e":181,"36ae8cd8":181,"3ddd5391":181,"07f69c6d":181,"2254f0f5":181,"ea282e84":181,"6653c83b":181,"c896052c":181,"287ecd1c":181,"a8edfe84":181,"2ed19b1e":181,"959e16ea":181,"02f76c64":181,"5c6d1f33":181,"b4801cae":181,"c3c2fd05":181,"f8c97147":181,"c2526ff3":181,"cc386067":181,"a22ffd8f":181,"3cd28a4d":181,"44a12c31":181,"45a961ca":181,"5ca978fd":181,"668e601b":181,"7552d86c":181,"02ebf3b6":181,"bb17a968":181,"4abcb85d":181,"cba26072":181,"2a718dcc":181,"c6a9a8e1":181,"88854fd0":181,"8dc27d2a":181,"41d7f05d":181,"2b851827":181,"9f428a03":181,"4d504d96":181,"0533ece1":181,"bcee2ef3":181,"0afba00c":181,"04ff8100":181,"6c00d8d6":181,"f9376d3e":181,"07a94e8c":181,"bb017b49":181,"37b52fe4":181,"61ad1519":181,"819c4185":181,"ba69b06b":181,"7d2a2cb4":181,"4f62491c":181,"70b4c438":181,"71ed93db":181,"c92efaa8":181,"c241ac7e":181,"62a45672":181,"210e507a":181,"ac6e268b":181,"742238e8":181,"ac9a02bc":181,"acfe69ed":181,"426603ff":181,"2db2f252":181,"2e84193b":181,"c55683c9":181,"51233daf":181,"02791635":181,"be081247":181,"5cc47d1b":181,"678b846f":181,"b4bd39d8":181,"b4cdbe5d":181,"fa0386f3":181,"b95d0f17":181,"cee9c347":181
1601327270827,"7800e7ce":182,"77869ff0":182,"4b8f7b16":182,"89f75690":182,"cb363e2f":182,"cd802f02":182,"d3cca7eb":182,"e866a899":182,"5690e712":182,"0b92d2a9":182,"070bed95":182,"67e5d108":182,"3d37b94b":182,"842c97c2":182,"c4cef92b":182,"0eecdc5b":182,"b7e495ea":182,"45ec63c0":182,"0ddfde2c":182,"a8b41774":182,"81f0da2d":182,"1fcc8ba4":182,"75a9c117":182,"12ba54ec":182,"be391c1a":182,"37d8a5b7":182,"d5ab81c4":182,"2ecde685":182,"f0bd52d3":182,"dcc20f76":182,"666a8ef0":182,"c5b609f1":182,"4dc5849a":182,"d605c755":182,"8a8c1d67":182,"cc6b3306":182,"8c2dfd9a":182,"f11267b9":182,"a483b15e":182,"f80ab49d":182,"95eaed39":182,"a5ba0ebb":182,"f53362a9":182,"1901ef7e":182,"960c2e6b":182,"3515e999":182,"d11f8f1b":182,"9d9eb027":182,"325f9a29":182,"503aafe5":182,"d5d94481":182,"ffe48500":182,"c7a45a33":182,"faffe099":182,"e99490cd":182,"3b830769":182,"583f0305":182,"1557c50a":182,"249e80ab":182,"f52a3d94":182,"eb74d3dd":182,"3bcbc28d":182,"3c0455e7":182,"080d5d42":182,"5d03f5dc":182,"f0a01341":182,"1ee4d9f9":182,"0d6e45e7":182,"0da97151":182,"e829038c":182,"4987cfb5":182,"ba90687c":182,"77f2cf92":182,"037e2be4":182,"9e7dbd20":182,"0c086273":182,"ac13c3b0":182,"b4d9c57f":182,"5d53c964":182,"8ee9cc91":182,"4cc0af91":182,"55f6a2ba":182,"9559ea96":182,"9cb044bf":182,"16b25add":182,"80ee333e":182,"3b329af2":182,"1cd662bf":182,"72992b35":182,"47589344":182,"df203c79":182,"df1e1ac0":182,"491708eb":182,"e421caaa":182,"2d2ecf27":182,"d38a4953":182,"eba5efdd":182,"a5463f93":182,"c85ac4f8":182,"bc253f4f":182,"0d9d2bf8":182,"846b7f11":182,"d3411467":182,"1df0ce7f":182,"a08171d0":182,"c8bc5677":182,"dfca0518":182,"b9a21017":182,"e47705d3":182,"3cae4115":182,"0ccf4731":182,"c7c6782d":182,"54346574":182,"b12cbf87":182,"81942d9b":182,"699b90c1":182,"d9b5a7a8":182,"1e7914d2":182,"e5d8fdb2":182,"3412ab75":182,"bcac5daf":182,"62d028cc":182,"0af2cf39":182,"27491297":182,"d041ea86":182,"1eda11b2":182,"fc442678":182,"593b1533":182,"e9f6e5ce":182,"ed6bead5":182,"96f594b9":182,"94dfcfc5":182,"8301986e":182,"830ecfec":182,"a8bae791":182,"312009ee":182,"c98759fd":182,"e8b6d676":182,"45ee5840":182,"76f04033":182,"43480b19":182,"fd955858":182,"69798d15":182,"efea71fa":182
1601327271234,"18c73816":182,"e491161e":182,"b5087677":182,"16f60bed":182,"cb0c3481":182,"7664512c":182,"df9a53b8":182,"f6c27b2b":182,"945f6c24":182,"f1daea7e":182,"b8fb90e3":182,"56227e35":182,"0d6bf22a":182,"b87321d0":182,"43205b5d":182,"8982905a":182,"f6fe1ad7":182,"230064fa":182,"764e0abb":182,"bba6d88e":182,"ea3479ec":182,"32266fa3":182,"50b090c3":182,"8be24763":182,"eb4800b2":182,"6e0ce9dc":182,"87d9bec4":182,"e30dfa0c":182,"6da34174":182,"bfb849fa":182,"0a10b423":182,"9ef7cee7":182,"49f1a0d1":182,"5f04aa76":182,"ba297382":182,"0287db2a":182,"96abe4a9":182,"753b10b1":182,"cf14bd99":182,"782022f4":182,"322e833f":182,"ab3619e4":182,"106006ad":182,"c8237be9":182,"1416e8f5":182,"dde2eed5":182,"a208caa8":182,"16605353":182,"77b39e15":182,"f1726edb":182,"fb3aa867":182,"c9cf710b":182,"fcacdeb3":182,"0ea055ed":182,"e3b1bdf8":182,"644b45fb":182,"92b72493":182,"d3e58903":182,"4481c4be":182,"7954891b":182,"4afd60a9":182,"d44c0ea3":182,"68f87858":182,"533bac6b":182,"41634dba":182,"43fd1327":182,"113e7f4b":182,"8cce569a":182,"ce6401b6":182,"6f57824c":182,"28bd7aa1":182,"1d52fb0d":182,"cde0d748":182,"535ed444":182,"710f0d0e":182,"0905f1fb":182,"a20e529c":182,"1ae76fcc":182,"35b161d3":182,"344cd1a3":182,"77ea1236":182,"96d2a118":182,"23a0e41f":182,"b32a1080":182,"a2c4b591":182,"6dfa57be":182,"1854ce44":182,"f92b22f1":182,"ece12664":182,"36f4ecde":182,"568a0d58":182,"5fd569d2":182,"10c8fd03":182,"bd4ccb49":182,"e773d697":182,"7e8c11e7":182,"077eb15a":182,"5337c279":182,"8d256cb6":182,"7021c619":182,"32ae00db":182,"bf2defb2":182,"bc733a28":182,"590ce3d3":182,"1802d7ce":182,"0a49914b":182,"5d3f5cad":182,"cf347cba":182,"fc0c23f7":182,"641f9b9e":182,"c92edec5":182,"9f03c1e7":182,"06c24a8d":182,"2f35e75f":182,"3eddf7c8":182,"77970f8b":182,"efd594d5":182,"30d32d34":182,"886c16d3":182,"e8d09b62":182,"4718294d":182,"5352cf45":182,"e0ffe8ff":182,"ae14d6b5":182,"721f5f42":182,"0b50bca6":182,"bf2ca266":182,"5d8d9641":182,"0de67c6c":182,"2311399f":182,"5e3ebf5e":182,"9f6ca218":182,"6213799d":182,"44cb1fd2":182,"baf19c25":182,"24a79a6e":182,"edde30af":182,"4d949e11":182,"df12f689":182,"1da10cbf":182,"832c48e4":182,"dc90a44c":182,"1ad7c45b":182,"5566c17c":182,"86a22252":182,"0000dece":182,"ce5efdbe":182,"58ace2b5":182,"d379fd96":182,"7b819458":182,"7f8024cd":182,"ae562513":182,"7b66dacd":182,"9ab137d7":182,"7191d1cd":182,"005354dd":182,"5b09e53e":182,"da5bb0f7":182,"6d925c84":182,"50b23ab2":182,"edfa56d4":182,"899c16eb":182,"41c76041":182,"6bb1fa99":182,"d73ff72e":182,"61c0ca91":182,"d2fda7be":182,"ce20ca3c":182,"1d2d958b":182,"81fb6a01":182,"7f5b27c8":182,"fb3444d9":182,"f05de640":182,"86a68967":182,"56cd4dca":182,"7f469f4c":182,"f92dedfc":182,"355d1489":182,"f96fc1af":182,"06713bac":182,"61aca924":182,"d97fb857":182,"59ff5ec6":182,"ef04e64e":182,"6e2d04de":182,"2fca1798":182,"05028839":182,"5488826c":182,"84fff5c1":182,"c649992d":182,"d5ad3ed6":182,"8e5f7187":182,"55ba7579":182,"b7769ca6":182,"9c27de51":182,"38a75b48":182,"1792bfa3":182,"426f1904":182,"7c0f1ca9":182,"b2f820ac":182,"25d4f65d":182,"eddb6a2a":182,"ff8a00aa":182,"c146560b":182,"985068e7":182,"d543ba6f":182
1601327271479,"3b3569f6":182,"b01ab62a":182,"76da16fa":182,"bffee581":182,"07150038":182,"080fa362":182,"7b6945ad":182,"a40d08e1":182,"cec79bc2":182,"d2eff358":182,"e70aebb5":182,"a488b2f1":182,"4caa87d6":182,"f7076e21":182,"69e653b6":182,"98d2991b":182,"3b411d6a":182,"83826ef3":182,"595609d5":182,"b47f1b89":182,"8e6caf71":182,"9a3433b8":182,"b89112cb":182,"66736d5e":182,"30de89a7":182,"06aaa33f":182,"320c65bf":182,"1fa1e7c2":182,"f1e86522":182,"646af2b9":182,"659389ad":182,"fa03f48f":182,"5298dafa":182,"240c8679":182,"25f7f918":182,"0718c3be":182,"8b503f7b":182,"c5311ebb":182,"105bb3f6":182,"87a8523c":182,"c416baa6":182,"58de5462":182,"ae350a07":182,"f01c896d":182,"1f2670d0":182,"680a32a6":182,"83ba647d":182,"962c9c8f":182,"aec0bf28":182,"cb0bd6b7":182,"a017a323":182,"8e426e39":182,"8801c469":182,"51909df8":182,"e22b0973":182,"b6281f1a":182,"23646ff9":182,"48c6df81":182,"5e165f43":182,"3abb827b":182,"f8785b71":182,"0c73c293":182,"ab4a411a":182,"88929b06":182,"08c4692e":182,"d7a4b24c":182,"686d5c0b":182,"5b2479ef":182,"1d882c36":182,"f15eb1c5":182,"eb62e8f2":182,"71789493":182,"5ac72353":182,"d1b14d06":182,"f6c074a7":182,"ffd6849d":182,"962fca02":182,"75968179":182,"bc8bdc23":182,"808bc372":182,"a71f3f70":182,"c792a7c1":182,"1f7aa83c":182,"732d62ee":182,"5a7da061":182,"d4b0751c":182,"06a94514":182,"73c420df":182,"5b01444b":182,"0700da70":182,"79995b62":182,"97160db8":182,"ff591765":182,"589f0d6e":182,"93f12198":182,"51b4016a":182,"62e270e5":182,"66b1b6d7":182,"46bf9112":182,"092ad3d6":182,"b062adc4":182,"4aae5133":182,"bf940089":182,"01f34f98":182,"63a3af32":182,"1670b0d3":182,"3fec4b0b":182,"faa3de3e":182,"ec97d63e":182,"44983d13":182,"94208a41":182,"80999122":182,"2cbcad17":182,"72af9198":182,"4dccb5ca":182,"e39e9552":182,"83268abf":182,"578c4c95":182,"81c1b70d":182,"e72f0f82":182,"c606b472":182,"88374b72":182,"fdfaf1ed":182,"ea981bed":182,"5e197575":182,"e587c4d0":182,"525b2635":182,"caa38a45":182,"a9987a58":182,"b6b8e5c7":182,"e82177d3":182,"89914b94":182,"04bdf5e1":182,"da8b42be":182,"3b0576bf":182,"9458934f":182,"1dcc489c":182,"945badf3":182,"1327775b":182,"bdd40125":182,"75fd47f7":182,"1c52a07e":182,"e70ccc25":182,"afd1494f":182,"ca6bffd3":182,"829c44a4":182,"e76e2617":182,"2b4fd52e":182,"57162572":182,"d1d50cfe":182,"9666b973":182,"653b27c7":182,"83b37fd6":182,"4d852788":182,"e43a9448":182,"3542b748":182,"379c53ab":182,"e396d80d":182,"7da61f27":182,"dc874a97":182,"85a220de":182,"40a7cdd2":182,"ac033c7b":182,"87759976":182,"4df3f62e":182,"c881a53e":182,"80c1c8b1":182,"cf52acd8":182,"a63cb4ce":182,"d3b3492b":182,"7580cfa4":182,"22a96386":182,"5c672b50":182,"5df16440":182,"b666e56d":182,"8db378ff":182,"784d6375":182,"4541bf85":182,"a6b13f20":182,"2459c882":182,"3df97186":182,"ef0490de":182,"e0f47ced":182,"309bbf54":182,"cc537772":182,"6618390c":182,"99cc0813":182,"dc32c4e1":182,"239c636e":182,"6ee160ff":182,"c55d40ca":182,"22c177a8":182,"00ae883f":182,"f416ee62":182,"0d2b182d":182,"320754c3":182,"232b2f64":182,"3171b6e7":182,"3b25460f":182,"d2064756":182,"272e7d0d":182,"f92596ee":182,"68831ea9":182,"9713d076":182,"fd098272":182,"6ee788a7":182,"8249641d":182,"45b0968f":182,"6a9bb182":182,"1f1afd4f":182,"25fb8826":182,"0dc5da58":182,"2874a625":182,"e61ae828":182,"f7ac3883":182,"ccd01528":182,"dab8cf68":182,"00f2a9cb":182,"916fe082":182,"b64dba8e":182,"c3bb30ce":182,"86219c70":182,"601990d8":182,"5c662c19":182,"d2a5d2fd":182,"89d220c2":182,"3e10c9cb":182,"5500a3e8":182,"3c0e87ac":182,"a891461f":182,"a246cdab":182,"117c7f0b":182,"0d21cf99":182,"14e6fe14":182,"37ec5e73":182,"bfff7913":182,"f8636899":182,"37724339":182,"d45d9727":182,"ee5ff2a3":182,"44322dfd":182,"295e4d1d":182,"8cf6570a":182,"403064a0":182,"312af46e":182,"b5a9f8c3":182,"fcbc0ae8":182,"2ff6b6a8":182,"66a71cc1":182,"bf4b58e4":182,"f7ffcbb8":182,"5728f934":182,"00b26865":182,"c333337d":182,"815c56bc":182,"5bd61a68":182,"8582c5cf":182,"0c353665":182,"231e8700":182,"1f9fbd85":182,"43f24679":182,"a1c0dfc4":182,"78f71162":182,"4b27a9a4":182,"163f4d19":182,"1d043d5a":182,"b2f82e06":182,"5b0b43e6":182,"b5474d69":182,"5a938eeb":182,"4fe0dedf":182,"951fc6d0":182,"61892a4c":182,"f096219e":182,"a3f0a6ec":182,"01051f84":182,"aa7e370d":182,"f995eeab":182,"4006e709":182,"0dedf63e":182,"a9d5374b":182,"4321f02d":182,"089b3f8f":182,"7698d0dc":182,"784414ce":182,"2df3efdb":182,"d0f1b7bd":182,"e7799883":182,"4f9456cf":182,"6e260ee8":182,"f4f84279":182,"b0950de5":182,"6f873999":182,"1f4e0e22":182,"60d69311":182,"3b09f1de":182,"b371f44a":182,"8b6180ff":182,"8819ac24":182,"dbbf7f69":182,"dfe4a061":182,"c2bf7d51":182,"781afef6":182,"de9229a0":182,"99a5feef":182,"f6266388":182,"e64fd39c":182,"e1b3ce36":182,"625fa164":182,"0c6ae551":182,"a8edfe84":182,"2ed19b1e":182,"959e16ea":182,"02f76c64":182,"5c6d1f33":182,"b4801cae":182,"c3c2fd05":182,"f8c97147":182,"c2526ff3":182,"cc386067":182,"a22ffd8f":182,"3cd28a4d":182,"44a12c31":182,"45a961ca":182,"e8f4c1dd":182,"cede8b8c":182,"ad95ff4a":182,"893a99c5":182,"d8bf32b5":182,"0eb42efe":182,"03c4ab87":182,"4e3d3af7":182,"3a4803a8":182,"f7a7de5d":182,"d4e56c3e":182,"0c045c2d":182,"8efd4801":182,"7eb8f268":182,"20236d3e":182,"36ae8cd8":182,"3ddd5391":182,"07f69c6d":182,"2254f0f5":182,"ea282e84":182,"6653c83b":182,"c896052c":182,"287ecd1c":182,"f9376d3e":182,"07a94e8c":182,"bb017b49":182,"37b52fe4":182,"61ad1519":182,"819c4185":182,"ba69b06b":182,"7d2a2cb4":182,"4f62491c":182,"70b4c438":182,"71ed93db":182,"c92efaa8":182,"c241ac7e":182,"62a45672":182,"5ca978fd":182,"668e601b":182,"7552d86c":182,"02ebf3b6":182,"bb17a968":182,"4abcb85d":182,"cba26072":182,"2a718dcc":182,"c6a9a8e1":182,"88854fd0":182,"8dc27d2a":182,"41d7f05d":182,"2b851827":182,"9f428a03":182,"4d504d96":182,"0533ece1":182,"bcee2ef3":182,"0afba00c":182,"04ff8100":182,"6c00d8d6":182,"ac9a02bc":182,"acfe69ed":182,"426603ff":182,"2db2f252":182,"2e84193b":182,"c55683c9":182,"51233daf":182,"02791635":182,"be081247":182,"5cc47d1b":182,"678b846f":182,"b4bd39d8":182,"b4cdbe5d":182,"fa0386f3":182,"b95d0f17":182,"210e507a":182,"ac6e268b":182,"742238e8":182,"cee9c347":182
1601327272434,"7800e7ce":183,"77869ff0":183,"d5d94481":183,"ffe48500":183,"c7a45a33":183,"faffe099":183,"e99490cd":183,"3b830769":183,"583f0305":183,"1557c50a":183,"249e80ab":183,"f52a3d94":183,"4b8f7b16":183,"89f75690":183,"cb363e2f":183,"cd802f02":183,"d3cca7eb":183,"e866a899":183,"5690e712":183,"0b92d2a9":183,"070bed95":183,"67e5d108":183,"3d37b94b":183,"842c97c2":183,"c4cef92b":183,"0eecdc5b":183,"b7e495ea":183,"45ec63c0":183,"0ddfde2c":183,"a8b41774":183,"81f0da2d":183,"1fcc8ba4":183,"75a9c117":183,"12ba54ec":183,"be391c1a":183,"37d8a5b7":183,"d5ab81c4":183,"2ecde685":183,"f0bd52d3":183,"dcc20f76":183,"666a8ef0":183,"c5b609f1":183,"4dc5849a":183,"d605c755":183,"8a8c1d67":183,"cc6b3306":183,"8c2dfd9a":183,"f11267b9":183,"a483b15e":183,"f80ab49d":183,"95eaed39":183,"a5ba0ebb":183,"eb74d3dd":183,"3bcbc28d":183,"3c0455e7":183,"df203c79":183,"df1e1ac0":183,"491708eb":183,"e421caaa":183,"2d2ecf27":183,"d38a4953":183,"eba5efdd":183,"a5463f93":183,"c85ac4f8":183,"bc253f4f":183,"0d9d2bf8":183,"846b7f11":183,"d3411467":183,"1df0ce7f":183,"a08171d0":183,"c8bc5677":183,"dfca0518":183,"b9a21017":183,"e47705d3":183,"3cae4115":183,"0ccf4731":183,"c7c6782d":183,"54346574":183,"b12cbf87":183,"81942d9b":183,"699b90c1":183,"d9b5a7a8":183,"1e7914d2":183,"e5d8fdb2":183
1601327272710,"3412ab75":183,"bcac5daf":183,"f53362a9":183,"1901ef7e":183,"960c2e6b":183,"3515e999":183,"d11f8f1b":183,"9d9eb027":183,"325f9a29":183,"503aafe5":183,"62d028cc":183,"0af2cf39":183,"27491297":183,"d041ea86":183,"1eda11b2":183,"fc442678":183,"080d5d42":183,"5d03f5dc":183,"f0a01341":183,"1ee4d9f9":183,"0d6e45e7":183,"0da97151":183,"e829038c":183,"4987cfb5":183,"ba90687c":183,"77f2cf92":183,"037e2be4":183,"9e7dbd20":183,"0c086273":183,"ac13c3b0":183,"b4d9c57f":183,"5d53c964":183,"8ee9cc91":183,"4cc0af91":183,"55f6a2ba":183,"9559ea96":183,"9cb044bf":183,"16b25add":183,"80ee333e":183,"3b329af2":183,"1cd662bf":183,"72992b35":183,"47589344":183,"593b1533":183,"e9f6e5ce":183,"ed6bead5":183,"96f594b9":183,"94dfcfc5":183,"8301986e":183,"830ecfec":183,"a8bae791":183,"312009ee":183,"c98759fd":183,"e8b6d676":183,"45ee5840":183,"76f04033":183,"43480b19":183,"fd955858":183,"69798d15":183,"efea71fa":183,"fb3aa867":183,"c9cf710b":183,"fcacdeb3":183,"0ea055ed":183,"e3b1bdf8":183,"644b45fb":183,"18c73816":183,"e491161e":183,"b5087677":183,"16f60bed":183,"cb0c3481":183,"7664512c":183,"df9a53b8":183,"f6c27b2b":183,"945f6c24":183,"f1daea7e":183,"b8fb90e3":183,"56227e35":183,"0d6bf22a":183,"b87321d0":183,"43205b5d":183,"8982905a":183,"f6fe1ad7":183,"230064fa":183,"764e0abb":183,"bba6d88e":183,"ea3479ec":183,"32266fa3":183,"50b090c3":183,"8be24763":183,"eb4800b2":183,"6e0ce9dc":183,"87d9bec4":183,"e30dfa0c":183,"6da34174":183,"bfb849fa":183,"0a10b423":183,"9ef7cee7":183,"49f1a0d1":183,"5f04aa76":183,"ba297382":183,"0287db2a":183,"96abe4a9":183,"753b10b1":183,"cf14bd99":183,"782022f4":183,"322e833f":183,"ab3619e4":183,"106006ad":183,"c8237be9":183,"1416e8f5":183,"dde2eed5":183,"a208caa8":183,"16605353":183,"77b39e15":183,"f1726edb":183,"590ce3d3":183,"1802d7ce":183,"0a49914b":183,"5d3f5cad":183,"cf347cba":183,"fc0c23f7":183,"641f9b9e":183,"c92edec5":183
1601327273582,"92b72493":183,"d3e58903":183,"4481c4be":183,"7954891b":183,"4afd60a9":183,"d44c0ea3":183,"68f87858":183,"533bac6b":183,"41634dba":183,"43fd1327":183,"113e7f4b":183,"8cce569a":183,"ce6401b6":183,"6f57824c":183,"28bd7aa1":183,"1d52fb0d":183,"cde0d748":183,"535ed444":183,"710f0d0e":183,"0905f1fb":183,"a20e529c":183,"1ae76fcc":183,"35b161d3":183,"344cd1a3":183,"77ea1236":183,"96d2a118":183,"23a0e41f":183,"b32a1080":183,"a2c4b591":183,"6dfa57be":183,"1854ce44":183,"f92b22f1":183,"ece12664":183,"36f4ecde":183,"568a0d58":183,"5fd569d2":183,"10c8fd03":183,"bd4ccb49":183,"e773d697":183,"7e8c11e7":183,"077eb15a":183,"5337c279":183,"8d256cb6":183,"7021c619":183,"32ae00db":183,"bf2defb2":183,"bc733a28":183,"30d32d34":183,"886c16d3":183,"e8d09b62":183,"9f03c1e7":183,"06c24a8d":183,"2f35e75f":183,"3eddf7c8":183,"77970f8b":183,"efd594d5":183,"4718294d":183,"5352cf45":183,"e0ffe8ff":183,"ae14d6b5":183,"721f5f42":183,"0b50bca6":183,"bf2ca266":183,"5d8d9641":183,"0de67c6c":183,"2311399f":183,"5e3ebf5e":183,"9f6ca218":183,"6213799d":183,"44cb1fd2":183,"baf19c25":183,"24a79a6e":183,"edde30af":183,"4d949e11":183,"df12f689":183,"1da10cbf":183,"832c48e4":183,"dc90a44c":183,"1ad7c45b":183,"5566c17c":183,"86a22252":183,"0000dece":183,"ce5efdbe":183,"58ace2b5":183,"d379fd96":183,"7b819458":183,"7f8024cd":183,"ae562513":183,"7b66dacd":183,"9ab137d7":183,"7191d1cd":183,"005354dd":183,"5b09e53e":183,"da5bb0f7":183,"6d925c84":183,"50b23ab2":183,"edfa56d4":183,"899c16eb":183,"41c76041":183,"6bb1fa99":183,"d73ff72e":183,"61c0ca91":183,"d2fda7be":183,"ce20ca3c":183,"1d2d958b":183,"81fb6a01":183,"7f5b27c8":183,"fb3444d9":183,"f05de640":183,"86a68967":183,"56cd4dca":183,"7f469f4c":183,"f92dedfc":183,"355d1489":183,"f96fc1af":183,"06713bac":183,"61aca924":183,"d97fb857":183,"59ff5ec6":183,"ef04e64e":183,"6e2d04de":183,"2fca1798":183,"05028839":183,"5488826c":183,"84fff5c1":183,"c649992d":183,"d5ad3ed6":183,"8e5f7187":183,"55ba7579":183,"b7769ca6":183,"9c27de51":183,"38a75b48":183,"1792bfa3":183,"426f1904":183,"7c0f1ca9":183,"b2f820ac":183,"25d4f65d":183,"eddb6a2a":183,"ff8a00aa":183,"c146560b":183,"985068e7":183,"d543ba6f":183,"3b3569f6":183,"b01ab62a":183,"76da16fa":183,"bffee581":183,"07150038":183,"080fa362":183,"7b6945ad":183,"a40d08e1":183,"cec79bc2":183,"d2eff358":183,"e70aebb5":183,"a488b2f1":183,"4caa87d6":183,"f7076e21":183,"69e653b6":183,"98d2991b":183,"3b411d6a":183,"83826ef3":183,"595609d5":183,"b47f1b89":183,"8e6caf71":183,"9a3433b8":183,"272e7d0d":183,"f92596ee":183,"68831ea9":183,"9713d076":183,"fd098272":183,"6ee788a7":183,"8249641d":183,"45b0968f":183,"6a9bb182":183,"1f1afd4f":183,"25fb8826":183,"0dc5da58":183,"2874a625":183,"e61ae828":183,"f7ac3883":183,"ccd01528":183,"dab8cf68":183,"b89112cb":183,"66736d5e":183,"30de89a7":183,"06aaa33f":183,"320c65bf":183,"1fa1e7c2":183,"646af2b9":183,"659389ad":183,"240c8679":183,"0718c3be":183,"8b503f7b":183,"87a8523c":183,"f1e86522":183,"c416baa6":183,"fa03f48f":183,"5298dafa":183,"ae350a07":183,"680a32a6":183,"25f7f918":183,"83ba647d":183,"c5311ebb":183,"cb0bd6b7":183,"105bb3f6":183,"58de5462":183,"8e426e39":183,"51909df8":183,"f01c896d":183,"1f2670d0":183,"e22b0973":183,"23646ff9":183,"962c9c8f":183,"3abb827b":183,"aec0bf28":183,"a017a323":183,"0c73c293":183,"88929b06":183,"8801c469":183,"b6281f1a":183,"08c4692e":183,"48c6df81":183,"5b2479ef":183,"5e165f43":183,"1d882c36":183,"eb62e8f2":183,"f8785b71":183,"ab4a411a":183,"d7a4b24c":183,"686d5c0b":183,"00f2a9cb":183,"916fe082":183,"b64dba8e":183,"c3bb30ce":183,"86219c70":183,"601990d8":183,"5c662c19":183,"d2a5d2fd":183,"89d220c2":183,"3e10c9cb":183,"5500a3e8":183,"3c0e87ac":183,"a891461f":183,"a246cdab":183,"117c7f0b":183,"0d21cf99":183,"14e6fe14":183,"37ec5e73":183,"bfff7913":183,"f8636899":183,"37724339":183,"d45d9727":183,"ee5ff2a3":183,"44322dfd":183,"295e4d1d":183,"8cf6570a":183,"403064a0":183,"312af46e":183,"b5a9f8c3":183,"fcbc0ae8":183,"2ff6b6a8":183,"66a71cc1":183,"bf4b58e4":183,"f15eb1c5":183,"71789493":183,"5ac72353":183,"d1b14d06":183,"f6c074a7":183,"ffd6849d":183,"962fca02":183,"75968179":183,"808bc372":183,"bc8bdc23":183,"c792a7c1":183,"a71f3f70":183,"5a7da061":183,"1f7aa83c":183,"06a94514":183,"732d62ee":183,"73c420df":183,"d4b0751c":183,"0700da70":183,"5b01444b":183,"ff591765":183,"79995b62":183,"93f12198":183,"97160db8":183,"62e270e5":183,"589f0d6e":183,"66b1b6d7":183,"51b4016a":183,"b062adc4":183,"4aae5133":183,"46bf9112":183,"63a3af32":183,"092ad3d6":183,"bf940089":183,"3fec4b0b":183,"01f34f98":183,"faa3de3e":183,"44983d13":183,"1670b0d3":183,"ec97d63e":183,"80999122":183,"94208a41":183,"72af9198":183,"e39e9552":183,"2cbcad17":183,"4dccb5ca":183,"81c1b70d":183,"83268abf":183,"e72f0f82":183,"578c4c95":183,"88374b72":183,"c606b472":183,"fdfaf1ed":183,"ea981bed":183,"5e197575":183,"e587c4d0":183,"525b2635":183,"caa38a45":183,"9666b973":183,"653b27c7":183,"83b37fd6":183,"4d852788":183,"e43a9448":183,"3542b748":183,"379c53ab":183,"e396d80d":183,"7da61f27":183,"dc874a97":183,"85a220de":183,"40a7cdd2":183,"ac033c7b":183,"87759976":183,"4df3f62e":183,"c881a53e":183,"80c1c8b1":183,"cf52acd8":183,"a63cb4ce":183,"d3b3492b":183,"7580cfa4":183,"22a96386":183,"5c672b50":183,"5df16440":183,"b666e56d":183,"8db378ff":183,"784d6375":183,"a9987a58":183,"b6b8e5c7":183,"e82177d3":183,"89914b94":183,"04bdf5e1":183,"da8b42be":183,"3b0576bf":183,"9458934f":183,"1dcc489c":183,"945badf3":183,"1327775b":183,"bdd40125":183,"75fd47f7":183,"1c52a07e":183,"e70ccc25":183,"afd1494f":183,"ca6bffd3":183,"829c44a4":183,"e76e2617":183,"2b4fd52e":183,"57162572":183,"d1d50cfe":183
1601327274016,"4541bf85":183,"a6b13f20":183,"2459c882":183,"3df97186":183,"ef0490de":183,"e0f47ced":183,"309bbf54":183,"cc537772":183,"6618390c":183,"99cc0813":183,"dc32c4e1":183,"239c636e":183,"6ee160ff":183,"c55d40ca":183,"22c177a8":183,"00ae883f":183,"f416ee62":183,"0d2b182d":183,"320754c3":183,"232b2f64":183,"3171b6e7":183,"3b25460f":183,"d2064756":183,"f7ffcbb8":183,"5728f934":183,"00b26865":183,"c333337d":183,"815c56bc":183,"5bd61a68":183,"8582c5cf":183,"0c353665":183,"231e8700":183,"1f9fbd85":183,"43f24679":183,"a1c0dfc4":183,"78f71162":183,"4b27a9a4":183,"163f4d19":183,"1d043d5a":183,"b2f82e06":183,"5b0b43e6":183,"b5474d69":183,"5a938eeb":183,"4fe0dedf":183,"951fc6d0":183,"61892a4c":183,"f096219e":183,"a3f0a6ec":183,"01051f84":183,"aa7e370d":183,"f995eeab":183,"4006e709":183,"0dedf63e":183,"a9d5374b":183,"4321f02d":183,"089b3f8f":183,"7698d0dc":183,"784414ce":183,"2df3efdb":183,"d0f1b7bd":183,"e7799883":183,"4f9456cf":183,"6e260ee8":183,"f4f84279":183,"b0950de5":183,"6f873999":183,"1f4e0e22":183,"a8edfe84":183,"2ed19b1e":183,"959e16ea":183,"02f76c64":183,"5c6d1f33":183,"b4801cae":183,"c3c2fd05":183,"f8c97147":183,"c2526ff3":183,"cc386067":183,"a22ffd8f":183,"3cd28a4d":183,"44a12c31":183,"45a961ca":183,"5ca978fd":183,"668e601b":183,"7552d86c":183,"02ebf3b6":183,"bb17a968":183,"4abcb85d":183,"cba26072":183,"2a718dcc":183,"c6a9a8e1":183,"88854fd0":183,"8dc27d2a":183,"41d7f05d":183,"2b851827":183,"9f428a03":183,"4d504d96":183,"0533ece1":183,"bcee2ef3":183,"0afba00c":183,"04ff8100":183,"6c00d8d6":183,"ac9a02bc":183,"acfe69ed":183,"60d69311":183,"3b09f1de":183,"b371f44a":183,"8b6180ff":183,"8819ac24":183,"dbbf7f69":183,"dfe4a061":183,"c2bf7d51":183,"781afef6":183,"de9229a0":183,"99a5feef":183,"f6266388":183,"e64fd39c":183,"e1b3ce36":183,"625fa164":183,"0c6ae551":183,"e8f4c1dd":183,"cede8b8c":183,"ad95ff4a":183,"893a99c5":183,"d8bf32b5":183,"0eb42efe":183,"03c4ab87":183,"4e3d3af7":183,"3a4803a8":183,"f7a7de5d":183,"d4e56c3e":183,"0c045c2d":183,"8efd4801":183,"7eb8f268":183,"426603ff":183,"2db2f252":183,"2e84193b":183,"c55683c9":183,"51233daf":183,"02791635":183,"be081247":183,"5cc47d1b":183,"678b846f":183,"b4bd39d8":183,"b4cdbe5d":183,"fa0386f3":183,"b95d0f17":183,"cee9c347":183,"20236d3e":183,"36ae8cd8":183,"3ddd5391":183,"07f69c6d":183,"2254f0f5":183,"ea282e84":183,"6653c83b":183,"c896052c":183,"287ecd1c":183,"f9376d3e":183,"07a94e8c":183,"bb017b49":183,"37b52fe4":183,"61ad1519":183,"819c4185":183,"ba69b06b":183,"7d2a2cb4":183,"4f62491c":183,"70b4c438":183,"71ed93db":183,"c92efaa8":183,"c241ac7e":183,"62a45672":183,"210e507a":183,"ac6e268b":183,"742238e8":183
1601327274245,"7800e7ce":184,"77869ff0":184,"4b8f7b16":184,"89f75690":184,"cb363e2f":184,"cd802f02":184,"d3cca7eb":184,"e866a899":184,"5690e712":184,"0b92d2a9":184,"070bed95":184,"67e5d108":184,"3d37b94b":184,"842c97c2":184,"c4cef92b":184,"0eecdc5b":184,"b7e495ea":184,"45ec63c0":184,"0ddfde2c":184,"a8b41774":184,"81f0da2d":184,"1fcc8ba4":184,"75a9c117":184,"12ba54ec":184,"be391c1a":184,"37d8a5b7":184,"d5ab81c4":184,"2ecde685":184,"f0bd52d3":184,"dcc20f76":184,"666a8ef0":184,"c5b609f1":184,"4dc5849a":184,"d605c755":184,"8a8c1d67":184,"cc6b3306":184,"8c2dfd9a":184,"f11267b9":184,"a483b15e":184,"f80ab49d":184,"95eaed39":184,"a5ba0ebb":184,"f53362a9":184,"1901ef7e":184,"960c2e6b":184,"3515e999":184,"d11f8f1b":184,"9d9eb027":184,"325f9a29":184,"503aafe5":184,"d5d94481":184,"ffe48500":184,"c7a45a33":184,"faffe099":184,"e99490cd":184,"3b830769":184,"583f0305":184,"1557c50a":184,"249e80ab":184,"f52a3d94":184,"eb74d3dd":184,"3bcbc28d":184,"3c0455e7":184,"df203c79":184,"fc442678":184,"df1e1ac0":184,"491708eb":184,"e421caaa":184,"2d2ecf27":184,"d38a4953":184,"eba5efdd":184,"a5463f93":184,"c85ac4f8":184,"bc253f4f":184,"0d9d2bf8":184,"846b7f11":184,"d3411467":184,"1df0ce7f":184,"a08171d0":184,"c8bc5677":184,"dfca0518":184,"b9a21017":184,"e47705d3":184,"3cae4115":184,"0ccf4731":184,"c7c6782d":184,"54346574":184,"b12cbf87":184,"81942d9b":184,"699b90c1":184,"d9b5a7a8":184,"1e7914d2":184,"e5d8fdb2":184,"3412ab75":184,"bcac5daf":184,"62d028cc":184,"0af2cf39":184,"27491297":184,"d041ea86":184,"1eda11b2":184,"18c73816":184,"e491161e":184,"b5087677":184,"080d5d42":184,"5d03f5dc":184,"f0a01341":184,"1ee4d9f9":184,"0d6e45e7":184,"0da97151":184,"e829038c":184,"4987cfb5":184,"ba90687c":184,"77f2cf92":184,"037e2be4":184,"9e7dbd20":184,"0c086273":184,"ac13c3b0":184,"b4d9c57f":184,"5d53c964":184,"8ee9cc91":184,"4cc0af91":184,"55f6a2ba":184,"9559ea96":184,"9cb044bf":184,"16b25add":184,"80ee333e":184,"3b329af2":184,"1cd662bf":184,"72992b35":184,"47589344":184,"593b1533":184,"e9f6e5ce":184,"ed6bead5":184,"96f594b9":184,"94dfcfc5":184,"8301986e":184,"830ecfec":184,"a8bae791":184,"312009ee":184,"16f60bed":184,"cb0c3481":184,"7664512c":184,"df9a53b8":184,"f6c27b2b":184,"945f6c24":184,"f1daea7e":184,"b8fb90e3":184,"56227e35":184,"0d6bf22a":184,"b87321d0":184,"43205b5d":184,"8982905a":184,"f6fe1ad7":184,"230064fa":184,"764e0abb":184,"bba6d88e":184,"ea3479ec":184,"32266fa3":184,"50b090c3":184,"8be24763":184,"eb4800b2":184,"6e0ce9dc":184,"87d9bec4":184,"e30dfa0c":184,"6da34174":184,"bfb849fa":184,"0a10b423":184,"9ef7cee7":184,"49f1a0d1":184,"5f04aa76":184,"ba297382":184,"0287db2a":184,"96abe4a9":184,"753b10b1":184,"cf14bd99":184,"c98759fd":184,"e8b6d676":184,"45ee5840":184,"76f04033":184,"43480b19":184,"fd955858":184,"69798d15":184,"efea71fa":184,"fb3aa867":184,"c9cf710b":184,"fcacdeb3":184,"0ea055ed":184,"e3b1bdf8":184,"644b45fb":184,"782022f4":184,"322e833f":184,"ab3619e4":184,"106006ad":184,"c8237be9":184,"1416e8f5":184,"dde2eed5":184,"a208caa8":184,"16605353":184,"77b39e15":184,"f1726edb":184
1601327274800,"92b72493":184,"d3e58903":184,"4481c4be":184,"7954891b":184,"4afd60a9":184,"d44c0ea3":184,"68f87858":184,"533bac6b":184,"41634dba":184,"43fd1327":184,"590ce3d3":184,"1802d7ce":184,"0a49914b":184,"5d3f5cad":184,"cf347cba":184,"fc0c23f7":184,"641f9b9e":184,"c92edec5":184,"9f03c1e7":184,"06c24a8d":184,"2f35e75f":184,"3eddf7c8":184,"77970f8b":184,"efd594d5":184,"4718294d":184,"5352cf45":184,"e0ffe8ff":184,"ae14d6b5":184,"721f5f42":184,"0b50bca6":184,"bf2ca266":184,"5d8d9641":184,"0de67c6c":184,"2311399f":184,"5e3ebf5e":184,"5b09e53e":184,"da5bb0f7":184,"6d925c84":184,"50b23ab2":184,"edfa56d4":184,"899c16eb":184,"41c76041":184,"6bb1fa99":184,"d73ff72e":184,"61c0ca91":184,"d2fda7be":184,"ce20ca3c":184,"1d2d958b":184,"81fb6a01":184,"7f5b27c8":184,"fb3444d9":184,"f05de640":184,"86a68967":184,"56cd4dca":184,"7f469f4c":184,"f92dedfc":184,"355d1489":184,"f96fc1af":184,"06713bac":184,"113e7f4b":184,"8cce569a":184,"ce6401b6":184,"6f57824c":184,"28bd7aa1":184,"1d52fb0d":184,"cde0d748":184,"535ed444":184,"710f0d0e":184,"0905f1fb":184,"a20e529c":184,"1ae76fcc":184,"35b161d3":184,"344cd1a3":184,"77ea1236":184,"96d2a118":184,"23a0e41f":184,"b32a1080":184,"a2c4b591":184,"6dfa57be":184,"1854ce44":184,"f92b22f1":184,"ece12664":184,"36f4ecde":184,"568a0d58":184,"5fd569d2":184,"10c8fd03":184,"bd4ccb49":184,"e773d697":184,"7e8c11e7":184,"077eb15a":184,"5337c279":184,"8d256cb6":184,"7021c619":184,"32ae00db":184,"bf2defb2":184,"bc733a28":184,"61aca924":184,"d97fb857":184,"59ff5ec6":184,"ef04e64e":184,"6e2d04de":184,"2fca1798":184,"05028839":184,"5488826c":184,"84fff5c1":184,"c649992d":184,"d5ad3ed6":184,"8e5f7187":184,"55ba7579":184,"b7769ca6":184,"9c27de51":184,"38a75b48":184,"1792bfa3":184,"426f1904":184,"7c0f1ca9":184,"b2f820ac":184,"25d4f65d":184,"eddb6a2a":184,"ff8a00aa":184,"c146560b":184,"985068e7":184,"d543ba6f":184,"30d32d34":184,"886c16d3":184,"e8d09b62":184,"9f6ca218":184,"6213799d":184,"44cb1fd2":184,"baf19c25":184,"24a79a6e":184,"edde30af":184,"4d949e11":184,"df12f689":184,"1da10cbf":184,"832c48e4":184,"dc90a44c":184,"1ad7c45b":184,"5566c17c":184,"86a22252":184,"0000dece":184,"ce5efdbe":184,"58ace2b5":184,"d379fd96":184,"7b819458":184,"7f8024cd":184,"ae562513":184,"7b66dacd":184,"9ab137d7":184,"7191d1cd":184,"005354dd":184,"3b3569f6":184,"b01ab62a":184,"76da16fa":184,"bffee581":184,"07150038":184,"080fa362":184,"7b6945ad":184,"a40d08e1":184,"cec79bc2":184,"d2eff358":184,"e70aebb5":184,"a488b2f1":184,"4caa87d6":184,"f7076e21":184,"69e653b6":184,"98d2991b":184,"3b411d6a":184,"83826ef3":184,"595609d5":184,"b47f1b89":184,"8e6caf71":184,"9a3433b8":184,"b89112cb":184,"66736d5e":184,"30de89a7":184,"06aaa33f":184,"320c65bf":184,"1fa1e7c2":184,"646af2b9":184,"659389ad":184,"240c8679":184,"0718c3be":184,"f1e86522":184,"fa03f48f":184,"8b503f7b":184,"5298dafa":184,"87a8523c":184,"c416baa6":184,"25f7f918":184,"ae350a07":184,"c5311ebb":184,"105bb3f6":184,"680a32a6":184,"58de5462":184,"83ba647d":184,"cb0bd6b7":184,"f01c896d":184,"1f2670d0":184,"8e426e39":184,"51909df8":184,"962c9c8f":184,"aec0bf28":184,"e22b0973":184,"23646ff9":184,"a017a323":184,"3abb827b":184,"8801c469":184,"b6281f1a":184,"0c73c293":184,"88929b06":184,"48c6df81":184,"5e165f43":184,"08c4692e":184,"5b2479ef":184,"f8785b71":184,"ab4a411a":184,"1d882c36":184,"d7a4b24c":184,"eb62e8f2":184,"686d5c0b":184,"f15eb1c5":184,"71789493":184,"5ac72353":184,"808bc372":184,"d1b14d06":184,"c792a7c1":184,"5a7da061":184,"f6c074a7":184,"06a94514":184,"ffd6849d":184,"962fca02":184,"73c420df":184,"0700da70":184,"75968179":184,"bc8bdc23":184,"ff591765":184,"a71f3f70":184,"93f12198":184,"1f7aa83c":184,"62e270e5":184,"732d62ee":184,"66b1b6d7":184,"d4b0751c":184,"b062adc4":184,"5b01444b":184,"4aae5133":184,"79995b62":184,"63a3af32":184,"97160db8":184,"3fec4b0b":184,"faa3de3e":184,"589f0d6e":184,"51b4016a":184,"44983d13":184,"80999122":184,"46bf9112":184,"092ad3d6":184,"72af9198":184,"e39e9552":184,"bf940089":184,"81c1b70d":184,"01f34f98":184,"e72f0f82":184,"1670b0d3":184,"ec97d63e":184,"88374b72":184,"fdfaf1ed":184,"94208a41":184,"2cbcad17":184,"ea981bed":184,"5e197575":184,"4dccb5ca":184,"e587c4d0":184,"83268abf":184,"525b2635":184,"578c4c95":184,"caa38a45":184,"c606b472":184,"a9987a58":184,"b6b8e5c7":184,"e82177d3":184,"89914b94":184,"04bdf5e1":184,"da8b42be":184,"3b0576bf":184,"9458934f":184,"1dcc489c":184,"945badf3":184,"1327775b":184,"bdd40125":184,"75fd47f7":184,"1c52a07e":184,"e70ccc25":184,"afd1494f":184,"ca6bffd3":184,"829c44a4":184,"e76e2617":184,"2b4fd52e":184,"57162572":184,"d1d50cfe":184,"9666b973":184,"653b27c7":184,"83b37fd6":184,"4d852788":184,"e43a9448":184,"3542b748":184,"379c53ab":184,"e396d80d":184,"7da61f27":184,"dc874a97":184,"85a220de":184,"40a7cdd2":184,"ac033c7b":184,"87759976":184,"4df3f62e":184,"c881a53e":184,"80c1c8b1":184,"cf52acd8":184,"a63cb4ce":184,"d3b3492b":184,"7580cfa4":184,"22a96386":184,"5c672b50":184,"5df16440":184,"b666e56d":184,"8db378ff":184,"784d6375":184,"4541bf85":184,"a6b13f20":184,"2459c882":184,"3df97186":184,"ef0490de":184,"e0f47ced":184,"309bbf54":184,"cc537772":184,"6618390c":184,"99cc0813":184,"dc32c4e1":184,"239c636e":184,"272e7d0d":184,"f92596ee":184,"68831ea9":184,"9713d076":184,"fd098272":184,"6ee788a7":184,"8249641d":184,"45b0968f":184,"6ee160ff":184,"c55d40ca":184,"22c177a8":184,"00ae883f":184,"f416ee62":184,"0d2b182d":184,"320754c3":184,"232b2f64":184,"3171b6e7":184,"3b25460f":184,"d2064756":184
1601327275328,"6a9bb182":184,"1f1afd4f":184,"25fb8826":184,"0dc5da58":184,"2874a625":184,"e61ae828":184,"f7ac3883":184,"ccd01528":184,"dab8cf68":184,"00f2a9cb":184,"916fe082":184,"b64dba8e":184,"c3bb30ce":184,"86219c70":184,"601990d8":184,"5c662c19":184,"d2a5d2fd":184,"89d220c2":184,"3e10c9cb":184,"5500a3e8":184,"3c0e87ac":184,"a891461f":184,"a246cdab":184,"117c7f0b":184,"0d21cf99":184,"14e6fe14":184,"37ec5e73":184,"bfff7913":184,"f8636899":184,"37724339":184,"d45d9727":184,"ee5ff2a3":184,"44322dfd":184,"295e4d1d":184,"8cf6570a":184,"403064a0":184,"312af46e":184,"b5a9f8c3":184,"fcbc0ae8":184,"2ff6b6a8":184,"66a71cc1":184,"bf4b58e4":184,"f7ffcbb8":184,"5728f934":184,"00b26865":184,"c333337d":184,"815c56bc":184,"5bd61a68":184,"8582c5cf":184,"0c353665":184,"231e8700":184,"1f9fbd85":184,"43f24679":184,"a1c0dfc4":184,"78f71162":184,"4b27a9a4":184,"163f4d19":184,"1d043d5a":184,"b2f82e06":184,"5b0b43e6":184,"b5474d69":184,"5a938eeb":184,"4fe0dedf":184,"951fc6d0":184,"61892a4c":184,"f096219e":184,"a3f0a6ec":184,"01051f84":184,"aa7e370d":184,"f995eeab":184,"4006e709":184,"0dedf63e":184,"a9d5374b":184,"4321f02d":184,"089b3f8f":184,"7698d0dc":184,"784414ce":184,"2df3efdb":184,"d0f1b7bd":184,"e7799883":184,"4f9456cf":184,"6e260ee8":184,"f4f84279":184,"b0950de5":184,"6f873999":184,"1f4e0e22":184,"60d69311":184,"3b09f1de":184,"b371f44a":184,"8b6180ff":184,"8819ac24":184,"dbbf7f69":184,"dfe4a061":184,"c2bf7d51":184,"781afef6":184,"de9229a0":184,"99a5feef":184,"a8edfe84":184,"2ed19b1e":184,"959e16ea":184,"02f76c64":184,"5c6d1f33":184,"b4801cae":184,"c3c2fd05":184,"f8c97147":184,"c2526ff3":184,"cc386067":184,"a22ffd8f":184,"3cd28a4d":184,"44a12c31":184,"45a961ca":184,"5ca978fd":184,"668e601b":184,"7552d86c":184,"f6266388":184,"e64fd39c":184,"e1b3ce36":184,"625fa164":184,"0c6ae551":184,"e8f4c1dd":184,"cede8b8c":184,"ad95ff4a":184,"893a99c5":184,"d8bf32b5":184,"0eb42efe":184,"03c4ab87":184,"4e3d3af7":184,"3a4803a8":184,"f7a7de5d":184,"d4e56c3e":184,"0c045c2d":184,"8efd4801":184,"7eb8f268":184,"20236d3e":184,"36ae8cd8":184,"3ddd5391":184,"07f69c6d":184,"2254f0f5":184,"ea282e84":184,"6653c83b":184,"c896052c":184,"287ecd1c":184,"f9376d3e":184,"07a94e8c":184,"bb017b49":184,"37b52fe4":184,"61ad1519":184,"02ebf3b6":184,"bb17a968":184,"4abcb85d":184,"cba26072":184,"2a718dcc":184,"c6a9a8e1":184,"88854fd0":184,"8dc27d2a":184,"41d7f05d":184,"2b851827":184,"9f428a03":184,"4d504d96":184,"0533ece1":184,"bcee2ef3":184,"0afba00c":184,"04ff8100":184,"6c00d8d6":184,"ac9a02bc":184,"acfe69ed":184,"426603ff":184,"2db2f252":184,"2e84193b":184,"c55683c9":184,"51233daf":184,"02791635":184,"be081247":184,"5cc47d1b":184,"678b846f":184,"b4bd39d8":184,"b4cdbe5d":184,"fa0386f3":184,"819c4185":184,"ba69b06b":184,"7d2a2cb4":184,"4f62491c":184,"70b4c438":184,"71ed93db":184,"c92efaa8":184,"c241ac7e":184,"62a45672":184,"210e507a":184,"ac6e268b":184,"742238e8":184,"b95d0f17":184,"cee9c347":184
1601327275707,"7800e7ce":185,"77869ff0":185,"4b8f7b16":185,"89f75690":185,"cb363e2f":185,"cd802f02":185,"d3cca7eb":185,"e866a899":185,"5690e712":185,"0b92d2a9":185,"070bed95":185,"67e5d108":185,"3d37b94b":185,"842c97c2":185,"c4cef92b":185,"0eecdc5b":185,"b7e495ea":185,"45ec63c0":185,"0ddfde2c":185,"a8b41774":185,"81f0da2d":185,"1fcc8ba4":185,"75a9c117":185,"12ba54ec":185
1601327275951,"d5d94481":185,"ffe48500":185,"c7a45a33":185,"faffe099":185,"e99490cd":185,"3b830769":185,"583f0305":185,"1557c50a":185,"249e80ab":185,"f52a3d94":185,"eb74d3dd":185,"3bcbc28d":185,"3c0455e7":185,"df203c79":185,"df1e1ac0":185,"491708eb":185,"e421caaa":185,"2d2ecf27":185,"d38a4953":185,"eba5efdd":185,"a5463f93":185,"c85ac4f8":185,"bc253f4f":185,"0d9d2bf8":185,"846b7f11":185,"d3411467":185,"1df0ce7f":185,"be391c1a":185,"37d8a5b7":185,"d5ab81c4":185,"2ecde685":185,"f0bd52d3":185,"dcc20f76":185,"666a8ef0":185,"c5b609f1":185,"4dc5849a":185,"d605c755":185,"8a8c1d67":185,"cc6b3306":185,"8c2dfd9a":185,"f11267b9":185,"a483b15e":185,"f80ab49d":185,"95eaed39":185,"a5ba0ebb":185,"f53362a9":185,"1901ef7e":185,"960c2e6b":185,"3515e999":185,"d11f8f1b":185,"9d9eb027":185,"325f9a29":185,"503aafe5":185,"a08171d0":185,"c8bc5677":185,"dfca0518":185,"b9a21017":185,"e47705d3":185,"3cae4115":185,"0ccf4731":185,"c7c6782d":185,"54346574":185,"b12cbf87":185,"81942d9b":185,"699b90c1":185,"d9b5a7a8":185,"1e7914d2":185,"e5d8fdb2":185,"3412ab75":185,"bcac5daf":185,"62d028cc":185,"0af2cf39":185,"27491297":185,"d041ea86":185,"1eda11b2":185,"fc442678":185,"080d5d42":185,"5d03f5dc":185,"f0a01341":185,"1ee4d9f9":185,"0d6e45e7":185,"0da97151":185,"e829038c":185,"4987cfb5":185,"ba90687c":185,"77f2cf92":185,"037e2be4":185,"9e7dbd20":185,"0c086273":185,"ac13c3b0":185,"b4d9c57f":185,"5d53c964":185,"8ee9cc91":185,"4cc0af91":185,"55f6a2ba":185,"9559ea96":185,"9cb044bf":185,"16b25add":185,"80ee333e":185,"3b329af2":185,"1cd662bf":185,"72992b35":185,"47589344":185,"593b1533":185,"e9f6e5ce":185,"ed6bead5":185,"96f594b9":185,"94dfcfc5":185,"8301986e":185,"830ecfec":185,"a8bae791":185,"312009ee":185,"c98759fd":185,"e8b6d676":185,"45ee5840":185,"76f04033":185,"43480b19":185,"fd955858":185,"69798d15":185,"efea71fa":185,"fb3aa867":185,"c9cf710b":185,"fcacdeb3":185,"0ea055ed":185,"e3b1bdf8":185,"644b45fb":185,"18c73816":185,"e491161e":185,"b5087677":185,"16f60bed":185,"cb0c3481":185,"7664512c":185,"df9a53b8":185,"f6c27b2b":185,"945f6c24":185,"f1daea7e":185,"b8fb90e3":185,"56227e35":185,"0d6bf22a":185,"b87321d0":185,"43205b5d":185,"8982905a":185,"f6fe1ad7":185,"230064fa":185,"764e0abb":185,"bba6d88e":185,"ea3479ec":185,"32266fa3":185,"50b090c3":185,"8be24763":185,"eb4800b2":185,"6e0ce9dc":185,"87d9bec4":185,"e30dfa0c":185,"6da34174":185,"bfb849fa":185,"0a10b423":185,"9ef7cee7":185,"49f1a0d1":185,"5f04aa76":185,"ba297382":185,"0287db2a":185,"96abe4a9":185,"753b10b1":185
1601327276503,"cf14bd99":185,"782022f4":185,"322e833f":185,"ab3619e4":185,"106006ad":185,"c8237be9":185,"1416e8f5":185,"dde2eed5":185,"a208caa8":185,"16605353":185,"77b39e15":185,"f1726edb":185,"590ce3d3":185,"1802d7ce":185,"0a49914b":185,"5d3f5cad":185,"cf347cba":185,"fc0c23f7":185,"641f9b9e":185,"92b72493":185,"d3e58903":185,"4481c4be":185,"7954891b":185,"4afd60a9":185,"d44c0ea3":185,"68f87858":185,"533bac6b":185,"41634dba":185,"5b09e53e":185,"da5bb0f7":185,"6d925c84":185,"50b23ab2":185,"edfa56d4":185,"899c16eb":185,"41c76041":185,"43fd1327":185,"113e7f4b":185,"8cce569a":185,"ce6401b6":185,"6f57824c":185,"28bd7aa1":185,"1d52fb0d":185,"cde0d748":185,"535ed444":185,"710f0d0e":185,"0905f1fb":185,"a20e529c":185,"1ae76fcc":185,"35b161d3":185,"344cd1a3":185,"77ea1236":185,"96d2a118":185,"23a0e41f":185,"b32a1080":185,"a2c4b591":185,"6dfa57be":185,"1854ce44":185,"f92b22f1":185,"ece12664":185,"36f4ecde":185,"568a0d58":185,"5fd569d2":185,"10c8fd03":185,"bd4ccb49":185,"e773d697":185,"7e8c11e7":185,"077eb15a":185,"5337c279":185,"8d256cb6":185,"7021c619":185,"32ae00db":185,"bf2defb2":185,"d379fd96":185,"7b819458":185,"7f8024cd":185,"ae562513":185,"7b66dacd":185,"9ab137d7":185,"7191d1cd":185,"005354dd":185,"bc733a28":185,"30d32d34":185,"886c16d3":185,"e8d09b62":185,"c92edec5":185,"9f03c1e7":185,"06c24a8d":185,"2f35e75f":185,"3eddf7c8":185,"77970f8b":185,"efd594d5":185,"4718294d":185,"5352cf45":185,"e0ffe8ff":185,"ae14d6b5":185,"721f5f42":185,"0b50bca6":185,"bf2ca266":185,"5d8d9641":185,"0de67c6c":185,"2311399f":185,"5e3ebf5e":185,"9f6ca218":185,"6213799d":185,"44cb1fd2":185,"baf19c25":185,"24a79a6e":185,"edde30af":185,"4d949e11":185,"df12f689":185,"1da10cbf":185,"832c48e4":185,"dc90a44c":185,"1ad7c45b":185,"5566c17c":185,"86a22252":185,"0000dece":185,"ce5efdbe":185,"58ace2b5":185,"6bb1fa99":185,"d73ff72e":185,"61c0ca91":185,"d2fda7be":185,"ce20ca3c":185,"1d2d958b":185,"81fb6a01":185,"7f5b27c8":185,"fb3444d9":185,"f05de640":185,"86a68967":185,"56cd4dca":185,"7f469f4c":185,"f92dedfc":185,"355d1489":185,"f96fc1af":185,"06713bac":185,"61aca924":185,"d97fb857":185,"59ff5ec6":185,"ef04e64e":185,"6e2d04de":185,"2fca1798":185,"05028839":185,"5488826c":185,"84fff5c1":185,"c649992d":185,"d5ad3ed6":185,"8e5f7187":185,"55ba7579":185,"b7769ca6":185,"9c27de51":185,"38a75b48":185,"1792bfa3":185,"426f1904":185,"7c0f1ca9":185,"3b3569f6":185,"b01ab62a":185,"76da16fa":185,"bffee581":185,"07150038":185,"080fa362":185,"7b6945ad":185,"a40d08e1":185,"cec79bc2":185,"d2eff358":185,"e70aebb5":185,"a488b2f1":185,"4caa87d6":185,"f7076e21":185,"69e653b6":185,"98d2991b":185,"3b411d6a":185,"83826ef3":185,"595609d5":185,"b47f1b89":185,"b2f820ac":185,"25d4f65d":185,"eddb6a2a":185,"ff8a00aa":185,"c146560b":185,"985068e7":185,"d543ba6f":185,"8e6caf71":185,"9a3433b8":185,"b89112cb":185,"66736d5e":185,"30de89a7":185,"06aaa33f":185,"320c65bf":185,"1fa1e7c2":185,"646af2b9":185,"659389ad":185,"240c8679":185,"0718c3be":185,"8b503f7b":185,"f1e86522":185,"fa03f48f":185,"87a8523c":185,"5298dafa":185,"c416baa6":185,"ae350a07":185,"25f7f918":185,"680a32a6":185,"c5311ebb":185,"83ba647d":185,"105bb3f6":185,"cb0bd6b7":185,"58de5462":185,"8e426e39":185,"f01c896d":185,"1f2670d0":185,"51909df8":185,"962c9c8f":185,"e22b0973":185,"aec0bf28":185,"23646ff9":185,"3abb827b":185,"a017a323":185,"8801c469":185,"0c73c293":185,"b6281f1a":185,"88929b06":185,"08c4692e":185,"48c6df81":185,"5b2479ef":185,"5e165f43":185,"1d882c36":185,"f8785b71":185,"ab4a411a":185,"eb62e8f2":185,"d7a4b24c":185,"686d5c0b":185,"f15eb1c5":185,"71789493":185,"5ac72353":185,"d1b14d06":185,"f6c074a7":185,"ffd6849d":185,"962fca02":185,"75968179":185,"808bc372":185,"c792a7c1":185,"bc8bdc23":185,"a71f3f70":185,"5a7da061":185,"1f7aa83c":185,"06a94514":185,"73c420df":185,"732d62ee":185,"d4b0751c":185,"0700da70":185,"5b01444b":185,"ff591765":185,"93f12198":185,"79995b62":185,"62e270e5":185,"97160db8":185,"589f0d6e":185,"66b1b6d7":185,"51b4016a":185,"b062adc4":185,"4aae5133":185,"46bf9112":185,"092ad3d6":185,"63a3af32":185,"bf940089":185,"3fec4b0b":185,"faa3de3e":185,"01f34f98":185,"1670b0d3":185,"44983d13":185,"ec97d63e":185,"80999122":185,"94208a41":185,"72af9198":185,"2cbcad17":185,"e39e9552":185,"4dccb5ca":185,"81c1b70d":185,"e72f0f82":185,"83268abf":185,"88374b72":185,"578c4c95":185,"c606b472":185,"fdfaf1ed":185,"ea981bed":185,"5e197575":185,"e587c4d0":185,"525b2635":185,"caa38a45":185,"a9987a58":185,"b6b8e5c7":185,"e82177d3":185,"89914b94":185,"04bdf5e1":185,"da8b42be":185,"3b0576bf":185,"9458934f":185,"1dcc489c":185,"945badf3":185,"1327775b":185,"bdd40125":185,"75fd47f7":185,"1c52a07e":185,"e70ccc25":185,"afd1494f":185,"ca6bffd3":185,"829c44a4":185,"e76e2617":185,"2b4fd52e":185,"57162572":185,"d1d50cfe":185,"9666b973":185,"653b27c7":185,"83b37fd6":185,"4d852788":185,"e43a9448":185,"3542b748":185,"379c53ab":185,"e396d80d":185,"7da61f27":185,"dc874a97":185,"85a220de":185,"40a7cdd2":185,"ac033c7b":185,"87759976":185,"4df3f62e":185,"c881a53e":185,"80c1c8b1":185,"cf52acd8":185,"a63cb4ce":185,"d3b3492b":185,"7580cfa4":185,"22a96386":185,"5c672b50":185,"5df16440":185,"b666e56d":185,"8db378ff":185,"784d6375":185,"4541bf85":185,"a6b13f20":185,"2459c882":185,"3df97186":185,"ef0490de":185,"e0f47ced":185,"272e7d0d":185,"f92596ee":185,"68831ea9":185,"9713d076":185,"fd098272":185,"6ee788a7":185,"8249641d":185,"45b0968f":185
1601327277100,"309bbf54":185,"cc537772":185,"6618390c":185,"99cc0813":185,"dc32c4e1":185,"239c636e":185,"6ee160ff":185,"c55d40ca":185,"22c177a8":185,"00ae883f":185,"f416ee62":185,"0d2b182d":185,"320754c3":185,"232b2f64":185,"3171b6e7":185,"3b25460f":185,"d2064756":185,"6a9bb182":185,"1f1afd4f":185,"25fb8826":185,"0dc5da58":185,"2874a625":185,"e61ae828":185,"f7ac3883":185,"ccd01528":185,"dab8cf68":185,"00f2a9cb":185,"916fe082":185,"b64dba8e":185,"c3bb30ce":185,"86219c70":185,"601990d8":185,"5c662c19":185,"d2a5d2fd":185,"89d220c2":185,"3e10c9cb":185,"5500a3e8":185,"3c0e87ac":185,"a891461f":185,"a246cdab":185,"117c7f0b":185,"0d21cf99":185,"14e6fe14":185,"37ec5e73":185,"bfff7913":185,"f8636899":185,"37724339":185,"d45d9727":185,"ee5ff2a3":185,"44322dfd":185,"295e4d1d":185,"8cf6570a":185,"403064a0":185,"312af46e":185,"b5a9f8c3":185,"fcbc0ae8":185,"2ff6b6a8":185,"66a71cc1":185,"bf4b58e4":185,"f7ffcbb8":185,"5728f934":185,"00b26865":185,"c333337d":185,"815c56bc":185,"5bd61a68":185,"8582c5cf":185,"0c353665":185,"231e8700":185,"1f9fbd85":185,"43f24679":185,"a1c0dfc4":185,"78f71162":185,"4b27a9a4":185,"163f4d19":185,"1d043d5a":185,"b2f82e06":185,"5b0b43e6":185,"b5474d69":185,"5a938eeb":185,"4fe0dedf":185,"951fc6d0":185,"61892a4c":185,"f096219e":185,"a3f0a6ec":185,"01051f84":185,"aa7e370d":185,"f995eeab":185,"4006e709":185,"0dedf63e":185,"a9d5374b":185,"4321f02d":185,"089b3f8f":185,"7698d0dc":185,"784414ce":185,"2df3efdb":185,"d0f1b7bd":185,"e7799883":185,"4f9456cf":185,"6e260ee8":185,"f4f84279":185,"b0950de5":185,"6f873999":185,"1f4e0e22":185,"60d69311":185,"3b09f1de":185,"b371f44a":185,"8b6180ff":185,"8819ac24":185,"dbbf7f69":185,"a8edfe84":185,"2ed19b1e":185,"959e16ea":185,"02f76c64":185,"5c6d1f33":185,"b4801cae":185,"c3c2fd05":185,"dfe4a061":185,"c2bf7d51":185,"781afef6":185,"de9229a0":185,"99a5feef":185,"f6266388":185,"e64fd39c":185,"e1b3ce36":185,"625fa164":185,"0c6ae551":185,"e8f4c1dd":185,"cede8b8c":185,"ad95ff4a":185,"893a99c5":185,"d8bf32b5":185,"0eb42efe":185,"03c4ab87":185,"4e3d3af7":185,"3a4803a8":185,"f7a7de5d":185,"d4e56c3e":185,"0c045c2d":185,"8efd4801":185,"7eb8f268":185,"20236d3e":185,"36ae8cd8":185,"3ddd5391":185,"07f69c6d":185,"2254f0f5":185,"ea282e84":185,"6653c83b":185,"f8c97147":185,"c2526ff3":185,"cc386067":185,"a22ffd8f":185,"3cd28a4d":185,"44a12c31":185,"45a961ca":185,"5ca978fd":185,"668e601b":185,"7552d86c":185,"02ebf3b6":185,"bb17a968":185,"4abcb85d":185,"cba26072":185,"2a718dcc":185,"c6a9a8e1":185,"88854fd0":185,"8dc27d2a":185,"41d7f05d":185,"2b851827":185,"9f428a03":185,"4d504d96":185,"0533ece1":185,"bcee2ef3":185,"0afba00c":185,"04ff8100":185,"6c00d8d6":185,"ac9a02bc":185,"acfe69ed":185,"426603ff":185,"2db2f252":185,"2e84193b":185,"c55683c9":185,"51233daf":185,"02791635":185,"c896052c":185,"287ecd1c":185,"f9376d3e":185,"07a94e8c":185,"bb017b49":185,"37b52fe4":185,"61ad1519":185,"819c4185":185,"ba69b06b":185,"7d2a2cb4":185,"4f62491c":185,"70b4c438":185,"71ed93db":185,"c92efaa8":185,"c241ac7e":185,"62a45672":185,"210e507a":185,"ac6e268b":185,"742238e8":185,"be081247":185,"5cc47d1b":185,"678b846f":185,"b4bd39d8":185,"b4cdbe5d":185,"fa0386f3":185,"b95d0f17":185,"cee9c347":185
1601327277945,"7800e7ce":186,"77869ff0":186,"4b8f7b16":186,"89f75690":186,"cb363e2f":186,"cd802f02":186,"d3cca7eb":186,"e866a899":186,"5690e712":186,"0b92d2a9":186,"070bed95":186,"67e5d108":186,"3d37b94b":186,"842c97c2":186,"c4cef92b":186,"0eecdc5b":186,"b7e495ea":186,"45ec63c0":186,"0ddfde2c":186,"a8b41774":186,"81f0da2d":186,"1fcc8ba4":186,"75a9c117":186,"12ba54ec":186,"be391c1a":186,"37d8a5b7":186,"d5ab81c4":186,"2ecde685":186,"f0bd52d3":186,"dcc20f76":186,"666a8ef0":186,"c5b609f1":186,"4dc5849a":186,"d605c755":186,"8a8c1d67":186,"cc6b3306":186,"8c2dfd9a":186,"f11267b9":186,"a483b15e":186,"f80ab49d":186,"95eaed39":186,"a5ba0ebb":186,"f53362a9":186,"1901ef7e":186,"960c2e6b":186,"3515e999":186,"d11f8f1b":186,"9d9eb027":186,"325f9a29":186,"503aafe5":186,"080d5d42":186,"5d03f5dc":186,"f0a01341":186,"1ee4d9f9":186,"d5d94481":186,"ffe48500":186,"c7a45a33":186,"faffe099":186,"e99490cd":186,"3b830769":186,"583f0305":186,"1557c50a":186,"249e80ab":186,"f52a3d94":186,"eb74d3dd":186,"3bcbc28d":186,"3c0455e7":186,"df203c79":186,"df1e1ac0":186,"491708eb":186,"e421caaa":186,"2d2ecf27":186,"d38a4953":186,"eba5efdd":186,"a5463f93":186,"c85ac4f8":186,"bc253f4f":186,"0d9d2bf8":186,"846b7f11":186,"d3411467":186,"1df0ce7f":186,"a08171d0":186,"c8bc5677":186,"0d6e45e7":186,"0da97151":186,"e829038c":186,"4987cfb5":186,"ba90687c":186,"77f2cf92":186,"037e2be4":186,"9e7dbd20":186,"0c086273":186,"ac13c3b0":186,"b4d9c57f":186,"5d53c964":186,"8ee9cc91":186,"4cc0af91":186,"55f6a2ba":186,"9559ea96":186,"9cb044bf":186,"16b25add":186,"80ee333e":186,"3b329af2":186,"1cd662bf":186,"72992b35":186,"47589344":186,"593b1533":186,"e9f6e5ce":186,"ed6bead5":186,"96f594b9":186,"94dfcfc5":186,"8301986e":186,"830ecfec":186,"a8bae791":186,"312009ee":186,"c98759fd":186,"e8b6d676":186,"45ee5840":186,"76f04033":186,"43480b19":186,"fd955858":186,"69798d15":186,"efea71fa":186,"dfca0518":186,"b9a21017":186,"e47705d3":186,"3cae4115":186,"0ccf4731":186,"c7c6782d":186,"54346574":186,"b12cbf87":186,"81942d9b":186,"699b90c1":186,"d9b5a7a8":186,"1e7914d2":186,"e5d8fdb2":186,"3412ab75":186,"bcac5daf":186,"62d028cc":186,"0af2cf39":186,"27491297":186,"d041ea86":186,"1eda11b2":186,"fc442678":186,"fb3aa867":186,"c9cf710b":186,"fcacdeb3":186,"0ea055ed":186,"e3b1bdf8":186,"644b45fb":186
1601327278383,"cf14bd99":186,"782022f4":186,"322e833f":186,"ab3619e4":186,"106006ad":186,"c8237be9":186,"1416e8f5":186,"dde2eed5":186,"a208caa8":186,"16605353":186,"77b39e15":186,"f1726edb":186,"18c73816":186,"e491161e":186,"b5087677":186,"16f60bed":186,"cb0c3481":186,"7664512c":186,"df9a53b8":186,"f6c27b2b":186,"945f6c24":186,"f1daea7e":186,"b8fb90e3":186,"56227e35":186,"0d6bf22a":186,"b87321d0":186,"43205b5d":186,"8982905a":186,"f6fe1ad7":186,"230064fa":186,"764e0abb":186,"bba6d88e":186,"ea3479ec":186,"32266fa3":186,"50b090c3":186,"8be24763":186,"eb4800b2":186,"6e0ce9dc":186,"87d9bec4":186,"e30dfa0c":186,"6da34174":186,"bfb849fa":186,"0a10b423":186,"9ef7cee7":186,"49f1a0d1":186,"5f04aa76":186,"ba297382":186,"0287db2a":186,"96abe4a9":186,"753b10b1":186,"92b72493":186,"d3e58903":186,"4481c4be":186,"7954891b":186,"4afd60a9":186,"d44c0ea3":186,"68f87858":186,"533bac6b":186,"41634dba":186,"43fd1327":186,"113e7f4b":186,"8cce569a":186,"ce6401b6":186,"6f57824c":186,"28bd7aa1":186,"1d52fb0d":186,"cde0d748":186,"535ed444":186,"710f0d0e":186,"0905f1fb":186,"a20e529c":186,"1ae76fcc":186,"35b161d3":186,"344cd1a3":186,"77ea1236":186,"96d2a118":186,"23a0e41f":186,"b32a1080":186,"a2c4b591":186,"6dfa57be":186,"1854ce44":186,"f92b22f1":186,"ece12664":186,"590ce3d3":186,"1802d7ce":186,"0a49914b":186,"5d3f5cad":186,"cf347cba":186,"fc0c23f7":186,"641f9b9e":186,"c92edec5":186,"9f03c1e7":186,"06c24a8d":186,"2f35e75f":186,"3eddf7c8":186,"77970f8b":186,"efd594d5":186,"4718294d":186,"5352cf45":186,"e0ffe8ff":186,"ae14d6b5":186,"721f5f42":186,"0b50bca6":186,"bf2ca266":186,"5d8d9641":186,"0de67c6c":186,"2311399f":186,"5e3ebf5e":186,"9f6ca218":186,"6213799d":186,"44cb1fd2":186,"baf19c25":186,"24a79a6e":186,"edde30af":186,"4d949e11":186,"36f4ecde":186,"568a0d58":186,"5fd569d2":186,"10c8fd03":186,"bd4ccb49":186,"e773d697":186,"7e8c11e7":186,"077eb15a":186,"5337c279":186,"8d256cb6":186,"7021c619":186,"32ae00db":186,"bf2defb2":186,"bc733a28":186,"30d32d34":186,"886c16d3":186,"e8d09b62":186,"5b09e53e":186,"da5bb0f7":186,"6d925c84":186,"50b23ab2":186,"edfa56d4":186,"899c16eb":186,"41c76041":186,"6bb1fa99":186,"d73ff72e":186,"61c0ca91":186,"d2fda7be":186,"ce20ca3c":186,"1d2d958b":186,"81fb6a01":186,"7f5b27c8":186,"fb3444d9":186,"f05de640":186,"86a68967":186,"56cd4dca":186,"7f469f4c":186,"f92dedfc":186,"355d1489":186,"f96fc1af":186,"06713bac":186,"61aca924":186,"d97fb857":186,"59ff5ec6":186,"ef04e64e":186,"6e2d04de":186,"2fca1798":186,"05028839":186,"5488826c":186,"3b3569f6":186,"b01ab62a":186,"76da16fa":186,"bffee581":186,"07150038":186,"080fa362":186,"7b6945ad":186,"a40d08e1":186,"cec79bc2":186,"d2eff358":186,"e70aebb5":186,"a488b2f1":186,"4caa87d6":186,"f7076e21":186,"69e653b6":186,"98d2991b":186,"84fff5c1":186,"c649992d":186,"d5ad3ed6":186,"8e5f7187":186,"55ba7579":186,"b7769ca6":186,"9c27de51":186,"38a75b48":186,"1792bfa3":186,"426f1904":186,"7c0f1ca9":186,"b2f820ac":186,"25d4f65d":186,"eddb6a2a":186,"ff8a00aa":186,"c146560b":186,"985068e7":186,"d543ba6f":186,"3b411d6a":186,"83826ef3":186,"595609d5":186,"df12f689":186,"1da10cbf":186,"832c48e4":186,"dc90a44c":186,"1ad7c45b":186,"5566c17c":186,"86a22252":186,"0000dece":186,"ce5efdbe":186,"58ace2b5":186,"d379fd96":186,"7b819458":186,"7f8024cd":186,"ae562513":186,"7b66dacd":186,"9ab137d7":186,"7191d1cd":186,"005354dd":186,"b47f1b89":186,"8e6caf71":186,"9a3433b8":186,"b89112cb":186,"66736d5e":186,"30de89a7":186,"06aaa33f":186,"320c65bf":186,"1fa1e7c2":186,"646af2b9":186,"659389ad":186,"240c8679":186,"0718c3be":186,"8b503f7b":186,"87a8523c":186,"c416baa6":186,"ae350a07":186,"680a32a6":186,"83ba647d":186,"cb0bd6b7":186,"f1e86522":186,"8e426e39":186,"fa03f48f":186,"51909df8":186,"5298dafa":186,"25f7f918":186,"e22b0973":186,"c5311ebb":186,"23646ff9":186,"3abb827b":186,"105bb3f6":186,"58de5462":186,"0c73c293":186,"f01c896d":186,"88929b06":186,"08c4692e":186,"1f2670d0":186,"5b2479ef":186,"962c9c8f":186,"aec0bf28":186,"1d882c36":186,"eb62e8f2":186,"a017a323":186,"8801c469":186,"b6281f1a":186,"48c6df81":186,"5e165f43":186,"f8785b71":186,"ab4a411a":186,"d7a4b24c":186,"686d5c0b":186,"f15eb1c5":186,"71789493":186,"5ac72353":186,"d1b14d06":186,"f6c074a7":186,"ffd6849d":186,"962fca02":186,"75968179":186,"bc8bdc23":186,"a71f3f70":186,"808bc372":186,"1f7aa83c":186,"c792a7c1":186,"732d62ee":186,"5a7da061":186,"d4b0751c":186,"06a94514":186,"5b01444b":186,"79995b62":186,"73c420df":186,"0700da70":186,"97160db8":186,"ff591765":186,"589f0d6e":186,"93f12198":186,"51b4016a":186,"46bf9112":186,"62e270e5":186,"092ad3d6":186,"66b1b6d7":186,"b062adc4":186,"bf940089":186,"4aae5133":186,"01f34f98":186,"63a3af32":186,"1670b0d3":186,"ec97d63e":186,"3fec4b0b":186,"94208a41":186,"faa3de3e":186,"2cbcad17":186,"44983d13":186,"4dccb5ca":186,"80999122":186,"72af9198":186,"83268abf":186,"578c4c95":186,"e39e9552":186,"c606b472":186,"81c1b70d":186,"e72f0f82":186,"88374b72":186,"fdfaf1ed":186,"ea981bed":186,"5e197575":186,"e587c4d0":186,"525b2635":186,"caa38a45":186,"a9987a58":186,"b6b8e5c7":186,"e82177d3":186,"89914b94":186,"04bdf5e1":186,"da8b42be":186,"3b0576bf":186,"9458934f":186,"1dcc489c":186,"945badf3":186,"1327775b":186,"bdd40125":186,"75fd47f7":186,"1c52a07e":186,"e70ccc25":186,"afd1494f":186,"ca6bffd3":186,"829c44a4":186,"e76e2617":186,"2b4fd52e":186,"57162572":186,"d1d50cfe":186
1601327278936,"9666b973":186,"653b27c7":186,"83b37fd6":186,"4d852788":186,"e43a9448":186,"3542b748":186,"379c53ab":186,"e396d80d":186,"7da61f27":186,"dc874a97":186,"85a220de":186,"40a7cdd2":186,"ac033c7b":186,"87759976":186,"4df3f62e":186,"c881a53e":186,"80c1c8b1":186,"cf52acd8":186,"a63cb4ce":186,"d3b3492b":186,"7580cfa4":186,"22a96386":186,"5c672b50":186,"5df16440":186,"b666e56d":186,"8db378ff":186,"784d6375":186,"4541bf85":186,"a6b13f20":186,"2459c882":186,"3df97186":186,"ef0490de":186,"e0f47ced":186,"309bbf54":186,"cc537772":186,"6618390c":186,"99cc0813":186,"dc32c4e1":186,"239c636e":186,"6ee160ff":186,"c55d40ca":186,"22c177a8":186,"00ae883f":186,"f416ee62":186,"0d2b182d":186,"320754c3":186,"232b2f64":186,"3171b6e7":186,"3b25460f":186,"d2064756":186,"272e7d0d":186,"f92596ee":186,"68831ea9":186,"9713d076":186,"fd098272":186,"6ee788a7":186,"8249641d":186,"45b0968f":186,"6a9bb182":186,"1f1afd4f":186,"25fb8826":186,"0dc5da58":186,"2874a625":186,"e61ae828":186,"f7ac3883":186,"ccd01528":186,"dab8cf68":186,"00f2a9cb":186,"916fe082":186,"b64dba8e":186,"c3bb30ce":186,"86219c70":186,"601990d8":186,"5c662c19":186,"d2a5d2fd":186,"89d220c2":186,"3e10c9cb":186,"5500a3e8":186,"3c0e87ac":186,"a891461f":186,"a246cdab":186,"117c7f0b":186,"0d21cf99":186,"14e6fe14":186,"37ec5e73":186,"bfff7913":186,"f8636899":186,"37724339":186,"d45d9727":186,"ee5ff2a3":186,"44322dfd":186,"295e4d1d":186,"8cf6570a":186,"403064a0":186,"312af46e":186,"b5a9f8c3":186,"fcbc0ae8":186,"2ff6b6a8":186,"66a71cc1":186,"bf4b58e4":186,"f7ffcbb8":186,"5728f934":186,"00b26865":186,"c333337d":186,"815c56bc":186,"5bd61a68":186,"8582c5cf":186,"0c353665":186,"231e8700":186,"1f9fbd85":186,"43f24679":186,"a1c0dfc4":186,"78f71162":186,"4b27a9a4":186,"163f4d19":186,"1d043d5a":186,"b2f82e06":186,"5b0b43e6":186,"b5474d69":186,"5a938eeb":186,"4fe0dedf":186,"951fc6d0":186,"61892a4c":186,"f096219e":186,"a3f0a6ec":186,"01051f84":186,"aa7e370d":186,"f995eeab":186,"4006e709":186,"0dedf63e":186,"a9d5374b":186,"4321f02d":186,"089b3f8f":186,"7698d0dc":186,"784414ce":186,"2df3efdb":186,"d0f1b7bd":186,"e7799883":186,"4f9456cf":186,"6e260ee8":186,"f4f84279":186,"b0950de5":186,"6f873999":186,"1f4e0e22":186,"60d69311":186,"3b09f1de":186,"b371f44a":186,"8b6180ff":186,"8819ac24":186,"dbbf7f69":186,"dfe4a061":186,"c2bf7d51":186,"781afef6":186,"de9229a0":186,"99a5feef":186,"f6266388":186,"e64fd39c":186,"e1b3ce36":186,"625fa164":186,"0c6ae551":186,"e8f4c1dd":186,"cede8b8c":186,"ad95ff4a":186,"893a99c5":186,"d8bf32b5":186,"0eb42efe":186,"03c4ab87":186,"4e3d3af7":186,"3a4803a8":186,"f7a7de5d":186,"d4e56c3e":186,"0c045c2d":186,"8efd4801":186,"7eb8f268":186,"a8edfe84":186,"2ed19b1e":186,"959e16ea":186,"02f76c64":186,"5c6d1f33":186,"b4801cae":186,"c3c2fd05":186,"f8c97147":186,"c2526ff3":186,"cc386067":186,"a22ffd8f":186,"3cd28a4d":186,"44a12c31":186,"45a961ca":186,"5ca978fd":186,"668e601b":186,"7552d86c":186,"02ebf3b6":186,"bb17a968":186,"4abcb85d":186,"cba26072":186,"2a718dcc":186,"c6a9a8e1":186,"88854fd0":186,"8dc27d2a":186,"41d7f05d":186,"2b851827":186,"9f428a03":186,"4d504d96":186,"0533ece1":186,"bcee2ef3":186,"0afba00c":186,"04ff8100":186,"6c00d8d6":186,"20236d3e":186,"36ae8cd8":186,"3ddd5391":186,"07f69c6d":186,"2254f0f5":186,"ea282e84":186,"6653c83b":186,"c896052c":186,"287ecd1c":186,"f9376d3e":186,"07a94e8c":186,"bb017b49":186,"37b52fe4":186,"61ad1519":186,"819c4185":186,"ba69b06b":186,"7d2a2cb4":186,"4f62491c":186,"70b4c438":186,"71ed93db":186,"c92efaa8":186,"c241ac7e":186,"62a45672":186,"210e507a":186,"ac6e268b":186,"742238e8":186,"ac9a02bc":186,"acfe69ed":186,"426603ff":186,"2db2f252":186,"2e84193b":186,"c55683c9":186,"51233daf":186,"02791635":186,"be081247":186,"5cc47d1b":186,"678b846f":186,"b4bd39d8":186,"b4cdbe5d":186,"fa0386f3":186,"b95d0f17":186,"cee9c347":186
1601327279787,"7800e7ce":187,"77869ff0":187,"d5d94481":187,"ffe48500":187,"c7a45a33":187,"faffe099":187,"e99490cd":187,"3b830769":187,"583f0305":187,"1557c50a":187,"249e80ab":187,"4b8f7b16":187,"89f75690":187,"cb363e2f":187,"cd802f02":187,"d3cca7eb":187,"e866a899":187,"5690e712":187,"0b92d2a9":187,"070bed95":187,"67e5d108":187,"3d37b94b":187,"842c97c2":187,"c4cef92b":187,"0eecdc5b":187,"b7e495ea":187,"45ec63c0":187,"0ddfde2c":187,"a8b41774":187,"81f0da2d":187,"1fcc8ba4":187,"75a9c117":187,"12ba54ec":187,"be391c1a":187,"37d8a5b7":187,"d5ab81c4":187,"2ecde685":187,"f0bd52d3":187,"dcc20f76":187,"666a8ef0":187,"c5b609f1":187,"4dc5849a":187,"d605c755":187,"8a8c1d67":187,"cc6b3306":187,"8c2dfd9a":187,"f11267b9":187,"a483b15e":187,"f80ab49d":187,"95eaed39":187,"a5ba0ebb":187,"f52a3d94":187,"eb74d3dd":187,"3bcbc28d":187,"3c0455e7":187,"df203c79":187,"df1e1ac0":187,"491708eb":187,"e421caaa":187,"2d2ecf27":187,"d38a4953":187,"eba5efdd":187,"a5463f93":187,"c85ac4f8":187,"bc253f4f":187,"0d9d2bf8":187,"846b7f11":187,"d3411467":187,"1df0ce7f":187,"a08171d0":187,"c8bc5677":187,"dfca0518":187,"b9a21017":187,"e47705d3":187,"3cae4115":187,"0ccf4731":187,"c7c6782d":187,"54346574":187,"b12cbf87":187,"81942d9b":187,"699b90c1":187,"d9b5a7a8":187,"1e7914d2":187,"f53362a9":187,"1901ef7e":187,"960c2e6b":187,"3515e999":187,"d11f8f1b":187,"9d9eb027":187,"325f9a29":187,"503aafe5":187,"e5d8fdb2":187,"3412ab75":187,"bcac5daf":187,"62d028cc":187,"0af2cf39":187,"27491297":187,"d041ea86":187,"1eda11b2":187,"fc442678":187,"080d5d42":187,"5d03f5dc":187,"f0a01341":187,"1ee4d9f9":187,"0d6e45e7":187,"0da97151":187,"e829038c":187,"4987cfb5":187,"ba90687c":187,"77f2cf92":187,"037e2be4":187,"9e7dbd20":187,"0c086273":187,"ac13c3b0":187,"b4d9c57f":187,"5d53c964":187,"8ee9cc91":187,"4cc0af91":187,"55f6a2ba":187,"9559ea96":187,"9cb044bf":187,"16b25add":187,"80ee333e":187,"3b329af2":187,"1cd662bf":187,"72992b35":187,"47589344":187,"593b1533":187,"e9f6e5ce":187,"ed6bead5":187,"96f594b9":187,"94dfcfc5":187,"8301986e":187,"830ecfec":187,"a8bae791":187,"312009ee":187,"c98759fd":187,"e8b6d676":187,"45ee5840":187,"76f04033":187,"43480b19":187,"fd955858":187,"69798d15":187,"efea71fa":187,"fb3aa867":187,"c9cf710b":187,"fcacdeb3":187,"0ea055ed":187,"e3b1bdf8":187,"644b45fb":187,"18c73816":187,"e491161e":187,"b5087677":187,"16f60bed":187,"cb0c3481":187,"7664512c":187,"df9a53b8":187,"f6c27b2b":187,"945f6c24":187,"f1daea7e":187,"b8fb90e3":187,"56227e35":187,"0d6bf22a":187,"b87321d0":187,"43205b5d":187,"8982905a":187,"f6fe1ad7":187,"230064fa":187,"764e0abb":187,"bba6d88e":187,"ea3479ec":187,"32266fa3":187
1601327280303,"50b090c3":187,"8be24763":187,"eb4800b2":187,"6e0ce9dc":187,"87d9bec4":187,"e30dfa0c":187,"6da34174":187,"bfb849fa":187,"0a10b423":187,"9ef7cee7":187,"49f1a0d1":187,"5f04aa76":187,"ba297382":187,"0287db2a":187,"96abe4a9":187,"753b10b1":187,"cf14bd99":187,"782022f4":187,"322e833f":187,"ab3619e4":187,"106006ad":187,"c8237be9":187,"1416e8f5":187,"dde2eed5":187,"a208caa8":187,"16605353":187,"77b39e15":187,"f1726edb":187,"92b72493":187,"d3e58903":187,"4481c4be":187,"7954891b":187,"4afd60a9":187,"d44c0ea3":187,"68f87858":187,"533bac6b":187,"41634dba":187,"43fd1327":187,"113e7f4b":187,"8cce569a":187,"ce6401b6":187,"6f57824c":187,"28bd7aa1":187,"1d52fb0d":187,"cde0d748":187,"535ed444":187,"710f0d0e":187,"0905f1fb":187,"5b09e53e":187,"da5bb0f7":187,"590ce3d3":187,"1802d7ce":187,"0a49914b":187,"5d3f5cad":187,"cf347cba":187,"fc0c23f7":187,"641f9b9e":187,"c92edec5":187,"9f03c1e7":187,"06c24a8d":187,"2f35e75f":187,"3eddf7c8":187,"77970f8b":187,"efd594d5":187,"4718294d":187,"5352cf45":187,"e0ffe8ff":187,"ae14d6b5":187,"721f5f42":187,"0b50bca6":187,"bf2ca266":187,"5d8d9641":187,"0de67c6c":187,"2311399f":187,"5e3ebf5e":187,"9f6ca218":187,"6213799d":187,"6d925c84":187,"50b23ab2":187,"edfa56d4":187,"899c16eb":187,"41c76041":187,"6bb1fa99":187,"d73ff72e":187,"61c0ca91":187,"d2fda7be":187,"ce20ca3c":187,"1d2d958b":187,"81fb6a01":187,"7f5b27c8":187,"fb3444d9":187,"f05de640":187,"86a68967":187,"56cd4dca":187,"7f469f4c":187,"f92dedfc":187,"355d1489":187,"f96fc1af":187,"06713bac":187,"61aca924":187,"d97fb857":187,"59ff5ec6":187,"ef04e64e":187,"6e2d04de":187,"a20e529c":187,"1ae76fcc":187,"35b161d3":187,"344cd1a3":187,"77ea1236":187,"96d2a118":187,"23a0e41f":187,"b32a1080":187,"a2c4b591":187,"6dfa57be":187,"1854ce44":187,"f92b22f1":187,"ece12664":187,"36f4ecde":187,"568a0d58":187,"5fd569d2":187,"10c8fd03":187,"bd4ccb49":187,"e773d697":187,"7e8c11e7":187,"077eb15a":187,"5337c279":187,"8d256cb6":187,"7021c619":187,"32ae00db":187,"bf2defb2":187,"bc733a28":187,"30d32d34":187,"886c16d3":187,"e8d09b62":187,"2fca1798":187,"05028839":187,"5488826c":187,"84fff5c1":187,"c649992d":187,"d5ad3ed6":187,"8e5f7187":187,"55ba7579":187,"44cb1fd2":187,"baf19c25":187,"24a79a6e":187,"edde30af":187,"4d949e11":187,"df12f689":187,"1da10cbf":187,"832c48e4":187,"dc90a44c":187,"1ad7c45b":187,"5566c17c":187,"86a22252":187,"0000dece":187,"ce5efdbe":187,"58ace2b5":187,"d379fd96":187,"7b819458":187,"7f8024cd":187,"ae562513":187,"7b66dacd":187,"9ab137d7":187,"7191d1cd":187,"005354dd":187,"b7769ca6":187,"9c27de51":187,"38a75b48":187,"1792bfa3":187,"426f1904":187,"7c0f1ca9":187,"b2f820ac":187,"25d4f65d":187,"eddb6a2a":187,"ff8a00aa":187,"c146560b":187,"985068e7":187,"d543ba6f":187,"3b3569f6":187,"b01ab62a":187,"76da16fa":187,"bffee581":187,"07150038":187,"080fa362":187,"7b6945ad":187,"a40d08e1":187,"cec79bc2":187,"d2eff358":187,"e70aebb5":187,"a488b2f1":187,"4caa87d6":187,"f7076e21":187,"69e653b6":187,"98d2991b":187,"3b411d6a":187,"83826ef3":187,"595609d5":187,"b47f1b89":187,"8e6caf71":187,"9a3433b8":187,"b89112cb":187,"66736d5e":187,"30de89a7":187,"06aaa33f":187,"320c65bf":187,"1fa1e7c2":187,"646af2b9":187,"659389ad":187,"240c8679":187,"0718c3be":187,"8b503f7b":187,"87a8523c":187,"c416baa6":187,"ae350a07":187,"680a32a6":187,"83ba647d":187,"cb0bd6b7":187,"8e426e39":187,"51909df8":187,"f1e86522":187,"e22b0973":187,"fa03f48f":187,"5298dafa":187,"23646ff9":187,"25f7f918":187,"3abb827b":187,"c5311ebb":187,"0c73c293":187,"88929b06":187,"105bb3f6":187,"08c4692e":187,"58de5462":187,"f01c896d":187,"5b2479ef":187,"1d882c36":187,"1f2670d0":187,"eb62e8f2":187,"962c9c8f":187,"aec0bf28":187,"a017a323":187,"8801c469":187,"b6281f1a":187,"48c6df81":187,"5e165f43":187,"f8785b71":187,"ab4a411a":187,"d7a4b24c":187,"686d5c0b":187,"f15eb1c5":187,"71789493":187,"5ac72353":187,"d1b14d06":187,"808bc372":187,"f6c074a7":187,"c792a7c1":187,"ffd6849d":187,"5a7da061":187,"962fca02":187,"06a94514":187,"75968179":187,"73c420df":187,"0700da70":187,"bc8bdc23":187,"ff591765":187,"a71f3f70":187,"1f7aa83c":187,"93f12198":187,"62e270e5":187,"732d62ee":187,"d4b0751c":187,"66b1b6d7":187,"b062adc4":187,"5b01444b":187,"79995b62":187,"4aae5133":187,"97160db8":187,"63a3af32":187,"589f0d6e":187,"3fec4b0b":187,"faa3de3e":187,"51b4016a":187,"46bf9112":187,"44983d13":187,"092ad3d6":187,"80999122":187,"72af9198":187,"bf940089":187,"01f34f98":187,"e39e9552":187,"9666b973":187,"653b27c7":187,"83b37fd6":187,"4d852788":187,"e43a9448":187,"1670b0d3":187,"81c1b70d":187,"ec97d63e":187,"e72f0f82":187,"88374b72":187,"94208a41":187,"2cbcad17":187,"fdfaf1ed":187,"ea981bed":187,"4dccb5ca":187,"5e197575":187,"83268abf":187,"578c4c95":187,"e587c4d0":187,"525b2635":187,"c606b472":187,"caa38a45":187,"a9987a58":187,"b6b8e5c7":187,"e82177d3":187,"89914b94":187,"04bdf5e1":187,"da8b42be":187,"3b0576bf":187,"9458934f":187,"1dcc489c":187,"945badf3":187,"1327775b":187,"bdd40125":187,"75fd47f7":187,"1c52a07e":187,"e70ccc25":187,"afd1494f":187,"ca6bffd3":187,"829c44a4":187,"e76e2617":187,"2b4fd52e":187,"57162572":187,"d1d50cfe":187,"3542b748":187,"379c53ab":187,"e396d80d":187,"7da61f27":187,"dc874a97":187,"85a220de":187,"40a7cdd2":187,"ac033c7b":187,"87759976":187,"4df3f62e":187,"c881a53e":187,"80c1c8b1":187,"cf52acd8":187,"a63cb4ce":187,"d3b3492b":187,"7580cfa4":187,"22a96386":187,"5c672b50":187,"5df16440":187,"b666e56d":187,"8db378ff":187,"784d6375":187,"4541bf85":187,"a6b13f20":187,"2459c882":187,"3df97186":187,"ef0490de":187,"e0f47ced":187,"309bbf54":187,"cc537772":187,"6618390c":187,"99cc0813":187,"dc32c4e1":187,"239c636e":187,"6ee160ff":187,"c55d40ca":187,"22c177a8":187,"00ae883f":187,"f416ee62":187,"0d2b182d":187,"320754c3":187,"232b2f64":187,"3171b6e7":187,"3b25460f":187,"d2064756":187,"272e7d0d":187,"f92596ee":187,"68831ea9":187,"9713d076":187,"fd098272":187,"6ee788a7":187,"8249641d":187,"45b0968f":187,"6a9bb182":187,"1f1afd4f":187,"25fb8826":187,"0dc5da58":187,"2874a625":187,"e61ae828":187,"f7ac3883":187,"ccd01528":187,"dab8cf68":187,"00f2a9cb":187,"916fe082":187,"b64dba8e":187
1601327280536,"c3bb30ce":187,"86219c70":187,"601990d8":187,"5c662c19":187,"d2a5d2fd":187,"89d220c2":187,"3e10c9cb":187,"5500a3e8":187,"3c0e87ac":187,"a891461f":187,"a246cdab":187,"117c7f0b":187,"0d21cf99":187,"14e6fe14":187,"37ec5e73":187,"bfff7913":187,"f8636899":187,"37724339":187,"d45d9727":187,"ee5ff2a3":187,"44322dfd":187,"295e4d1d":187,"8cf6570a":187,"403064a0":187,"312af46e":187,"b5a9f8c3":187,"fcbc0ae8":187,"2ff6b6a8":187,"66a71cc1":187,"bf4b58e4":187,"f7ffcbb8":187,"5728f934":187,"00b26865":187,"c333337d":187,"815c56bc":187,"5bd61a68":187,"8582c5cf":187,"0c353665":187,"231e8700":187,"1f9fbd85":187,"43f24679":187,"a1c0dfc4":187,"78f71162":187,"4b27a9a4":187,"163f4d19":187,"1d043d5a":187,"b2f82e06":187,"5b0b43e6":187,"b5474d69":187,"5a938eeb":187,"4fe0dedf":187,"951fc6d0":187,"61892a4c":187,"f096219e":187,"a3f0a6ec":187,"01051f84":187,"aa7e370d":187,"f995eeab":187,"4006e709":187,"0dedf63e":187,"a9d5374b":187,"4321f02d":187,"089b3f8f":187,"7698d0dc":187,"784414ce":187,"2df3efdb":187,"d0f1b7bd":187,"e7799883":187,"4f9456cf":187,"6e260ee8":187,"f4f84279":187,"b0950de5":187,"6f873999":187,"1f4e0e22":187,"60d69311":187,"3b09f1de":187,"b371f44a":187,"8b6180ff":187,"8819ac24":187,"dbbf7f69":187,"dfe4a061":187,"c2bf7d51":187,"781afef6":187,"de9229a0":187,"99a5feef":187,"f6266388":187,"e64fd39c":187,"e1b3ce36":187,"625fa164":187,"0c6ae551":187,"e8f4c1dd":187,"cede8b8c":187,"ad95ff4a":187,"893a99c5":187,"d8bf32b5":187,"0eb42efe":187,"03c4ab87":187,"4e3d3af7":187,"a8edfe84":187,"2ed19b1e":187,"959e16ea":187,"02f76c64":187,"5c6d1f33":187,"b4801cae":187,"c3c2fd05":187,"f8c97147":187,"c2526ff3":187,"cc386067":187,"a22ffd8f":187,"3cd28a4d":187,"44a12c31":187,"45a961ca":187,"5ca978fd":187,"668e601b":187,"7552d86c":187,"02ebf3b6":187,"bb17a968":187,"4abcb85d":187,"cba26072":187,"2a718dcc":187,"c6a9a8e1":187,"88854fd0":187,"8dc27d2a":187,"3a4803a8":187,"f7a7de5d":187,"d4e56c3e":187,"0c045c2d":187,"8efd4801":187,"7eb8f268":187,"20236d3e":187,"36ae8cd8":187,"3ddd5391":187,"07f69c6d":187,"2254f0f5":187,"ea282e84":187,"6653c83b":187,"c896052c":187,"287ecd1c":187,"f9376d3e":187,"07a94e8c":187,"bb017b49":187,"37b52fe4":187,"61ad1519":187,"819c4185":187,"ba69b06b":187,"7d2a2cb4":187,"4f62491c":187,"70b4c438":187,"71ed93db":187,"c92efaa8":187,"c241ac7e":187,"62a45672":187,"210e507a":187,"ac6e268b":187,"742238e8":187,"41d7f05d":187,"2b851827":187,"9f428a03":187,"4d504d96":187,"0533ece1":187,"bcee2ef3":187,"0afba00c":187,"04ff8100":187,"6c00d8d6":187,"ac9a02bc":187,"acfe69ed":187,"426603ff":187,"2db2f252":187,"2e84193b":187,"c55683c9":187,"51233daf":187,"02791635":187,"be081247":187,"5cc47d1b":187,"678b846f":187,"b4bd39d8":187,"b4cdbe5d":187,"fa0386f3":187,"b95d0f17":187,"cee9c347":187
1601327281922,"d5d94481":188,"ffe48500":188,"c7a45a33":188,"faffe099":188,"e99490cd":188,"3b830769":188,"583f0305":188,"1557c50a":188,"249e80ab":188,"f52a3d94":188,"eb74d3dd":188,"3bcbc28d":188,"3c0455e7":188,"df203c79":188,"df1e1ac0":188,"491708eb":188,"e421caaa":188,"2d2ecf27":188,"d38a4953":188,"eba5efdd":188,"a5463f93":188,"c85ac4f8":188,"bc253f4f":188,"0d9d2bf8":188,"846b7f11":188,"d3411467":188,"1df0ce7f":188,"a08171d0":188,"c8bc5677":188,"dfca0518":188,"b9a21017":188,"e47705d3":188,"3cae4115":188,"0ccf4731":188,"c7c6782d":188,"54346574":188,"b12cbf87":188,"81942d9b":188,"699b90c1":188,"d9b5a7a8":188,"1e7914d2":188,"e5d8fdb2":188,"3412ab75":188,"bcac5daf":188,"62d028cc":188,"0af2cf39":188,"27491297":188,"d041ea86":188,"1eda11b2":188,"fc442678":188,"cc6b3306":188,"8c2dfd9a":188,"f11267b9":188,"a483b15e":188,"f80ab49d":188,"95eaed39":188,"a5ba0ebb":188,"f53362a9":188,"1901ef7e":188,"960c2e6b":188,"3515e999":188,"d11f8f1b":188,"9d9eb027":188,"325f9a29":188,"503aafe5":188,"7800e7ce":188,"77869ff0":188,"4b8f7b16":188,"89f75690":188,"cb363e2f":188,"cd802f02":188,"d3cca7eb":188,"e866a899":188,"5690e712":188,"0b92d2a9":188,"070bed95":188,"67e5d108":188,"3d37b94b":188,"842c97c2":188,"c4cef92b":188,"0eecdc5b":188,"b7e495ea":188,"45ec63c0":188,"0ddfde2c":188,"a8b41774":188,"81f0da2d":188,"1fcc8ba4":188,"75a9c117":188,"12ba54ec":188,"be391c1a":188,"37d8a5b7":188,"d5ab81c4":188,"2ecde685":188,"f0bd52d3":188,"dcc20f76":188,"666a8ef0":188,"c5b609f1":188,"4dc5849a":188,"d605c755":188,"8a8c1d67":188,"080d5d42":188,"5d03f5dc":188,"f0a01341":188,"1ee4d9f9":188,"0d6e45e7":188,"0da97151":188,"e829038c":188,"4987cfb5":188,"ba90687c":188,"77f2cf92":188,"037e2be4":188,"9e7dbd20":188,"0c086273":188,"ac13c3b0":188,"b4d9c57f":188,"5d53c964":188,"8ee9cc91":188,"4cc0af91":188,"55f6a2ba":188,"9559ea96":188,"9cb044bf":188,"16b25add":188,"80ee333e":188,"3b329af2":188,"1cd662bf":188,"72992b35":188,"47589344":188,"593b1533":188,"e9f6e5ce":188,"ed6bead5":188,"96f594b9":188,"94dfcfc5":188,"8301986e":188,"830ecfec":188,"a8bae791":188,"312009ee":188,"c98759fd":188,"e8b6d676":188,"45ee5840":188,"76f04033":188,"43480b19":188,"fd955858":188,"69798d15":188,"efea71fa":188,"fb3aa867":188,"c9cf710b":188,"fcacdeb3":188,"0ea055ed":188,"e3b1bdf8":188,"644b45fb":188,"18c73816":188,"e491161e":188,"b5087677":188,"16f60bed":188,"cb0c3481":188,"7664512c":188,"df9a53b8":188,"f6c27b2b":188,"945f6c24":188,"f1daea7e":188,"b8fb90e3":188,"56227e35":188,"0d6bf22a":188,"b87321d0":188
1601327282325,"43205b5d":188,"8982905a":188,"f6fe1ad7":188,"230064fa":188,"764e0abb":188,"bba6d88e":188,"ea3479ec":188,"32266fa3":188,"50b090c3":188,"8be24763":188,"eb4800b2":188,"6e0ce9dc":188,"87d9bec4":188,"e30dfa0c":188,"6da34174":188,"bfb849fa":188,"0a10b423":188,"9ef7cee7":188,"49f1a0d1":188,"5f04aa76":188,"ba297382":188,"0287db2a":188,"96abe4a9":188,"753b10b1":188,"cf14bd99":188,"782022f4":188,"322e833f":188,"ab3619e4":188,"106006ad":188,"c8237be9":188,"1416e8f5":188,"dde2eed5":188,"a208caa8":188,"16605353":188,"77b39e15":188,"f1726edb":188,"92b72493":188,"d3e58903":188,"4481c4be":188,"7954891b":188,"4afd60a9":188,"d44c0ea3":188,"68f87858":188,"533bac6b":188,"41634dba":188,"43fd1327":188,"113e7f4b":188,"8cce569a":188,"ce6401b6":188,"6f57824c":188,"28bd7aa1":188,"1d52fb0d":188,"cde0d748":188,"535ed444":188,"710f0d0e":188,"0905f1fb":188,"a20e529c":188,"1ae76fcc":188,"35b161d3":188,"344cd1a3":188,"77ea1236":188,"96d2a118":188,"23a0e41f":188,"b32a1080":188,"a2c4b591":188,"6dfa57be":188,"1854ce44":188,"f92b22f1":188,"ece12664":188,"36f4ecde":188,"568a0d58":188,"5fd569d2":188,"10c8fd03":188,"bd4ccb49":188,"e773d697":188,"7e8c11e7":188,"077eb15a":188,"5337c279":188,"8d256cb6":188,"7021c619":188,"32ae00db":188,"bf2defb2":188,"bc733a28":188,"30d32d34":188,"886c16d3":188,"e8d09b62":188,"590ce3d3":188,"1802d7ce":188,"0a49914b":188,"5d3f5cad":188,"cf347cba":188,"fc0c23f7":188,"641f9b9e":188,"c92edec5":188,"9f03c1e7":188,"06c24a8d":188,"2f35e75f":188,"3eddf7c8":188,"77970f8b":188,"efd594d5":188,"4718294d":188,"5352cf45":188,"e0ffe8ff":188,"ae14d6b5":188,"721f5f42":188,"0b50bca6":188,"bf2ca266":188,"5d8d9641":188,"5b09e53e":188,"da5bb0f7":188,"6d925c84":188,"50b23ab2":188,"edfa56d4":188,"899c16eb":188,"41c76041":188,"6bb1fa99":188,"d73ff72e":188,"61c0ca91":188,"d2fda7be":188,"ce20ca3c":188,"1d2d958b":188,"81fb6a01":188,"7f5b27c8":188,"fb3444d9":188,"f05de640":188,"86a68967":188,"56cd4dca":188,"7f469f4c":188,"f92dedfc":188,"355d1489":188,"f96fc1af":188,"06713bac":188,"61aca924":188,"d97fb857":188,"59ff5ec6":188,"ef04e64e":188,"6e2d04de":188,"2fca1798":188,"05028839":188,"0de67c6c":188,"2311399f":188,"5e3ebf5e":188,"9f6ca218":188,"6213799d":188,"44cb1fd2":188,"baf19c25":188,"24a79a6e":188,"edde30af":188,"4d949e11":188,"df12f689":188,"1da10cbf":188,"832c48e4":188,"dc90a44c":188,"1ad7c45b":188,"5566c17c":188,"86a22252":188,"0000dece":188,"ce5efdbe":188,"58ace2b5":188,"d379fd96":188,"7b819458":188,"7f8024cd":188,"ae562513":188,"7b66dacd":188,"9ab137d7":188,"7191d1cd":188,"005354dd":188,"3b3569f6":188,"b01ab62a":188,"76da16fa":188,"bffee581":188,"07150038":188,"5488826c":188,"84fff5c1":188,"c649992d":188,"d5ad3ed6":188,"8e5f7187":188,"55ba7579":188,"b7769ca6":188,"9c27de51":188,"38a75b48":188,"1792bfa3":188,"426f1904":188,"7c0f1ca9":188,"b2f820ac":188,"25d4f65d":188,"eddb6a2a":188,"ff8a00aa":188,"c146560b":188,"985068e7":188,"d543ba6f":188,"080fa362":188,"7b6945ad":188,"a40d08e1":188,"cec79bc2":188,"d2eff358":188,"e70aebb5":188,"a488b2f1":188,"4caa87d6":188,"f7076e21":188,"69e653b6":188,"98d2991b":188,"3b411d6a":188,"83826ef3":188,"595609d5":188,"b47f1b89":188,"8e6caf71":188,"9a3433b8":188,"b89112cb":188,"66736d5e":188,"30de89a7":188,"06aaa33f":188,"320c65bf":188,"1fa1e7c2":188,"646af2b9":188,"659389ad":188,"240c8679":188,"0718c3be":188,"8b503f7b":188,"87a8523c":188,"c416baa6":188,"ae350a07":188,"680a32a6":188,"83ba647d":188,"cb0bd6b7":188,"8e426e39":188,"51909df8":188,"e22b0973":188,"23646ff9":188,"f1e86522":188,"fa03f48f":188,"3abb827b":188,"0c73c293":188,"5298dafa":188,"88929b06":188,"25f7f918":188,"c5311ebb":188,"08c4692e":188,"105bb3f6":188,"5b2479ef":188,"1d882c36":188,"58de5462":188,"eb62e8f2":188,"f01c896d":188,"1f2670d0":188,"962c9c8f":188,"aec0bf28":188,"a017a323":188,"8801c469":188,"b6281f1a":188,"48c6df81":188,"5e165f43":188,"f8785b71":188,"ab4a411a":188,"d7a4b24c":188,"686d5c0b":188,"f15eb1c5":188,"71789493":188,"808bc372":188,"5ac72353":188,"d1b14d06":188,"c792a7c1":188,"f6c074a7":188,"5a7da061":188,"06a94514":188,"ffd6849d":188,"73c420df":188,"962fca02":188,"0700da70":188,"75968179":188,"bc8bdc23":188,"ff591765":188,"272e7d0d":188,"f92596ee":188,"68831ea9":188,"9713d076":188,"fd098272":188,"6ee788a7":188,"8249641d":188,"45b0968f":188,"6a9bb182":188,"1f1afd4f":188,"25fb8826":188,"0dc5da58":188,"2874a625":188,"e61ae828":188,"f7ac3883":188,"ccd01528":188,"dab8cf68":188,"00f2a9cb":188,"916fe082":188,"b64dba8e":188,"c3bb30ce":188,"86219c70":188,"601990d8":188,"5c662c19":188,"d2a5d2fd":188,"89d220c2":188,"3e10c9cb":188,"5500a3e8":188,"3c0e87ac":188,"a891461f":188,"a246cdab":188,"117c7f0b":188,"0d21cf99":188,"93f12198":188,"a71f3f70":188,"62e270e5":188,"1f7aa83c":188,"732d62ee":188,"66b1b6d7":188,"d4b0751c":188,"b062adc4":188,"4aae5133":188,"5b01444b":188,"63a3af32":188,"79995b62":188,"97160db8":188,"3fec4b0b":188,"589f0d6e":188,"faa3de3e":188,"44983d13":188,"51b4016a":188,"80999122":188,"46bf9112":188,"72af9198":188,"092ad3d6":188,"e39e9552":188,"bf940089":188,"81c1b70d":188,"01f34f98":188,"e72f0f82":188,"88374b72":188,"1670b0d3":188,"ec97d63e":188,"fdfaf1ed":188,"ea981bed":188,"94208a41":188,"2cbcad17":188,"5e197575":188,"e587c4d0":188,"4dccb5ca":188,"525b2635":188,"83268abf":188,"578c4c95":188,"caa38a45":188,"c606b472":188,"a9987a58":188,"b6b8e5c7":188,"e82177d3":188,"89914b94":188,"04bdf5e1":188,"da8b42be":188,"3b0576bf":188,"9458934f":188,"1dcc489c":188,"945badf3":188,"1327775b":188,"bdd40125":188,"75fd47f7":188,"1c52a07e":188,"14e6fe14":188,"37ec5e73":188,"bfff7913":188,"f8636899":188,"37724339":188,"d45d9727":188,"ee5ff2a3":188,"44322dfd":188,"295e4d1d":188,"8cf6570a":188,"403064a0":188,"312af46e":188,"b5a9f8c3":188,"fcbc0ae8":188,"2ff6b6a8":188,"66a71cc1":188,"bf4b58e4":188,"e70ccc25":188,"afd1494f":188,"ca6bffd3":188,"829c44a4":188,"e76e2617":188,"2b4fd52e":188,"57162572":188,"d1d50cfe":188,"9666b973":188,"653b27c7":188,"83b37fd6":188,"4d852788":188,"e43a9448":188,"3542b748":188,"379c53ab":188,"e396d80d":188,"7da61f27":188,"dc874a97":188,"85a220de":188,"40a7cdd2":188,"ac033c7b":188,"87759976":188,"4df3f62e":188,"c881a53e":188,"80c1c8b1":188,"cf52acd8":188,"a63cb4ce":188,"d3b3492b":188,"7580cfa4":188,"22a96386":188,"5c672b50":188,"5df16440":188,"b666e56d":188,"8db378ff":188,"784d6375":188,"4541bf85":188,"a6b13f20":188,"2459c882":188,"3df97186":188,"ef0490de":188,"e0f47ced":188,"309bbf54":188,"cc537772":188,"6618390c":188,"99cc0813":188,"dc32c4e1":188,"239c636e":188,"6ee160ff":188,"c55d40ca":188,"22c177a8":188,"00ae883f":188,"f416ee62":188,"0d2b182d":188,"320754c3":188,"232b2f64":188,"3171b6e7":188,"3b25460f":188,"d2064756":188
1601327282866,"f7ffcbb8":188,"5728f934":188,"00b26865":188,"c333337d":188,"815c56bc":188,"5bd61a68":188,"8582c5cf":188,"0c353665":188,"231e8700":188,"1f9fbd85":188,"43f24679":188,"a1c0dfc4":188,"78f71162":188,"4b27a9a4":188,"163f4d19":188,"1d043d5a":188,"b2f82e06":188,"5b0b43e6":188,"b5474d69":188,"5a938eeb":188,"4fe0dedf":188,"951fc6d0":188,"61892a4c":188,"f096219e":188,"a3f0a6ec":188,"01051f84":188,"aa7e370d":188,"f995eeab":188,"4006e709":188,"0dedf63e":188,"a9d5374b":188,"4321f02d":188,"089b3f8f":188,"7698d0dc":188,"784414ce":188,"2df3efdb":188,"d0f1b7bd":188,"e7799883":188,"4f9456cf":188,"6e260ee8":188,"f4f84279":188,"b0950de5":188,"6f873999":188,"a8edfe84":188,"2ed19b1e":188,"959e16ea":188,"02f76c64":188,"5c6d1f33":188,"b4801cae":188,"c3c2fd05":188,"f8c97147":188,"c2526ff3":188,"cc386067":188,"a22ffd8f":188,"3cd28a4d":188,"44a12c31":188,"45a961ca":188,"5ca978fd":188,"668e601b":188,"7552d86c":188,"02ebf3b6":188,"bb17a968":188,"4abcb85d":188,"cba26072":188,"2a718dcc":188,"c6a9a8e1":188,"1f4e0e22":188,"60d69311":188,"3b09f1de":188,"b371f44a":188,"8b6180ff":188,"8819ac24":188,"dbbf7f69":188,"dfe4a061":188,"c2bf7d51":188,"781afef6":188,"de9229a0":188,"99a5feef":188,"f6266388":188,"e64fd39c":188,"e1b3ce36":188,"625fa164":188,"0c6ae551":188,"e8f4c1dd":188,"cede8b8c":188,"ad95ff4a":188,"893a99c5":188,"d8bf32b5":188,"0eb42efe":188,"03c4ab87":188,"4e3d3af7":188,"3a4803a8":188,"f7a7de5d":188,"88854fd0":188,"8dc27d2a":188,"41d7f05d":188,"2b851827":188,"9f428a03":188,"4d504d96":188,"0533ece1":188,"bcee2ef3":188,"0afba00c":188,"04ff8100":188,"6c00d8d6":188,"ac9a02bc":188,"acfe69ed":188,"426603ff":188,"2db2f252":188,"2e84193b":188,"c55683c9":188,"51233daf":188,"02791635":188,"be081247":188,"5cc47d1b":188,"678b846f":188,"b4bd39d8":188,"b4cdbe5d":188,"fa0386f3":188,"b95d0f17":188,"cee9c347":188,"d4e56c3e":188,"0c045c2d":188,"8efd4801":188,"7eb8f268":188,"20236d3e":188,"36ae8cd8":188,"3ddd5391":188,"07f69c6d":188,"2254f0f5":188,"ea282e84":188,"6653c83b":188,"c896052c":188,"287ecd1c":188,"f9376d3e":188,"07a94e8c":188,"bb017b49":188,"37b52fe4":188,"61ad1519":188,"819c4185":188,"ba69b06b":188,"7d2a2cb4":188,"4f62491c":188,"70b4c438":188,"71ed93db":188,"c92efaa8":188,"c241ac7e":188,"62a45672":188,"210e507a":188,"ac6e268b":188,"742238e8":188
1601327283262,"7800e7ce":189,"77869ff0":189,"4b8f7b16":189,"89f75690":189,"cb363e2f":189,"cd802f02":189,"d3cca7eb":189,"e866a899":189,"5690e712":189,"0b92d2a9":189,"070bed95":189,"67e5d108":189,"3d37b94b":189,"842c97c2":189,"c4cef92b":189,"0eecdc5b":189,"b7e495ea":189,"45ec63c0":189,"0ddfde2c":189,"a8b41774":189,"81f0da2d":189,"1fcc8ba4":189,"75a9c117":189,"12ba54ec":189,"be391c1a":189,"37d8a5b7":189,"d5d94481":189,"ffe48500":189,"c7a45a33":189,"faffe099":189,"d5ab81c4":189,"2ecde685":189,"f0bd52d3":189,"dcc20f76":189,"666a8ef0":189,"c5b609f1":189,"4dc5849a":189,"d605c755":189,"8a8c1d67":189,"cc6b3306":189,"8c2dfd9a":189,"f11267b9":189,"a483b15e":189,"f80ab49d":189,"95eaed39":189,"a5ba0ebb":189,"f53362a9":189,"1901ef7e":189,"960c2e6b":189,"3515e999":189,"d11f8f1b":189,"9d9eb027":189,"325f9a29":189,"503aafe5":189,"e99490cd":189,"3b830769":189,"583f0305":189,"1557c50a":189,"249e80ab":189,"f52a3d94":189,"eb74d3dd":189,"3bcbc28d":189,"3c0455e7":189,"df203c79":189,"df1e1ac0":189,"491708eb":189,"e421caaa":189,"2d2ecf27":189,"d38a4953":189,"eba5efdd":189,"a5463f93":189,"c85ac4f8":189,"bc253f4f":189,"0d9d2bf8":189,"846b7f11":189,"d3411467":189,"1df0ce7f":189,"a08171d0":189,"c8bc5677":189,"dfca0518":189,"b9a21017":189,"e47705d3":189,"3cae4115":189,"0ccf4731":189,"c7c6782d":189,"54346574":189,"b12cbf87":189,"81942d9b":189,"699b90c1":189,"d9b5a7a8":189,"1e7914d2":189,"e5d8fdb2":189
1601327283447,"080d5d42":189,"5d03f5dc":189,"f0a01341":189,"1ee4d9f9":189,"0d6e45e7":189,"0da97151":189,"e829038c":189,"4987cfb5":189,"ba90687c":189,"77f2cf92":189,"037e2be4":189,"9e7dbd20":189,"0c086273":189,"ac13c3b0":189,"b4d9c57f":189,"5d53c964":189,"8ee9cc91":189,"4cc0af91":189,"55f6a2ba":189,"9559ea96":189,"9cb044bf":189,"16b25add":189,"80ee333e":189,"3b329af2":189,"1cd662bf":189,"72992b35":189,"47589344":189,"593b1533":189,"e9f6e5ce":189,"ed6bead5":189,"96f594b9":189,"94dfcfc5":189,"8301986e":189,"830ecfec":189,"a8bae791":189,"312009ee":189,"c98759fd":189,"e8b6d676":189,"45ee5840":189,"76f04033":189,"43480b19":189,"fd955858":189,"69798d15":189,"efea71fa":189,"fb3aa867":189,"c9cf710b":189,"fcacdeb3":189,"0ea055ed":189,"e3b1bdf8":189,"644b45fb":189,"3412ab75":189,"bcac5daf":189,"62d028cc":189,"0af2cf39":189,"27491297":189,"d041ea86":189,"1eda11b2":189,"fc442678":189,"18c73816":189,"e491161e":189,"b5087677":189,"16f60bed":189,"cb0c3481":189,"7664512c":189,"df9a53b8":189,"f6c27b2b":189,"945f6c24":189,"f1daea7e":189,"b8fb90e3":189,"56227e35":189,"0d6bf22a":189,"b87321d0":189,"43205b5d":189,"8982905a":189,"f6fe1ad7":189,"230064fa":189,"764e0abb":189,"bba6d88e":189,"ea3479ec":189,"32266fa3":189,"50b090c3":189,"8be24763":189,"eb4800b2":189,"6e0ce9dc":189,"87d9bec4":189,"e30dfa0c":189,"6da34174":189,"bfb849fa":189,"0a10b423":189,"9ef7cee7":189,"49f1a0d1":189,"5f04aa76":189,"ba297382":189,"0287db2a":189,"96abe4a9":189,"753b10b1":189,"cf14bd99":189,"782022f4":189,"322e833f":189,"ab3619e4":189,"106006ad":189,"c8237be9":189,"1416e8f5":189,"dde2eed5":189,"a208caa8":189,"16605353":189,"77b39e15":189,"f1726edb":189,"590ce3d3":189,"1802d7ce":189,"0a49914b":189,"5d3f5cad":189,"cf347cba":189,"fc0c23f7":189,"641f9b9e":189,"c92edec5":189,"9f03c1e7":189,"06c24a8d":189,"2f35e75f":189,"3eddf7c8":189,"77970f8b":189,"efd594d5":189,"4718294d":189,"5352cf45":189,"e0ffe8ff":189,"ae14d6b5":189,"721f5f42":189,"0b50bca6":189,"bf2ca266":189,"5d8d9641":189,"0de67c6c":189,"2311399f":189,"5e3ebf5e":189,"9f6ca218":189,"6213799d":189,"44cb1fd2":189,"baf19c25":189,"24a79a6e":189,"edde30af":189,"4d949e11":189,"df12f689":189,"1da10cbf":189,"832c48e4":189,"dc90a44c":189,"1ad7c45b":189,"5566c17c":189,"86a22252":189,"0000dece":189,"ce5efdbe":189,"58ace2b5":189,"d379fd96":189,"7b819458":189,"7f8024cd":189,"ae562513":189,"7b66dacd":189,"9ab137d7":189,"7191d1cd":189,"005354dd":189,"92b72493":189,"d3e58903":189,"4481c4be":189,"7954891b":189,"4afd60a9":189,"d44c0ea3":189,"68f87858":189,"533bac6b":189,"41634dba":189,"43fd1327":189,"113e7f4b":189,"8cce569a":189,"ce6401b6":189,"6f57824c":189,"28bd7aa1":189,"1d52fb0d":189,"cde0d748":189,"535ed444":189,"710f0d0e":189,"0905f1fb":189,"a20e529c":189,"1ae76fcc":189,"35b161d3":189,"344cd1a3":189,"77ea1236":189,"96d2a118":189,"23a0e41f":189,"b32a1080":189,"a2c4b591":189,"6dfa57be":189,"1854ce44":189,"f92b22f1":189,"ece12664":189,"36f4ecde":189,"568a0d58":189,"5fd569d2":189,"10c8fd03":189,"bd4ccb49":189,"e773d697":189,"7e8c11e7":189,"077eb15a":189,"5337c279":189,"8d256cb6":189,"7021c619":189,"32ae00db":189,"bf2defb2":189,"bc733a28":189,"30d32d34":189,"886c16d3":189,"e8d09b62":189,"5b09e53e":189,"da5bb0f7":189,"6d925c84":189,"50b23ab2":189,"edfa56d4":189,"899c16eb":189,"41c76041":189,"6bb1fa99":189,"d73ff72e":189,"61c0ca91":189,"d2fda7be":189,"ce20ca3c":189,"1d2d958b":189,"81fb6a01":189,"7f5b27c8":189,"fb3444d9":189,"f05de640":189,"86a68967":189,"56cd4dca":189,"7f469f4c":189,"f92dedfc":189,"355d1489":189,"f96fc1af":189,"06713bac":189,"61aca924":189,"d97fb857":189
1601327284514,"3b3569f6":189,"b01ab62a":189,"76da16fa":189,"bffee581":189,"07150038":189,"080fa362":189,"59ff5ec6":189,"ef04e64e":189,"6e2d04de":189,"2fca1798":189,"05028839":189,"5488826c":189,"84fff5c1":189,"c649992d":189,"d5ad3ed6":189,"8e5f7187":189,"55ba7579":189,"b7769ca6":189,"9c27de51":189,"38a75b48":189,"1792bfa3":189,"426f1904":189,"7c0f1ca9":189,"b2f820ac":189,"25d4f65d":189,"eddb6a2a":189,"ff8a00aa":189,"c146560b":189,"985068e7":189,"d543ba6f":189,"7b6945ad":189,"a40d08e1":189,"cec79bc2":189,"d2eff358":189,"e70aebb5":189,"a488b2f1":189,"4caa87d6":189,"f7076e21":189,"69e653b6":189,"98d2991b":189,"3b411d6a":189,"83826ef3":189,"595609d5":189,"b47f1b89":189,"8e6caf71":189,"9a3433b8":189,"b89112cb":189,"66736d5e":189,"30de89a7":189,"06aaa33f":189,"320c65bf":189,"1fa1e7c2":189,"646af2b9":189,"659389ad":189,"240c8679":189,"0718c3be":189,"8b503f7b":189,"87a8523c":189,"c416baa6":189,"ae350a07":189,"680a32a6":189,"83ba647d":189,"cb0bd6b7":189,"8e426e39":189,"51909df8":189,"e22b0973":189,"23646ff9":189,"3abb827b":189,"0c73c293":189,"88929b06":189,"08c4692e":189,"5b2479ef":189,"f1e86522":189,"fa03f48f":189,"1d882c36":189,"eb62e8f2":189,"5298dafa":189,"25f7f918":189,"c5311ebb":189,"105bb3f6":189,"58de5462":189,"f01c896d":189,"1f2670d0":189,"962c9c8f":189,"aec0bf28":189,"a017a323":189,"8801c469":189,"b6281f1a":189,"48c6df81":189,"5e165f43":189,"f8785b71":189,"ab4a411a":189,"d7a4b24c":189,"686d5c0b":189,"808bc372":189,"f15eb1c5":189,"c792a7c1":189,"71789493":189,"5a7da061":189,"5ac72353":189,"06a94514":189,"d1b14d06":189,"73c420df":189,"f6c074a7":189,"0700da70":189,"ffd6849d":189,"962fca02":189,"ff591765":189,"93f12198":189,"75968179":189,"bc8bdc23":189,"62e270e5":189,"66b1b6d7":189,"a71f3f70":189,"b062adc4":189,"1f7aa83c":189,"732d62ee":189,"4aae5133":189,"d4b0751c":189,"63a3af32":189,"3fec4b0b":189,"5b01444b":189,"faa3de3e":189,"79995b62":189,"44983d13":189,"97160db8":189,"80999122":189,"589f0d6e":189,"72af9198":189,"51b4016a":189,"46bf9112":189,"e39e9552":189,"092ad3d6":189,"81c1b70d":189,"bf940089":189,"e72f0f82":189,"88374b72":189,"01f34f98":189,"1670b0d3":189,"fdfaf1ed":189,"ea981bed":189,"ec97d63e":189,"94208a41":189,"5e197575":189,"e587c4d0":189,"2cbcad17":189,"525b2635":189,"4dccb5ca":189,"83268abf":189,"caa38a45":189,"a9987a58":189,"578c4c95":189,"b6b8e5c7":189,"c606b472":189,"e82177d3":189,"89914b94":189,"04bdf5e1":189,"da8b42be":189,"3b0576bf":189,"9458934f":189,"1dcc489c":189,"945badf3":189,"1327775b":189,"bdd40125":189,"75fd47f7":189,"1c52a07e":189,"e70ccc25":189,"afd1494f":189,"ca6bffd3":189,"829c44a4":189,"e76e2617":189,"2b4fd52e":189,"57162572":189,"d1d50cfe":189,"9666b973":189,"653b27c7":189,"83b37fd6":189,"4d852788":189,"e43a9448":189,"3542b748":189,"379c53ab":189,"e396d80d":189,"7da61f27":189,"dc874a97":189,"85a220de":189,"40a7cdd2":189,"ac033c7b":189,"272e7d0d":189,"f92596ee":189,"68831ea9":189,"9713d076":189,"fd098272":189,"6ee788a7":189,"8249641d":189,"45b0968f":189,"6a9bb182":189,"1f1afd4f":189,"25fb8826":189,"0dc5da58":189,"2874a625":189,"e61ae828":189,"f7ac3883":189,"ccd01528":189,"dab8cf68":189,"00f2a9cb":189,"916fe082":189,"b64dba8e":189,"c3bb30ce":189,"86219c70":189,"601990d8":189,"87759976":189,"4df3f62e":189,"c881a53e":189,"80c1c8b1":189,"cf52acd8":189,"a63cb4ce":189,"d3b3492b":189,"7580cfa4":189,"22a96386":189,"5c672b50":189,"5df16440":189,"b666e56d":189,"8db378ff":189,"784d6375":189,"4541bf85":189,"a6b13f20":189,"2459c882":189,"3df97186":189,"ef0490de":189,"e0f47ced":189,"309bbf54":189,"cc537772":189,"6618390c":189,"99cc0813":189,"dc32c4e1":189,"239c636e":189,"6ee160ff":189,"c55d40ca":189,"22c177a8":189,"00ae883f":189,"f416ee62":189,"0d2b182d":189,"320754c3":189,"232b2f64":189,"3171b6e7":189,"3b25460f":189,"d2064756":189,"5c662c19":189,"d2a5d2fd":189,"89d220c2":189,"3e10c9cb":189,"5500a3e8":189,"3c0e87ac":189,"a891461f":189,"a246cdab":189,"117c7f0b":189,"0d21cf99":189,"14e6fe14":189,"37ec5e73":189,"bfff7913":189,"f8636899":189,"37724339":189,"d45d9727":189,"ee5ff2a3":189,"44322dfd":189,"295e4d1d":189,"8cf6570a":189,"403064a0":189,"312af46e":189,"b5a9f8c3":189,"fcbc0ae8":189,"2ff6b6a8":189,"66a71cc1":189,"bf4b58e4":189,"f7ffcbb8":189,"5728f934":189,"00b26865":189,"c333337d":189,"815c56bc":189,"5bd61a68":189,"8582c5cf":189,"0c353665":189,"231e8700":189,"1f9fbd85":189,"43f24679":189,"a1c0dfc4":189,"78f71162":189,"4b27a9a4":189,"163f4d19":189,"1d043d5a":189,"b2f82e06":189,"5b0b43e6":189,"b5474d69":189,"5a938eeb":189,"4fe0dedf":189,"951fc6d0":189,"61892a4c":189,"f096219e":189,"a3f0a6ec":189,"01051f84":189,"aa7e370d":189,"f995eeab":189,"4006e709":189,"0dedf63e":189,"a9d5374b":189,"4321f02d":189,"089b3f8f":189,"7698d0dc":189,"784414ce":189,"2df3efdb":189,"d0f1b7bd":189,"e7799883":189,"4f9456cf":189,"6e260ee8":189,"f4f84279":189,"b0950de5":189,"6f873999":189,"1f4e0e22":189,"60d69311":189,"3b09f1de":189,"b371f44a":189,"8b6180ff":189,"8819ac24":189,"dbbf7f69":189,"dfe4a061":189,"c2bf7d51":189,"781afef6":189,"de9229a0":189,"99a5feef":189,"f6266388":189,"e64fd39c":189,"e1b3ce36":189,"625fa164":189,"0c6ae551":189,"a8edfe84":189,"2ed19b1e":189,"959e16ea":189,"02f76c64":189,"5c6d1f33":189,"b4801cae":189,"c3c2fd05":189,"f8c97147":189,"c2526ff3":189,"cc386067":189,"a22ffd8f":189,"3cd28a4d":189,"44a12c31":189,"45a961ca":189,"5ca978fd":189,"668e601b":189,"7552d86c":189,"e8f4c1dd":189,"cede8b8c":189,"ad95ff4a":189,"893a99c5":189,"d8bf32b5":189,"0eb42efe":189,"03c4ab87":189,"4e3d3af7":189,"3a4803a8":189,"f7a7de5d":189,"d4e56c3e":189,"0c045c2d":189,"8efd4801":189,"7eb8f268":189,"20236d3e":189,"36ae8cd8":189,"3ddd5391":189,"07f69c6d":189,"2254f0f5":189,"ea282e84":189,"6653c83b":189,"c896052c":189,"287ecd1c":189,"f9376d3e":189,"07a94e8c":189,"bb017b49":189,"37b52fe4":189,"61ad1519":189,"819c4185":189,"ba69b06b":189,"7d2a2cb4":189,"4f62491c":189,"70b4c438":189,"71ed93db":189,"c92efaa8":189,"02ebf3b6":189,"bb17a968":189,"4abcb85d":189,"cba26072":189,"2a718dcc":189,"c6a9a8e1":189,"88854fd0":189,"8dc27d2a":189,"41d7f05d":189,"2b851827":189,"9f428a03":189,"4d504d96":189,"0533ece1":189,"bcee2ef3":189,"0afba00c":189,"04ff8100":189,"6c00d8d6":189,"ac9a02bc":189,"acfe69ed":189,"426603ff":189,"2db2f252":189,"2e84193b":189,"c55683c9":189,"51233daf":189,"02791635":189,"be081247":189,"5cc47d1b":189,"678b846f":189,"b4bd39d8":189,"b4cdbe5d":189,"fa0386f3":189,"b95d0f17":189,"cee9c347":189,"c241ac7e":189,"62a45672":189,"210e507a":189,"ac6e268b":189,"742238e8":189
1601327285315,"7800e7ce":190,"77869ff0":190,"4b8f7b16":190,"89f75690":190,"cb363e2f":190,"cd802f02":190,"d3cca7eb":190,"e866a899":190,"5690e712":190,"0b92d2a9":190,"070bed95":190,"67e5d108":190,"3d37b94b":190,"842c97c2":190,"c4cef92b":190,"0eecdc5b":190,"b7e495ea":190,"45ec63c0":190,"0ddfde2c":190,"a8b41774":190,"81f0da2d":190,"1fcc8ba4":190,"75a9c117":190,"12ba54ec":190,"be391c1a":190,"37d8a5b7":190,"d5ab81c4":190,"2ecde685":190,"f0bd52d3":190,"dcc20f76":190,"666a8ef0":190,"c5b609f1":190,"4dc5849a":190,"d605c755":190,"8a8c1d67":190,"cc6b3306":190,"8c2dfd9a":190,"f11267b9":190,"a483b15e":190,"f80ab49d":190,"95eaed39":190,"a5ba0ebb":190,"f53362a9":190,"1901ef7e":190,"960c2e6b":190,"3515e999":190,"d11f8f1b":190,"9d9eb027":190,"325f9a29":190,"503aafe5":190,"d5d94481":190,"ffe48500":190,"c7a45a33":190,"faffe099":190,"e99490cd":190,"3b830769":190,"583f0305":190,"1557c50a":190,"249e80ab":190,"f52a3d94":190,"eb74d3dd":190,"3bcbc28d":190,"3c0455e7":190,"df203c79":190,"df1e1ac0":190,"491708eb":190,"e421caaa":190,"2d2ecf27":190,"d38a4953":190,"eba5efdd":190,"a5463f93":190,"080d5d42":190,"5d03f5dc":190,"f0a01341":190,"c85ac4f8":190,"bc253f4f":190,"0d9d2bf8":190,"846b7f11":190,"d3411467":190,"1df0ce7f":190,"a08171d0":190,"c8bc5677":190,"dfca0518":190,"b9a21017":190,"e47705d3":190,"3cae4115":190,"0ccf4731":190,"c7c6782d":190,"54346574":190,"b12cbf87":190,"81942d9b":190,"699b90c1":190,"d9b5a7a8":190,"1e7914d2":190,"e5d8fdb2":190,"3412ab75":190,"bcac5daf":190,"62d028cc":190,"0af2cf39":190,"27491297":190,"d041ea86":190,"1eda11b2":190,"fc442678":190,"18c73816":190,"e491161e":190,"1ee4d9f9":190,"0d6e45e7":190,"0da97151":190,"e829038c":190,"4987cfb5":190,"ba90687c":190,"77f2cf92":190,"037e2be4":190,"9e7dbd20":190,"0c086273":190,"ac13c3b0":190,"b4d9c57f":190,"5d53c964":190,"8ee9cc91":190,"4cc0af91":190,"55f6a2ba":190,"9559ea96":190,"9cb044bf":190,"16b25add":190,"80ee333e":190,"3b329af2":190,"1cd662bf":190,"72992b35":190,"47589344":190,"593b1533":190,"e9f6e5ce":190,"ed6bead5":190,"96f594b9":190,"94dfcfc5":190,"8301986e":190,"830ecfec":190,"a8bae791":190,"312009ee":190,"c98759fd":190,"e8b6d676":190,"45ee5840":190,"76f04033":190,"43480b19":190,"fd955858":190,"b5087677":190,"16f60bed":190,"cb0c3481":190,"7664512c":190,"df9a53b8":190,"f6c27b2b":190,"945f6c24":190
1601327286032,"69798d15":190,"efea71fa":190,"fb3aa867":190,"c9cf710b":190,"fcacdeb3":190,"0ea055ed":190,"e3b1bdf8":190,"644b45fb":190,"590ce3d3":190,"1802d7ce":190,"0a49914b":190,"5d3f5cad":190,"cf347cba":190,"fc0c23f7":190,"641f9b9e":190,"c92edec5":190,"9f03c1e7":190,"06c24a8d":190,"2f35e75f":190,"3eddf7c8":190,"77970f8b":190,"efd594d5":190,"4718294d":190,"5352cf45":190,"e0ffe8ff":190,"ae14d6b5":190,"721f5f42":190,"0b50bca6":190,"bf2ca266":190,"5d8d9641":190,"0de67c6c":190,"2311399f":190,"5e3ebf5e":190,"9f6ca218":190,"6213799d":190,"44cb1fd2":190,"baf19c25":190,"24a79a6e":190,"edde30af":190,"4d949e11":190,"df12f689":190,"1da10cbf":190,"832c48e4":190,"dc90a44c":190,"1ad7c45b":190,"5566c17c":190,"86a22252":190,"0000dece":190,"ce5efdbe":190,"58ace2b5":190,"d379fd96":190,"7b819458":190,"7f8024cd":190,"ae562513":190,"7b66dacd":190,"9ab137d7":190,"7191d1cd":190,"005354dd":190,"0a10b423":190,"9ef7cee7":190,"49f1a0d1":190,"5f04aa76":190,"ba297382":190,"0287db2a":190,"96abe4a9":190,"753b10b1":190,"cf14bd99":190,"782022f4":190,"322e833f":190,"ab3619e4":190,"106006ad":190,"c8237be9":190,"1416e8f5":190,"dde2eed5":190,"a208caa8":190,"16605353":190,"77b39e15":190,"f1726edb":190,"f1daea7e":190,"b8fb90e3":190,"56227e35":190,"0d6bf22a":190,"b87321d0":190,"43205b5d":190,"8982905a":190,"f6fe1ad7":190,"230064fa":190,"764e0abb":190,"bba6d88e":190,"ea3479ec":190,"32266fa3":190,"50b090c3":190,"8be24763":190,"eb4800b2":190,"6e0ce9dc":190,"87d9bec4":190,"e30dfa0c":190,"6da34174":190,"bfb849fa":190,"5b09e53e":190,"da5bb0f7":190,"6d925c84":190,"50b23ab2":190,"edfa56d4":190,"899c16eb":190,"41c76041":190,"6bb1fa99":190,"d73ff72e":190,"61c0ca91":190,"d2fda7be":190,"ce20ca3c":190,"1d2d958b":190,"81fb6a01":190,"7f5b27c8":190,"fb3444d9":190,"f05de640":190,"86a68967":190,"56cd4dca":190,"7f469f4c":190,"f92dedfc":190,"355d1489":190,"f96fc1af":190,"06713bac":190,"61aca924":190,"d97fb857":190,"59ff5ec6":190,"ef04e64e":190,"ece12664":190,"36f4ecde":190,"568a0d58":190,"5fd569d2":190,"10c8fd03":190,"bd4ccb49":190,"e773d697":190,"7e8c11e7":190,"077eb15a":190,"5337c279":190,"8d256cb6":190,"7021c619":190,"32ae00db":190,"bf2defb2":190,"bc733a28":190,"30d32d34":190,"886c16d3":190,"e8d09b62":190,"92b72493":190,"d3e58903":190,"4481c4be":190,"7954891b":190,"4afd60a9":190,"d44c0ea3":190,"68f87858":190,"533bac6b":190,"41634dba":190,"43fd1327":190,"113e7f4b":190,"8cce569a":190,"ce6401b6":190,"6f57824c":190,"28bd7aa1":190,"1d52fb0d":190,"cde0d748":190,"535ed444":190,"710f0d0e":190,"0905f1fb":190,"a20e529c":190,"1ae76fcc":190,"35b161d3":190,"344cd1a3":190,"77ea1236":190,"96d2a118":190,"23a0e41f":190,"b32a1080":190,"a2c4b591":190,"6dfa57be":190,"1854ce44":190,"f92b22f1":190,"3b3569f6":190,"b01ab62a":190,"76da16fa":190,"bffee581":190,"07150038":190,"080fa362":190,"7b6945ad":190,"6e2d04de":190,"2fca1798":190,"05028839":190,"5488826c":190,"84fff5c1":190,"c649992d":190,"d5ad3ed6":190,"8e5f7187":190,"55ba7579":190,"b7769ca6":190,"9c27de51":190,"38a75b48":190,"1792bfa3":190,"426f1904":190,"7c0f1ca9":190,"b2f820ac":190,"25d4f65d":190,"eddb6a2a":190,"ff8a00aa":190,"c146560b":190,"985068e7":190,"d543ba6f":190,"a40d08e1":190,"cec79bc2":190,"d2eff358":190,"e70aebb5":190,"a488b2f1":190,"4caa87d6":190,"f7076e21":190,"69e653b6":190,"98d2991b":190,"3b411d6a":190,"83826ef3":190,"595609d5":190,"b47f1b89":190,"8e6caf71":190,"9a3433b8":190,"b89112cb":190,"66736d5e":190,"30de89a7":190,"06aaa33f":190,"320c65bf":190,"1fa1e7c2":190,"646af2b9":190,"659389ad":190,"240c8679":190,"0718c3be":190,"8b503f7b":190,"87a8523c":190,"c416baa6":190,"ae350a07":190,"680a32a6":190,"83ba647d":190,"cb0bd6b7":190,"8e426e39":190,"51909df8":190,"e22b0973":190,"23646ff9":190,"3abb827b":190,"0c73c293":190,"88929b06":190,"08c4692e":190,"5b2479ef":190,"1d882c36":190,"eb62e8f2":190,"f1e86522":190,"fa03f48f":190,"5298dafa":190,"25f7f918":190,"c5311ebb":190,"105bb3f6":190,"58de5462":190,"f01c896d":190,"1f2670d0":190,"962c9c8f":190,"aec0bf28":190,"a017a323":190,"8801c469":190,"b6281f1a":190,"48c6df81":190,"5e165f43":190,"f8785b71":190,"ab4a411a":190,"d7a4b24c":190,"808bc372":190,"686d5c0b":190,"c792a7c1":190,"5a7da061":190,"f15eb1c5":190,"06a94514":190,"71789493":190,"5ac72353":190,"73c420df":190,"0700da70":190,"d1b14d06":190,"f6c074a7":190,"ff591765":190,"ffd6849d":190,"93f12198":190,"962fca02":190,"62e270e5":190,"66b1b6d7":190,"75968179":190,"bc8bdc23":190,"b062adc4":190,"a71f3f70":190,"4aae5133":190,"63a3af32":190,"1f7aa83c":190,"732d62ee":190,"3fec4b0b":190,"faa3de3e":190,"d4b0751c":190,"5b01444b":190,"44983d13":190,"79995b62":190,"80999122":190,"72af9198":190,"97160db8":190,"e39e9552":190,"589f0d6e":190,"51b4016a":190,"81c1b70d":190,"e72f0f82":190,"46bf9112":190,"88374b72":190,"092ad3d6":190,"fdfaf1ed":190,"bf940089":190,"ea981bed":190,"01f34f98":190,"1670b0d3":190,"5e197575":190,"ec97d63e":190,"e587c4d0":190,"94208a41":190,"525b2635":190,"caa38a45":190,"2cbcad17":190,"4dccb5ca":190,"a9987a58":190,"b6b8e5c7":190,"83268abf":190,"578c4c95":190,"e82177d3":190,"c606b472":190,"89914b94":190,"04bdf5e1":190,"da8b42be":190,"3b0576bf":190,"9666b973":190,"653b27c7":190,"83b37fd6":190,"4d852788":190,"e43a9448":190,"3542b748":190,"379c53ab":190,"e396d80d":190,"7da61f27":190,"dc874a97":190,"85a220de":190,"40a7cdd2":190,"ac033c7b":190,"87759976":190,"4df3f62e":190,"c881a53e":190,"80c1c8b1":190,"9458934f":190,"1dcc489c":190,"945badf3":190,"1327775b":190,"bdd40125":190,"75fd47f7":190,"1c52a07e":190,"e70ccc25":190,"afd1494f":190,"ca6bffd3":190,"829c44a4":190,"e76e2617":190,"2b4fd52e":190,"57162572":190,"d1d50cfe":190,"272e7d0d":190,"f92596ee":190,"68831ea9":190,"9713d076":190,"fd098272":190,"6ee788a7":190,"8249641d":190,"45b0968f":190,"6a9bb182":190,"1f1afd4f":190,"25fb8826":190,"0dc5da58":190,"2874a625":190,"e61ae828":190,"f7ac3883":190,"ccd01528":190,"dab8cf68":190,"00f2a9cb":190,"916fe082":190,"b64dba8e":190,"c3bb30ce":190,"86219c70":190,"601990d8":190,"5c662c19":190,"d2a5d2fd":190,"89d220c2":190,"3e10c9cb":190,"5500a3e8":190,"f7ffcbb8":190,"5728f934":190,"cf52acd8":190,"a63cb4ce":190,"d3b3492b":190,"7580cfa4":190,"22a96386":190,"5c672b50":190,"5df16440":190,"b666e56d":190,"8db378ff":190,"784d6375":190,"4541bf85":190,"a6b13f20":190,"2459c882":190,"3df97186":190,"ef0490de":190,"e0f47ced":190,"309bbf54":190,"cc537772":190,"6618390c":190,"99cc0813":190,"dc32c4e1":190,"239c636e":190,"6ee160ff":190,"c55d40ca":190,"22c177a8":190,"00ae883f":190,"f416ee62":190,"0d2b182d":190,"320754c3":190,"232b2f64":190,"3171b6e7":190,"3b25460f":190,"d2064756":190
1601327286475,"00b26865":190,"c333337d":190,"815c56bc":190,"5bd61a68":190,"8582c5cf":190,"3c0e87ac":190,"a891461f":190,"a246cdab":190,"117c7f0b":190,"0d21cf99":190,"14e6fe14":190,"37ec5e73":190,"bfff7913":190,"f8636899":190,"37724339":190,"d45d9727":190,"ee5ff2a3":190,"44322dfd":190,"295e4d1d":190,"8cf6570a":190,"403064a0":190,"312af46e":190,"b5a9f8c3":190,"fcbc0ae8":190,"2ff6b6a8":190,"66a71cc1":190,"bf4b58e4":190,"0c353665":190,"231e8700":190,"1f9fbd85":190,"43f24679":190,"a1c0dfc4":190,"78f71162":190,"4b27a9a4":190,"163f4d19":190,"1d043d5a":190,"b2f82e06":190,"5b0b43e6":190,"b5474d69":190,"5a938eeb":190,"4fe0dedf":190,"951fc6d0":190,"61892a4c":190,"f096219e":190,"a3f0a6ec":190,"01051f84":190,"aa7e370d":190,"f995eeab":190,"4006e709":190,"0dedf63e":190,"a9d5374b":190,"4321f02d":190,"089b3f8f":190,"7698d0dc":190,"784414ce":190,"2df3efdb":190,"d0f1b7bd":190,"e7799883":190,"4f9456cf":190,"6e260ee8":190,"f4f84279":190,"b0950de5":190,"6f873999":190,"1f4e0e22":190,"60d69311":190,"3b09f1de":190,"b371f44a":190,"8b6180ff":190,"8819ac24":190,"dbbf7f69":190,"dfe4a061":190,"c2bf7d51":190,"781afef6":190,"de9229a0":190,"99a5feef":190,"f6266388":190,"e64fd39c":190,"e1b3ce36":190,"625fa164":190,"0c6ae551":190,"e8f4c1dd":190,"cede8b8c":190,"ad95ff4a":190,"893a99c5":190,"d8bf32b5":190,"0eb42efe":190,"03c4ab87":190,"4e3d3af7":190,"3a4803a8":190,"f7a7de5d":190,"d4e56c3e":190,"0c045c2d":190,"8efd4801":190,"7eb8f268":190,"20236d3e":190,"36ae8cd8":190,"3ddd5391":190,"07f69c6d":190,"2254f0f5":190,"ea282e84":190,"6653c83b":190,"a8edfe84":190,"2ed19b1e":190,"959e16ea":190,"02f76c64":190,"5c6d1f33":190,"b4801cae":190,"c3c2fd05":190,"f8c97147":190,"c2526ff3":190,"cc386067":190,"a22ffd8f":190,"3cd28a4d":190,"44a12c31":190,"45a961ca":190,"5ca978fd":190,"668e601b":190,"7552d86c":190,"02ebf3b6":190,"bb17a968":190,"4abcb85d":190,"cba26072":190,"2a718dcc":190,"c6a9a8e1":190,"88854fd0":190,"c896052c":190,"287ecd1c":190,"f9376d3e":190,"07a94e8c":190,"bb017b49":190,"37b52fe4":190,"61ad1519":190,"819c4185":190,"ba69b06b":190,"7d2a2cb4":190,"4f62491c":190,"70b4c438":190,"71ed93db":190,"c92efaa8":190,"c241ac7e":190,"62a45672":190,"210e507a":190,"ac6e268b":190,"742238e8":190,"8dc27d2a":190,"41d7f05d":190,"2b851827":190,"9f428a03":190,"4d504d96":190,"0533ece1":190,"bcee2ef3":190,"0afba00c":190,"04ff8100":190,"6c00d8d6":190,"ac9a02bc":190,"acfe69ed":190,"426603ff":190,"2db2f252":190,"2e84193b":190,"c55683c9":190,"51233daf":190,"02791635":190,"be081247":190,"5cc47d1b":190,"678b846f":190,"b4bd39d8":190,"b4cdbe5d":190,"fa0386f3":190,"b95d0f17":190,"cee9c347":190
1601327286907,"7800e7ce":191,"77869ff0":191,"4b8f7b16":191,"89f75690":191,"cb363e2f":191,"cd802f02":191,"d3cca7eb":191,"e866a899":191,"5690e712":191,"0b92d2a9":191,"070bed95":191,"67e5d108":191,"3d37b94b":191,"842c97c2":191,"c4cef92b":191,"0eecdc5b":191,"b7e495ea":191,"45ec63c0":191,"0ddfde2c":191,"a8b41774":191,"81f0da2d":191,"1fcc8ba4":191,"75a9c117":191,"12ba54ec":191,"be391c1a":191,"37d8a5b7":191,"d5ab81c4":191,"2ecde685":191,"f0bd52d3":191,"dcc20f76":191,"666a8ef0":191,"c5b609f1":191,"4dc5849a":191,"d605c755":191,"8a8c1d67":191,"cc6b3306":191,"8c2dfd9a":191,"f11267b9":191,"a483b15e":191,"f80ab49d":191,"95eaed39":191,"a5ba0ebb":191,"f53362a9":191,"1901ef7e":191,"960c2e6b":191,"3515e999":191,"d11f8f1b":191,"9d9eb027":191,"325f9a29":191,"503aafe5":191,"080d5d42":191,"5d03f5dc":191,"f0a01341":191,"1ee4d9f9":191,"0d6e45e7":191,"0da97151":191,"e829038c":191,"4987cfb5":191,"ba90687c":191,"d5d94481":191,"ffe48500":191,"c7a45a33":191,"faffe099":191,"e99490cd":191,"3b830769":191,"583f0305":191,"1557c50a":191,"249e80ab":191,"f52a3d94":191,"eb74d3dd":191,"3bcbc28d":191,"3c0455e7":191,"df203c79":191,"df1e1ac0":191,"491708eb":191,"e421caaa":191,"2d2ecf27":191,"d38a4953":191,"eba5efdd":191,"a5463f93":191,"c85ac4f8":191,"bc253f4f":191,"0d9d2bf8":191,"846b7f11":191,"d3411467":191,"1df0ce7f":191,"a08171d0":191
1601327287355,"c8bc5677":191,"dfca0518":191,"b9a21017":191,"e47705d3":191,"3cae4115":191,"0ccf4731":191,"c7c6782d":191,"54346574":191,"b12cbf87":191,"81942d9b":191,"699b90c1":191,"d9b5a7a8":191,"1e7914d2":191,"e5d8fdb2":191,"3412ab75":191,"bcac5daf":191,"62d028cc":191,"0af2cf39":191,"27491297":191,"d041ea86":191,"1eda11b2":191,"fc442678":191,"77f2cf92":191,"037e2be4":191,"9e7dbd20":191,"0c086273":191,"ac13c3b0":191,"b4d9c57f":191,"5d53c964":191,"8ee9cc91":191,"4cc0af91":191,"55f6a2ba":191,"9559ea96":191,"9cb044bf":191,"16b25add":191,"80ee333e":191,"3b329af2":191,"1cd662bf":191,"72992b35":191,"47589344":191,"593b1533":191,"e9f6e5ce":191,"ed6bead5":191,"96f594b9":191,"94dfcfc5":191,"8301986e":191,"830ecfec":191,"a8bae791":191,"312009ee":191,"c98759fd":191,"e8b6d676":191,"45ee5840":191,"76f04033":191,"43480b19":191,"fd955858":191,"69798d15":191,"efea71fa":191,"fb3aa867":191,"c9cf710b":191,"fcacdeb3":191,"0ea055ed":191,"e3b1bdf8":191,"644b45fb":191,"18c73816":191,"e491161e":191,"b5087677":191,"16f60bed":191,"cb0c3481":191,"7664512c":191,"df9a53b8":191,"f6c27b2b":191,"945f6c24":191,"f1daea7e":191,"b8fb90e3":191,"56227e35":191,"0d6bf22a":191,"b87321d0":191,"43205b5d":191,"8982905a":191,"f6fe1ad7":191,"230064fa":191,"764e0abb":191,"bba6d88e":191,"ea3479ec":191,"32266fa3":191,"50b090c3":191,"8be24763":191,"eb4800b2":191,"6e0ce9dc":191,"87d9bec4":191,"e30dfa0c":191,"6da34174":191,"bfb849fa":191,"0a10b423":191,"9ef7cee7":191,"49f1a0d1":191,"5f04aa76":191,"ba297382":191,"0287db2a":191,"96abe4a9":191,"753b10b1":191,"cf14bd99":191,"782022f4":191,"322e833f":191,"ab3619e4":191,"106006ad":191,"c8237be9":191,"1416e8f5":191,"dde2eed5":191,"a208caa8":191,"16605353":191,"77b39e15":191,"f1726edb":191,"590ce3d3":191,"1802d7ce":191,"0a49914b":191,"5d3f5cad":191,"cf347cba":191,"fc0c23f7":191,"641f9b9e":191,"c92edec5":191,"9f03c1e7":191,"06c24a8d":191,"2f35e75f":191,"3eddf7c8":191,"77970f8b":191,"efd594d5":191,"4718294d":191,"5352cf45":191,"e0ffe8ff":191,"ae14d6b5":191,"721f5f42":191,"92b72493":191,"d3e58903":191,"4481c4be":191,"7954891b":191,"4afd60a9":191,"d44c0ea3":191,"68f87858":191,"533bac6b":191,"41634dba":191,"43fd1327":191,"113e7f4b":191,"8cce569a":191,"ce6401b6":191,"6f57824c":191,"28bd7aa1":191,"1d52fb0d":191,"cde0d748":191,"535ed444":191,"710f0d0e":191,"0905f1fb":191,"a20e529c":191,"1ae76fcc":191,"35b161d3":191,"344cd1a3":191,"77ea1236":191,"96d2a118":191,"23a0e41f":191,"b32a1080":191,"a2c4b591":191,"5b09e53e":191,"da5bb0f7":191,"6d925c84":191,"50b23ab2":191,"edfa56d4":191,"899c16eb":191,"41c76041":191,"6bb1fa99":191,"d73ff72e":191,"61c0ca91":191,"d2fda7be":191,"ce20ca3c":191,"1d2d958b":191,"81fb6a01":191,"7f5b27c8":191,"fb3444d9":191,"0b50bca6":191,"bf2ca266":191,"5d8d9641":191,"0de67c6c":191,"2311399f":191,"5e3ebf5e":191,"9f6ca218":191,"6213799d":191,"44cb1fd2":191,"baf19c25":191,"24a79a6e":191,"edde30af":191,"4d949e11":191,"df12f689":191,"1da10cbf":191,"832c48e4":191,"dc90a44c":191,"1ad7c45b":191,"5566c17c":191,"86a22252":191,"0000dece":191,"ce5efdbe":191,"58ace2b5":191,"d379fd96":191,"7b819458":191,"7f8024cd":191,"ae562513":191,"7b66dacd":191,"9ab137d7":191,"7191d1cd":191,"005354dd":191,"6dfa57be":191,"1854ce44":191,"f92b22f1":191,"ece12664":191,"36f4ecde":191,"568a0d58":191,"5fd569d2":191,"10c8fd03":191,"bd4ccb49":191,"e773d697":191,"7e8c11e7":191,"077eb15a":191,"5337c279":191,"8d256cb6":191,"7021c619":191,"32ae00db":191,"bf2defb2":191,"bc733a28":191,"30d32d34":191,"886c16d3":191,"e8d09b62":191
1601327288006,"f05de640":191,"86a68967":191,"56cd4dca":191,"7f469f4c":191,"f92dedfc":191,"355d1489":191,"f96fc1af":191,"06713bac":191,"61aca924":191,"d97fb857":191,"59ff5ec6":191,"ef04e64e":191,"6e2d04de":191,"2fca1798":191,"05028839":191,"5488826c":191,"84fff5c1":191,"c649992d":191,"d5ad3ed6":191,"8e5f7187":191,"55ba7579":191,"b7769ca6":191,"9c27de51":191,"38a75b48":191,"1792bfa3":191,"426f1904":191,"7c0f1ca9":191,"b2f820ac":191,"25d4f65d":191,"eddb6a2a":191,"ff8a00aa":191,"c146560b":191,"985068e7":191,"d543ba6f":191,"3b3569f6":191,"b01ab62a":191,"76da16fa":191,"bffee581":191,"07150038":191,"080fa362":191,"7b6945ad":191,"a40d08e1":191,"9666b973":191,"653b27c7":191,"83b37fd6":191,"4d852788":191,"e43a9448":191,"3542b748":191,"379c53ab":191,"e396d80d":191,"7da61f27":191,"dc874a97":191,"85a220de":191,"40a7cdd2":191,"ac033c7b":191,"87759976":191,"272e7d0d":191,"f92596ee":191,"68831ea9":191,"9713d076":191,"fd098272":191,"6ee788a7":191,"8249641d":191,"45b0968f":191,"6a9bb182":191,"1f1afd4f":191,"25fb8826":191,"0dc5da58":191,"2874a625":191,"e61ae828":191,"f7ac3883":191,"ccd01528":191,"dab8cf68":191,"00f2a9cb":191,"916fe082":191,"b64dba8e":191,"c3bb30ce":191,"86219c70":191,"601990d8":191,"5c662c19":191,"d2a5d2fd":191,"f7ffcbb8":191,"5728f934":191,"00b26865":191,"c333337d":191,"cec79bc2":191,"d2eff358":191,"e70aebb5":191,"a488b2f1":191,"4caa87d6":191,"f7076e21":191,"69e653b6":191,"98d2991b":191,"3b411d6a":191,"83826ef3":191,"595609d5":191,"b47f1b89":191,"8e6caf71":191,"9a3433b8":191,"b89112cb":191,"66736d5e":191,"30de89a7":191,"06aaa33f":191,"320c65bf":191,"1fa1e7c2":191,"646af2b9":191,"659389ad":191,"240c8679":191,"0718c3be":191,"8b503f7b":191,"87a8523c":191,"c416baa6":191,"ae350a07":191,"680a32a6":191,"83ba647d":191,"cb0bd6b7":191,"8e426e39":191,"51909df8":191,"e22b0973":191,"23646ff9":191,"3abb827b":191,"0c73c293":191,"815c56bc":191,"5bd61a68":191,"8582c5cf":191,"4df3f62e":191,"c881a53e":191,"80c1c8b1":191,"cf52acd8":191,"a63cb4ce":191,"d3b3492b":191,"7580cfa4":191,"22a96386":191,"5c672b50":191,"5df16440":191,"b666e56d":191,"8db378ff":191,"784d6375":191,"4541bf85":191,"a6b13f20":191,"2459c882":191,"3df97186":191,"ef0490de":191,"e0f47ced":191,"309bbf54":191,"cc537772":191,"6618390c":191,"99cc0813":191,"dc32c4e1":191,"239c636e":191,"6ee160ff":191,"c55d40ca":191,"22c177a8":191,"00ae883f":191,"f416ee62":191,"0d2b182d":191,"320754c3":191,"232b2f64":191,"3171b6e7":191,"3b25460f":191,"0c353665":191,"89d220c2":191,"3e10c9cb":191,"5500a3e8":191,"3c0e87ac":191,"a891461f":191,"a246cdab":191,"117c7f0b":191,"0d21cf99":191,"14e6fe14":191,"37ec5e73":191,"bfff7913":191,"f8636899":191,"37724339":191,"d45d9727":191,"ee5ff2a3":191,"44322dfd":191,"295e4d1d":191,"8cf6570a":191,"403064a0":191,"312af46e":191,"b5a9f8c3":191,"fcbc0ae8":191,"2ff6b6a8":191,"66a71cc1":191,"bf4b58e4":191,"231e8700":191,"1f9fbd85":191,"43f24679":191,"a1c0dfc4":191,"78f71162":191,"4b27a9a4":191,"163f4d19":191,"1d043d5a":191,"b2f82e06":191,"5b0b43e6":191,"b5474d69":191,"5a938eeb":191,"4fe0dedf":191,"1327775b":191,"bdd40125":191,"75fd47f7":191,"1c52a07e":191,"e70ccc25":191,"afd1494f":191,"ca6bffd3":191,"829c44a4":191,"e76e2617":191,"2b4fd52e":191,"57162572":191,"d1d50cfe":191,"951fc6d0":191,"61892a4c":191,"f096219e":191,"a3f0a6ec":191,"88929b06":191,"08c4692e":191,"5b2479ef":191,"1d882c36":191,"eb62e8f2":191,"f1e86522":191,"fa03f48f":191,"5298dafa":191,"25f7f918":191,"c5311ebb":191,"105bb3f6":191,"58de5462":191,"f01c896d":191,"1f2670d0":191,"962c9c8f":191,"aec0bf28":191,"a017a323":191,"8801c469":191,"b6281f1a":191,"48c6df81":191,"5e165f43":191,"f8785b71":191,"ab4a411a":191,"d7a4b24c":191,"686d5c0b":191,"f15eb1c5":191,"71789493":191,"5ac72353":191,"d1b14d06":191,"808bc372":191,"f6c074a7":191,"c792a7c1":191,"ffd6849d":191,"5a7da061":191,"962fca02":191,"06a94514":191,"01051f84":191,"aa7e370d":191,"f995eeab":191,"75968179":191,"73c420df":191,"bc8bdc23":191,"0700da70":191,"a71f3f70":191,"ff591765":191,"1f7aa83c":191,"93f12198":191,"732d62ee":191,"62e270e5":191,"d4b0751c":191,"66b1b6d7":191,"5b01444b":191,"b062adc4":191,"79995b62":191,"4aae5133":191,"97160db8":191,"589f0d6e":191,"63a3af32":191,"51b4016a":191,"3fec4b0b":191,"46bf9112":191,"faa3de3e":191,"092ad3d6":191,"44983d13":191,"80999122":191,"bf940089":191,"72af9198":191,"01f34f98":191,"1670b0d3":191,"e39e9552":191,"ec97d63e":191,"81c1b70d":191,"e72f0f82":191,"94208a41":191,"88374b72":191,"2cbcad17":191,"4dccb5ca":191,"fdfaf1ed":191,"83268abf":191,"ea981bed":191,"5e197575":191,"578c4c95":191,"e587c4d0":191,"c606b472":191,"525b2635":191,"caa38a45":191,"a9987a58":191,"b6b8e5c7":191,"e82177d3":191,"89914b94":191,"04bdf5e1":191,"da8b42be":191,"3b0576bf":191,"9458934f":191,"1dcc489c":191,"945badf3":191,"4006e709":191,"0dedf63e":191,"a9d5374b":191,"4321f02d":191,"089b3f8f":191,"7698d0dc":191,"d2064756":191,"784414ce":191,"2df3efdb":191,"d0f1b7bd":191,"e7799883":191,"4f9456cf":191,"6e260ee8":191,"f4f84279":191,"b0950de5":191,"6f873999":191,"1f4e0e22":191,"60d69311":191,"3b09f1de":191,"b371f44a":191,"8b6180ff":191,"8819ac24":191,"dbbf7f69":191,"dfe4a061":191,"c2bf7d51":191,"781afef6":191,"de9229a0":191,"99a5feef":191,"f6266388":191,"e64fd39c":191,"e1b3ce36":191,"625fa164":191,"0c6ae551":191,"e8f4c1dd":191,"cede8b8c":191,"ad95ff4a":191,"893a99c5":191,"d8bf32b5":191,"0eb42efe":191,"03c4ab87":191,"4e3d3af7":191,"3a4803a8":191,"f7a7de5d":191,"d4e56c3e":191,"0c045c2d":191,"8efd4801":191,"7eb8f268":191,"20236d3e":191,"36ae8cd8":191,"3ddd5391":191,"07f69c6d":191,"2254f0f5":191,"ea282e84":191,"6653c83b":191,"a8edfe84":191,"2ed19b1e":191,"959e16ea":191,"02f76c64":191,"5c6d1f33":191,"b4801cae":191,"c3c2fd05":191,"f8c97147":191,"c2526ff3":191,"cc386067":191,"a22ffd8f":191,"3cd28a4d":191,"44a12c31":191,"45a961ca":191,"5ca978fd":191,"668e601b":191,"7552d86c":191,"02ebf3b6":191,"bb17a968":191,"4abcb85d":191,"cba26072":191,"2a718dcc":191,"c896052c":191,"287ecd1c":191,"f9376d3e":191,"07a94e8c":191,"bb017b49":191,"37b52fe4":191,"61ad1519":191,"819c4185":191,"ba69b06b":191,"7d2a2cb4":191,"4f62491c":191,"70b4c438":191,"71ed93db":191,"c92efaa8":191,"c241ac7e":191,"62a45672":191,"210e507a":191,"ac6e268b":191,"742238e8":191,"c6a9a8e1":191,"88854fd0":191,"8dc27d2a":191,"41d7f05d":191,"2b851827":191,"9f428a03":191,"4d504d96":191,"0533ece1":191,"bcee2ef3":191,"0afba00c":191,"04ff8100":191,"6c00d8d6":191,"ac9a02bc":191,"acfe69ed":191,"426603ff":191,"2db2f252":191,"2e84193b":191,"c55683c9":191,"51233daf":191,"02791635":191,"be081247":191,"5cc47d1b":191,"678b846f":191,"b4bd39d8":191,"b4cdbe5d":191,"fa0386f3":191,"b95d0f17":191,"cee9c347":191
1601327288865,"7800e7ce":192,"77869ff0":192,"4b8f7b16":192,"89f75690":192,"cb363e2f":192,"cd802f02":192,"d3cca7eb":192,"e866a899":192,"5690e712":192,"0b92d2a9":192,"070bed95":192,"67e5d108":192,"3d37b94b":192,"842c97c2":192,"c4cef92b":192,"0eecdc5b":192,"b7e495ea":192,"45ec63c0":192,"0ddfde2c":192,"a8b41774":192,"81f0da2d":192,"1fcc8ba4":192,"75a9c117":192,"12ba54ec":192,"be391c1a":192,"37d8a5b7":192,"d5ab81c4":192,"2ecde685":192,"f0bd52d3":192,"dcc20f76":192,"666a8ef0":192,"c5b609f1":192,"4dc5849a":192,"d605c755":192,"8a8c1d67":192,"cc6b3306":192,"8c2dfd9a":192,"f11267b9":192,"a483b15e":192,"f80ab49d":192,"95eaed39":192,"a5ba0ebb":192,"f53362a9":192,"1901ef7e":192,"960c2e6b":192,"3515e999":192,"d11f8f1b":192,"9d9eb027":192,"325f9a29":192,"503aafe5":192,"080d5d42":192,"5d03f5dc":192,"f0a01341":192,"1ee4d9f9":192,"0d6e45e7":192,"0da97151":192,"e829038c":192,"4987cfb5":192,"ba90687c":192,"77f2cf92":192,"037e2be4":192,"9e7dbd20":192,"0c086273":192,"ac13c3b0":192,"b4d9c57f":192,"5d53c964":192,"8ee9cc91":192,"4cc0af91":192,"55f6a2ba":192,"9559ea96":192,"9cb044bf":192,"16b25add":192,"80ee333e":192,"3b329af2":192,"1cd662bf":192,"72992b35":192,"47589344":192,"593b1533":192,"e9f6e5ce":192,"ed6bead5":192,"96f594b9":192,"94dfcfc5":192,"8301986e":192,"830ecfec":192,"a8bae791":192,"312009ee":192,"c98759fd":192,"e8b6d676":192,"45ee5840":192,"76f04033":192,"43480b19":192,"fd955858":192,"69798d15":192,"efea71fa":192,"fb3aa867":192,"c9cf710b":192,"fcacdeb3":192,"0ea055ed":192,"e3b1bdf8":192,"644b45fb":192,"d5d94481":192,"ffe48500":192,"c7a45a33":192,"faffe099":192,"e99490cd":192,"3b830769":192,"583f0305":192,"1557c50a":192,"249e80ab":192,"f52a3d94":192,"eb74d3dd":192,"3bcbc28d":192,"3c0455e7":192,"df203c79":192,"df1e1ac0":192,"491708eb":192,"e421caaa":192,"2d2ecf27":192,"d38a4953":192,"eba5efdd":192,"a5463f93":192,"c85ac4f8":192,"bc253f4f":192,"0d9d2bf8":192,"846b7f11":192,"d3411467":192,"1df0ce7f":192,"a08171d0":192,"c8bc5677":192,"dfca0518":192,"b9a21017":192,"e47705d3":192,"3cae4115":192,"0ccf4731":192,"c7c6782d":192,"54346574":192,"b12cbf87":192,"81942d9b":192,"699b90c1":192,"d9b5a7a8":192,"1e7914d2":192,"e5d8fdb2":192,"3412ab75":192,"bcac5daf":192,"62d028cc":192,"0af2cf39":192,"27491297":192,"d041ea86":192,"1eda11b2":192,"fc442678":192,"18c73816":192
1601327289330,"ba297382":192,"0287db2a":192,"96abe4a9":192,"753b10b1":192,"cf14bd99":192,"782022f4":192,"322e833f":192,"ab3619e4":192,"106006ad":192,"c8237be9":192,"1416e8f5":192,"dde2eed5":192,"a208caa8":192,"16605353":192,"77b39e15":192,"f1726edb":192,"e491161e":192,"b5087677":192,"16f60bed":192,"cb0c3481":192,"7664512c":192,"df9a53b8":192,"f6c27b2b":192,"945f6c24":192,"f1daea7e":192,"b8fb90e3":192,"56227e35":192,"0d6bf22a":192,"b87321d0":192,"43205b5d":192,"8982905a":192,"f6fe1ad7":192,"230064fa":192,"764e0abb":192,"bba6d88e":192,"ea3479ec":192,"32266fa3":192,"50b090c3":192,"8be24763":192,"eb4800b2":192,"6e0ce9dc":192,"87d9bec4":192,"e30dfa0c":192,"6da34174":192,"bfb849fa":192,"0a10b423":192,"9ef7cee7":192,"49f1a0d1":192,"5f04aa76":192,"590ce3d3":192,"1802d7ce":192,"0a49914b":192,"5d3f5cad":192,"cf347cba":192,"fc0c23f7":192,"641f9b9e":192,"c92edec5":192,"9f03c1e7":192,"06c24a8d":192,"2f35e75f":192,"3eddf7c8":192,"77970f8b":192,"efd594d5":192,"4718294d":192,"5352cf45":192,"e0ffe8ff":192,"ae14d6b5":192,"721f5f42":192,"0b50bca6":192,"bf2ca266":192,"5d8d9641":192,"0de67c6c":192,"2311399f":192,"5e3ebf5e":192,"92b72493":192,"d3e58903":192,"4481c4be":192,"7954891b":192,"4afd60a9":192,"d44c0ea3":192,"68f87858":192,"533bac6b":192,"41634dba":192,"43fd1327":192,"113e7f4b":192,"8cce569a":192,"ce6401b6":192,"6f57824c":192,"28bd7aa1":192,"1d52fb0d":192,"cde0d748":192,"535ed444":192,"710f0d0e":192,"0905f1fb":192,"a20e529c":192,"1ae76fcc":192,"35b161d3":192,"344cd1a3":192,"77ea1236":192,"96d2a118":192,"23a0e41f":192,"b32a1080":192,"a2c4b591":192,"6dfa57be":192,"1854ce44":192,"f92b22f1":192,"ece12664":192,"36f4ecde":192,"568a0d58":192,"5fd569d2":192,"10c8fd03":192,"bd4ccb49":192,"e773d697":192,"7e8c11e7":192,"077eb15a":192,"5337c279":192,"8d256cb6":192,"7021c619":192,"32ae00db":192,"bf2defb2":192,"bc733a28":192,"30d32d34":192,"886c16d3":192,"e8d09b62":192,"9f6ca218":192,"6213799d":192,"44cb1fd2":192,"baf19c25":192,"24a79a6e":192,"edde30af":192,"4d949e11":192,"df12f689":192,"1da10cbf":192,"832c48e4":192,"dc90a44c":192,"1ad7c45b":192,"5566c17c":192,"86a22252":192,"0000dece":192,"ce5efdbe":192,"58ace2b5":192,"d379fd96":192,"7b819458":192,"7f8024cd":192,"ae562513":192,"7b66dacd":192,"9ab137d7":192,"7191d1cd":192,"005354dd":192,"5b09e53e":192,"da5bb0f7":192,"6d925c84":192,"50b23ab2":192,"edfa56d4":192,"899c16eb":192,"41c76041":192,"6bb1fa99":192,"d73ff72e":192,"61c0ca91":192,"d2fda7be":192,"ce20ca3c":192,"1d2d958b":192,"81fb6a01":192,"7f5b27c8":192,"fb3444d9":192,"f05de640":192,"86a68967":192,"56cd4dca":192,"7f469f4c":192,"f92dedfc":192,"355d1489":192,"f96fc1af":192,"06713bac":192,"61aca924":192,"d97fb857":192,"59ff5ec6":192,"ef04e64e":192,"6e2d04de":192,"2fca1798":192,"05028839":192,"5488826c":192,"3b3569f6":192,"b01ab62a":192,"76da16fa":192,"bffee581":192,"07150038":192,"080fa362":192,"7b6945ad":192,"a40d08e1":192,"cec79bc2":192,"d2eff358":192,"e70aebb5":192,"a488b2f1":192,"4caa87d6":192,"f7076e21":192,"69e653b6":192,"84fff5c1":192,"c649992d":192,"d5ad3ed6":192,"8e5f7187":192,"55ba7579":192,"b7769ca6":192,"9c27de51":192,"38a75b48":192,"1792bfa3":192,"426f1904":192,"7c0f1ca9":192,"b2f820ac":192,"25d4f65d":192,"eddb6a2a":192,"ff8a00aa":192,"c146560b":192,"985068e7":192,"d543ba6f":192,"98d2991b":192,"3b411d6a":192,"83826ef3":192,"595609d5":192,"b47f1b89":192,"8e6caf71":192,"9a3433b8":192,"b89112cb":192,"66736d5e":192,"30de89a7":192,"06aaa33f":192,"320c65bf":192,"1fa1e7c2":192,"646af2b9":192,"659389ad":192,"240c8679":192,"0718c3be":192,"8b503f7b":192,"87a8523c":192,"c416baa6":192,"ae350a07":192,"680a32a6":192,"83ba647d":192,"cb0bd6b7":192,"8e426e39":192,"51909df8":192,"e22b0973":192,"23646ff9":192,"3abb827b":192,"0c73c293":192,"88929b06":192,"08c4692e":192,"5b2479ef":192,"1d882c36":192,"eb62e8f2":192,"f1e86522":192,"fa03f48f":192,"5298dafa":192,"25f7f918":192,"c5311ebb":192,"105bb3f6":192,"58de5462":192,"f01c896d":192,"1f2670d0":192,"962c9c8f":192,"aec0bf28":192,"a017a323":192,"8801c469":192,"b6281f1a":192,"48c6df81":192,"5e165f43":192,"f8785b71":192,"ab4a411a":192,"d7a4b24c":192,"686d5c0b":192,"f15eb1c5":192,"808bc372":192,"71789493":192,"c792a7c1":192,"5a7da061":192,"5ac72353":192,"d1b14d06":192,"06a94514":192,"f6c074a7":192,"73c420df":192,"ffd6849d":192,"0700da70":192,"ff591765":192,"962fca02":192,"75968179":192,"93f12198":192,"bc8bdc23":192,"62e270e5":192,"66b1b6d7":192,"a71f3f70":192,"b062adc4":192,"1f7aa83c":192,"732d62ee":192,"4aae5133":192,"63a3af32":192,"d4b0751c":192,"3fec4b0b":192,"5b01444b":192,"faa3de3e":192,"79995b62":192,"97160db8":192,"44983d13":192,"589f0d6e":192,"80999122":192,"51b4016a":192,"72af9198":192,"46bf9112":192,"e39e9552":192,"81c1b70d":192,"092ad3d6":192,"bf940089":192,"e72f0f82":192,"01f34f98":192,"88374b72":192,"1670b0d3":192,"fdfaf1ed":192,"ea981bed":192,"ec97d63e":192,"5e197575":192,"94208a41":192,"2cbcad17":192,"e587c4d0":192,"525b2635":192,"4dccb5ca":192,"caa38a45":192,"83268abf":192,"a9987a58":192,"578c4c95":192,"b6b8e5c7":192,"c606b472":192,"e82177d3":192,"89914b94":192,"04bdf5e1":192,"da8b42be":192,"3b0576bf":192,"9458934f":192,"1dcc489c":192,"945badf3":192,"1327775b":192,"bdd40125":192,"75fd47f7":192,"1c52a07e":192,"e70ccc25":192,"afd1494f":192,"ca6bffd3":192,"829c44a4":192,"e76e2617":192,"2b4fd52e":192,"57162572":192,"d1d50cfe":192,"9666b973":192,"653b27c7":192,"83b37fd6":192,"4d852788":192,"e43a9448":192,"3542b748":192,"379c53ab":192,"e396d80d":192,"7da61f27":192,"dc874a97":192,"85a220de":192,"40a7cdd2":192,"ac033c7b":192,"87759976":192,"4df3f62e":192,"c881a53e":192,"80c1c8b1":192,"cf52acd8":192,"a63cb4ce":192,"d3b3492b":192,"7580cfa4":192,"22a96386":192,"5c672b50":192,"5df16440":192,"b666e56d":192,"8db378ff":192,"784d6375":192,"4541bf85":192,"a6b13f20":192,"2459c882":192,"3df97186":192,"ef0490de":192,"e0f47ced":192,"309bbf54":192,"cc537772":192,"6618390c":192,"99cc0813":192,"dc32c4e1":192,"239c636e":192,"6ee160ff":192,"c55d40ca":192,"22c177a8":192,"00ae883f":192,"f416ee62":192,"0d2b182d":192,"320754c3":192,"232b2f64":192,"3171b6e7":192,"3b25460f":192,"272e7d0d":192,"f92596ee":192,"68831ea9":192,"9713d076":192,"fd098272":192,"6ee788a7":192,"8249641d":192,"45b0968f":192,"6a9bb182":192,"1f1afd4f":192,"25fb8826":192,"0dc5da58":192,"2874a625":192,"e61ae828":192,"f7ac3883":192,"ccd01528":192,"dab8cf68":192,"00f2a9cb":192,"916fe082":192,"b64dba8e":192,"c3bb30ce":192,"86219c70":192,"601990d8":192,"5c662c19":192,"d2a5d2fd":192,"89d220c2":192,"3e10c9cb":192,"5500a3e8":192,"3c0e87ac":192,"d2064756":192
1601327289863,"a891461f":192,"a246cdab":192,"117c7f0b":192,"0d21cf99":192,"14e6fe14":192,"37ec5e73":192,"bfff7913":192,"f8636899":192,"37724339":192,"d45d9727":192,"ee5ff2a3":192,"44322dfd":192,"295e4d1d":192,"8cf6570a":192,"403064a0":192,"312af46e":192,"b5a9f8c3":192,"fcbc0ae8":192,"2ff6b6a8":192,"66a71cc1":192,"bf4b58e4":192,"f7ffcbb8":192,"5728f934":192,"00b26865":192,"c333337d":192,"815c56bc":192,"5bd61a68":192,"8582c5cf":192,"0c353665":192,"231e8700":192,"1f9fbd85":192,"43f24679":192,"a1c0dfc4":192,"78f71162":192,"4b27a9a4":192,"163f4d19":192,"1d043d5a":192,"b2f82e06":192,"5b0b43e6":192,"b5474d69":192,"5a938eeb":192,"4fe0dedf":192,"951fc6d0":192,"61892a4c":192,"f096219e":192,"a3f0a6ec":192,"01051f84":192,"aa7e370d":192,"f995eeab":192,"4006e709":192,"0dedf63e":192,"a9d5374b":192,"4321f02d":192,"089b3f8f":192,"7698d0dc":192,"784414ce":192,"2df3efdb":192,"d0f1b7bd":192,"e7799883":192,"4f9456cf":192,"6e260ee8":192,"f4f84279":192,"b0950de5":192,"6f873999":192,"1f4e0e22":192,"60d69311":192,"3b09f1de":192,"b371f44a":192,"8b6180ff":192,"8819ac24":192,"dbbf7f69":192,"dfe4a061":192,"c2bf7d51":192,"781afef6":192,"de9229a0":192,"99a5feef":192,"f6266388":192,"e64fd39c":192,"e1b3ce36":192,"625fa164":192,"0c6ae551":192,"e8f4c1dd":192,"cede8b8c":192,"ad95ff4a":192,"893a99c5":192,"d8bf32b5":192,"0eb42efe":192,"03c4ab87":192,"4e3d3af7":192,"a8edfe84":192,"2ed19b1e":192,"959e16ea":192,"02f76c64":192,"5c6d1f33":192,"b4801cae":192,"c3c2fd05":192,"f8c97147":192,"c2526ff3":192,"cc386067":192,"a22ffd8f":192,"3cd28a4d":192,"44a12c31":192,"45a961ca":192,"5ca978fd":192,"668e601b":192,"7552d86c":192,"02ebf3b6":192,"bb17a968":192,"4abcb85d":192,"cba26072":192,"2a718dcc":192,"c6a9a8e1":192,"88854fd0":192,"8dc27d2a":192,"3a4803a8":192,"f7a7de5d":192,"d4e56c3e":192,"0c045c2d":192,"8efd4801":192,"7eb8f268":192,"20236d3e":192,"36ae8cd8":192,"3ddd5391":192,"07f69c6d":192,"2254f0f5":192,"ea282e84":192,"6653c83b":192,"c896052c":192,"287ecd1c":192,"f9376d3e":192,"07a94e8c":192,"bb017b49":192,"37b52fe4":192,"61ad1519":192,"819c4185":192,"ba69b06b":192,"7d2a2cb4":192,"4f62491c":192,"70b4c438":192,"71ed93db":192,"c92efaa8":192,"c241ac7e":192,"62a45672":192,"210e507a":192,"ac6e268b":192,"742238e8":192,"41d7f05d":192,"2b851827":192,"9f428a03":192,"4d504d96":192,"0533ece1":192,"bcee2ef3":192,"0afba00c":192,"04ff8100":192,"6c00d8d6":192,"ac9a02bc":192,"acfe69ed":192,"426603ff":192,"2db2f252":192,"2e84193b":192,"c55683c9":192,"51233daf":192,"02791635":192,"be081247":192,"5cc47d1b":192,"678b846f":192,"b4bd39d8":192,"b4cdbe5d":192,"fa0386f3":192,"b95d0f17":192,"cee9c347":192
1601327290343,"7800e7ce":193,"77869ff0":193,"4b8f7b16":193,"89f75690":193,"cb363e2f":193,"cd802f02":193,"d3cca7eb":193,"e866a899":193,"5690e712":193,"0b92d2a9":193,"070bed95":193,"67e5d108":193,"3d37b94b":193,"842c97c2":193,"c4cef92b":193,"0eecdc5b":193,"b7e495ea":193,"45ec63c0":193,"0ddfde2c":193,"a8b41774":193,"81f0da2d":193,"1fcc8ba4":193,"75a9c117":193,"12ba54ec":193,"be391c1a":193,"37d8a5b7":193,"d5ab81c4":193,"2ecde685":193,"f0bd52d3":193,"dcc20f76":193,"666a8ef0":193,"c5b609f1":193,"4dc5849a":193,"d605c755":193,"8a8c1d67":193,"cc6b3306":193,"8c2dfd9a":193,"f11267b9":193,"a483b15e":193,"f80ab49d":193,"95eaed39":193,"a5ba0ebb":193,"f53362a9":193,"1901ef7e":193,"960c2e6b":193,"3515e999":193,"d11f8f1b":193,"9d9eb027":193,"325f9a29":193,"503aafe5":193
1601327290744,"d5d94481":193,"ffe48500":193,"c7a45a33":193,"080d5d42":193,"5d03f5dc":193,"f0a01341":193,"1ee4d9f9":193,"0d6e45e7":193,"0da97151":193,"e829038c":193,"4987cfb5":193,"ba90687c":193,"77f2cf92":193,"037e2be4":193,"9e7dbd20":193,"0c086273":193,"ac13c3b0":193,"b4d9c57f":193,"5d53c964":193,"8ee9cc91":193,"4cc0af91":193,"55f6a2ba":193,"9559ea96":193,"9cb044bf":193,"16b25add":193,"80ee333e":193,"3b329af2":193,"1cd662bf":193,"72992b35":193,"47589344":193,"593b1533":193,"e9f6e5ce":193,"ed6bead5":193,"96f594b9":193,"94dfcfc5":193,"8301986e":193,"830ecfec":193,"a8bae791":193,"312009ee":193,"c98759fd":193,"e8b6d676":193,"45ee5840":193,"76f04033":193,"43480b19":193,"fd955858":193,"69798d15":193,"efea71fa":193,"fb3aa867":193,"c9cf710b":193,"fcacdeb3":193,"0ea055ed":193,"e3b1bdf8":193,"644b45fb":193,"3412ab75":193,"bcac5daf":193,"62d028cc":193,"0af2cf39":193,"27491297":193,"d041ea86":193,"1eda11b2":193,"fc442678":193,"faffe099":193,"e99490cd":193,"3b830769":193,"583f0305":193,"1557c50a":193,"249e80ab":193,"f52a3d94":193,"eb74d3dd":193,"3bcbc28d":193,"3c0455e7":193,"df203c79":193,"df1e1ac0":193,"491708eb":193,"e421caaa":193,"2d2ecf27":193,"d38a4953":193,"eba5efdd":193,"a5463f93":193,"c85ac4f8":193,"bc253f4f":193,"0d9d2bf8":193,"846b7f11":193,"d3411467":193,"1df0ce7f":193,"a08171d0":193,"c8bc5677":193,"dfca0518":193,"b9a21017":193,"e47705d3":193,"3cae4115":193,"0ccf4731":193,"c7c6782d":193,"54346574":193,"b12cbf87":193,"81942d9b":193,"699b90c1":193,"d9b5a7a8":193,"1e7914d2":193,"e5d8fdb2":193,"18c73816":193,"e491161e":193,"b5087677":193,"16f60bed":193,"cb0c3481":193,"7664512c":193,"df9a53b8":193,"f6c27b2b":193,"945f6c24":193,"f1daea7e":193,"77b39e15":193,"f1726edb":193,"b8fb90e3":193,"56227e35":193,"0d6bf22a":193,"b87321d0":193,"43205b5d":193,"8982905a":193,"f6fe1ad7":193,"230064fa":193,"764e0abb":193,"bba6d88e":193,"ea3479ec":193,"32266fa3":193,"50b090c3":193,"8be24763":193,"eb4800b2":193,"6e0ce9dc":193,"87d9bec4":193,"e30dfa0c":193,"6da34174":193,"bfb849fa":193,"0a10b423":193,"9ef7cee7":193,"49f1a0d1":193,"5f04aa76":193,"ba297382":193,"0287db2a":193,"96abe4a9":193,"753b10b1":193,"cf14bd99":193,"782022f4":193,"322e833f":193,"ab3619e4":193,"106006ad":193,"c8237be9":193,"1416e8f5":193,"dde2eed5":193,"a208caa8":193,"16605353":193,"92b72493":193,"d3e58903":193,"4481c4be":193,"7954891b":193,"4afd60a9":193,"d44c0ea3":193,"68f87858":193,"533bac6b":193,"41634dba":193,"43fd1327":193,"113e7f4b":193,"8cce569a":193,"590ce3d3":193,"1802d7ce":193,"0a49914b":193,"5d3f5cad":193,"cf347cba":193,"fc0c23f7":193,"641f9b9e":193,"c92edec5":193,"9f03c1e7":193,"06c24a8d":193,"2f35e75f":193,"3eddf7c8":193,"77970f8b":193,"efd594d5":193,"4718294d":193,"5352cf45":193,"e0ffe8ff":193,"ae14d6b5":193,"721f5f42":193,"0b50bca6":193,"bf2ca266":193,"5d8d9641":193,"0de67c6c":193,"2311399f":193,"5e3ebf5e":193,"9f6ca218":193,"6213799d":193,"44cb1fd2":193,"baf19c25":193,"24a79a6e":193,"edde30af":193,"4d949e11":193,"df12f689":193,"1da10cbf":193,"832c48e4":193
1601327291025,"5b09e53e":193,"da5bb0f7":193,"ce6401b6":193,"6f57824c":193,"28bd7aa1":193,"1d52fb0d":193,"cde0d748":193,"535ed444":193,"710f0d0e":193,"0905f1fb":193,"a20e529c":193,"1ae76fcc":193,"35b161d3":193,"344cd1a3":193,"77ea1236":193,"96d2a118":193,"23a0e41f":193,"b32a1080":193,"a2c4b591":193,"6dfa57be":193,"1854ce44":193,"f92b22f1":193,"ece12664":193,"36f4ecde":193,"568a0d58":193,"6d925c84":193,"50b23ab2":193,"edfa56d4":193,"899c16eb":193,"41c76041":193,"6bb1fa99":193,"d73ff72e":193,"61c0ca91":193,"d2fda7be":193,"ce20ca3c":193,"1d2d958b":193,"81fb6a01":193,"7f5b27c8":193,"fb3444d9":193,"f05de640":193,"86a68967":193,"56cd4dca":193,"7f469f4c":193,"f92dedfc":193,"355d1489":193,"f96fc1af":193,"06713bac":193,"61aca924":193,"d97fb857":193,"59ff5ec6":193,"ef04e64e":193,"6e2d04de":193,"2fca1798":193,"05028839":193,"5488826c":193,"84fff5c1":193,"c649992d":193,"d5ad3ed6":193,"5fd569d2":193,"10c8fd03":193,"bd4ccb49":193,"e773d697":193,"7e8c11e7":193,"077eb15a":193,"5337c279":193,"8d256cb6":193,"7021c619":193,"32ae00db":193,"bf2defb2":193,"bc733a28":193,"30d32d34":193,"886c16d3":193,"e8d09b62":193,"8e5f7187":193,"55ba7579":193,"b7769ca6":193,"9c27de51":193,"38a75b48":193,"1792bfa3":193,"426f1904":193,"7c0f1ca9":193,"b2f820ac":193,"25d4f65d":193,"eddb6a2a":193,"dc90a44c":193,"1ad7c45b":193,"5566c17c":193,"86a22252":193,"0000dece":193,"ce5efdbe":193,"58ace2b5":193,"d379fd96":193,"7b819458":193,"7f8024cd":193,"ae562513":193,"7b66dacd":193,"9ab137d7":193,"7191d1cd":193,"005354dd":193,"ff8a00aa":193,"c146560b":193,"985068e7":193,"d543ba6f":193,"3b3569f6":193,"b01ab62a":193,"76da16fa":193,"bffee581":193,"07150038":193,"080fa362":193,"7b6945ad":193,"a40d08e1":193,"cec79bc2":193,"d2eff358":193,"e70aebb5":193,"a488b2f1":193,"4caa87d6":193,"f7076e21":193,"69e653b6":193,"98d2991b":193,"3b411d6a":193,"83826ef3":193,"595609d5":193,"b47f1b89":193,"8e6caf71":193,"9a3433b8":193,"b89112cb":193,"66736d5e":193,"30de89a7":193,"06aaa33f":193,"320c65bf":193,"1fa1e7c2":193,"646af2b9":193,"659389ad":193,"240c8679":193,"0718c3be":193,"8b503f7b":193,"87a8523c":193,"c416baa6":193,"ae350a07":193,"680a32a6":193,"83ba647d":193,"cb0bd6b7":193,"8e426e39":193,"51909df8":193,"e22b0973":193,"23646ff9":193,"3abb827b":193,"0c73c293":193,"88929b06":193,"08c4692e":193,"5b2479ef":193,"1d882c36":193,"eb62e8f2":193,"f1e86522":193,"fa03f48f":193,"5298dafa":193,"25f7f918":193,"c5311ebb":193,"105bb3f6":193,"58de5462":193,"f01c896d":193,"1f2670d0":193,"962c9c8f":193,"aec0bf28":193,"a017a323":193,"8801c469":193,"b6281f1a":193,"48c6df81":193,"5e165f43":193,"f8785b71":193,"ab4a411a":193,"d7a4b24c":193,"686d5c0b":193,"f15eb1c5":193,"71789493":193,"808bc372":193,"5ac72353":193,"c792a7c1":193,"d1b14d06":193,"f6c074a7":193,"5a7da061":193,"06a94514":193,"ffd6849d":193,"962fca02":193,"73c420df":193,"75968179":193,"0700da70":193,"ff591765":193,"bc8bdc23":193,"93f12198":193,"a71f3f70":193,"1f7aa83c":193,"62e270e5":193,"66b1b6d7":193,"732d62ee":193,"b062adc4":193,"d4b0751c":193,"5b01444b":193,"4aae5133":193,"63a3af32":193,"79995b62":193,"97160db8":193,"3fec4b0b":193,"589f0d6e":193,"faa3de3e":193,"44983d13":193,"51b4016a":193,"46bf9112":193,"80999122":193,"092ad3d6":193,"72af9198":193,"e39e9552":193,"bf940089":193,"01f34f98":193,"81c1b70d":193,"e72f0f82":193,"1670b0d3":193,"88374b72":193,"ec97d63e":193,"94208a41":193,"fdfaf1ed":193,"ea981bed":193,"2cbcad17":193,"4dccb5ca":193,"5e197575":193,"e587c4d0":193,"83268abf":193,"578c4c95":193,"525b2635":193,"caa38a45":193,"c606b472":193,"a9987a58":193,"b6b8e5c7":193,"e82177d3":193,"89914b94":193,"04bdf5e1":193,"da8b42be":193,"3b0576bf":193,"9458934f":193,"1dcc489c":193,"945badf3":193,"1327775b":193,"bdd40125":193,"75fd47f7":193,"1c52a07e":193,"e70ccc25":193,"afd1494f":193,"ca6bffd3":193,"829c44a4":193,"e76e2617":193,"9666b973":193,"653b27c7":193,"83b37fd6":193,"4d852788":193,"e43a9448":193,"3542b748":193,"379c53ab":193,"e396d80d":193,"7da61f27":193,"dc874a97":193,"85a220de":193,"40a7cdd2":193,"ac033c7b":193,"87759976":193,"4df3f62e":193,"c881a53e":193,"80c1c8b1":193,"cf52acd8":193,"a63cb4ce":193,"2b4fd52e":193,"57162572":193,"d1d50cfe":193,"d3b3492b":193,"7580cfa4":193,"22a96386":193,"5c672b50":193,"5df16440":193,"b666e56d":193,"8db378ff":193,"784d6375":193,"4541bf85":193,"a6b13f20":193,"2459c882":193,"3df97186":193,"ef0490de":193,"e0f47ced":193,"309bbf54":193,"cc537772":193,"6618390c":193,"99cc0813":193,"dc32c4e1":193,"239c636e":193,"6ee160ff":193,"c55d40ca":193,"22c177a8":193,"00ae883f":193,"f416ee62":193,"0d2b182d":193,"320754c3":193,"232b2f64":193,"272e7d0d":193,"f92596ee":193,"68831ea9":193,"9713d076":193,"fd098272":193,"6ee788a7":193,"8249641d":193,"45b0968f":193,"6a9bb182":193,"1f1afd4f":193,"25fb8826":193,"0dc5da58":193,"2874a625":193,"e61ae828":193,"f7ac3883":193,"ccd01528":193,"dab8cf68":193,"00f2a9cb":193,"3171b6e7":193,"3b25460f":193,"d2064756":193,"916fe082":193,"b64dba8e":193,"c3bb30ce":193,"86219c70":193,"601990d8":193,"5c662c19":193,"d2a5d2fd":193,"89d220c2":193,"3e10c9cb":193,"5500a3e8":193,"3c0e87ac":193,"a891461f":193,"a246cdab":193,"117c7f0b":193,"0d21cf99":193,"14e6fe14":193,"37ec5e73":193,"bfff7913":193,"f8636899":193,"37724339":193,"d45d9727":193,"ee5ff2a3":193,"44322dfd":193,"295e4d1d":193,"8cf6570a":193,"403064a0":193,"312af46e":193,"b5a9f8c3":193,"fcbc0ae8":193,"2ff6b6a8":193,"66a71cc1":193,"bf4b58e4":193,"f7ffcbb8":193,"5728f934":193,"00b26865":193,"c333337d":193,"815c56bc":193,"5bd61a68":193,"8582c5cf":193,"0c353665":193,"231e8700":193,"1f9fbd85":193,"43f24679":193,"a1c0dfc4":193,"78f71162":193,"4b27a9a4":193,"163f4d19":193,"1d043d5a":193,"b2f82e06":193,"5b0b43e6":193,"b5474d69":193,"5a938eeb":193,"4fe0dedf":193,"951fc6d0":193,"61892a4c":193,"f096219e":193,"a3f0a6ec":193,"01051f84":193,"aa7e370d":193,"f995eeab":193,"4006e709":193,"0dedf63e":193,"a9d5374b":193,"4321f02d":193,"089b3f8f":193,"7698d0dc":193,"784414ce":193,"2df3efdb":193,"d0f1b7bd":193,"e7799883":193,"4f9456cf":193,"6e260ee8":193,"f4f84279":193,"b0950de5":193,"6f873999":193,"1f4e0e22":193,"60d69311":193,"3b09f1de":193,"b371f44a":193,"8b6180ff":193,"8819ac24":193,"dbbf7f69":193
1601327291929,"dfe4a061":193,"c2bf7d51":193,"781afef6":193,"de9229a0":193,"99a5feef":193,"f6266388":193,"e64fd39c":193,"e1b3ce36":193,"625fa164":193,"0c6ae551":193,"e8f4c1dd":193,"cede8b8c":193,"ad95ff4a":193,"893a99c5":193,"d8bf32b5":193,"0eb42efe":193,"03c4ab87":193,"4e3d3af7":193,"3a4803a8":193,"f7a7de5d":193,"d4e56c3e":193,"0c045c2d":193,"8efd4801":193,"7eb8f268":193,"20236d3e":193,"36ae8cd8":193,"3ddd5391":193,"07f69c6d":193,"2254f0f5":193,"ea282e84":193,"6653c83b":193,"c896052c":193,"287ecd1c":193,"a8edfe84":193,"2ed19b1e":193,"959e16ea":193,"02f76c64":193,"5c6d1f33":193,"b4801cae":193,"c3c2fd05":193,"f8c97147":193,"c2526ff3":193,"cc386067":193,"a22ffd8f":193,"3cd28a4d":193,"44a12c31":193,"45a961ca":193,"5ca978fd":193,"668e601b":193,"7552d86c":193,"02ebf3b6":193,"bb17a968":193,"4abcb85d":193,"cba26072":193,"2a718dcc":193,"c6a9a8e1":193,"88854fd0":193,"8dc27d2a":193,"41d7f05d":193,"2b851827":193,"f9376d3e":193,"07a94e8c":193,"bb017b49":193,"37b52fe4":193,"61ad1519":193,"819c4185":193,"ba69b06b":193,"7d2a2cb4":193,"4f62491c":193,"70b4c438":193,"71ed93db":193,"c92efaa8":193,"c241ac7e":193,"62a45672":193,"210e507a":193,"ac6e268b":193,"742238e8":193,"9f428a03":193,"4d504d96":193,"0533ece1":193,"bcee2ef3":193,"0afba00c":193,"04ff8100":193,"6c00d8d6":193,"ac9a02bc":193,"acfe69ed":193,"426603ff":193,"2db2f252":193,"2e84193b":193,"c55683c9":193,"51233daf":193,"02791635":193,"be081247":193,"5cc47d1b":193,"678b846f":193,"b4bd39d8":193,"b4cdbe5d":193,"fa0386f3":193,"b95d0f17":193,"cee9c347":193
1601327292180,"7800e7ce":194,"77869ff0":194,"4b8f7b16":194,"89f75690":194,"cb363e2f":194,"cd802f02":194,"d3cca7eb":194,"e866a899":194,"5690e712":194,"0b92d2a9":194,"070bed95":194,"67e5d108":194,"3d37b94b":194,"842c97c2":194,"c4cef92b":194,"0eecdc5b":194,"b7e495ea":194,"45ec63c0":194,"0ddfde2c":194,"a8b41774":194,"81f0da2d":194,"1fcc8ba4":194,"75a9c117":194,"12ba54ec":194,"be391c1a":194,"37d8a5b7":194,"d5ab81c4":194,"2ecde685":194,"f0bd52d3":194,"dcc20f76":194,"666a8ef0":194,"c5b609f1":194,"4dc5849a":194,"d605c755":194,"8a8c1d67":194,"cc6b3306":194,"8c2dfd9a":194,"f11267b9":194,"a483b15e":194,"f80ab49d":194,"95eaed39":194,"a5ba0ebb":194,"f53362a9":194,"1901ef7e":194,"960c2e6b":194,"3515e999":194,"d11f8f1b":194,"9d9eb027":194,"325f9a29":194,"503aafe5":194,"d5d94481":194,"ffe48500":194,"c7a45a33":194,"faffe099":194,"e99490cd":194,"3b830769":194,"583f0305":194,"1557c50a":194,"249e80ab":194,"080d5d42":194,"5d03f5dc":194,"f0a01341":194,"1ee4d9f9":194,"0d6e45e7":194,"0da97151":194,"e829038c":194,"4987cfb5":194,"ba90687c":194,"77f2cf92":194,"037e2be4":194,"9e7dbd20":194,"0c086273":194,"ac13c3b0":194,"b4d9c57f":194,"5d53c964":194,"8ee9cc91":194,"4cc0af91":194,"55f6a2ba":194,"9559ea96":194,"9cb044bf":194,"16b25add":194,"80ee333e":194,"3b329af2":194,"1cd662bf":194,"72992b35":194,"47589344":194,"593b1533":194,"e9f6e5ce":194,"f52a3d94":194,"eb74d3dd":194,"3bcbc28d":194,"3c0455e7":194,"df203c79":194,"df1e1ac0":194,"491708eb":194,"e421caaa":194,"2d2ecf27":194,"d38a4953":194,"eba5efdd":194,"a5463f93":194,"c85ac4f8":194,"bc253f4f":194,"0d9d2bf8":194,"846b7f11":194,"d3411467":194,"1df0ce7f":194,"a08171d0":194,"c8bc5677":194,"dfca0518":194,"b9a21017":194,"e47705d3":194,"3cae4115":194,"0ccf4731":194,"c7c6782d":194,"54346574":194,"b12cbf87":194,"81942d9b":194,"699b90c1":194,"d9b5a7a8":194,"1e7914d2":194,"e5d8fdb2":194,"3412ab75":194,"bcac5daf":194,"62d028cc":194,"0af2cf39":194,"27491297":194,"d041ea86":194,"ed6bead5":194,"96f594b9":194,"94dfcfc5":194,"8301986e":194,"830ecfec":194,"a8bae791":194,"312009ee":194,"c98759fd":194,"e8b6d676":194,"45ee5840":194,"76f04033":194,"43480b19":194,"fd955858":194,"69798d15":194,"efea71fa":194,"fb3aa867":194,"c9cf710b":194,"fcacdeb3":194,"0ea055ed":194,"e3b1bdf8":194,"644b45fb":194,"1eda11b2":194,"fc442678":194
1601327292896,"18c73816":194,"e491161e":194,"b5087677":194,"16f60bed":194,"cb0c3481":194,"7664512c":194,"df9a53b8":194,"f6c27b2b":194,"945f6c24":194,"f1daea7e":194,"b8fb90e3":194,"56227e35":194,"0d6bf22a":194,"b87321d0":194,"43205b5d":194,"8982905a":194,"f6fe1ad7":194,"230064fa":194,"764e0abb":194,"bba6d88e":194,"ea3479ec":194,"32266fa3":194,"50b090c3":194,"8be24763":194,"eb4800b2":194,"6e0ce9dc":194,"87d9bec4":194,"e30dfa0c":194,"6da34174":194,"bfb849fa":194,"0a10b423":194,"9ef7cee7":194,"49f1a0d1":194,"5f04aa76":194,"ba297382":194,"0287db2a":194,"96abe4a9":194,"753b10b1":194,"cf14bd99":194,"782022f4":194,"322e833f":194,"ab3619e4":194,"106006ad":194,"c8237be9":194,"1416e8f5":194,"dde2eed5":194,"a208caa8":194,"16605353":194,"77b39e15":194,"f1726edb":194,"92b72493":194,"d3e58903":194,"4481c4be":194,"7954891b":194,"4afd60a9":194,"d44c0ea3":194,"68f87858":194,"533bac6b":194,"41634dba":194,"43fd1327":194,"113e7f4b":194,"8cce569a":194,"ce6401b6":194,"6f57824c":194,"28bd7aa1":194,"1d52fb0d":194,"cde0d748":194,"535ed444":194,"710f0d0e":194,"0905f1fb":194,"a20e529c":194,"1ae76fcc":194,"35b161d3":194,"344cd1a3":194,"77ea1236":194,"96d2a118":194,"23a0e41f":194,"b32a1080":194,"a2c4b591":194,"6dfa57be":194,"1854ce44":194,"f92b22f1":194,"ece12664":194,"36f4ecde":194,"568a0d58":194,"5fd569d2":194,"10c8fd03":194,"bd4ccb49":194,"e773d697":194,"7e8c11e7":194,"077eb15a":194,"5337c279":194,"8d256cb6":194,"7021c619":194,"32ae00db":194,"bf2defb2":194,"bc733a28":194,"30d32d34":194,"886c16d3":194,"e8d09b62":194,"590ce3d3":194,"1802d7ce":194,"0a49914b":194,"5d3f5cad":194,"cf347cba":194,"fc0c23f7":194,"641f9b9e":194,"c92edec5":194,"9f03c1e7":194,"06c24a8d":194,"2f35e75f":194,"3eddf7c8":194,"77970f8b":194,"efd594d5":194,"4718294d":194,"5352cf45":194,"e0ffe8ff":194,"ae14d6b5":194,"721f5f42":194,"0b50bca6":194,"bf2ca266":194,"5d8d9641":194,"0de67c6c":194,"2311399f":194,"5e3ebf5e":194,"9f6ca218":194,"6213799d":194,"44cb1fd2":194,"baf19c25":194,"24a79a6e":194,"edde30af":194,"4d949e11":194,"df12f689":194,"1da10cbf":194,"832c48e4":194,"dc90a44c":194,"1ad7c45b":194,"5566c17c":194,"86a22252":194,"0000dece":194,"ce5efdbe":194,"58ace2b5":194,"d379fd96":194,"7b819458":194,"7f8024cd":194,"ae562513":194,"7b66dacd":194,"9ab137d7":194,"7191d1cd":194,"005354dd":194,"5b09e53e":194,"da5bb0f7":194,"6d925c84":194,"50b23ab2":194,"edfa56d4":194,"899c16eb":194,"41c76041":194,"6bb1fa99":194,"d73ff72e":194,"61c0ca91":194,"d2fda7be":194,"ce20ca3c":194,"1d2d958b":194,"81fb6a01":194,"7f5b27c8":194,"fb3444d9":194,"f05de640":194,"86a68967":194,"56cd4dca":194,"7f469f4c":194,"f92dedfc":194,"355d1489":194,"f96fc1af":194,"06713bac":194,"61aca924":194,"d97fb857":194,"59ff5ec6":194,"ef04e64e":194,"6e2d04de":194,"2fca1798":194,"05028839":194,"5488826c":194,"84fff5c1":194,"c649992d":194,"d5ad3ed6":194,"8e5f7187":194,"55ba7579":194,"b7769ca6":194,"9c27de51":194,"38a75b48":194,"1792bfa3":194,"426f1904":194,"7c0f1ca9":194,"b2f820ac":194,"25d4f65d":194,"eddb6a2a":194,"ff8a00aa":194,"c146560b":194,"985068e7":194,"d543ba6f":194,"3b3569f6":194,"b01ab62a":194,"76da16fa":194,"bffee581":194,"07150038":194,"080fa362":194,"7b6945ad":194,"a40d08e1":194,"cec79bc2":194,"d2eff358":194,"e70aebb5":194,"a488b2f1":194,"4caa87d6":194,"f7076e21":194,"69e653b6":194,"98d2991b":194,"3b411d6a":194,"83826ef3":194,"595609d5":194,"b47f1b89":194,"8e6caf71":194,"9a3433b8":194,"b89112cb":194,"66736d5e":194,"30de89a7":194,"06aaa33f":194,"320c65bf":194,"1fa1e7c2":194,"646af2b9":194,"659389ad":194,"240c8679":194,"0718c3be":194,"8b503f7b":194
1601327293654,"87a8523c":194,"c416baa6":194,"ae350a07":194,"680a32a6":194,"83ba647d":194,"cb0bd6b7":194,"8e426e39":194,"51909df8":194,"e22b0973":194,"23646ff9":194,"3abb827b":194,"0c73c293":194,"88929b06":194,"08c4692e":194,"5b2479ef":194,"1d882c36":194,"eb62e8f2":194,"f1e86522":194,"fa03f48f":194,"5298dafa":194,"25f7f918":194,"c5311ebb":194,"105bb3f6":194,"58de5462":194,"f01c896d":194,"1f2670d0":194,"962c9c8f":194,"aec0bf28":194,"a017a323":194,"8801c469":194,"b6281f1a":194,"48c6df81":194,"5e165f43":194,"f8785b71":194,"ab4a411a":194,"d7a4b24c":194,"686d5c0b":194,"f15eb1c5":194,"71789493":194,"808bc372":194,"c792a7c1":194,"5ac72353":194,"5a7da061":194,"d1b14d06":194,"f6c074a7":194,"06a94514":194,"ffd6849d":194,"73c420df":194,"962fca02":194,"0700da70":194,"75968179":194,"ff591765":194,"bc8bdc23":194,"93f12198":194,"62e270e5":194,"a71f3f70":194,"66b1b6d7":194,"1f7aa83c":194,"b062adc4":194,"732d62ee":194,"d4b0751c":194,"4aae5133":194,"5b01444b":194,"63a3af32":194,"79995b62":194,"3fec4b0b":194,"faa3de3e":194,"97160db8":194,"589f0d6e":194,"44983d13":194,"80999122":194,"51b4016a":194,"72af9198":194,"46bf9112":194,"092ad3d6":194,"e39e9552":194,"bf940089":194,"81c1b70d":194,"e72f0f82":194,"01f34f98":194,"1670b0d3":194,"88374b72":194,"fdfaf1ed":194,"ec97d63e":194,"94208a41":194,"ea981bed":194,"5e197575":194,"2cbcad17":194,"4dccb5ca":194,"e587c4d0":194,"525b2635":194,"83268abf":194,"578c4c95":194,"caa38a45":194,"a9987a58":194,"c606b472":194,"b6b8e5c7":194,"e82177d3":194,"89914b94":194,"04bdf5e1":194,"da8b42be":194,"3b0576bf":194,"9458934f":194,"1dcc489c":194,"945badf3":194,"1327775b":194,"bdd40125":194,"75fd47f7":194,"1c52a07e":194,"e70ccc25":194,"afd1494f":194,"ca6bffd3":194,"829c44a4":194,"e76e2617":194,"2b4fd52e":194,"57162572":194,"d1d50cfe":194,"9666b973":194,"653b27c7":194,"83b37fd6":194,"4d852788":194,"e43a9448":194,"3542b748":194,"379c53ab":194,"e396d80d":194,"7da61f27":194,"dc874a97":194,"85a220de":194,"40a7cdd2":194,"ac033c7b":194,"87759976":194,"4df3f62e":194,"c881a53e":194,"80c1c8b1":194,"cf52acd8":194,"272e7d0d":194,"f92596ee":194,"68831ea9":194,"9713d076":194,"fd098272":194,"6ee788a7":194,"8249641d":194,"45b0968f":194,"6a9bb182":194,"1f1afd4f":194,"25fb8826":194,"0dc5da58":194,"2874a625":194,"e61ae828":194,"f7ac3883":194,"ccd01528":194,"dab8cf68":194,"00f2a9cb":194,"916fe082":194,"b64dba8e":194,"c3bb30ce":194,"86219c70":194,"601990d8":194,"5c662c19":194,"d2a5d2fd":194,"89d220c2":194,"3e10c9cb":194,"5500a3e8":194,"3c0e87ac":194,"a891461f":194,"a246cdab":194,"117c7f0b":194,"0d21cf99":194,"14e6fe14":194,"37ec5e73":194,"bfff7913":194,"f8636899":194,"37724339":194,"d45d9727":194,"ee5ff2a3":194,"44322dfd":194,"295e4d1d":194,"8cf6570a":194,"403064a0":194,"312af46e":194,"a63cb4ce":194,"d3b3492b":194,"7580cfa4":194,"22a96386":194,"5c672b50":194,"5df16440":194,"b666e56d":194,"8db378ff":194,"784d6375":194,"4541bf85":194,"a6b13f20":194,"2459c882":194,"3df97186":194,"ef0490de":194,"e0f47ced":194,"309bbf54":194,"cc537772":194,"6618390c":194,"99cc0813":194,"dc32c4e1":194,"239c636e":194,"6ee160ff":194,"c55d40ca":194,"22c177a8":194,"00ae883f":194,"f416ee62":194,"0d2b182d":194,"320754c3":194,"232b2f64":194,"3171b6e7":194,"3b25460f":194,"d2064756":194,"b5a9f8c3":194,"fcbc0ae8":194,"2ff6b6a8":194,"66a71cc1":194,"bf4b58e4":194,"f7ffcbb8":194,"5728f934":194,"00b26865":194,"c333337d":194,"815c56bc":194,"5bd61a68":194,"8582c5cf":194,"0c353665":194,"231e8700":194,"1f9fbd85":194,"43f24679":194,"a1c0dfc4":194,"78f71162":194,"4b27a9a4":194,"163f4d19":194,"1d043d5a":194,"b2f82e06":194,"5b0b43e6":194,"b5474d69":194,"5a938eeb":194,"4fe0dedf":194,"951fc6d0":194,"61892a4c":194,"f096219e":194,"a3f0a6ec":194,"01051f84":194,"aa7e370d":194,"a8edfe84":194,"f995eeab":194,"4006e709":194,"0dedf63e":194,"a9d5374b":194,"4321f02d":194,"089b3f8f":194,"7698d0dc":194,"784414ce":194,"2df3efdb":194,"d0f1b7bd":194,"e7799883":194,"4f9456cf":194,"6e260ee8":194,"f4f84279":194,"b0950de5":194,"6f873999":194,"1f4e0e22":194,"60d69311":194,"3b09f1de":194,"b371f44a":194,"8b6180ff":194,"8819ac24":194,"dbbf7f69":194,"2ed19b1e":194,"959e16ea":194,"02f76c64":194,"5c6d1f33":194,"b4801cae":194,"c3c2fd05":194,"f8c97147":194,"c2526ff3":194,"cc386067":194,"a22ffd8f":194,"3cd28a4d":194,"44a12c31":194,"45a961ca":194,"5ca978fd":194,"668e601b":194,"7552d86c":194,"02ebf3b6":194,"bb17a968":194,"4abcb85d":194,"cba26072":194,"2a718dcc":194,"c6a9a8e1":194,"88854fd0":194,"8dc27d2a":194,"41d7f05d":194,"2b851827":194,"9f428a03":194,"4d504d96":194,"0533ece1":194,"bcee2ef3":194,"0afba00c":194,"04ff8100":194,"6c00d8d6":194,"ac9a02bc":194,"acfe69ed":194,"426603ff":194,"dfe4a061":194,"c2bf7d51":194,"781afef6":194,"de9229a0":194,"99a5feef":194,"f6266388":194,"e64fd39c":194,"e1b3ce36":194,"625fa164":194,"0c6ae551":194,"e8f4c1dd":194,"cede8b8c":194,"ad95ff4a":194,"893a99c5":194,"d8bf32b5":194,"0eb42efe":194,"03c4ab87":194,"4e3d3af7":194,"3a4803a8":194,"f7a7de5d":194,"d4e56c3e":194,"0c045c2d":194,"8efd4801":194,"7eb8f268":194,"20236d3e":194,"36ae8cd8":194,"3ddd5391":194,"07f69c6d":194,"2254f0f5":194,"2db2f252":194,"2e84193b":194,"c55683c9":194,"51233daf":194,"02791635":194,"be081247":194,"5cc47d1b":194,"678b846f":194,"b4bd39d8":194,"b4cdbe5d":194,"fa0386f3":194,"b95d0f17":194,"cee9c347":194,"ea282e84":194,"6653c83b":194,"c896052c":194,"287ecd1c":194,"f9376d3e":194,"07a94e8c":194,"bb017b49":194,"37b52fe4":194,"61ad1519":194,"819c4185":194,"ba69b06b":194,"7d2a2cb4":194,"4f62491c":194,"70b4c438":194,"71ed93db":194,"c92efaa8":194,"c241ac7e":194,"62a45672":194,"210e507a":194,"ac6e268b":194,"742238e8":194
1601327294028,"7800e7ce":195,"77869ff0":195,"4b8f7b16":195,"89f75690":195,"cb363e2f":195,"cd802f02":195,"d3cca7eb":195,"e866a899":195,"5690e712":195,"0b92d2a9":195,"070bed95":195,"67e5d108":195,"3d37b94b":195,"842c97c2":195,"c4cef92b":195,"0eecdc5b":195,"b7e495ea":195,"45ec63c0":195,"0ddfde2c":195,"a8b41774":195,"81f0da2d":195,"1fcc8ba4":195,"75a9c117":195,"12ba54ec":195,"be391c1a":195,"37d8a5b7":195,"d5ab81c4":195,"2ecde685":195,"f0bd52d3":195,"dcc20f76":195,"666a8ef0":195,"c5b609f1":195
1601327294353,"4dc5849a":195,"d605c755":195,"8a8c1d67":195,"cc6b3306":195,"8c2dfd9a":195,"f11267b9":195,"a483b15e":195,"f80ab49d":195,"95eaed39":195,"a5ba0ebb":195,"f53362a9":195,"1901ef7e":195,"960c2e6b":195,"3515e999":195,"d11f8f1b":195,"9d9eb027":195,"325f9a29":195,"503aafe5":195,"d5d94481":195,"ffe48500":195,"c7a45a33":195,"080d5d42":195,"5d03f5dc":195,"f0a01341":195,"1ee4d9f9":195,"0d6e45e7":195,"0da97151":195,"e829038c":195,"4987cfb5":195,"ba90687c":195,"77f2cf92":195,"037e2be4":195,"9e7dbd20":195,"0c086273":195,"ac13c3b0":195,"b4d9c57f":195,"5d53c964":195,"faffe099":195,"e99490cd":195,"3b830769":195,"583f0305":195,"1557c50a":195,"249e80ab":195,"f52a3d94":195,"eb74d3dd":195,"3bcbc28d":195,"3c0455e7":195,"df203c79":195,"df1e1ac0":195,"491708eb":195,"e421caaa":195,"2d2ecf27":195,"d38a4953":195,"eba5efdd":195,"a5463f93":195,"c85ac4f8":195,"bc253f4f":195,"0d9d2bf8":195,"846b7f11":195,"d3411467":195,"1df0ce7f":195,"a08171d0":195,"c8bc5677":195,"dfca0518":195,"b9a21017":195,"e47705d3":195,"3cae4115":195,"0ccf4731":195,"c7c6782d":195,"54346574":195,"b12cbf87":195,"81942d9b":195,"699b90c1":195,"d9b5a7a8":195,"8ee9cc91":195,"4cc0af91":195,"55f6a2ba":195,"9559ea96":195,"9cb044bf":195,"16b25add":195,"80ee333e":195,"3b329af2":195,"1cd662bf":195,"72992b35":195,"47589344":195,"593b1533":195,"e9f6e5ce":195,"ed6bead5":195,"96f594b9":195,"94dfcfc5":195,"8301986e":195,"830ecfec":195,"a8bae791":195,"312009ee":195,"c98759fd":195,"e8b6d676":195,"45ee5840":195,"76f04033":195,"43480b19":195,"fd955858":195,"69798d15":195,"efea71fa":195,"fb3aa867":195,"c9cf710b":195,"fcacdeb3":195,"0ea055ed":195,"e3b1bdf8":195,"644b45fb":195,"1e7914d2":195,"e5d8fdb2":195,"3412ab75":195,"bcac5daf":195,"62d028cc":195,"0af2cf39":195,"27491297":195,"d041ea86":195,"1eda11b2":195,"fc442678":195,"18c73816":195,"e491161e":195,"b5087677":195,"16f60bed":195,"cb0c3481":195,"7664512c":195,"df9a53b8":195,"f6c27b2b":195,"945f6c24":195,"f1daea7e":195,"b8fb90e3":195,"56227e35":195,"0d6bf22a":195,"b87321d0":195,"43205b5d":195,"8982905a":195,"f6fe1ad7":195,"230064fa":195,"764e0abb":195,"bba6d88e":195,"ea3479ec":195,"32266fa3":195,"50b090c3":195,"8be24763":195,"eb4800b2":195,"6e0ce9dc":195,"87d9bec4":195,"e30dfa0c":195,"6da34174":195,"bfb849fa":195,"0a10b423":195,"9ef7cee7":195,"49f1a0d1":195,"5f04aa76":195,"ba297382":195,"0287db2a":195,"96abe4a9":195,"753b10b1":195,"cf14bd99":195,"782022f4":195,"322e833f":195,"ab3619e4":195,"106006ad":195,"c8237be9":195,"1416e8f5":195,"dde2eed5":195,"a208caa8":195,"16605353":195,"77b39e15":195,"f1726edb":195,"590ce3d3":195,"1802d7ce":195,"0a49914b":195,"5d3f5cad":195,"cf347cba":195,"fc0c23f7":195,"641f9b9e":195,"c92edec5":195,"9f03c1e7":195,"06c24a8d":195,"2f35e75f":195,"3eddf7c8":195,"77970f8b":195,"efd594d5":195,"4718294d":195,"5352cf45":195,"e0ffe8ff":195,"ae14d6b5":195,"721f5f42":195,"0b50bca6":195,"bf2ca266":195,"5d8d9641":195,"0de67c6c":195,"2311399f":195,"5e3ebf5e":195,"9f6ca218":195,"6213799d":195,"44cb1fd2":195,"baf19c25":195,"24a79a6e":195,"edde30af":195,"4d949e11":195,"92b72493":195,"d3e58903":195,"4481c4be":195,"7954891b":195,"df12f689":195,"1da10cbf":195,"832c48e4":195,"dc90a44c":195,"1ad7c45b":195,"5566c17c":195,"86a22252":195,"0000dece":195,"ce5efdbe":195,"58ace2b5":195,"d379fd96":195,"7b819458":195,"7f8024cd":195
1601327295019,"4afd60a9":195,"d44c0ea3":195,"68f87858":195,"533bac6b":195,"41634dba":195,"43fd1327":195,"113e7f4b":195,"8cce569a":195,"ce6401b6":195,"6f57824c":195,"28bd7aa1":195,"1d52fb0d":195,"cde0d748":195,"535ed444":195,"710f0d0e":195,"0905f1fb":195,"a20e529c":195,"1ae76fcc":195,"35b161d3":195,"344cd1a3":195,"77ea1236":195,"96d2a118":195,"23a0e41f":195,"b32a1080":195,"a2c4b591":195,"6dfa57be":195,"1854ce44":195,"f92b22f1":195,"5b09e53e":195,"da5bb0f7":195,"6d925c84":195,"50b23ab2":195,"edfa56d4":195,"899c16eb":195,"41c76041":195,"6bb1fa99":195,"d73ff72e":195,"61c0ca91":195,"d2fda7be":195,"ce20ca3c":195,"1d2d958b":195,"81fb6a01":195,"7f5b27c8":195,"fb3444d9":195,"f05de640":195,"86a68967":195,"56cd4dca":195,"7f469f4c":195,"f92dedfc":195,"355d1489":195,"f96fc1af":195,"06713bac":195,"61aca924":195,"d97fb857":195,"59ff5ec6":195,"ece12664":195,"36f4ecde":195,"568a0d58":195,"5fd569d2":195,"10c8fd03":195,"bd4ccb49":195,"e773d697":195,"7e8c11e7":195,"077eb15a":195,"5337c279":195,"8d256cb6":195,"7021c619":195,"32ae00db":195,"bf2defb2":195,"bc733a28":195,"30d32d34":195,"886c16d3":195,"e8d09b62":195,"ef04e64e":195,"6e2d04de":195,"2fca1798":195,"05028839":195,"5488826c":195,"84fff5c1":195,"c649992d":195,"d5ad3ed6":195,"8e5f7187":195,"55ba7579":195,"b7769ca6":195,"9c27de51":195,"38a75b48":195,"1792bfa3":195,"426f1904":195,"7c0f1ca9":195,"b2f820ac":195,"25d4f65d":195,"eddb6a2a":195,"ff8a00aa":195,"c146560b":195,"985068e7":195,"d543ba6f":195,"3b3569f6":195,"b01ab62a":195,"76da16fa":195,"bffee581":195,"07150038":195,"080fa362":195,"7b6945ad":195,"a40d08e1":195,"cec79bc2":195,"d2eff358":195,"e70aebb5":195,"a488b2f1":195,"4caa87d6":195,"f7076e21":195,"69e653b6":195,"98d2991b":195,"3b411d6a":195,"83826ef3":195,"595609d5":195,"b47f1b89":195,"8e6caf71":195,"9a3433b8":195,"b89112cb":195,"66736d5e":195,"30de89a7":195,"06aaa33f":195,"320c65bf":195,"1fa1e7c2":195,"646af2b9":195,"659389ad":195,"240c8679":195,"0718c3be":195,"8b503f7b":195,"87a8523c":195,"c416baa6":195,"ae350a07":195,"680a32a6":195,"83ba647d":195,"cb0bd6b7":195,"8e426e39":195,"51909df8":195,"e22b0973":195,"23646ff9":195,"3abb827b":195,"0c73c293":195,"88929b06":195,"08c4692e":195,"5b2479ef":195,"1d882c36":195,"eb62e8f2":195,"f1e86522":195,"fa03f48f":195,"5298dafa":195,"25f7f918":195,"c5311ebb":195,"105bb3f6":195,"58de5462":195,"f01c896d":195,"1f2670d0":195,"962c9c8f":195,"aec0bf28":195,"a017a323":195,"8801c469":195,"b6281f1a":195,"48c6df81":195,"5e165f43":195,"f8785b71":195,"ab4a411a":195,"d7a4b24c":195,"808bc372":195,"686d5c0b":195,"c792a7c1":195,"f15eb1c5":195,"5a7da061":195,"71789493":195,"06a94514":195,"5ac72353":195,"d1b14d06":195,"73c420df":195,"f6c074a7":195,"0700da70":195,"ffd6849d":195,"ff591765":195,"93f12198":195,"962fca02":195,"ae562513":195,"7b66dacd":195,"9ab137d7":195,"7191d1cd":195,"005354dd":195,"75968179":195,"62e270e5":195,"66b1b6d7":195,"bc8bdc23":195,"b062adc4":195,"a71f3f70":195,"1f7aa83c":195,"4aae5133":195,"732d62ee":195,"63a3af32":195,"d4b0751c":195,"3fec4b0b":195,"5b01444b":195,"faa3de3e":195,"79995b62":195,"44983d13":195,"97160db8":195,"80999122":195,"72af9198":195,"589f0d6e":195,"51b4016a":195,"e39e9552":195,"81c1b70d":195,"46bf9112":195,"e72f0f82":195,"092ad3d6":195,"88374b72":195,"bf940089":195,"fdfaf1ed":195,"01f34f98":195,"1670b0d3":195,"ea981bed":195,"5e197575":195,"ec97d63e":195,"e587c4d0":195,"94208a41":195,"2cbcad17":195,"525b2635":195,"caa38a45":195,"4dccb5ca":195,"a9987a58":195,"83268abf":195,"578c4c95":195,"b6b8e5c7":195,"c606b472":195,"e82177d3":195,"89914b94":195,"04bdf5e1":195,"da8b42be":195,"3b0576bf":195,"9458934f":195,"1dcc489c":195,"945badf3":195,"1327775b":195,"bdd40125":195,"75fd47f7":195,"1c52a07e":195,"e70ccc25":195,"afd1494f":195,"9666b973":195,"653b27c7":195,"83b37fd6":195,"4d852788":195,"e43a9448":195,"3542b748":195,"379c53ab":195,"e396d80d":195,"ca6bffd3":195,"829c44a4":195,"e76e2617":195,"2b4fd52e":195,"57162572":195,"d1d50cfe":195,"7da61f27":195,"dc874a97":195,"85a220de":195,"40a7cdd2":195,"ac033c7b":195,"87759976":195,"4df3f62e":195,"c881a53e":195,"80c1c8b1":195,"cf52acd8":195,"a63cb4ce":195,"d3b3492b":195,"7580cfa4":195,"22a96386":195,"5c672b50":195,"5df16440":195,"b666e56d":195,"8db378ff":195,"784d6375":195,"4541bf85":195,"a6b13f20":195,"2459c882":195,"272e7d0d":195,"f92596ee":195,"68831ea9":195,"9713d076":195,"fd098272":195,"6ee788a7":195,"8249641d":195,"45b0968f":195,"6a9bb182":195,"1f1afd4f":195,"25fb8826":195,"0dc5da58":195,"2874a625":195,"3df97186":195,"ef0490de":195,"e0f47ced":195,"309bbf54":195,"cc537772":195,"6618390c":195,"99cc0813":195,"dc32c4e1":195,"239c636e":195,"6ee160ff":195,"c55d40ca":195,"22c177a8":195,"00ae883f":195,"f416ee62":195,"0d2b182d":195,"320754c3":195,"232b2f64":195,"3171b6e7":195,"3b25460f":195,"d2064756":195,"e61ae828":195,"f7ac3883":195,"ccd01528":195,"dab8cf68":195,"00f2a9cb":195,"916fe082":195,"b64dba8e":195,"c3bb30ce":195,"86219c70":195,"601990d8":195,"5c662c19":195,"d2a5d2fd":195,"89d220c2":195,"3e10c9cb":195,"5500a3e8":195,"3c0e87ac":195,"a891461f":195,"a246cdab":195,"117c7f0b":195,"0d21cf99":195,"14e6fe14":195,"37ec5e73":195,"bfff7913":195,"f8636899":195,"37724339":195,"d45d9727":195,"ee5ff2a3":195,"44322dfd":195,"295e4d1d":195,"8cf6570a":195,"403064a0":195,"312af46e":195,"b5a9f8c3":195,"fcbc0ae8":195,"2ff6b6a8":195,"66a71cc1":195,"bf4b58e4":195,"f7ffcbb8":195,"5728f934":195,"00b26865":195,"c333337d":195,"815c56bc":195,"5bd61a68":195,"8582c5cf":195,"0c353665":195,"231e8700":195,"1f9fbd85":195,"43f24679":195,"a1c0dfc4":195,"78f71162":195,"4b27a9a4":195,"163f4d19":195,"1d043d5a":195,"b2f82e06":195,"5b0b43e6":195,"b5474d69":195,"5a938eeb":195,"4fe0dedf":195,"951fc6d0":195,"61892a4c":195,"f096219e":195,"a3f0a6ec":195,"01051f84":195,"aa7e370d":195,"f995eeab":195,"4006e709":195,"0dedf63e":195,"a9d5374b":195,"4321f02d":195,"089b3f8f":195,"7698d0dc":195,"784414ce":195,"2df3efdb":195,"d0f1b7bd":195,"e7799883":195,"4f9456cf":195,"6e260ee8":195,"f4f84279":195,"b0950de5":195,"6f873999":195,"1f4e0e22":195,"60d69311":195,"3b09f1de":195,"b371f44a":195,"8b6180ff":195,"8819ac24":195,"dbbf7f69":195,"dfe4a061":195,"c2bf7d51":195,"781afef6":195,"de9229a0":195,"99a5feef":195,"f6266388":195,"e64fd39c":195,"e1b3ce36":195,"625fa164":195,"0c6ae551":195,"e8f4c1dd":195,"cede8b8c":195,"ad95ff4a":195,"893a99c5":195,"d8bf32b5":195,"a8edfe84":195,"2ed19b1e":195,"959e16ea":195,"02f76c64":195,"5c6d1f33":195,"b4801cae":195,"c3c2fd05":195,"f8c97147":195,"c2526ff3":195,"cc386067":195,"a22ffd8f":195,"3cd28a4d":195,"44a12c31":195,"45a961ca":195,"5ca978fd":195,"668e601b":195,"7552d86c":195,"0eb42efe":195,"03c4ab87":195,"4e3d3af7":195,"3a4803a8":195,"f7a7de5d":195,"d4e56c3e":195,"0c045c2d":195,"8efd4801":195,"7eb8f268":195,"20236d3e":195,"36ae8cd8":195,"3ddd5391":195,"07f69c6d":195,"2254f0f5":195,"ea282e84":195,"6653c83b":195,"c896052c":195,"287ecd1c":195,"f9376d3e":195,"07a94e8c":195,"bb017b49":195,"37b52fe4":195,"61ad1519":195,"819c4185":195,"ba69b06b":195,"7d2a2cb4":195,"4f62491c":195,"70b4c438":195,"71ed93db":195,"c92efaa8":195,"c241ac7e":195,"62a45672":195,"210e507a":195,"ac6e268b":195,"742238e8":195,"02ebf3b6":195,"bb17a968":195,"4abcb85d":195,"cba26072":195,"2a718dcc":195,"c6a9a8e1":195,"88854fd0":195,"8dc27d2a":195,"41d7f05d":195,"2b851827":195,"9f428a03":195,"4d504d96":195,"0533ece1":195,"bcee2ef3":195,"0afba00c":195,"04ff8100":195,"6c00d8d6":195,"ac9a02bc":195,"acfe69ed":195,"426603ff":195,"2db2f252":195,"2e84193b":195,"c55683c9":195,"51233daf":195,"02791635":195,"be081247":195,"5cc47d1b":195,"678b846f":195,"b4bd39d8":195,"b4cdbe5d":195,"fa0386f3":195,"b95d0f17":195,"cee9c347":195
1601327295442,"7800e7ce":196,"77869ff0":196,"4b8f7b16":196,"89f75690":196,"cb363e2f":196,"cd802f02":196,"d3cca7eb":196,"e866a899":196,"5690e712":196,"0b92d2a9":196,"070bed95":196,"67e5d108":196,"3d37b94b":196,"842c97c2":196,"c4cef92b":196,"0eecdc5b":196,"b7e495ea":196,"45ec63c0":196,"0ddfde2c":196,"a8b41774":196,"81f0da2d":196,"1fcc8ba4":196,"75a9c117":196,"12ba54ec":196,"be391c1a":196,"37d8a5b7":196,"d5ab81c4":196,"2ecde685":196,"f0bd52d3":196,"dcc20f76":196,"666a8ef0":196,"c5b609f1":196,"4dc5849a":196,"d605c755":196,"8a8c1d67":196,"cc6b3306":196,"8c2dfd9a":196,"f11267b9":196,"a483b15e":196,"f80ab49d":196,"95eaed39":196,"a5ba0ebb":196,"f53362a9":196,"1901ef7e":196
1601327296016,"d5d94481":196,"ffe48500":196,"c7a45a33":196,"faffe099":196,"e99490cd":196,"3b830769":196,"583f0305":196,"1557c50a":196,"249e80ab":196,"f52a3d94":196,"eb74d3dd":196,"3bcbc28d":196,"3c0455e7":196,"df203c79":196,"df1e1ac0":196,"491708eb":196,"e421caaa":196,"2d2ecf27":196,"d38a4953":196,"eba5efdd":196,"a5463f93":196,"c85ac4f8":196,"bc253f4f":196,"0d9d2bf8":196,"846b7f11":196,"d3411467":196,"1df0ce7f":196,"a08171d0":196,"c8bc5677":196,"dfca0518":196,"b9a21017":196,"e47705d3":196,"3cae4115":196,"0ccf4731":196,"c7c6782d":196,"54346574":196,"b12cbf87":196,"81942d9b":196,"699b90c1":196,"d9b5a7a8":196,"1e7914d2":196,"e5d8fdb2":196,"3412ab75":196,"bcac5daf":196,"62d028cc":196,"0af2cf39":196,"27491297":196,"d041ea86":196,"1eda11b2":196,"fc442678":196,"960c2e6b":196,"3515e999":196,"d11f8f1b":196,"9d9eb027":196,"325f9a29":196,"503aafe5":196,"080d5d42":196,"5d03f5dc":196,"f0a01341":196,"1ee4d9f9":196,"0d6e45e7":196,"0da97151":196,"e829038c":196,"4987cfb5":196,"ba90687c":196,"77f2cf92":196,"037e2be4":196,"9e7dbd20":196,"0c086273":196,"ac13c3b0":196,"b4d9c57f":196,"5d53c964":196,"8ee9cc91":196,"4cc0af91":196,"55f6a2ba":196,"9559ea96":196,"9cb044bf":196,"16b25add":196,"80ee333e":196,"3b329af2":196,"1cd662bf":196,"72992b35":196,"47589344":196,"593b1533":196,"e9f6e5ce":196,"ed6bead5":196,"96f594b9":196,"94dfcfc5":196,"8301986e":196,"830ecfec":196,"a8bae791":196,"312009ee":196,"c98759fd":196,"e8b6d676":196,"45ee5840":196,"76f04033":196,"43480b19":196,"fd955858":196,"69798d15":196,"efea71fa":196,"fb3aa867":196,"c9cf710b":196,"fcacdeb3":196,"0ea055ed":196,"e3b1bdf8":196,"644b45fb":196,"18c73816":196,"e491161e":196,"b5087677":196,"16f60bed":196
1601327296448,"cb0c3481":196,"7664512c":196,"df9a53b8":196,"f6c27b2b":196,"945f6c24":196,"f1daea7e":196,"b8fb90e3":196,"56227e35":196,"0d6bf22a":196,"b87321d0":196,"43205b5d":196,"8982905a":196,"f6fe1ad7":196,"230064fa":196,"764e0abb":196,"bba6d88e":196,"ea3479ec":196,"32266fa3":196,"50b090c3":196,"8be24763":196,"eb4800b2":196,"6e0ce9dc":196,"87d9bec4":196,"e30dfa0c":196,"6da34174":196,"bfb849fa":196,"0a10b423":196,"9ef7cee7":196,"49f1a0d1":196,"5f04aa76":196,"ba297382":196,"0287db2a":196,"96abe4a9":196,"753b10b1":196,"cf14bd99":196,"782022f4":196,"322e833f":196,"ab3619e4":196,"106006ad":196,"c8237be9":196,"1416e8f5":196,"dde2eed5":196,"a208caa8":196,"16605353":196,"77b39e15":196,"f1726edb":196,"590ce3d3":196,"1802d7ce":196,"0a49914b":196,"5d3f5cad":196,"cf347cba":196,"fc0c23f7":196,"641f9b9e":196,"c92edec5":196,"9f03c1e7":196,"5b09e53e":196,"da5bb0f7":196,"6d925c84":196,"50b23ab2":196,"edfa56d4":196,"899c16eb":196,"41c76041":196,"6bb1fa99":196,"d73ff72e":196,"92b72493":196,"d3e58903":196,"4481c4be":196,"7954891b":196,"4afd60a9":196,"d44c0ea3":196,"68f87858":196,"533bac6b":196,"41634dba":196,"43fd1327":196,"113e7f4b":196,"8cce569a":196,"ce6401b6":196,"6f57824c":196,"28bd7aa1":196,"1d52fb0d":196,"cde0d748":196,"535ed444":196,"710f0d0e":196,"0905f1fb":196,"a20e529c":196,"1ae76fcc":196,"35b161d3":196,"344cd1a3":196,"77ea1236":196,"06c24a8d":196,"2f35e75f":196,"3eddf7c8":196,"77970f8b":196,"efd594d5":196,"4718294d":196,"5352cf45":196,"e0ffe8ff":196,"ae14d6b5":196,"721f5f42":196,"0b50bca6":196,"bf2ca266":196,"5d8d9641":196,"0de67c6c":196,"2311399f":196,"5e3ebf5e":196,"9f6ca218":196,"6213799d":196,"44cb1fd2":196,"baf19c25":196,"24a79a6e":196,"edde30af":196,"4d949e11":196,"df12f689":196,"1da10cbf":196,"832c48e4":196,"dc90a44c":196,"1ad7c45b":196,"5566c17c":196,"86a22252":196,"0000dece":196,"ce5efdbe":196,"58ace2b5":196,"d379fd96":196,"7b819458":196,"96d2a118":196,"23a0e41f":196,"b32a1080":196,"a2c4b591":196,"6dfa57be":196,"1854ce44":196,"f92b22f1":196,"ece12664":196,"36f4ecde":196,"568a0d58":196,"5fd569d2":196,"10c8fd03":196,"bd4ccb49":196,"e773d697":196,"7e8c11e7":196,"077eb15a":196,"5337c279":196,"8d256cb6":196,"7021c619":196,"32ae00db":196,"bf2defb2":196,"bc733a28":196,"30d32d34":196,"886c16d3":196,"e8d09b62":196,"7f8024cd":196,"ae562513":196,"7b66dacd":196,"9ab137d7":196,"7191d1cd":196,"005354dd":196,"61c0ca91":196,"d2fda7be":196,"ce20ca3c":196,"1d2d958b":196,"81fb6a01":196,"7f5b27c8":196,"fb3444d9":196,"f05de640":196,"86a68967":196,"56cd4dca":196,"7f469f4c":196,"f92dedfc":196,"355d1489":196,"f96fc1af":196,"06713bac":196,"61aca924":196,"d97fb857":196,"59ff5ec6":196,"ef04e64e":196,"6e2d04de":196,"2fca1798":196,"05028839":196,"5488826c":196,"84fff5c1":196,"c649992d":196,"d5ad3ed6":196,"8e5f7187":196,"55ba7579":196,"b7769ca6":196,"9c27de51":196,"38a75b48":196,"3b3569f6":196,"b01ab62a":196,"76da16fa":196,"bffee581":196,"07150038":196,"080fa362":196,"7b6945ad":196,"a40d08e1":196,"cec79bc2":196,"d2eff358":196,"e70aebb5":196,"a488b2f1":196,"4caa87d6":196,"f7076e21":196,"69e653b6":196,"98d2991b":196,"3b411d6a":196,"83826ef3":196,"595609d5":196,"b47f1b89":196,"8e6caf71":196,"9a3433b8":196,"b89112cb":196,"66736d5e":196,"30de89a7":196,"06aaa33f":196,"320c65bf":196,"1fa1e7c2":196,"1792bfa3":196,"426f1904":196,"7c0f1ca9":196,"b2f820ac":196,"25d4f65d":196,"eddb6a2a":196,"ff8a00aa":196,"c146560b":196,"985068e7":196,"d543ba6f":196,"646af2b9":196,"659389ad":196,"240c8679":196,"0718c3be":196,"8b503f7b":196,"87a8523c":196,"c416baa6":196,"ae350a07":196,"680a32a6":196,"83ba647d":196,"cb0bd6b7":196,"8e426e39":196,"51909df8":196,"e22b0973":196,"23646ff9":196,"3abb827b":196,"0c73c293":196,"88929b06":196,"08c4692e":196,"5b2479ef":196,"1d882c36":196,"eb62e8f2":196,"f1e86522":196,"fa03f48f":196,"5298dafa":196,"25f7f918":196,"c5311ebb":196,"105bb3f6":196,"58de5462":196,"f01c896d":196,"1f2670d0":196,"962c9c8f":196,"aec0bf28":196,"a017a323":196,"8801c469":196,"b6281f1a":196,"48c6df81":196,"5e165f43":196,"808bc372":196,"f8785b71":196,"c792a7c1":196,"5a7da061":196,"ab4a411a":196,"06a94514":196,"d7a4b24c":196,"73c420df":196,"686d5c0b":196,"0700da70":196,"f15eb1c5":196,"ff591765":196,"71789493":196,"5ac72353":196,"93f12198":196,"d1b14d06":196,"62e270e5":196,"66b1b6d7":196,"f6c074a7":196,"ffd6849d":196,"b062adc4":196,"4aae5133":196,"962fca02":196,"63a3af32":196,"75968179":196,"bc8bdc23":196,"3fec4b0b":196,"a71f3f70":196,"faa3de3e":196,"44983d13":196,"1f7aa83c":196,"732d62ee":196,"80999122":196,"d4b0751c":196,"72af9198":196,"5b01444b":196,"e39e9552":196,"79995b62":196,"81c1b70d":196,"e72f0f82":196,"97160db8":196,"589f0d6e":196,"88374b72":196,"fdfaf1ed":196,"51b4016a":196,"ea981bed":196,"46bf9112":196,"092ad3d6":196,"5e197575":196,"e587c4d0":196,"bf940089":196,"01f34f98":196,"525b2635":196,"caa38a45":196,"1670b0d3":196,"a9987a58":196,"ec97d63e":196,"b6b8e5c7":196,"94208a41":196,"2cbcad17":196,"e82177d3":196,"4dccb5ca":196,"89914b94":196,"04bdf5e1":196,"83268abf":196,"da8b42be":196,"578c4c95":196,"3b0576bf":196,"c606b472":196,"9458934f":196,"1dcc489c":196,"945badf3":196,"1327775b":196,"bdd40125":196,"75fd47f7":196,"1c52a07e":196,"e70ccc25":196,"afd1494f":196,"ca6bffd3":196,"829c44a4":196,"e76e2617":196,"2b4fd52e":196,"57162572":196,"d1d50cfe":196
1601327297038,"9666b973":196,"653b27c7":196,"83b37fd6":196,"4d852788":196,"e43a9448":196,"3542b748":196,"379c53ab":196,"e396d80d":196,"7da61f27":196,"dc874a97":196,"85a220de":196,"40a7cdd2":196,"ac033c7b":196,"87759976":196,"4df3f62e":196,"c881a53e":196,"80c1c8b1":196,"cf52acd8":196,"a63cb4ce":196,"d3b3492b":196,"7580cfa4":196,"22a96386":196,"5c672b50":196,"5df16440":196,"b666e56d":196,"8db378ff":196,"784d6375":196,"4541bf85":196,"a6b13f20":196,"2459c882":196,"3df97186":196,"ef0490de":196,"e0f47ced":196,"309bbf54":196,"cc537772":196,"6618390c":196,"99cc0813":196,"dc32c4e1":196,"239c636e":196,"6ee160ff":196,"c55d40ca":196,"22c177a8":196,"00ae883f":196,"f416ee62":196,"0d2b182d":196,"320754c3":196,"232b2f64":196,"3171b6e7":196,"3b25460f":196,"d2064756":196,"272e7d0d":196,"f92596ee":196,"68831ea9":196,"9713d076":196,"fd098272":196,"6ee788a7":196,"8249641d":196,"45b0968f":196,"6a9bb182":196,"1f1afd4f":196,"25fb8826":196,"0dc5da58":196,"2874a625":196,"e61ae828":196,"f7ac3883":196,"ccd01528":196,"dab8cf68":196,"00f2a9cb":196,"916fe082":196,"b64dba8e":196,"c3bb30ce":196,"86219c70":196,"601990d8":196,"5c662c19":196,"d2a5d2fd":196,"89d220c2":196,"3e10c9cb":196,"5500a3e8":196,"3c0e87ac":196,"a891461f":196,"a246cdab":196,"117c7f0b":196,"0d21cf99":196,"14e6fe14":196,"37ec5e73":196,"bfff7913":196,"f8636899":196,"37724339":196,"d45d9727":196,"ee5ff2a3":196,"44322dfd":196,"295e4d1d":196,"8cf6570a":196,"403064a0":196,"312af46e":196,"b5a9f8c3":196,"fcbc0ae8":196,"2ff6b6a8":196,"66a71cc1":196,"bf4b58e4":196,"f7ffcbb8":196,"5728f934":196,"00b26865":196,"c333337d":196,"815c56bc":196,"5bd61a68":196,"8582c5cf":196,"0c353665":196,"231e8700":196,"1f9fbd85":196,"43f24679":196,"a1c0dfc4":196,"78f71162":196,"4b27a9a4":196,"163f4d19":196,"1d043d5a":196,"b2f82e06":196,"5b0b43e6":196,"b5474d69":196,"5a938eeb":196,"4fe0dedf":196,"951fc6d0":196,"61892a4c":196,"f096219e":196,"a3f0a6ec":196,"01051f84":196,"aa7e370d":196,"f995eeab":196,"4006e709":196,"0dedf63e":196,"a9d5374b":196,"4321f02d":196,"089b3f8f":196,"7698d0dc":196,"784414ce":196,"2df3efdb":196,"d0f1b7bd":196,"e7799883":196,"4f9456cf":196,"6e260ee8":196,"f4f84279":196,"b0950de5":196,"6f873999":196,"1f4e0e22":196,"60d69311":196,"3b09f1de":196,"b371f44a":196,"8b6180ff":196,"8819ac24":196,"dbbf7f69":196,"dfe4a061":196,"c2bf7d51":196,"781afef6":196,"de9229a0":196,"99a5feef":196,"f6266388":196,"e64fd39c":196,"e1b3ce36":196,"625fa164":196,"0c6ae551":196,"e8f4c1dd":196,"cede8b8c":196,"ad95ff4a":196,"893a99c5":196,"d8bf32b5":196,"0eb42efe":196,"03c4ab87":196,"4e3d3af7":196,"3a4803a8":196,"f7a7de5d":196,"d4e56c3e":196,"0c045c2d":196,"8efd4801":196,"7eb8f268":196,"20236d3e":196,"36ae8cd8":196,"3ddd5391":196,"07f69c6d":196,"2254f0f5":196,"a8edfe84":196,"2ed19b1e":196,"959e16ea":196,"02f76c64":196,"5c6d1f33":196,"b4801cae":196,"c3c2fd05":196,"f8c97147":196,"c2526ff3":196,"cc386067":196,"a22ffd8f":196,"3cd28a4d":196,"44a12c31":196,"45a961ca":196,"5ca978fd":196,"668e601b":196,"7552d86c":196,"02ebf3b6":196,"bb17a968":196,"4abcb85d":196,"cba26072":196,"2a718dcc":196,"c6a9a8e1":196,"88854fd0":196,"8dc27d2a":196,"41d7f05d":196,"2b851827":196,"9f428a03":196,"4d504d96":196,"0533ece1":196,"bcee2ef3":196,"ea282e84":196,"6653c83b":196,"c896052c":196,"287ecd1c":196,"f9376d3e":196,"07a94e8c":196,"bb017b49":196,"37b52fe4":196,"61ad1519":196,"819c4185":196,"ba69b06b":196,"7d2a2cb4":196,"4f62491c":196,"70b4c438":196,"71ed93db":196,"c92efaa8":196,"c241ac7e":196,"62a45672":196,"210e507a":196,"ac6e268b":196,"742238e8":196,"0afba00c":196,"04ff8100":196,"6c00d8d6":196,"ac9a02bc":196,"acfe69ed":196,"426603ff":196,"2db2f252":196,"2e84193b":196,"c55683c9":196,"51233daf":196,"02791635":196,"be081247":196,"5cc47d1b":196,"678b846f":196,"b4bd39d8":196,"b4cdbe5d":196,"fa0386f3":196,"b95d0f17":196,"cee9c347":196
1601327297294,"7800e7ce":197,"77869ff0":197,"4b8f7b16":197,"89f75690":197,"cb363e2f":197,"cd802f02":197,"d3cca7eb":197,"e866a899":197,"5690e712":197,"0b92d2a9":197,"070bed95":197,"67e5d108":197,"3d37b94b":197,"842c97c2":197,"c4cef92b":197,"d5d94481":197,"ffe48500":197,"c7a45a33":197,"faffe099":197,"e99490cd":197,"3b830769":197,"583f0305":197,"1557c50a":197,"249e80ab":197,"f52a3d94":197,"eb74d3dd":197,"3bcbc28d":197,"3c0455e7":197,"df203c79":197,"df1e1ac0":197,"491708eb":197,"e421caaa":197,"2d2ecf27":197,"d38a4953":197,"eba5efdd":197,"a5463f93":197,"c85ac4f8":197,"bc253f4f":197,"0d9d2bf8":197,"846b7f11":197,"d3411467":197,"1df0ce7f":197,"a08171d0":197,"c8bc5677":197,"dfca0518":197,"b9a21017":197,"e47705d3":197,"3cae4115":197,"0ccf4731":197,"c7c6782d":197,"54346574":197,"b12cbf87":197,"81942d9b":197,"699b90c1":197,"d9b5a7a8":197,"1e7914d2":197,"e5d8fdb2":197,"3412ab75":197,"bcac5daf":197,"62d028cc":197,"0af2cf39":197,"27491297":197,"d041ea86":197,"1eda11b2":197,"fc442678":197,"0eecdc5b":197,"b7e495ea":197,"45ec63c0":197,"0ddfde2c":197,"a8b41774":197,"81f0da2d":197,"1fcc8ba4":197,"75a9c117":197,"12ba54ec":197,"be391c1a":197,"37d8a5b7":197,"d5ab81c4":197,"2ecde685":197,"f0bd52d3":197,"dcc20f76":197,"666a8ef0":197,"c5b609f1":197,"4dc5849a":197,"d605c755":197,"8a8c1d67":197,"cc6b3306":197,"8c2dfd9a":197,"f11267b9":197,"a483b15e":197,"f80ab49d":197,"95eaed39":197,"a5ba0ebb":197,"f53362a9":197,"1901ef7e":197,"960c2e6b":197,"3515e999":197,"d11f8f1b":197,"9d9eb027":197,"325f9a29":197,"503aafe5":197
1601327297668,"080d5d42":197,"5d03f5dc":197,"f0a01341":197,"1ee4d9f9":197,"0d6e45e7":197,"0da97151":197,"e829038c":197,"4987cfb5":197,"ba90687c":197,"77f2cf92":197,"037e2be4":197,"9e7dbd20":197,"0c086273":197,"ac13c3b0":197,"b4d9c57f":197,"5d53c964":197,"8ee9cc91":197,"4cc0af91":197,"55f6a2ba":197,"9559ea96":197,"9cb044bf":197,"16b25add":197,"80ee333e":197,"3b329af2":197,"1cd662bf":197,"72992b35":197,"47589344":197,"593b1533":197,"e9f6e5ce":197,"ed6bead5":197,"96f594b9":197,"94dfcfc5":197,"8301986e":197,"830ecfec":197,"a8bae791":197,"312009ee":197,"c98759fd":197,"e8b6d676":197,"45ee5840":197,"76f04033":197,"43480b19":197,"fd955858":197,"69798d15":197,"efea71fa":197,"fb3aa867":197,"c9cf710b":197,"fcacdeb3":197,"0ea055ed":197,"e3b1bdf8":197,"644b45fb":197,"18c73816":197,"e491161e":197,"b5087677":197,"16f60bed":197,"cb0c3481":197,"7664512c":197,"df9a53b8":197,"f6c27b2b":197,"945f6c24":197,"f1daea7e":197,"b8fb90e3":197,"56227e35":197,"0d6bf22a":197,"b87321d0":197,"43205b5d":197,"8982905a":197,"f6fe1ad7":197,"230064fa":197,"764e0abb":197,"bba6d88e":197,"ea3479ec":197,"32266fa3":197,"50b090c3":197,"8be24763":197,"eb4800b2":197,"6e0ce9dc":197,"87d9bec4":197,"e30dfa0c":197,"6da34174":197,"bfb849fa":197,"0a10b423":197,"9ef7cee7":197,"49f1a0d1":197,"5f04aa76":197,"ba297382":197,"0287db2a":197,"96abe4a9":197,"753b10b1":197,"cf14bd99":197,"782022f4":197,"322e833f":197,"ab3619e4":197,"106006ad":197,"c8237be9":197,"1416e8f5":197,"dde2eed5":197,"a208caa8":197,"16605353":197,"77b39e15":197,"f1726edb":197,"92b72493":197,"d3e58903":197,"4481c4be":197,"7954891b":197,"4afd60a9":197,"d44c0ea3":197,"68f87858":197,"533bac6b":197,"41634dba":197,"43fd1327":197,"113e7f4b":197,"8cce569a":197,"ce6401b6":197,"6f57824c":197,"28bd7aa1":197,"1d52fb0d":197,"cde0d748":197,"535ed444":197,"710f0d0e":197,"0905f1fb":197,"a20e529c":197,"1ae76fcc":197,"35b161d3":197,"344cd1a3":197,"77ea1236":197,"96d2a118":197,"590ce3d3":197,"1802d7ce":197,"0a49914b":197,"5d3f5cad":197,"cf347cba":197,"fc0c23f7":197,"641f9b9e":197,"c92edec5":197,"9f03c1e7":197,"06c24a8d":197,"2f35e75f":197,"3eddf7c8":197,"77970f8b":197,"efd594d5":197,"4718294d":197,"5352cf45":197,"e0ffe8ff":197,"ae14d6b5":197,"721f5f42":197,"0b50bca6":197,"bf2ca266":197,"5d8d9641":197,"0de67c6c":197,"2311399f":197,"5e3ebf5e":197,"9f6ca218":197,"6213799d":197,"44cb1fd2":197,"baf19c25":197,"24a79a6e":197,"edde30af":197,"4d949e11":197,"5b09e53e":197,"da5bb0f7":197,"6d925c84":197,"50b23ab2":197,"edfa56d4":197,"899c16eb":197,"41c76041":197,"6bb1fa99":197,"d73ff72e":197,"61c0ca91":197,"d2fda7be":197,"ce20ca3c":197,"1d2d958b":197,"81fb6a01":197,"7f5b27c8":197,"fb3444d9":197,"f05de640":197,"86a68967":197,"56cd4dca":197,"23a0e41f":197,"b32a1080":197,"a2c4b591":197,"6dfa57be":197,"1854ce44":197,"f92b22f1":197,"ece12664":197,"36f4ecde":197,"568a0d58":197,"5fd569d2":197,"10c8fd03":197,"bd4ccb49":197,"e773d697":197,"7e8c11e7":197,"077eb15a":197,"5337c279":197,"8d256cb6":197,"7021c619":197,"32ae00db":197,"bf2defb2":197,"bc733a28":197,"30d32d34":197,"886c16d3":197,"e8d09b62":197,"7f469f4c":197,"f92dedfc":197,"355d1489":197,"f96fc1af":197,"06713bac":197,"61aca924":197,"d97fb857":197,"59ff5ec6":197,"ef04e64e":197,"6e2d04de":197,"2fca1798":197,"05028839":197,"5488826c":197,"84fff5c1":197,"c649992d":197,"df12f689":197,"1da10cbf":197,"832c48e4":197,"dc90a44c":197,"1ad7c45b":197,"5566c17c":197,"86a22252":197,"0000dece":197,"ce5efdbe":197,"58ace2b5":197,"d379fd96":197,"7b819458":197,"7f8024cd":197,"ae562513":197,"7b66dacd":197,"9ab137d7":197,"7191d1cd":197,"005354dd":197,"d5ad3ed6":197,"8e5f7187":197,"55ba7579":197,"b7769ca6":197,"9c27de51":197,"38a75b48":197,"1792bfa3":197,"426f1904":197,"7c0f1ca9":197,"b2f820ac":197,"25d4f65d":197,"eddb6a2a":197,"ff8a00aa":197,"c146560b":197,"985068e7":197,"d543ba6f":197
1601327298661,"3b3569f6":197,"b01ab62a":197,"76da16fa":197,"bffee581":197,"07150038":197,"080fa362":197,"7b6945ad":197,"a40d08e1":197,"cec79bc2":197,"d2eff358":197,"e70aebb5":197,"a488b2f1":197,"4caa87d6":197,"f7076e21":197,"69e653b6":197,"98d2991b":197,"3b411d6a":197,"83826ef3":197,"595609d5":197,"b47f1b89":197,"8e6caf71":197,"9a3433b8":197,"b89112cb":197,"66736d5e":197,"30de89a7":197,"06aaa33f":197,"320c65bf":197,"1fa1e7c2":197,"646af2b9":197,"659389ad":197,"240c8679":197,"0718c3be":197,"8b503f7b":197,"87a8523c":197,"c416baa6":197,"ae350a07":197,"680a32a6":197,"83ba647d":197,"cb0bd6b7":197,"8e426e39":197,"51909df8":197,"e22b0973":197,"23646ff9":197,"3abb827b":197,"0c73c293":197,"88929b06":197,"08c4692e":197,"5b2479ef":197,"1d882c36":197,"eb62e8f2":197,"f1e86522":197,"fa03f48f":197,"5298dafa":197,"25f7f918":197,"c5311ebb":197,"105bb3f6":197,"58de5462":197,"f01c896d":197,"1f2670d0":197,"962c9c8f":197,"aec0bf28":197,"a017a323":197,"8801c469":197,"b6281f1a":197,"48c6df81":197,"5e165f43":197,"f8785b71":197,"ab4a411a":197,"d7a4b24c":197,"686d5c0b":197,"808bc372":197,"c792a7c1":197,"f15eb1c5":197,"5a7da061":197,"71789493":197,"06a94514":197,"5ac72353":197,"d1b14d06":197,"73c420df":197,"f6c074a7":197,"0700da70":197,"ff591765":197,"ffd6849d":197,"93f12198":197,"962fca02":197,"62e270e5":197,"75968179":197,"66b1b6d7":197,"bc8bdc23":197,"b062adc4":197,"a71f3f70":197,"4aae5133":197,"1f7aa83c":197,"63a3af32":197,"732d62ee":197,"3fec4b0b":197,"d4b0751c":197,"faa3de3e":197,"5b01444b":197,"44983d13":197,"79995b62":197,"80999122":197,"97160db8":197,"589f0d6e":197,"72af9198":197,"51b4016a":197,"e39e9552":197,"46bf9112":197,"81c1b70d":197,"092ad3d6":197,"e72f0f82":197,"88374b72":197,"bf940089":197,"01f34f98":197,"fdfaf1ed":197,"ea981bed":197,"1670b0d3":197,"ec97d63e":197,"5e197575":197,"e587c4d0":197,"94208a41":197,"2cbcad17":197,"525b2635":197,"caa38a45":197,"4dccb5ca":197,"83268abf":197,"a9987a58":197,"b6b8e5c7":197,"578c4c95":197,"e82177d3":197,"c606b472":197,"89914b94":197,"04bdf5e1":197,"da8b42be":197,"3b0576bf":197,"9458934f":197,"1dcc489c":197,"945badf3":197,"1327775b":197,"bdd40125":197,"75fd47f7":197,"1c52a07e":197,"e70ccc25":197,"afd1494f":197,"ca6bffd3":197,"829c44a4":197,"e76e2617":197,"2b4fd52e":197,"57162572":197,"d1d50cfe":197,"272e7d0d":197,"f92596ee":197,"68831ea9":197,"9713d076":197,"fd098272":197,"6ee788a7":197,"8249641d":197,"45b0968f":197,"6a9bb182":197,"1f1afd4f":197,"25fb8826":197,"0dc5da58":197,"2874a625":197,"e61ae828":197,"f7ac3883":197,"ccd01528":197,"dab8cf68":197,"00f2a9cb":197,"916fe082":197,"b64dba8e":197,"c3bb30ce":197,"86219c70":197,"601990d8":197,"5c662c19":197,"d2a5d2fd":197,"9666b973":197,"653b27c7":197,"83b37fd6":197,"4d852788":197,"e43a9448":197,"3542b748":197,"379c53ab":197,"e396d80d":197,"7da61f27":197,"dc874a97":197,"85a220de":197,"40a7cdd2":197,"ac033c7b":197,"87759976":197,"4df3f62e":197,"c881a53e":197,"80c1c8b1":197,"cf52acd8":197,"a63cb4ce":197,"f7ffcbb8":197,"89d220c2":197,"3e10c9cb":197,"5500a3e8":197,"3c0e87ac":197,"a891461f":197,"a246cdab":197,"117c7f0b":197,"0d21cf99":197,"14e6fe14":197,"37ec5e73":197,"bfff7913":197,"f8636899":197,"37724339":197,"d45d9727":197,"ee5ff2a3":197,"44322dfd":197,"295e4d1d":197,"8cf6570a":197,"403064a0":197,"312af46e":197,"b5a9f8c3":197,"fcbc0ae8":197,"2ff6b6a8":197,"66a71cc1":197,"bf4b58e4":197,"d3b3492b":197,"7580cfa4":197,"22a96386":197,"5c672b50":197,"5df16440":197,"b666e56d":197,"8db378ff":197,"784d6375":197,"4541bf85":197,"a6b13f20":197,"2459c882":197,"3df97186":197,"ef0490de":197,"e0f47ced":197,"309bbf54":197,"cc537772":197,"6618390c":197,"99cc0813":197,"dc32c4e1":197,"239c636e":197,"6ee160ff":197,"c55d40ca":197,"22c177a8":197,"00ae883f":197,"f416ee62":197,"0d2b182d":197,"320754c3":197,"232b2f64":197,"3171b6e7":197,"3b25460f":197,"d2064756":197,"5728f934":197,"00b26865":197,"c333337d":197,"815c56bc":197,"5bd61a68":197,"8582c5cf":197,"0c353665":197,"231e8700":197,"1f9fbd85":197,"43f24679":197,"a1c0dfc4":197,"78f71162":197,"4b27a9a4":197,"163f4d19":197,"1d043d5a":197,"b2f82e06":197,"5b0b43e6":197,"b5474d69":197,"5a938eeb":197,"4fe0dedf":197,"951fc6d0":197,"61892a4c":197,"f096219e":197,"a3f0a6ec":197,"01051f84":197,"aa7e370d":197,"f995eeab":197,"4006e709":197,"0dedf63e":197,"a9d5374b":197,"4321f02d":197,"089b3f8f":197,"7698d0dc":197,"784414ce":197,"2df3efdb":197,"a8edfe84":197,"2ed19b1e":197,"959e16ea":197,"02f76c64":197,"5c6d1f33":197,"b4801cae":197,"c3c2fd05":197,"f8c97147":197,"c2526ff3":197,"cc386067":197,"a22ffd8f":197,"3cd28a4d":197,"44a12c31":197,"45a961ca":197,"5ca978fd":197,"668e601b":197,"7552d86c":197,"02ebf3b6":197,"bb17a968":197,"4abcb85d":197,"cba26072":197,"2a718dcc":197,"d0f1b7bd":197,"e7799883":197,"4f9456cf":197,"6e260ee8":197,"f4f84279":197,"b0950de5":197,"6f873999":197,"1f4e0e22":197,"60d69311":197,"3b09f1de":197,"b371f44a":197,"8b6180ff":197,"8819ac24":197,"dbbf7f69":197,"dfe4a061":197,"c2bf7d51":197,"781afef6":197,"de9229a0":197,"99a5feef":197,"f6266388":197,"e64fd39c":197,"e1b3ce36":197,"625fa164":197,"0c6ae551":197,"e8f4c1dd":197,"cede8b8c":197,"ad95ff4a":197,"893a99c5":197,"d8bf32b5":197,"0eb42efe":197,"03c4ab87":197,"4e3d3af7":197,"3a4803a8":197,"f7a7de5d":197,"d4e56c3e":197,"c6a9a8e1":197,"88854fd0":197,"8dc27d2a":197,"41d7f05d":197,"2b851827":197,"9f428a03":197,"4d504d96":197,"0533ece1":197,"bcee2ef3":197,"0afba00c":197,"04ff8100":197,"6c00d8d6":197,"ac9a02bc":197,"acfe69ed":197,"426603ff":197,"2db2f252":197,"2e84193b":197,"c55683c9":197,"51233daf":197,"02791635":197,"be081247":197,"5cc47d1b":197,"678b846f":197,"b4bd39d8":197,"b4cdbe5d":197,"fa0386f3":197,"b95d0f17":197,"cee9c347":197,"0c045c2d":197,"8efd4801":197,"7eb8f268":197,"20236d3e":197,"36ae8cd8":197,"3ddd5391":197,"07f69c6d":197,"2254f0f5":197,"ea282e84":197,"6653c83b":197,"c896052c":197,"287ecd1c":197,"f9376d3e":197,"07a94e8c":197,"bb017b49":197,"37b52fe4":197,"61ad1519":197,"819c4185":197,"ba69b06b":197,"7d2a2cb4":197,"4f62491c":197,"70b4c438":197,"71ed93db":197,"c92efaa8":197,"c241ac7e":197,"62a45672":197,"210e507a":197,"ac6e268b":197,"742238e8":197
1601327299386,"7800e7ce":198,"77869ff0":198,"4b8f7b16":198,"89f75690":198,"cb363e2f":198,"cd802f02":198,"d3cca7eb":198,"e866a899":198,"5690e712":198,"0b92d2a9":198,"070bed95":198,"67e5d108":198,"3d37b94b":198,"842c97c2":198,"c4cef92b":198,"0eecdc5b":198,"b7e495ea":198,"45ec63c0":198,"0ddfde2c":198,"a8b41774":198,"81f0da2d":198,"1fcc8ba4":198,"75a9c117":198,"12ba54ec":198,"be391c1a":198,"37d8a5b7":198,"d5ab81c4":198,"2ecde685":198,"f0bd52d3":198,"dcc20f76":198,"666a8ef0":198,"c5b609f1":198,"4dc5849a":198,"d605c755":198,"8a8c1d67":198,"cc6b3306":198,"8c2dfd9a":198,"f11267b9":198,"a483b15e":198,"f80ab49d":198,"95eaed39":198,"a5ba0ebb":198,"d5d94481":198,"ffe48500":198,"c7a45a33":198,"faffe099":198,"e99490cd":198,"3b830769":198,"583f0305":198,"1557c50a":198,"249e80ab":198,"f52a3d94":198,"eb74d3dd":198,"3bcbc28d":198,"3c0455e7":198,"df203c79":198,"df1e1ac0":198,"491708eb":198,"f53362a9":198,"1901ef7e":198,"960c2e6b":198,"3515e999":198,"d11f8f1b":198,"9d9eb027":198,"325f9a29":198,"503aafe5":198,"e421caaa":198,"2d2ecf27":198,"d38a4953":198,"eba5efdd":198,"a5463f93":198,"c85ac4f8":198,"bc253f4f":198,"0d9d2bf8":198,"846b7f11":198,"d3411467":198,"1df0ce7f":198,"a08171d0":198,"c8bc5677":198,"dfca0518":198,"b9a21017":198,"e47705d3":198,"3cae4115":198,"0ccf4731":198,"c7c6782d":198,"54346574":198,"b12cbf87":198,"81942d9b":198,"699b90c1":198,"d9b5a7a8":198,"1e7914d2":198,"e5d8fdb2":198,"3412ab75":198,"bcac5daf":198,"62d028cc":198,"0af2cf39":198,"27491297":198,"d041ea86":198,"1eda11b2":198,"fc442678":198,"080d5d42":198,"5d03f5dc":198,"f0a01341":198,"1ee4d9f9":198,"0d6e45e7":198,"0da97151":198,"e829038c":198,"4987cfb5":198,"ba90687c":198,"77f2cf92":198,"037e2be4":198,"9e7dbd20":198,"0c086273":198,"ac13c3b0":198,"b4d9c57f":198,"5d53c964":198,"8ee9cc91":198,"4cc0af91":198,"55f6a2ba":198,"9559ea96":198,"9cb044bf":198,"16b25add":198,"80ee333e":198,"3b329af2":198,"1cd662bf":198,"72992b35":198,"47589344":198,"593b1533":198,"e9f6e5ce":198,"ed6bead5":198,"96f594b9":198,"18c73816":198,"e491161e":198,"b5087677":198,"16f60bed":198,"cb0c3481":198,"7664512c":198,"df9a53b8":198,"f6c27b2b":198,"945f6c24":198,"f1daea7e":198,"b8fb90e3":198,"56227e35":198,"0d6bf22a":198,"b87321d0":198,"43205b5d":198,"8982905a":198,"f6fe1ad7":198,"230064fa":198,"764e0abb":198,"bba6d88e":198,"ea3479ec":198,"32266fa3":198,"50b090c3":198,"8be24763":198,"94dfcfc5":198,"8301986e":198,"830ecfec":198,"a8bae791":198,"312009ee":198,"c98759fd":198,"e8b6d676":198,"45ee5840":198,"76f04033":198,"43480b19":198,"fd955858":198,"69798d15":198,"efea71fa":198,"fb3aa867":198,"c9cf710b":198,"fcacdeb3":198,"0ea055ed":198,"e3b1bdf8":198,"644b45fb":198,"eb4800b2":198,"6e0ce9dc":198,"87d9bec4":198,"e30dfa0c":198,"6da34174":198,"bfb849fa":198,"0a10b423":198,"9ef7cee7":198,"49f1a0d1":198,"5f04aa76":198,"ba297382":198
1601327299638,"0287db2a":198,"96abe4a9":198,"753b10b1":198,"590ce3d3":198,"1802d7ce":198,"0a49914b":198,"5d3f5cad":198,"cf347cba":198,"fc0c23f7":198,"641f9b9e":198,"c92edec5":198,"9f03c1e7":198,"06c24a8d":198,"2f35e75f":198,"3eddf7c8":198,"77970f8b":198,"efd594d5":198,"4718294d":198,"5352cf45":198,"e0ffe8ff":198,"ae14d6b5":198,"5b09e53e":198,"da5bb0f7":198,"6d925c84":198,"50b23ab2":198,"edfa56d4":198,"899c16eb":198,"41c76041":198,"6bb1fa99":198,"d73ff72e":198,"61c0ca91":198,"d2fda7be":198,"ce20ca3c":198,"1d2d958b":198,"81fb6a01":198,"cf14bd99":198,"782022f4":198,"322e833f":198,"ab3619e4":198,"106006ad":198,"c8237be9":198,"1416e8f5":198,"dde2eed5":198,"a208caa8":198,"16605353":198,"77b39e15":198,"f1726edb":198,"721f5f42":198,"0b50bca6":198,"bf2ca266":198,"5d8d9641":198,"0de67c6c":198,"2311399f":198,"5e3ebf5e":198,"9f6ca218":198,"6213799d":198,"44cb1fd2":198,"baf19c25":198,"24a79a6e":198,"edde30af":198,"4d949e11":198,"df12f689":198,"1da10cbf":198,"832c48e4":198,"dc90a44c":198,"1ad7c45b":198,"5566c17c":198,"86a22252":198,"0000dece":198,"ce5efdbe":198,"58ace2b5":198,"d379fd96":198,"7b819458":198,"7f8024cd":198,"ae562513":198,"7b66dacd":198,"9ab137d7":198,"7191d1cd":198,"005354dd":198,"3b3569f6":198,"7f5b27c8":198,"fb3444d9":198,"f05de640":198,"86a68967":198,"56cd4dca":198,"7f469f4c":198,"f92dedfc":198,"355d1489":198,"f96fc1af":198,"06713bac":198,"61aca924":198,"d97fb857":198,"59ff5ec6":198,"ef04e64e":198,"6e2d04de":198,"2fca1798":198,"05028839":198,"5488826c":198,"84fff5c1":198,"c649992d":198,"d5ad3ed6":198,"8e5f7187":198,"55ba7579":198,"b7769ca6":198,"9c27de51":198,"38a75b48":198,"1792bfa3":198,"426f1904":198,"7c0f1ca9":198,"b2f820ac":198,"25d4f65d":198,"eddb6a2a":198,"ff8a00aa":198,"c146560b":198,"985068e7":198,"d543ba6f":198,"b01ab62a":198,"76da16fa":198,"bffee581":198,"07150038":198,"080fa362":198,"7b6945ad":198,"a40d08e1":198,"cec79bc2":198,"d2eff358":198,"e70aebb5":198,"a488b2f1":198,"4caa87d6":198,"f7076e21":198,"69e653b6":198,"98d2991b":198,"3b411d6a":198,"83826ef3":198,"595609d5":198,"b47f1b89":198,"8e6caf71":198,"9a3433b8":198,"b89112cb":198,"66736d5e":198,"30de89a7":198,"06aaa33f":198,"320c65bf":198,"1fa1e7c2":198,"646af2b9":198,"659389ad":198,"240c8679":198,"0718c3be":198,"8b503f7b":198,"87a8523c":198,"c416baa6":198,"ae350a07":198,"680a32a6":198,"83ba647d":198,"cb0bd6b7":198,"8e426e39":198,"51909df8":198,"e22b0973":198,"23646ff9":198,"30d32d34":198,"886c16d3":198,"e8d09b62":198,"92b72493":198,"d3e58903":198,"4481c4be":198,"7954891b":198,"4afd60a9":198,"d44c0ea3":198,"68f87858":198,"533bac6b":198,"3abb827b":198,"0c73c293":198,"88929b06":198,"08c4692e":198,"5b2479ef":198,"41634dba":198,"43fd1327":198,"113e7f4b":198,"8cce569a":198,"ce6401b6":198,"6f57824c":198,"28bd7aa1":198,"1d52fb0d":198,"cde0d748":198,"535ed444":198,"710f0d0e":198,"0905f1fb":198,"a20e529c":198,"1ae76fcc":198,"35b161d3":198,"344cd1a3":198,"77ea1236":198,"96d2a118":198,"23a0e41f":198,"b32a1080":198,"a2c4b591":198,"6dfa57be":198,"1854ce44":198,"f92b22f1":198,"ece12664":198,"36f4ecde":198,"568a0d58":198,"5fd569d2":198,"10c8fd03":198,"bd4ccb49":198,"e773d697":198,"7e8c11e7":198,"077eb15a":198,"5337c279":198,"8d256cb6":198,"7021c619":198,"32ae00db":198,"bf2defb2":198,"bc733a28":198,"1d882c36":198,"eb62e8f2":198,"f1e86522":198,"fa03f48f":198,"5298dafa":198,"25f7f918":198,"c5311ebb":198,"105bb3f6":198,"58de5462":198,"f01c896d":198,"1f2670d0":198,"962c9c8f":198,"aec0bf28":198,"a017a323":198,"8801c469":198,"b6281f1a":198,"48c6df81":198,"5e165f43":198,"f8785b71":198,"808bc372":198,"ab4a411a":198,"c792a7c1":198,"d7a4b24c":198,"5a7da061":198,"686d5c0b":198,"06a94514":198,"f15eb1c5":198,"71789493":198,"73c420df":198,"5ac72353":198,"0700da70":198,"ff591765":198,"d1b14d06":198,"f6c074a7":198,"93f12198":198,"ffd6849d":198,"62e270e5":198,"66b1b6d7":198,"962fca02":198,"75968179":198,"b062adc4":198,"4aae5133":198,"bc8bdc23":198,"a71f3f70":198,"63a3af32":198,"3fec4b0b":198,"1f7aa83c":198,"faa3de3e":198,"732d62ee":198,"44983d13":198,"d4b0751c":198,"5b01444b":198,"80999122":198,"72af9198":198,"79995b62":198,"e39e9552":198,"97160db8":198,"81c1b70d":198,"589f0d6e":198,"e72f0f82":198,"51b4016a":198,"46bf9112":198,"88374b72":198,"fdfaf1ed":198,"092ad3d6":198,"bf940089":198,"ea981bed":198,"01f34f98":198,"5e197575":198,"1670b0d3":198,"e587c4d0":198,"ec97d63e":198,"94208a41":198,"525b2635":198,"caa38a45":198,"2cbcad17":198,"4dccb5ca":198,"a9987a58":198,"83268abf":198,"b6b8e5c7":198,"e82177d3":198,"578c4c95":198,"89914b94":198,"c606b472":198,"04bdf5e1":198,"da8b42be":198,"3b0576bf":198,"9458934f":198,"1dcc489c":198,"945badf3":198,"1327775b":198,"bdd40125":198,"75fd47f7":198,"1c52a07e":198,"e70ccc25":198,"afd1494f":198,"ca6bffd3":198,"829c44a4":198,"e76e2617":198,"2b4fd52e":198,"57162572":198,"d1d50cfe":198,"9666b973":198,"653b27c7":198,"83b37fd6":198,"4d852788":198,"e43a9448":198,"3542b748":198,"379c53ab":198,"e396d80d":198,"7da61f27":198,"dc874a97":198,"85a220de":198,"40a7cdd2":198,"ac033c7b":198,"87759976":198,"4df3f62e":198,"c881a53e":198,"80c1c8b1":198,"cf52acd8":198,"a63cb4ce":198,"d3b3492b":198,"7580cfa4":198,"22a96386":198,"5c672b50":198,"5df16440":198,"272e7d0d":198,"f92596ee":198,"68831ea9":198,"9713d076":198,"fd098272":198,"6ee788a7":198,"8249641d":198,"45b0968f":198,"6a9bb182":198,"1f1afd4f":198,"25fb8826":198,"0dc5da58":198,"2874a625":198,"e61ae828":198,"f7ac3883":198,"ccd01528":198,"dab8cf68":198,"00f2a9cb":198,"916fe082":198,"b64dba8e":198,"b666e56d":198,"8db378ff":198,"784d6375":198,"4541bf85":198,"a6b13f20":198,"2459c882":198,"3df97186":198,"ef0490de":198,"e0f47ced":198,"309bbf54":198,"cc537772":198,"6618390c":198,"99cc0813":198,"dc32c4e1":198,"239c636e":198,"6ee160ff":198,"c55d40ca":198,"22c177a8":198,"00ae883f":198,"f416ee62":198,"0d2b182d":198,"320754c3":198,"232b2f64":198,"3171b6e7":198,"3b25460f":198,"d2064756":198,"c3bb30ce":198,"86219c70":198,"601990d8":198,"5c662c19":198,"d2a5d2fd":198,"89d220c2":198,"3e10c9cb":198,"5500a3e8":198,"3c0e87ac":198,"a891461f":198,"a246cdab":198,"117c7f0b":198,"0d21cf99":198,"14e6fe14":198,"37ec5e73":198,"bfff7913":198,"f8636899":198,"37724339":198,"d45d9727":198,"ee5ff2a3":198,"44322dfd":198,"295e4d1d":198,"8cf6570a":198,"403064a0":198,"312af46e":198,"b5a9f8c3":198,"fcbc0ae8":198,"2ff6b6a8":198,"66a71cc1":198,"bf4b58e4":198
1601327300520,"f7ffcbb8":198,"5728f934":198,"00b26865":198,"c333337d":198,"815c56bc":198,"5bd61a68":198,"8582c5cf":198,"0c353665":198,"231e8700":198,"1f9fbd85":198,"43f24679":198,"a1c0dfc4":198,"78f71162":198,"4b27a9a4":198,"163f4d19":198,"1d043d5a":198,"b2f82e06":198,"5b0b43e6":198,"b5474d69":198,"5a938eeb":198,"4fe0dedf":198,"951fc6d0":198,"61892a4c":198,"f096219e":198,"a3f0a6ec":198,"a8edfe84":198,"2ed19b1e":198,"959e16ea":198,"01051f84":198,"aa7e370d":198,"f995eeab":198,"4006e709":198,"0dedf63e":198,"a9d5374b":198,"4321f02d":198,"089b3f8f":198,"7698d0dc":198,"784414ce":198,"2df3efdb":198,"d0f1b7bd":198,"e7799883":198,"4f9456cf":198,"6e260ee8":198,"f4f84279":198,"b0950de5":198,"6f873999":198,"1f4e0e22":198,"60d69311":198,"3b09f1de":198,"b371f44a":198,"8b6180ff":198,"8819ac24":198,"dbbf7f69":198,"dfe4a061":198,"c2bf7d51":198,"781afef6":198,"de9229a0":198,"99a5feef":198,"f6266388":198,"e64fd39c":198,"e1b3ce36":198,"625fa164":198,"0c6ae551":198,"e8f4c1dd":198,"cede8b8c":198,"ad95ff4a":198,"893a99c5":198,"d8bf32b5":198,"0eb42efe":198,"03c4ab87":198,"4e3d3af7":198,"3a4803a8":198,"f7a7de5d":198,"d4e56c3e":198,"0c045c2d":198,"8efd4801":198,"7eb8f268":198,"20236d3e":198,"36ae8cd8":198,"3ddd5391":198,"07f69c6d":198,"2254f0f5":198,"ea282e84":198,"6653c83b":198,"c896052c":198,"287ecd1c":198,"f9376d3e":198,"07a94e8c":198,"bb017b49":198,"37b52fe4":198,"02f76c64":198,"5c6d1f33":198,"b4801cae":198,"c3c2fd05":198,"f8c97147":198,"c2526ff3":198,"cc386067":198,"a22ffd8f":198,"3cd28a4d":198,"44a12c31":198,"45a961ca":198,"5ca978fd":198,"668e601b":198,"7552d86c":198,"02ebf3b6":198,"bb17a968":198,"4abcb85d":198,"cba26072":198,"2a718dcc":198,"c6a9a8e1":198,"88854fd0":198,"8dc27d2a":198,"41d7f05d":198,"2b851827":198,"9f428a03":198,"4d504d96":198,"0533ece1":198,"bcee2ef3":198,"0afba00c":198,"04ff8100":198,"6c00d8d6":198,"ac9a02bc":198,"acfe69ed":198,"426603ff":198,"2db2f252":198,"61ad1519":198,"819c4185":198,"ba69b06b":198,"7d2a2cb4":198,"4f62491c":198,"70b4c438":198,"71ed93db":198,"c92efaa8":198,"c241ac7e":198,"62a45672":198,"210e507a":198,"ac6e268b":198,"742238e8":198,"2e84193b":198,"c55683c9":198,"51233daf":198,"02791635":198,"be081247":198,"5cc47d1b":198,"678b846f":198,"b4bd39d8":198,"b4cdbe5d":198,"fa0386f3":198,"b95d0f17":198,"cee9c347":198
1601327300924,"7800e7ce":199,"77869ff0":199,"4b8f7b16":199,"89f75690":199,"cb363e2f":199,"cd802f02":199,"d3cca7eb":199,"e866a899":199,"5690e712":199,"0b92d2a9":199,"070bed95":199,"67e5d108":199,"3d37b94b":199,"842c97c2":199,"c4cef92b":199,"0eecdc5b":199,"b7e495ea":199,"45ec63c0":199,"0ddfde2c":199,"a8b41774":199,"81f0da2d":199,"1fcc8ba4":199,"75a9c117":199,"12ba54ec":199,"be391c1a":199,"37d8a5b7":199,"d5ab81c4":199,"2ecde685":199,"f0bd52d3":199,"dcc20f76":199,"666a8ef0":199,"c5b609f1":199,"4dc5849a":199,"d605c755":199,"8a8c1d67":199,"cc6b3306":199,"8c2dfd9a":199,"f11267b9":199,"a483b15e":199,"f80ab49d":199,"95eaed39":199,"a5ba0ebb":199,"f53362a9":199,"1901ef7e":199,"960c2e6b":199,"3515e999":199,"d11f8f1b":199,"9d9eb027":199,"325f9a29":199,"503aafe5":199
1601327301329,"080d5d42":199,"5d03f5dc":199,"f0a01341":199,"1ee4d9f9":199,"0d6e45e7":199,"0da97151":199,"e829038c":199,"4987cfb5":199,"ba90687c":199,"77f2cf92":199,"037e2be4":199,"9e7dbd20":199,"0c086273":199,"ac13c3b0":199,"b4d9c57f":199,"5d53c964":199,"8ee9cc91":199,"18c73816":199,"e491161e":199,"b5087677":199,"81942d9b":199,"699b90c1":199,"d9b5a7a8":199,"1e7914d2":199,"e5d8fdb2":199,"3412ab75":199,"bcac5daf":199,"62d028cc":199,"0af2cf39":199,"27491297":199,"d041ea86":199,"1eda11b2":199,"fc442678":199,"16f60bed":199,"cb0c3481":199,"7664512c":199,"df9a53b8":199,"d5d94481":199,"ffe48500":199,"c7a45a33":199,"faffe099":199,"e99490cd":199,"3b830769":199,"583f0305":199,"1557c50a":199,"249e80ab":199,"f52a3d94":199,"eb74d3dd":199,"3bcbc28d":199,"3c0455e7":199,"df203c79":199,"df1e1ac0":199,"491708eb":199,"e421caaa":199,"2d2ecf27":199,"d38a4953":199,"eba5efdd":199,"a5463f93":199,"c85ac4f8":199,"bc253f4f":199,"0d9d2bf8":199,"846b7f11":199,"d3411467":199,"1df0ce7f":199,"a08171d0":199,"c8bc5677":199,"dfca0518":199,"b9a21017":199,"e47705d3":199,"3cae4115":199,"0ccf4731":199,"c7c6782d":199,"54346574":199,"b12cbf87":199,"f6c27b2b":199,"945f6c24":199,"f1daea7e":199,"b8fb90e3":199,"56227e35":199,"0d6bf22a":199,"4cc0af91":199,"55f6a2ba":199,"9559ea96":199,"9cb044bf":199,"16b25add":199,"80ee333e":199,"3b329af2":199,"1cd662bf":199,"72992b35":199,"47589344":199,"593b1533":199,"e9f6e5ce":199,"ed6bead5":199,"96f594b9":199,"94dfcfc5":199,"8301986e":199,"830ecfec":199,"a8bae791":199,"312009ee":199,"c98759fd":199,"e8b6d676":199,"45ee5840":199,"76f04033":199,"43480b19":199,"fd955858":199,"69798d15":199,"efea71fa":199,"fb3aa867":199,"c9cf710b":199,"fcacdeb3":199,"0ea055ed":199,"e3b1bdf8":199,"644b45fb":199,"b87321d0":199,"43205b5d":199,"8982905a":199,"f6fe1ad7":199,"230064fa":199,"764e0abb":199,"bba6d88e":199,"ea3479ec":199,"32266fa3":199,"50b090c3":199,"8be24763":199,"eb4800b2":199,"6e0ce9dc":199,"87d9bec4":199,"e30dfa0c":199,"6da34174":199,"bfb849fa":199,"0a10b423":199,"9ef7cee7":199,"49f1a0d1":199,"5f04aa76":199,"ba297382":199,"0287db2a":199,"96abe4a9":199,"753b10b1":199,"cf14bd99":199,"782022f4":199,"322e833f":199,"ab3619e4":199,"106006ad":199,"c8237be9":199,"1416e8f5":199,"dde2eed5":199,"a208caa8":199,"16605353":199,"77b39e15":199,"f1726edb":199,"92b72493":199,"d3e58903":199,"4481c4be":199,"7954891b":199,"4afd60a9":199,"d44c0ea3":199,"68f87858":199,"533bac6b":199,"41634dba":199,"43fd1327":199,"113e7f4b":199,"8cce569a":199,"ce6401b6":199,"6f57824c":199,"28bd7aa1":199,"1d52fb0d":199,"cde0d748":199,"535ed444":199,"710f0d0e":199,"0905f1fb":199,"a20e529c":199,"1ae76fcc":199,"35b161d3":199,"344cd1a3":199,"77ea1236":199,"96d2a118":199,"23a0e41f":199,"b32a1080":199,"a2c4b591":199,"6dfa57be":199,"1854ce44":199,"f92b22f1":199,"ece12664":199,"36f4ecde":199,"568a0d58":199,"5fd569d2":199,"10c8fd03":199,"bd4ccb49":199,"e773d697":199,"7e8c11e7":199,"077eb15a":199,"5337c279":199,"8d256cb6":199,"7021c619":199,"32ae00db":199,"bf2defb2":199,"bc733a28":199,"30d32d34":199,"886c16d3":199,"e8d09b62":199,"590ce3d3":199,"1802d7ce":199,"0a49914b":199,"5d3f5cad":199,"cf347cba":199,"fc0c23f7":199,"641f9b9e":199,"c92edec5":199,"9f03c1e7":199,"06c24a8d":199,"2f35e75f":199,"3eddf7c8":199,"77970f8b":199,"efd594d5":199,"4718294d":199,"5352cf45":199,"e0ffe8ff":199,"ae14d6b5":199,"721f5f42":199,"0b50bca6":199,"bf2ca266":199,"5d8d9641":199,"0de67c6c":199,"2311399f":199,"5e3ebf5e":199,"9f6ca218":199,"6213799d":199,"44cb1fd2":199,"baf19c25":199,"24a79a6e":199
1601327301858,"edde30af":199,"4d949e11":199,"df12f689":199,"1da10cbf":199,"832c48e4":199,"dc90a44c":199,"1ad7c45b":199,"5566c17c":199,"86a22252":199,"0000dece":199,"ce5efdbe":199,"58ace2b5":199,"d379fd96":199,"7b819458":199,"7f8024cd":199,"ae562513":199,"7b66dacd":199,"9ab137d7":199,"7191d1cd":199,"005354dd":199,"5b09e53e":199,"da5bb0f7":199,"6d925c84":199,"50b23ab2":199,"edfa56d4":199,"899c16eb":199,"41c76041":199,"6bb1fa99":199,"d73ff72e":199,"61c0ca91":199,"d2fda7be":199,"ce20ca3c":199,"1d2d958b":199,"81fb6a01":199,"7f5b27c8":199,"fb3444d9":199,"f05de640":199,"86a68967":199,"56cd4dca":199,"7f469f4c":199,"f92dedfc":199,"355d1489":199,"f96fc1af":199,"06713bac":199,"61aca924":199,"d97fb857":199,"59ff5ec6":199,"ef04e64e":199,"6e2d04de":199,"2fca1798":199,"05028839":199,"5488826c":199,"84fff5c1":199,"c649992d":199,"d5ad3ed6":199,"8e5f7187":199,"55ba7579":199,"b7769ca6":199,"9c27de51":199,"38a75b48":199,"1792bfa3":199,"426f1904":199,"3b3569f6":199,"b01ab62a":199,"76da16fa":199,"bffee581":199,"07150038":199,"080fa362":199,"7b6945ad":199,"a40d08e1":199,"cec79bc2":199,"d2eff358":199,"e70aebb5":199,"a488b2f1":199,"4caa87d6":199,"f7076e21":199,"69e653b6":199,"98d2991b":199,"3b411d6a":199,"7c0f1ca9":199,"b2f820ac":199,"25d4f65d":199,"eddb6a2a":199,"ff8a00aa":199,"c146560b":199,"985068e7":199,"d543ba6f":199,"83826ef3":199,"595609d5":199,"b47f1b89":199,"8e6caf71":199,"9a3433b8":199,"b89112cb":199,"66736d5e":199,"30de89a7":199,"06aaa33f":199,"320c65bf":199,"1fa1e7c2":199,"646af2b9":199,"659389ad":199,"240c8679":199,"0718c3be":199,"8b503f7b":199,"87a8523c":199,"c416baa6":199,"ae350a07":199,"680a32a6":199,"83ba647d":199,"cb0bd6b7":199,"8e426e39":199,"51909df8":199,"e22b0973":199,"23646ff9":199,"3abb827b":199,"0c73c293":199,"88929b06":199,"08c4692e":199,"5b2479ef":199,"1d882c36":199,"eb62e8f2":199,"f1e86522":199,"fa03f48f":199,"5298dafa":199,"25f7f918":199,"c5311ebb":199,"105bb3f6":199,"58de5462":199,"f01c896d":199,"1f2670d0":199,"962c9c8f":199,"aec0bf28":199,"a017a323":199,"8801c469":199,"b6281f1a":199,"48c6df81":199,"808bc372":199,"5e165f43":199,"c792a7c1":199,"f8785b71":199,"5a7da061":199,"ab4a411a":199,"06a94514":199,"d7a4b24c":199,"73c420df":199,"686d5c0b":199,"0700da70":199,"f15eb1c5":199,"ff591765":199,"71789493":199,"93f12198":199,"5ac72353":199,"62e270e5":199,"d1b14d06":199,"f6c074a7":199,"66b1b6d7":199,"b062adc4":199,"ffd6849d":199,"4aae5133":199,"962fca02":199,"75968179":199,"63a3af32":199,"bc8bdc23":199,"3fec4b0b":199,"faa3de3e":199,"a71f3f70":199,"44983d13":199,"1f7aa83c":199,"732d62ee":199,"80999122":199,"d4b0751c":199,"72af9198":199,"e39e9552":199,"5b01444b":199,"79995b62":199,"81c1b70d":199,"e72f0f82":199,"97160db8":199,"589f0d6e":199,"88374b72":199,"51b4016a":199,"fdfaf1ed":199,"46bf9112":199,"ea981bed":199,"5e197575":199,"092ad3d6":199,"e587c4d0":199,"bf940089":199,"01f34f98":199,"525b2635":199,"1670b0d3":199,"caa38a45":199,"a9987a58":199,"ec97d63e":199,"b6b8e5c7":199,"94208a41":199,"e82177d3":199,"2cbcad17":199,"4dccb5ca":199,"89914b94":199,"04bdf5e1":199,"83268abf":199,"da8b42be":199,"578c4c95":199,"c606b472":199,"3b0576bf":199,"9458934f":199,"1dcc489c":199,"945badf3":199,"1327775b":199,"bdd40125":199,"75fd47f7":199,"1c52a07e":199,"e70ccc25":199,"afd1494f":199,"272e7d0d":199,"f92596ee":199,"68831ea9":199,"9713d076":199,"fd098272":199,"6ee788a7":199,"ca6bffd3":199,"829c44a4":199,"e76e2617":199,"2b4fd52e":199,"57162572":199,"d1d50cfe":199,"9666b973":199,"653b27c7":199,"83b37fd6":199,"4d852788":199,"e43a9448":199,"3542b748":199,"379c53ab":199,"e396d80d":199,"7da61f27":199,"dc874a97":199,"85a220de":199,"40a7cdd2":199,"ac033c7b":199,"87759976":199,"8249641d":199,"45b0968f":199,"6a9bb182":199,"1f1afd4f":199,"25fb8826":199,"0dc5da58":199,"2874a625":199,"e61ae828":199,"f7ac3883":199,"ccd01528":199,"dab8cf68":199,"00f2a9cb":199,"916fe082":199,"b64dba8e":199,"c3bb30ce":199,"86219c70":199,"601990d8":199,"5c662c19":199,"d2a5d2fd":199,"89d220c2":199,"3e10c9cb":199,"5500a3e8":199,"3c0e87ac":199,"a891461f":199,"a246cdab":199,"117c7f0b":199,"0d21cf99":199,"14e6fe14":199,"37ec5e73":199,"bfff7913":199,"f8636899":199,"37724339":199,"d45d9727":199,"ee5ff2a3":199,"f7ffcbb8":199,"5728f934":199,"00b26865":199,"c333337d":199,"815c56bc":199,"5bd61a68":199,"8582c5cf":199,"0c353665":199,"4df3f62e":199,"c881a53e":199,"80c1c8b1":199,"cf52acd8":199,"a63cb4ce":199,"d3b3492b":199,"7580cfa4":199,"22a96386":199,"5c672b50":199,"5df16440":199,"b666e56d":199,"8db378ff":199,"784d6375":199,"4541bf85":199,"a6b13f20":199,"2459c882":199,"3df97186":199,"ef0490de":199,"e0f47ced":199,"309bbf54":199,"cc537772":199,"6618390c":199,"99cc0813":199,"dc32c4e1":199,"239c636e":199,"231e8700":199,"1f9fbd85":199,"43f24679":199,"a1c0dfc4":199,"78f71162":199,"4b27a9a4":199,"163f4d19":199,"1d043d5a":199,"b2f82e06":199,"5b0b43e6":199,"b5474d69":199,"44322dfd":199,"295e4d1d":199,"8cf6570a":199,"403064a0":199,"312af46e":199,"b5a9f8c3":199,"fcbc0ae8":199,"2ff6b6a8":199,"66a71cc1":199,"bf4b58e4":199,"5a938eeb":199,"4fe0dedf":199,"951fc6d0":199,"61892a4c":199,"f096219e":199,"a3f0a6ec":199,"01051f84":199,"aa7e370d":199,"f995eeab":199,"4006e709":199,"0dedf63e":199,"a9d5374b":199,"4321f02d":199,"089b3f8f":199,"7698d0dc":199,"784414ce":199,"2df3efdb":199,"d0f1b7bd":199,"e7799883":199,"4f9456cf":199,"6e260ee8":199,"6ee160ff":199,"c55d40ca":199,"22c177a8":199,"00ae883f":199,"f416ee62":199,"0d2b182d":199,"320754c3":199,"232b2f64":199,"3171b6e7":199,"3b25460f":199,"d2064756":199,"f4f84279":199,"b0950de5":199,"6f873999":199,"1f4e0e22":199,"60d69311":199,"3b09f1de":199,"dfe4a061":199,"b371f44a":199,"8b6180ff":199,"c2bf7d51":199,"781afef6":199,"8819ac24":199,"dbbf7f69":199,"de9229a0":199,"99a5feef":199,"f6266388":199,"e64fd39c":199,"e1b3ce36":199,"625fa164":199,"0c6ae551":199,"e8f4c1dd":199,"cede8b8c":199,"ad95ff4a":199,"893a99c5":199,"d8bf32b5":199,"0eb42efe":199,"03c4ab87":199,"4e3d3af7":199,"3a4803a8":199,"f7a7de5d":199,"d4e56c3e":199,"0c045c2d":199,"8efd4801":199,"7eb8f268":199,"20236d3e":199,"36ae8cd8":199,"3ddd5391":199,"07f69c6d":199,"2254f0f5":199,"ea282e84":199,"6653c83b":199,"c896052c":199,"a8edfe84":199,"2ed19b1e":199,"959e16ea":199,"02f76c64":199,"5c6d1f33":199,"b4801cae":199,"c3c2fd05":199,"f8c97147":199,"c2526ff3":199,"cc386067":199,"a22ffd8f":199,"3cd28a4d":199,"44a12c31":199,"45a961ca":199,"5ca978fd":199,"668e601b":199,"7552d86c":199,"02ebf3b6":199,"bb17a968":199,"4abcb85d":199,"cba26072":199,"2a718dcc":199,"c6a9a8e1":199,"88854fd0":199,"8dc27d2a":199,"41d7f05d":199,"2b851827":199,"287ecd1c":199,"f9376d3e":199,"07a94e8c":199,"bb017b49":199,"37b52fe4":199,"61ad1519":199,"819c4185":199,"ba69b06b":199,"7d2a2cb4":199,"4f62491c":199,"70b4c438":199,"71ed93db":199,"c92efaa8":199,"c241ac7e":199,"62a45672":199,"210e507a":199,"ac6e268b":199,"742238e8":199,"9f428a03":199,"4d504d96":199,"0533ece1":199,"bcee2ef3":199,"0afba00c":199,"04ff8100":199,"6c00d8d6":199,"ac9a02bc":199,"acfe69ed":199,"426603ff":199,"2db2f252":199,"2e84193b":199,"c55683c9":199,"51233daf":199,"02791635":199,"be081247":199,"5cc47d1b":199,"678b846f":199,"b4bd39d8":199,"b4cdbe5d":199,"fa0386f3":199,"b95d0f17":199,"cee9c347":199
1601327302763,"7800e7ce":200,"77869ff0":200,"4b8f7b16":200,"89f75690":200,"cb363e2f":200,"cd802f02":200,"d3cca7eb":200,"e866a899":200,"5690e712":200,"0b92d2a9":200,"070bed95":200,"67e5d108":200,"3d37b94b":200,"842c97c2":200,"c4cef92b":200,"d5d94481":200,"ffe48500":200,"c7a45a33":200,"faffe099":200,"e99490cd":200,"3b830769":200,"583f0305":200,"1557c50a":200,"249e80ab":200,"f52a3d94":200,"eb74d3dd":200,"3bcbc28d":200,"3c0455e7":200,"df203c79":200,"df1e1ac0":200,"491708eb":200,"e421caaa":200,"2d2ecf27":200,"d38a4953":200,"eba5efdd":200,"a5463f93":200,"c85ac4f8":200,"bc253f4f":200,"0d9d2bf8":200,"846b7f11":200,"d3411467":200,"1df0ce7f":200,"a08171d0":200,"c8bc5677":200,"dfca0518":200,"b9a21017":200,"e47705d3":200,"3cae4115":200,"0ccf4731":200,"0eecdc5b":200,"b7e495ea":200,"45ec63c0":200,"0ddfde2c":200,"a8b41774":200,"81f0da2d":200,"1fcc8ba4":200,"75a9c117":200,"12ba54ec":200,"be391c1a":200,"37d8a5b7":200,"d5ab81c4":200,"2ecde685":200,"f0bd52d3":200,"dcc20f76":200,"666a8ef0":200,"c5b609f1":200,"4dc5849a":200,"d605c755":200,"8a8c1d67":200,"cc6b3306":200,"8c2dfd9a":200,"f11267b9":200,"a483b15e":200,"f80ab49d":200,"95eaed39":200,"a5ba0ebb":200,"f53362a9":200,"1901ef7e":200,"960c2e6b":200,"3515e999":200,"d11f8f1b":200,"9d9eb027":200,"325f9a29":200,"503aafe5":200,"c7c6782d":200,"54346574":200,"b12cbf87":200,"81942d9b":200,"699b90c1":200,"d9b5a7a8":200,"1e7914d2":200,"e5d8fdb2":200,"3412ab75":200,"bcac5daf":200,"62d028cc":200,"0af2cf39":200,"27491297":200,"d041ea86":200,"1eda11b2":200,"fc442678":200
1601327303144,"080d5d42":200,"5d03f5dc":200,"f0a01341":200,"1ee4d9f9":200,"0d6e45e7":200,"0da97151":200,"e829038c":200,"4987cfb5":200,"ba90687c":200,"77f2cf92":200,"037e2be4":200,"9e7dbd20":200,"0c086273":200,"ac13c3b0":200,"b4d9c57f":200,"5d53c964":200,"8ee9cc91":200,"4cc0af91":200,"55f6a2ba":200,"9559ea96":200,"9cb044bf":200,"16b25add":200,"80ee333e":200,"3b329af2":200,"1cd662bf":200,"72992b35":200,"47589344":200,"593b1533":200,"e9f6e5ce":200,"ed6bead5":200,"96f594b9":200,"94dfcfc5":200,"8301986e":200,"830ecfec":200,"a8bae791":200,"312009ee":200,"c98759fd":200,"e8b6d676":200,"45ee5840":200,"76f04033":200,"43480b19":200,"fd955858":200,"69798d15":200,"efea71fa":200,"fb3aa867":200,"c9cf710b":200,"fcacdeb3":200,"0ea055ed":200,"e3b1bdf8":200,"644b45fb":200,"18c73816":200,"e491161e":200,"b5087677":200,"16f60bed":200,"cb0c3481":200,"7664512c":200,"df9a53b8":200,"f6c27b2b":200,"945f6c24":200,"f1daea7e":200,"b8fb90e3":200,"56227e35":200,"0d6bf22a":200,"b87321d0":200,"43205b5d":200,"8982905a":200,"f6fe1ad7":200,"230064fa":200,"764e0abb":200,"bba6d88e":200,"ea3479ec":200,"32266fa3":200,"50b090c3":200,"8be24763":200,"eb4800b2":200,"6e0ce9dc":200,"87d9bec4":200,"e30dfa0c":200,"6da34174":200,"bfb849fa":200,"0a10b423":200,"9ef7cee7":200,"49f1a0d1":200,"5f04aa76":200,"ba297382":200,"0287db2a":200,"96abe4a9":200,"753b10b1":200,"cf14bd99":200,"782022f4":200,"322e833f":200,"ab3619e4":200,"106006ad":200,"c8237be9":200,"1416e8f5":200,"dde2eed5":200,"a208caa8":200,"16605353":200,"77b39e15":200,"f1726edb":200,"590ce3d3":200,"1802d7ce":200,"0a49914b":200,"5d3f5cad":200,"cf347cba":200,"fc0c23f7":200,"641f9b9e":200,"c92edec5":200,"9f03c1e7":200,"06c24a8d":200,"2f35e75f":200,"3eddf7c8":200,"77970f8b":200,"efd594d5":200,"4718294d":200,"5352cf45":200,"e0ffe8ff":200,"ae14d6b5":200,"721f5f42":200,"0b50bca6":200,"92b72493":200,"d3e58903":200,"4481c4be":200,"7954891b":200,"4afd60a9":200,"d44c0ea3":200,"68f87858":200,"533bac6b":200,"41634dba":200,"bf2ca266":200,"5d8d9641":200,"0de67c6c":200,"2311399f":200,"5e3ebf5e":200,"9f6ca218":200,"6213799d":200,"44cb1fd2":200,"baf19c25":200,"24a79a6e":200,"edde30af":200,"4d949e11":200,"df12f689":200,"1da10cbf":200,"832c48e4":200,"dc90a44c":200,"1ad7c45b":200,"5566c17c":200,"86a22252":200,"0000dece":200,"ce5efdbe":200,"58ace2b5":200,"d379fd96":200,"7b819458":200,"7f8024cd":200,"ae562513":200,"7b66dacd":200,"9ab137d7":200,"7191d1cd":200,"005354dd":200,"43fd1327":200,"113e7f4b":200,"8cce569a":200,"ce6401b6":200,"6f57824c":200,"28bd7aa1":200,"1d52fb0d":200,"cde0d748":200,"535ed444":200,"710f0d0e":200,"0905f1fb":200,"a20e529c":200,"1ae76fcc":200,"35b161d3":200,"344cd1a3":200,"77ea1236":200,"96d2a118":200,"23a0e41f":200,"b32a1080":200,"a2c4b591":200,"6dfa57be":200,"1854ce44":200,"f92b22f1":200,"ece12664":200,"36f4ecde":200,"568a0d58":200,"5fd569d2":200,"10c8fd03":200,"bd4ccb49":200,"e773d697":200,"7e8c11e7":200,"077eb15a":200,"5337c279":200,"8d256cb6":200,"5b09e53e":200,"da5bb0f7":200,"6d925c84":200,"50b23ab2":200,"edfa56d4":200,"899c16eb":200,"41c76041":200,"7021c619":200,"32ae00db":200,"bf2defb2":200,"bc733a28":200,"30d32d34":200,"886c16d3":200,"e8d09b62":200,"6bb1fa99":200,"d73ff72e":200,"61c0ca91":200,"d2fda7be":200,"ce20ca3c":200,"1d2d958b":200,"81fb6a01":200,"7f5b27c8":200,"fb3444d9":200,"f05de640":200,"86a68967":200,"56cd4dca":200,"7f469f4c":200,"f92dedfc":200,"355d1489":200,"f96fc1af":200,"06713bac":200,"61aca924":200,"d97fb857":200,"59ff5ec6":200,"ef04e64e":200,"6e2d04de":200,"2fca1798":200,"05028839":200,"5488826c":200,"84fff5c1":200,"c649992d":200,"d5ad3ed6":200,"8e5f7187":200,"55ba7579":200,"b7769ca6":200,"9c27de51":200,"38a75b48":200,"1792bfa3":200,"426f1904":200,"3b3569f6":200,"b01ab62a":200,"76da16fa":200,"bffee581":200
1601327303706,"7c0f1ca9":200,"b2f820ac":200,"25d4f65d":200,"eddb6a2a":200,"ff8a00aa":200,"c146560b":200,"985068e7":200,"d543ba6f":200,"07150038":200,"080fa362":200,"7b6945ad":200,"a40d08e1":200,"cec79bc2":200,"d2eff358":200,"e70aebb5":200,"a488b2f1":200,"4caa87d6":200,"f7076e21":200,"69e653b6":200,"98d2991b":200,"3b411d6a":200,"83826ef3":200,"595609d5":200,"b47f1b89":200,"8e6caf71":200,"9a3433b8":200,"b89112cb":200,"66736d5e":200,"30de89a7":200,"06aaa33f":200,"320c65bf":200,"1fa1e7c2":200,"646af2b9":200,"659389ad":200,"240c8679":200,"0718c3be":200,"8b503f7b":200,"87a8523c":200,"c416baa6":200,"ae350a07":200,"680a32a6":200,"83ba647d":200,"cb0bd6b7":200,"8e426e39":200,"51909df8":200,"e22b0973":200,"23646ff9":200,"3abb827b":200,"0c73c293":200,"88929b06":200,"08c4692e":200,"5b2479ef":200,"1d882c36":200,"eb62e8f2":200,"f1e86522":200,"fa03f48f":200,"5298dafa":200,"25f7f918":200,"c5311ebb":200,"105bb3f6":200,"58de5462":200,"f01c896d":200,"1f2670d0":200,"962c9c8f":200,"aec0bf28":200,"808bc372":200,"a017a323":200,"c792a7c1":200,"8801c469":200,"5a7da061":200,"b6281f1a":200,"06a94514":200,"48c6df81":200,"5e165f43":200,"73c420df":200,"0700da70":200,"f8785b71":200,"ff591765":200,"ab4a411a":200,"d7a4b24c":200,"93f12198":200,"686d5c0b":200,"62e270e5":200,"66b1b6d7":200,"f15eb1c5":200,"b062adc4":200,"71789493":200,"5ac72353":200,"4aae5133":200,"63a3af32":200,"d1b14d06":200,"f6c074a7":200,"3fec4b0b":200,"ffd6849d":200,"faa3de3e":200,"44983d13":200,"962fca02":200,"80999122":200,"75968179":200,"72af9198":200,"bc8bdc23":200,"e39e9552":200,"a71f3f70":200,"81c1b70d":200,"e72f0f82":200,"1f7aa83c":200,"88374b72":200,"732d62ee":200,"fdfaf1ed":200,"d4b0751c":200,"ea981bed":200,"5b01444b":200,"79995b62":200,"5e197575":200,"e587c4d0":200,"97160db8":200,"589f0d6e":200,"525b2635":200,"caa38a45":200,"51b4016a":200,"9666b973":200,"653b27c7":200,"83b37fd6":200,"4d852788":200,"46bf9112":200,"a9987a58":200,"b6b8e5c7":200,"092ad3d6":200,"e82177d3":200,"89914b94":200,"bf940089":200,"04bdf5e1":200,"01f34f98":200,"da8b42be":200,"1670b0d3":200,"ec97d63e":200,"3b0576bf":200,"94208a41":200,"9458934f":200,"2cbcad17":200,"1dcc489c":200,"945badf3":200,"4dccb5ca":200,"83268abf":200,"1327775b":200,"578c4c95":200,"bdd40125":200,"75fd47f7":200,"c606b472":200,"1c52a07e":200,"e70ccc25":200,"afd1494f":200,"ca6bffd3":200,"829c44a4":200,"e76e2617":200,"2b4fd52e":200,"57162572":200,"d1d50cfe":200,"272e7d0d":200,"f92596ee":200,"68831ea9":200,"9713d076":200,"fd098272":200,"6ee788a7":200,"8249641d":200,"45b0968f":200,"6a9bb182":200,"1f1afd4f":200,"25fb8826":200,"0dc5da58":200,"2874a625":200,"e61ae828":200,"f7ac3883":200,"ccd01528":200,"dab8cf68":200,"00f2a9cb":200,"916fe082":200,"b64dba8e":200,"c3bb30ce":200,"86219c70":200,"601990d8":200,"5c662c19":200,"d2a5d2fd":200,"89d220c2":200,"3e10c9cb":200,"5500a3e8":200,"3c0e87ac":200,"f7ffcbb8":200,"e43a9448":200,"3542b748":200,"379c53ab":200,"e396d80d":200,"7da61f27":200,"dc874a97":200,"85a220de":200,"40a7cdd2":200,"ac033c7b":200,"87759976":200,"4df3f62e":200,"c881a53e":200,"80c1c8b1":200,"cf52acd8":200,"a63cb4ce":200,"d3b3492b":200,"7580cfa4":200,"22a96386":200,"5c672b50":200,"5df16440":200,"b666e56d":200,"8db378ff":200,"784d6375":200,"4541bf85":200,"a6b13f20":200,"2459c882":200,"3df97186":200,"ef0490de":200,"e0f47ced":200,"309bbf54":200,"cc537772":200,"6618390c":200,"99cc0813":200,"dc32c4e1":200,"239c636e":200,"6ee160ff":200,"5728f934":200,"00b26865":200,"c333337d":200,"815c56bc":200,"5bd61a68":200,"8582c5cf":200,"0c353665":200,"231e8700":200,"1f9fbd85":200,"43f24679":200,"a891461f":200,"a246cdab":200,"117c7f0b":200,"0d21cf99":200,"14e6fe14":200,"37ec5e73":200,"bfff7913":200,"f8636899":200,"37724339":200,"d45d9727":200,"ee5ff2a3":200,"44322dfd":200,"295e4d1d":200,"8cf6570a":200,"403064a0":200,"312af46e":200,"b5a9f8c3":200,"fcbc0ae8":200,"2ff6b6a8":200,"66a71cc1":200,"bf4b58e4":200,"a1c0dfc4":200,"78f71162":200,"4b27a9a4":200,"163f4d19":200,"1d043d5a":200,"b2f82e06":200,"5b0b43e6":200,"b5474d69":200,"5a938eeb":200,"4fe0dedf":200,"951fc6d0":200,"61892a4c":200,"f096219e":200,"a3f0a6ec":200,"01051f84":200,"aa7e370d":200,"f995eeab":200,"4006e709":200,"0dedf63e":200,"a9d5374b":200,"4321f02d":200,"c55d40ca":200,"22c177a8":200,"00ae883f":200,"f416ee62":200,"0d2b182d":200,"320754c3":200,"232b2f64":200,"3171b6e7":200,"3b25460f":200,"d2064756":200,"089b3f8f":200,"7698d0dc":200,"784414ce":200,"2df3efdb":200,"d0f1b7bd":200,"e7799883":200,"4f9456cf":200,"6e260ee8":200,"f4f84279":200,"b0950de5":200,"6f873999":200,"1f4e0e22":200,"60d69311":200,"3b09f1de":200,"b371f44a":200,"8b6180ff":200,"8819ac24":200,"dbbf7f69":200,"dfe4a061":200,"c2bf7d51":200,"781afef6":200,"de9229a0":200,"99a5feef":200,"f6266388":200,"e64fd39c":200,"e1b3ce36":200,"625fa164":200,"0c6ae551":200,"e8f4c1dd":200,"a8edfe84":200,"2ed19b1e":200,"959e16ea":200,"02f76c64":200,"5c6d1f33":200,"b4801cae":200,"c3c2fd05":200,"f8c97147":200,"c2526ff3":200,"cc386067":200,"cede8b8c":200,"ad95ff4a":200,"893a99c5":200,"d8bf32b5":200,"0eb42efe":200,"03c4ab87":200,"4e3d3af7":200,"3a4803a8":200,"f7a7de5d":200,"d4e56c3e":200,"0c045c2d":200,"8efd4801":200,"7eb8f268":200,"20236d3e":200,"36ae8cd8":200,"3ddd5391":200,"07f69c6d":200,"2254f0f5":200,"ea282e84":200,"6653c83b":200,"c896052c":200,"287ecd1c":200,"f9376d3e":200,"07a94e8c":200,"bb017b49":200,"37b52fe4":200,"61ad1519":200,"819c4185":200,"ba69b06b":200,"7d2a2cb4":200,"4f62491c":200,"70b4c438":200,"71ed93db":200,"c92efaa8":200,"c241ac7e":200,"62a45672":200,"a22ffd8f":200,"3cd28a4d":200,"44a12c31":200,"45a961ca":200,"5ca978fd":200,"668e601b":200,"7552d86c":200,"02ebf3b6":200,"bb17a968":200,"4abcb85d":200,"cba26072":200,"2a718dcc":200,"c6a9a8e1":200,"88854fd0":200,"8dc27d2a":200,"41d7f05d":200,"2b851827":200,"9f428a03":200,"4d504d96":200,"0533ece1":200,"bcee2ef3":200,"0afba00c":200,"04ff8100":200,"6c00d8d6":200,"ac9a02bc":200,"acfe69ed":200,"426603ff":200,"2db2f252":200,"2e84193b":200,"c55683c9":200,"51233daf":200,"02791635":200,"be081247":200,"5cc47d1b":200,"210e507a":200,"ac6e268b":200,"742238e8":200,"678b846f":200,"b4bd39d8":200,"b4cdbe5d":200,"fa0386f3":200,"b95d0f17":200,"cee9c347":200
1601327303996,"7800e7ce":201,"77869ff0":201,"4b8f7b16":201,"89f75690":201,"cb363e2f":201,"cd802f02":201,"d3cca7eb":201,"e866a899":201,"5690e712":201,"0b92d2a9":201,"070bed95":201,"67e5d108":201,"3d37b94b":201,"842c97c2":201,"c4cef92b":201,"0eecdc5b":201,"b7e495ea":201,"45ec63c0":201,"0ddfde2c":201,"a8b41774":201,"81f0da2d":201,"1fcc8ba4":201,"75a9c117":201,"12ba54ec":201,"be391c1a":201
1601327304837,"37d8a5b7":201,"d5ab81c4":201,"2ecde685":201,"f0bd52d3":201,"dcc20f76":201,"666a8ef0":201,"c5b609f1":201,"4dc5849a":201,"d605c755":201,"8a8c1d67":201,"cc6b3306":201,"8c2dfd9a":201,"f11267b9":201,"a483b15e":201,"f80ab49d":201,"95eaed39":201,"a5ba0ebb":201,"f53362a9":201,"1901ef7e":201,"960c2e6b":201,"3515e999":201,"d11f8f1b":201,"9d9eb027":201,"325f9a29":201,"503aafe5":201,"d5d94481":201,"ffe48500":201,"c7a45a33":201,"faffe099":201,"e99490cd":201,"3b830769":201,"583f0305":201,"1557c50a":201,"249e80ab":201,"f52a3d94":201,"eb74d3dd":201,"3bcbc28d":201,"3c0455e7":201,"df203c79":201,"df1e1ac0":201,"491708eb":201,"e421caaa":201,"2d2ecf27":201,"d38a4953":201,"eba5efdd":201,"a5463f93":201,"c85ac4f8":201,"bc253f4f":201,"0d9d2bf8":201,"846b7f11":201,"d3411467":201,"1df0ce7f":201,"080d5d42":201,"5d03f5dc":201,"f0a01341":201,"1ee4d9f9":201,"0d6e45e7":201,"0da97151":201,"e829038c":201,"4987cfb5":201,"ba90687c":201,"77f2cf92":201,"037e2be4":201,"9e7dbd20":201,"0c086273":201,"ac13c3b0":201,"b4d9c57f":201,"5d53c964":201,"8ee9cc91":201,"4cc0af91":201,"55f6a2ba":201,"9559ea96":201,"9cb044bf":201,"16b25add":201,"80ee333e":201,"3b329af2":201,"1cd662bf":201,"72992b35":201,"47589344":201,"593b1533":201,"e9f6e5ce":201,"ed6bead5":201,"96f594b9":201,"94dfcfc5":201,"8301986e":201,"a08171d0":201,"c8bc5677":201,"dfca0518":201,"b9a21017":201,"e47705d3":201,"3cae4115":201,"0ccf4731":201,"c7c6782d":201,"54346574":201,"b12cbf87":201,"81942d9b":201,"699b90c1":201,"d9b5a7a8":201,"1e7914d2":201,"e5d8fdb2":201,"3412ab75":201,"bcac5daf":201,"62d028cc":201,"0af2cf39":201,"27491297":201,"d041ea86":201,"1eda11b2":201,"fc442678":201,"830ecfec":201,"a8bae791":201,"312009ee":201,"c98759fd":201,"e8b6d676":201,"45ee5840":201,"76f04033":201,"43480b19":201,"fd955858":201,"69798d15":201,"efea71fa":201,"fb3aa867":201,"c9cf710b":201,"fcacdeb3":201,"0ea055ed":201,"e3b1bdf8":201,"644b45fb":201,"18c73816":201,"e491161e":201,"b5087677":201,"16f60bed":201,"cb0c3481":201,"7664512c":201,"df9a53b8":201
1601327305034,"f6c27b2b":201,"945f6c24":201,"f1daea7e":201,"b8fb90e3":201,"56227e35":201,"0d6bf22a":201,"b87321d0":201,"43205b5d":201,"8982905a":201,"f6fe1ad7":201,"230064fa":201,"764e0abb":201,"bba6d88e":201,"ea3479ec":201,"32266fa3":201,"50b090c3":201,"8be24763":201,"eb4800b2":201,"6e0ce9dc":201,"87d9bec4":201,"e30dfa0c":201,"6da34174":201,"bfb849fa":201,"0a10b423":201,"9ef7cee7":201,"49f1a0d1":201,"5f04aa76":201,"ba297382":201,"0287db2a":201,"96abe4a9":201,"753b10b1":201,"cf14bd99":201,"782022f4":201,"322e833f":201,"ab3619e4":201,"106006ad":201,"c8237be9":201,"1416e8f5":201,"dde2eed5":201,"a208caa8":201,"16605353":201,"77b39e15":201,"f1726edb":201,"590ce3d3":201,"1802d7ce":201,"0a49914b":201,"5d3f5cad":201,"cf347cba":201,"fc0c23f7":201,"641f9b9e":201,"c92edec5":201,"9f03c1e7":201,"92b72493":201,"d3e58903":201,"4481c4be":201,"7954891b":201,"4afd60a9":201,"06c24a8d":201,"2f35e75f":201,"3eddf7c8":201,"77970f8b":201,"efd594d5":201,"4718294d":201,"5352cf45":201,"e0ffe8ff":201,"ae14d6b5":201,"721f5f42":201,"0b50bca6":201,"bf2ca266":201,"5d8d9641":201,"0de67c6c":201,"2311399f":201,"5e3ebf5e":201,"9f6ca218":201,"6213799d":201,"44cb1fd2":201,"baf19c25":201,"24a79a6e":201,"edde30af":201,"4d949e11":201,"df12f689":201,"1da10cbf":201,"832c48e4":201,"dc90a44c":201,"1ad7c45b":201,"5566c17c":201,"86a22252":201,"0000dece":201,"ce5efdbe":201,"58ace2b5":201,"d379fd96":201,"7b819458":201,"d44c0ea3":201,"68f87858":201,"533bac6b":201,"41634dba":201,"43fd1327":201,"113e7f4b":201,"8cce569a":201,"ce6401b6":201,"6f57824c":201,"28bd7aa1":201,"1d52fb0d":201,"cde0d748":201,"535ed444":201,"710f0d0e":201,"0905f1fb":201,"a20e529c":201,"1ae76fcc":201,"35b161d3":201,"344cd1a3":201,"77ea1236":201,"96d2a118":201,"23a0e41f":201,"b32a1080":201,"a2c4b591":201,"6dfa57be":201,"1854ce44":201,"f92b22f1":201,"ece12664":201,"36f4ecde":201,"568a0d58":201,"5fd569d2":201,"10c8fd03":201,"bd4ccb49":201,"e773d697":201,"7e8c11e7":201,"077eb15a":201,"7f8024cd":201,"ae562513":201,"7b66dacd":201,"9ab137d7":201,"7191d1cd":201,"005354dd":201,"5337c279":201,"8d256cb6":201,"7021c619":201,"32ae00db":201,"bf2defb2":201,"bc733a28":201,"30d32d34":201,"886c16d3":201,"e8d09b62":201,"5b09e53e":201,"da5bb0f7":201,"6d925c84":201,"50b23ab2":201,"edfa56d4":201,"899c16eb":201,"41c76041":201,"6bb1fa99":201,"d73ff72e":201,"61c0ca91":201,"d2fda7be":201,"ce20ca3c":201,"1d2d958b":201,"81fb6a01":201,"7f5b27c8":201,"fb3444d9":201,"f05de640":201,"86a68967":201,"56cd4dca":201,"7f469f4c":201,"f92dedfc":201,"355d1489":201,"f96fc1af":201,"06713bac":201,"61aca924":201,"d97fb857":201,"59ff5ec6":201,"ef04e64e":201,"6e2d04de":201,"2fca1798":201,"05028839":201,"5488826c":201,"84fff5c1":201,"c649992d":201,"d5ad3ed6":201,"8e5f7187":201,"55ba7579":201,"b7769ca6":201,"9c27de51":201,"38a75b48":201,"1792bfa3":201,"426f1904":201,"7c0f1ca9":201,"b2f820ac":201,"25d4f65d":201,"eddb6a2a":201,"ff8a00aa":201,"c146560b":201,"985068e7":201,"d543ba6f":201,"3b3569f6":201,"b01ab62a":201,"76da16fa":201,"bffee581":201,"07150038":201,"080fa362":201,"7b6945ad":201,"a40d08e1":201,"cec79bc2":201,"d2eff358":201,"e70aebb5":201,"a488b2f1":201,"4caa87d6":201,"f7076e21":201,"69e653b6":201,"98d2991b":201,"3b411d6a":201,"83826ef3":201,"595609d5":201,"b47f1b89":201,"8e6caf71":201,"9a3433b8":201,"b89112cb":201,"66736d5e":201,"30de89a7":201,"06aaa33f":201,"320c65bf":201,"1fa1e7c2":201,"646af2b9":201,"659389ad":201,"240c8679":201,"0718c3be":201,"8b503f7b":201,"87a8523c":201,"c416baa6":201,"ae350a07":201,"680a32a6":201,"83ba647d":201,"cb0bd6b7":201,"8e426e39":201,"51909df8":201,"e22b0973":201,"23646ff9":201,"3abb827b":201,"0c73c293":201,"88929b06":201,"08c4692e":201,"5b2479ef":201,"1d882c36":201,"eb62e8f2":201,"f1e86522":201,"fa03f48f":201,"5298dafa":201,"25f7f918":201
1601327305883,"272e7d0d":201,"f92596ee":201,"68831ea9":201,"9713d076":201,"fd098272":201,"6ee788a7":201,"8249641d":201,"45b0968f":201,"6a9bb182":201,"1f1afd4f":201,"25fb8826":201,"0dc5da58":201,"2874a625":201,"e61ae828":201,"f7ac3883":201,"ccd01528":201,"dab8cf68":201,"00f2a9cb":201,"916fe082":201,"b64dba8e":201,"c3bb30ce":201,"86219c70":201,"601990d8":201,"5c662c19":201,"c5311ebb":201,"105bb3f6":201,"58de5462":201,"f01c896d":201,"1f2670d0":201,"962c9c8f":201,"808bc372":201,"aec0bf28":201,"c792a7c1":201,"a017a323":201,"5a7da061":201,"8801c469":201,"06a94514":201,"b6281f1a":201,"73c420df":201,"0700da70":201,"48c6df81":201,"5e165f43":201,"ff591765":201,"93f12198":201,"f8785b71":201,"ab4a411a":201,"62e270e5":201,"d7a4b24c":201,"66b1b6d7":201,"b062adc4":201,"686d5c0b":201,"f15eb1c5":201,"4aae5133":201,"71789493":201,"63a3af32":201,"3fec4b0b":201,"5ac72353":201,"faa3de3e":201,"d1b14d06":201,"f6c074a7":201,"44983d13":201,"80999122":201,"ffd6849d":201,"72af9198":201,"962fca02":201,"e39e9552":201,"75968179":201,"81c1b70d":201,"bc8bdc23":201,"e72f0f82":201,"a71f3f70":201,"1f7aa83c":201,"88374b72":201,"fdfaf1ed":201,"732d62ee":201,"d4b0751c":201,"ea981bed":201,"5e197575":201,"5b01444b":201,"e587c4d0":201,"79995b62":201,"525b2635":201,"97160db8":201,"caa38a45":201,"589f0d6e":201,"51b4016a":201,"a9987a58":201,"b6b8e5c7":201,"46bf9112":201,"092ad3d6":201,"e82177d3":201,"d2a5d2fd":201,"89d220c2":201,"3e10c9cb":201,"5500a3e8":201,"3c0e87ac":201,"a891461f":201,"a246cdab":201,"117c7f0b":201,"0d21cf99":201,"14e6fe14":201,"37ec5e73":201,"bfff7913":201,"f8636899":201,"37724339":201,"d45d9727":201,"ee5ff2a3":201,"44322dfd":201,"295e4d1d":201,"8cf6570a":201,"403064a0":201,"312af46e":201,"b5a9f8c3":201,"fcbc0ae8":201,"2ff6b6a8":201,"66a71cc1":201,"bf4b58e4":201,"9666b973":201,"653b27c7":201,"83b37fd6":201,"4d852788":201,"e43a9448":201,"3542b748":201,"379c53ab":201,"e396d80d":201,"7da61f27":201,"dc874a97":201,"85a220de":201,"40a7cdd2":201,"ac033c7b":201,"87759976":201,"4df3f62e":201,"c881a53e":201,"80c1c8b1":201,"cf52acd8":201,"a63cb4ce":201,"d3b3492b":201,"7580cfa4":201,"22a96386":201,"5c672b50":201,"89914b94":201,"bf940089":201,"01f34f98":201,"04bdf5e1":201,"da8b42be":201,"1670b0d3":201,"3b0576bf":201,"ec97d63e":201,"94208a41":201,"9458934f":201,"2cbcad17":201,"1dcc489c":201,"4dccb5ca":201,"945badf3":201,"83268abf":201,"1327775b":201,"bdd40125":201,"578c4c95":201,"c606b472":201,"75fd47f7":201,"1c52a07e":201,"e70ccc25":201,"afd1494f":201,"ca6bffd3":201,"829c44a4":201,"e76e2617":201,"2b4fd52e":201,"57162572":201,"d1d50cfe":201,"5df16440":201,"b666e56d":201,"8db378ff":201,"784d6375":201,"4541bf85":201,"a6b13f20":201,"2459c882":201,"3df97186":201,"ef0490de":201,"e0f47ced":201,"309bbf54":201,"cc537772":201,"6618390c":201,"99cc0813":201,"dc32c4e1":201,"239c636e":201,"6ee160ff":201,"c55d40ca":201,"22c177a8":201,"00ae883f":201,"f416ee62":201,"0d2b182d":201,"320754c3":201,"232b2f64":201,"3171b6e7":201,"3b25460f":201,"d2064756":201,"f7ffcbb8":201,"5728f934":201,"00b26865":201,"c333337d":201,"815c56bc":201,"5bd61a68":201,"8582c5cf":201,"0c353665":201,"231e8700":201,"1f9fbd85":201,"43f24679":201,"a1c0dfc4":201,"78f71162":201,"4b27a9a4":201,"163f4d19":201,"1d043d5a":201,"b2f82e06":201,"5b0b43e6":201,"b5474d69":201,"5a938eeb":201,"4fe0dedf":201,"951fc6d0":201,"61892a4c":201,"f096219e":201,"a3f0a6ec":201,"01051f84":201,"aa7e370d":201,"f995eeab":201,"4006e709":201,"0dedf63e":201,"a9d5374b":201,"4321f02d":201,"089b3f8f":201,"7698d0dc":201,"784414ce":201,"2df3efdb":201,"d0f1b7bd":201,"e7799883":201,"4f9456cf":201,"6e260ee8":201,"f4f84279":201,"b0950de5":201,"6f873999":201,"1f4e0e22":201,"60d69311":201,"3b09f1de":201,"b371f44a":201,"8b6180ff":201,"8819ac24":201,"dbbf7f69":201,"dfe4a061":201,"c2bf7d51":201,"781afef6":201,"de9229a0":201,"99a5feef":201,"f6266388":201,"e64fd39c":201,"e1b3ce36":201,"625fa164":201,"0c6ae551":201,"e8f4c1dd":201,"cede8b8c":201,"ad95ff4a":201,"893a99c5":201,"d8bf32b5":201,"0eb42efe":201,"03c4ab87":201,"4e3d3af7":201,"3a4803a8":201,"f7a7de5d":201,"d4e56c3e":201,"0c045c2d":201,"8efd4801":201,"7eb8f268":201,"20236d3e":201,"36ae8cd8":201,"3ddd5391":201,"07f69c6d":201,"2254f0f5":201,"ea282e84":201,"6653c83b":201,"a8edfe84":201,"2ed19b1e":201,"959e16ea":201,"02f76c64":201,"5c6d1f33":201,"b4801cae":201,"c3c2fd05":201,"f8c97147":201,"c2526ff3":201,"cc386067":201,"a22ffd8f":201,"3cd28a4d":201,"44a12c31":201,"45a961ca":201,"5ca978fd":201,"668e601b":201,"7552d86c":201,"02ebf3b6":201,"bb17a968":201,"4abcb85d":201,"cba26072":201,"2a718dcc":201,"c6a9a8e1":201,"88854fd0":201,"8dc27d2a":201,"41d7f05d":201,"2b851827":201,"9f428a03":201,"4d504d96":201,"0533ece1":201,"bcee2ef3":201,"0afba00c":201,"04ff8100":201,"6c00d8d6":201,"ac9a02bc":201,"acfe69ed":201,"c896052c":201,"287ecd1c":201,"f9376d3e":201,"07a94e8c":201,"bb017b49":201,"37b52fe4":201,"61ad1519":201,"819c4185":201,"ba69b06b":201,"7d2a2cb4":201,"4f62491c":201,"70b4c438":201,"71ed93db":201,"c92efaa8":201,"c241ac7e":201,"62a45672":201,"210e507a":201,"ac6e268b":201,"742238e8":201,"426603ff":201,"2db2f252":201,"2e84193b":201,"c55683c9":201,"51233daf":201,"02791635":201,"be081247":201,"5cc47d1b":201,"678b846f":201,"b4bd39d8":201,"b4cdbe5d":201,"fa0386f3":201,"b95d0f17":201,"cee9c347":201
1601327307345,"7800e7ce":202,"77869ff0":202,"4b8f7b16":202,"89f75690":202,"cb363e2f":202,"cd802f02":202,"d3cca7eb":202,"e866a899":202,"5690e712":202,"0b92d2a9":202,"070bed95":202,"67e5d108":202,"3d37b94b":202,"842c97c2":202,"c4cef92b":202,"0eecdc5b":202,"b7e495ea":202,"45ec63c0":202,"0ddfde2c":202,"a8b41774":202,"81f0da2d":202,"1fcc8ba4":202,"75a9c117":202,"12ba54ec":202,"be391c1a":202,"37d8a5b7":202,"d5ab81c4":202,"2ecde685":202,"f0bd52d3":202,"dcc20f76":202,"666a8ef0":202,"c5b609f1":202,"4dc5849a":202,"d605c755":202,"8a8c1d67":202,"cc6b3306":202,"8c2dfd9a":202,"f11267b9":202,"a483b15e":202,"f80ab49d":202,"95eaed39":202,"a5ba0ebb":202,"f53362a9":202,"1901ef7e":202,"960c2e6b":202,"3515e999":202,"d11f8f1b":202,"9d9eb027":202,"325f9a29":202,"503aafe5":202,"d5d94481":202,"ffe48500":202,"c7a45a33":202,"faffe099":202,"e99490cd":202,"3b830769":202,"583f0305":202,"1557c50a":202,"249e80ab":202,"f52a3d94":202,"eb74d3dd":202,"3bcbc28d":202,"3c0455e7":202,"df203c79":202,"df1e1ac0":202,"491708eb":202,"e421caaa":202,"2d2ecf27":202,"d38a4953":202,"eba5efdd":202,"a5463f93":202,"c85ac4f8":202,"bc253f4f":202,"080d5d42":202,"5d03f5dc":202,"f0a01341":202,"1ee4d9f9":202,"0d6e45e7":202,"0da97151":202,"e829038c":202,"4987cfb5":202,"ba90687c":202,"77f2cf92":202,"037e2be4":202,"9e7dbd20":202,"0c086273":202,"ac13c3b0":202,"b4d9c57f":202,"5d53c964":202,"8ee9cc91":202,"4cc0af91":202,"55f6a2ba":202,"9559ea96":202,"9cb044bf":202,"16b25add":202,"80ee333e":202,"3b329af2":202,"1cd662bf":202,"72992b35":202,"47589344":202,"593b1533":202,"e9f6e5ce":202,"ed6bead5":202,"96f594b9":202,"94dfcfc5":202,"0d9d2bf8":202,"846b7f11":202,"d3411467":202,"1df0ce7f":202,"a08171d0":202,"c8bc5677":202,"dfca0518":202,"b9a21017":202,"e47705d3":202,"3cae4115":202,"0ccf4731":202,"c7c6782d":202,"54346574":202,"b12cbf87":202,"81942d9b":202,"699b90c1":202,"d9b5a7a8":202,"1e7914d2":202,"e5d8fdb2":202,"3412ab75":202,"bcac5daf":202,"62d028cc":202,"0af2cf39":202,"27491297":202,"d041ea86":202,"1eda11b2":202,"fc442678":202
1601327309446,"18c73816":202,"e491161e":202,"b5087677":202,"16f60bed":202,"cb0c3481":202,"7664512c":202,"df9a53b8":202,"f6c27b2b":202,"945f6c24":202,"f1daea7e":202,"b8fb90e3":202,"56227e35":202,"0d6bf22a":202,"b87321d0":202,"43205b5d":202,"8982905a":202,"f6fe1ad7":202,"230064fa":202,"764e0abb":202,"bba6d88e":202,"ea3479ec":202,"32266fa3":202,"50b090c3":202,"8301986e":202,"830ecfec":202,"a8bae791":202,"312009ee":202,"c98759fd":202,"e8b6d676":202,"45ee5840":202,"76f04033":202,"43480b19":202,"fd955858":202,"69798d15":202,"efea71fa":202,"fb3aa867":202,"c9cf710b":202,"fcacdeb3":202,"0ea055ed":202,"e3b1bdf8":202,"644b45fb":202,"8be24763":202,"eb4800b2":202,"6e0ce9dc":202,"87d9bec4":202,"e30dfa0c":202,"6da34174":202,"bfb849fa":202,"0a10b423":202,"9ef7cee7":202,"49f1a0d1":202,"5f04aa76":202,"ba297382":202,"0287db2a":202,"96abe4a9":202,"753b10b1":202,"cf14bd99":202,"782022f4":202,"322e833f":202,"ab3619e4":202,"106006ad":202,"c8237be9":202,"1416e8f5":202,"dde2eed5":202,"a208caa8":202,"16605353":202,"77b39e15":202,"f1726edb":202,"92b72493":202,"d3e58903":202,"4481c4be":202,"7954891b":202,"4afd60a9":202,"d44c0ea3":202,"68f87858":202,"533bac6b":202,"41634dba":202,"43fd1327":202,"113e7f4b":202,"8cce569a":202,"ce6401b6":202,"6f57824c":202,"28bd7aa1":202,"1d52fb0d":202,"cde0d748":202,"535ed444":202,"710f0d0e":202,"0905f1fb":202,"a20e529c":202,"1ae76fcc":202,"35b161d3":202,"344cd1a3":202,"77ea1236":202,"96d2a118":202,"23a0e41f":202,"b32a1080":202,"a2c4b591":202,"6dfa57be":202,"1854ce44":202,"f92b22f1":202,"ece12664":202,"36f4ecde":202,"568a0d58":202,"5fd569d2":202,"10c8fd03":202,"bd4ccb49":202,"e773d697":202,"7e8c11e7":202,"077eb15a":202,"5337c279":202,"8d256cb6":202,"7021c619":202,"32ae00db":202,"bf2defb2":202,"bc733a28":202,"30d32d34":202,"886c16d3":202,"e8d09b62":202,"590ce3d3":202,"1802d7ce":202,"0a49914b":202,"5d3f5cad":202,"cf347cba":202,"fc0c23f7":202,"641f9b9e":202,"c92edec5":202,"9f03c1e7":202,"06c24a8d":202,"2f35e75f":202,"3eddf7c8":202,"77970f8b":202,"efd594d5":202,"4718294d":202,"5352cf45":202,"e0ffe8ff":202,"ae14d6b5":202,"721f5f42":202,"0b50bca6":202,"bf2ca266":202,"5d8d9641":202,"0de67c6c":202,"2311399f":202,"5e3ebf5e":202,"9f6ca218":202,"6213799d":202,"44cb1fd2":202,"baf19c25":202,"24a79a6e":202,"edde30af":202,"4d949e11":202,"df12f689":202,"1da10cbf":202,"832c48e4":202,"dc90a44c":202,"1ad7c45b":202,"5566c17c":202,"86a22252":202,"0000dece":202,"ce5efdbe":202,"58ace2b5":202,"d379fd96":202,"7b819458":202,"7f8024cd":202,"ae562513":202,"7b66dacd":202,"9ab137d7":202,"7191d1cd":202,"005354dd":202,"5b09e53e":202,"da5bb0f7":202,"6d925c84":202,"50b23ab2":202,"edfa56d4":202,"899c16eb":202,"41c76041":202,"6bb1fa99":202,"d73ff72e":202,"61c0ca91":202,"d2fda7be":202,"ce20ca3c":202,"1d2d958b":202,"81fb6a01":202,"7f5b27c8":202,"fb3444d9":202,"f05de640":202,"86a68967":202,"56cd4dca":202,"7f469f4c":202,"f92dedfc":202,"355d1489":202,"f96fc1af":202,"06713bac":202,"61aca924":202,"d97fb857":202,"59ff5ec6":202,"ef04e64e":202,"6e2d04de":202,"2fca1798":202,"05028839":202,"5488826c":202,"84fff5c1":202,"c649992d":202
1601327310368,"3b3569f6":202,"b01ab62a":202,"76da16fa":202,"bffee581":202,"07150038":202,"080fa362":202,"7b6945ad":202,"a40d08e1":202,"cec79bc2":202,"d2eff358":202,"e70aebb5":202,"a488b2f1":202,"4caa87d6":202,"f7076e21":202,"69e653b6":202,"98d2991b":202,"3b411d6a":202,"83826ef3":202,"595609d5":202,"b47f1b89":202,"8e6caf71":202,"9a3433b8":202,"d5ad3ed6":202,"8e5f7187":202,"55ba7579":202,"b7769ca6":202,"9c27de51":202,"38a75b48":202,"1792bfa3":202,"426f1904":202,"7c0f1ca9":202,"b2f820ac":202,"25d4f65d":202,"eddb6a2a":202,"ff8a00aa":202,"c146560b":202,"985068e7":202,"d543ba6f":202,"b89112cb":202,"66736d5e":202,"30de89a7":202,"06aaa33f":202,"320c65bf":202,"1fa1e7c2":202,"646af2b9":202,"659389ad":202,"240c8679":202,"0718c3be":202,"8b503f7b":202,"87a8523c":202,"c416baa6":202,"ae350a07":202,"680a32a6":202,"83ba647d":202,"cb0bd6b7":202,"8e426e39":202,"51909df8":202,"e22b0973":202,"23646ff9":202,"3abb827b":202,"0c73c293":202,"88929b06":202,"08c4692e":202,"5b2479ef":202,"1d882c36":202,"eb62e8f2":202,"f1e86522":202,"fa03f48f":202,"5298dafa":202,"25f7f918":202,"c5311ebb":202,"105bb3f6":202,"58de5462":202,"f01c896d":202,"808bc372":202,"1f2670d0":202,"c792a7c1":202,"962c9c8f":202,"5a7da061":202,"aec0bf28":202,"06a94514":202,"a017a323":202,"73c420df":202,"8801c469":202,"0700da70":202,"b6281f1a":202,"ff591765":202,"48c6df81":202,"93f12198":202,"5e165f43":202,"62e270e5":202,"f8785b71":202,"66b1b6d7":202,"ab4a411a":202,"b062adc4":202,"d7a4b24c":202,"686d5c0b":202,"4aae5133":202,"63a3af32":202,"f15eb1c5":202,"3fec4b0b":202,"71789493":202,"5ac72353":202,"faa3de3e":202,"44983d13":202,"d1b14d06":202,"f6c074a7":202,"80999122":202,"ffd6849d":202,"72af9198":202,"962fca02":202,"e39e9552":202,"81c1b70d":202,"75968179":202,"e72f0f82":202,"bc8bdc23":202,"a71f3f70":202,"88374b72":202,"1f7aa83c":202,"fdfaf1ed":202,"ea981bed":202,"732d62ee":202,"5e197575":202,"d4b0751c":202,"5b01444b":202,"e587c4d0":202,"79995b62":202,"525b2635":202,"caa38a45":202,"97160db8":202,"a9987a58":202,"589f0d6e":202,"b6b8e5c7":202,"51b4016a":202,"46bf9112":202,"e82177d3":202,"092ad3d6":202,"89914b94":202,"04bdf5e1":202,"bf940089":202,"da8b42be":202,"01f34f98":202,"1670b0d3":202,"3b0576bf":202,"9458934f":202,"ec97d63e":202,"1dcc489c":202,"94208a41":202,"2cbcad17":202,"945badf3":202,"1327775b":202,"4dccb5ca":202,"83268abf":202,"bdd40125":202,"75fd47f7":202,"578c4c95":202,"1c52a07e":202,"c606b472":202,"e70ccc25":202,"afd1494f":202,"ca6bffd3":202,"829c44a4":202,"e76e2617":202,"2b4fd52e":202,"57162572":202,"d1d50cfe":202,"9666b973":202,"653b27c7":202,"83b37fd6":202,"4d852788":202,"e43a9448":202,"3542b748":202,"379c53ab":202,"e396d80d":202,"7da61f27":202,"dc874a97":202,"85a220de":202,"40a7cdd2":202,"272e7d0d":202,"f92596ee":202,"68831ea9":202,"9713d076":202,"fd098272":202,"6ee788a7":202,"8249641d":202,"45b0968f":202,"ac033c7b":202,"87759976":202,"4df3f62e":202,"c881a53e":202,"80c1c8b1":202,"cf52acd8":202,"a63cb4ce":202,"d3b3492b":202,"7580cfa4":202,"22a96386":202,"5c672b50":202,"5df16440":202,"b666e56d":202,"8db378ff":202,"784d6375":202,"4541bf85":202,"a6b13f20":202,"2459c882":202,"3df97186":202,"ef0490de":202,"e0f47ced":202,"309bbf54":202,"cc537772":202,"6618390c":202,"99cc0813":202,"dc32c4e1":202,"239c636e":202,"6ee160ff":202,"6a9bb182":202,"1f1afd4f":202,"25fb8826":202,"0dc5da58":202,"2874a625":202,"e61ae828":202,"f7ac3883":202,"ccd01528":202,"dab8cf68":202,"00f2a9cb":202,"916fe082":202,"b64dba8e":202,"c3bb30ce":202,"86219c70":202,"601990d8":202,"5c662c19":202,"d2a5d2fd":202,"89d220c2":202,"3e10c9cb":202,"5500a3e8":202,"3c0e87ac":202,"a891461f":202,"a246cdab":202,"117c7f0b":202,"0d21cf99":202,"14e6fe14":202,"37ec5e73":202,"bfff7913":202,"f8636899":202,"37724339":202,"d45d9727":202,"ee5ff2a3":202,"44322dfd":202,"295e4d1d":202,"8cf6570a":202,"403064a0":202,"c55d40ca":202,"22c177a8":202,"00ae883f":202,"f416ee62":202,"0d2b182d":202,"320754c3":202,"232b2f64":202,"3171b6e7":202,"3b25460f":202,"d2064756":202,"312af46e":202,"b5a9f8c3":202,"fcbc0ae8":202,"2ff6b6a8":202,"66a71cc1":202,"bf4b58e4":202,"f7ffcbb8":202,"5728f934":202,"00b26865":202,"c333337d":202,"815c56bc":202,"5bd61a68":202,"8582c5cf":202,"0c353665":202,"231e8700":202,"1f9fbd85":202,"43f24679":202,"a1c0dfc4":202,"78f71162":202,"4b27a9a4":202,"163f4d19":202,"1d043d5a":202,"b2f82e06":202,"5b0b43e6":202,"b5474d69":202,"5a938eeb":202,"4fe0dedf":202,"951fc6d0":202,"61892a4c":202,"f096219e":202,"a3f0a6ec":202,"01051f84":202,"aa7e370d":202,"f995eeab":202,"4006e709":202,"0dedf63e":202,"a9d5374b":202,"4321f02d":202,"089b3f8f":202,"7698d0dc":202,"784414ce":202,"2df3efdb":202,"d0f1b7bd":202,"e7799883":202,"4f9456cf":202,"6e260ee8":202,"f4f84279":202,"b0950de5":202,"6f873999":202,"1f4e0e22":202,"60d69311":202,"3b09f1de":202,"b371f44a":202,"dfe4a061":202,"c2bf7d51":202,"8b6180ff":202,"781afef6":202,"8819ac24":202,"dbbf7f69":202,"de9229a0":202,"99a5feef":202,"f6266388":202,"e64fd39c":202,"e1b3ce36":202,"625fa164":202,"0c6ae551":202,"e8f4c1dd":202,"cede8b8c":202,"ad95ff4a":202,"893a99c5":202,"d8bf32b5":202,"0eb42efe":202,"03c4ab87":202,"4e3d3af7":202,"3a4803a8":202,"f7a7de5d":202,"d4e56c3e":202,"0c045c2d":202,"8efd4801":202,"7eb8f268":202,"20236d3e":202,"36ae8cd8":202,"3ddd5391":202,"07f69c6d":202,"a8edfe84":202,"2ed19b1e":202,"959e16ea":202,"02f76c64":202,"5c6d1f33":202,"b4801cae":202,"c3c2fd05":202,"f8c97147":202,"c2526ff3":202,"cc386067":202,"a22ffd8f":202,"3cd28a4d":202,"44a12c31":202,"45a961ca":202,"5ca978fd":202,"668e601b":202,"7552d86c":202,"02ebf3b6":202,"bb17a968":202,"4abcb85d":202,"cba26072":202,"2a718dcc":202,"c6a9a8e1":202,"88854fd0":202,"8dc27d2a":202,"41d7f05d":202,"2b851827":202,"9f428a03":202,"2254f0f5":202,"ea282e84":202,"6653c83b":202,"c896052c":202,"287ecd1c":202,"f9376d3e":202,"07a94e8c":202,"bb017b49":202,"37b52fe4":202,"61ad1519":202,"819c4185":202,"ba69b06b":202,"7d2a2cb4":202,"4f62491c":202,"70b4c438":202,"71ed93db":202,"c92efaa8":202,"c241ac7e":202,"62a45672":202,"210e507a":202,"ac6e268b":202,"742238e8":202,"4d504d96":202,"0533ece1":202,"bcee2ef3":202,"0afba00c":202,"04ff8100":202,"6c00d8d6":202,"ac9a02bc":202,"acfe69ed":202,"426603ff":202,"2db2f252":202,"2e84193b":202,"c55683c9":202,"51233daf":202,"02791635":202,"be081247":202,"5cc47d1b":202,"678b846f":202,"b4bd39d8":202,"b4cdbe5d":202,"fa0386f3":202,"b95d0f17":202,"cee9c347":202
1601327310789,"d5d94481":203,"ffe48500":203,"c7a45a33":203,"faffe099":203,"7800e7ce":203,"77869ff0":203,"4b8f7b16":203,"89f75690":203,"cb363e2f":203,"cd802f02":203,"d3cca7eb":203,"e866a899":203,"5690e712":203,"0b92d2a9":203,"070bed95":203,"67e5d108":203,"3d37b94b":203,"842c97c2":203,"c4cef92b":203,"0eecdc5b":203,"b7e495ea":203,"45ec63c0":203,"0ddfde2c":203,"a8b41774":203,"81f0da2d":203,"1fcc8ba4":203,"75a9c117":203,"12ba54ec":203,"be391c1a":203,"37d8a5b7":203,"d5ab81c4":203,"2ecde685":203,"f0bd52d3":203,"dcc20f76":203,"666a8ef0":203,"c5b609f1":203,"4dc5849a":203,"d605c755":203,"8a8c1d67":203,"cc6b3306":203,"8c2dfd9a":203
1601327311672,"f11267b9":203,"a483b15e":203,"f80ab49d":203,"95eaed39":203,"a5ba0ebb":203,"f53362a9":203,"1901ef7e":203,"960c2e6b":203,"3515e999":203,"d11f8f1b":203,"9d9eb027":203,"325f9a29":203,"503aafe5":203,"080d5d42":203,"5d03f5dc":203,"f0a01341":203,"1ee4d9f9":203,"0d6e45e7":203,"0da97151":203,"e829038c":203,"4987cfb5":203,"ba90687c":203,"77f2cf92":203,"037e2be4":203,"9e7dbd20":203,"0c086273":203,"ac13c3b0":203,"b4d9c57f":203,"5d53c964":203,"8ee9cc91":203,"4cc0af91":203,"55f6a2ba":203,"9559ea96":203,"9cb044bf":203,"16b25add":203,"80ee333e":203,"3b329af2":203,"1cd662bf":203,"72992b35":203,"47589344":203,"593b1533":203,"e9f6e5ce":203,"ed6bead5":203,"96f594b9":203,"94dfcfc5":203,"8301986e":203,"830ecfec":203,"a8bae791":203,"312009ee":203,"c98759fd":203,"e8b6d676":203,"45ee5840":203,"76f04033":203,"43480b19":203,"fd955858":203,"69798d15":203,"efea71fa":203,"fb3aa867":203,"c9cf710b":203,"fcacdeb3":203,"0ea055ed":203,"e3b1bdf8":203,"644b45fb":203,"dfca0518":203,"b9a21017":203,"e47705d3":203,"3cae4115":203,"0ccf4731":203,"c7c6782d":203,"54346574":203,"b12cbf87":203,"81942d9b":203,"699b90c1":203,"d9b5a7a8":203,"1e7914d2":203,"e5d8fdb2":203,"3412ab75":203,"bcac5daf":203,"62d028cc":203,"0af2cf39":203,"27491297":203,"d041ea86":203,"1eda11b2":203,"fc442678":203,"e99490cd":203,"3b830769":203,"583f0305":203,"1557c50a":203,"249e80ab":203,"f52a3d94":203,"eb74d3dd":203,"3bcbc28d":203,"3c0455e7":203,"df203c79":203,"df1e1ac0":203,"491708eb":203,"e421caaa":203,"2d2ecf27":203,"d38a4953":203,"eba5efdd":203,"a5463f93":203,"c85ac4f8":203,"bc253f4f":203,"0d9d2bf8":203,"846b7f11":203,"d3411467":203,"1df0ce7f":203,"a08171d0":203,"c8bc5677":203,"18c73816":203,"e491161e":203,"b5087677":203,"16f60bed":203,"cb0c3481":203,"7664512c":203,"df9a53b8":203,"f6c27b2b":203,"945f6c24":203,"f1daea7e":203,"b8fb90e3":203,"56227e35":203,"0d6bf22a":203,"b87321d0":203,"43205b5d":203,"8982905a":203,"f6fe1ad7":203,"230064fa":203,"764e0abb":203,"bba6d88e":203,"ea3479ec":203,"32266fa3":203,"50b090c3":203,"8be24763":203,"eb4800b2":203,"6e0ce9dc":203,"87d9bec4":203,"e30dfa0c":203,"6da34174":203,"bfb849fa":203,"0a10b423":203,"9ef7cee7":203,"49f1a0d1":203,"5f04aa76":203,"ba297382":203,"0287db2a":203,"96abe4a9":203,"753b10b1":203,"cf14bd99":203,"782022f4":203,"322e833f":203,"ab3619e4":203,"106006ad":203,"c8237be9":203,"1416e8f5":203,"dde2eed5":203,"a208caa8":203,"16605353":203,"77b39e15":203,"f1726edb":203,"590ce3d3":203,"1802d7ce":203,"0a49914b":203,"5d3f5cad":203,"cf347cba":203,"fc0c23f7":203,"641f9b9e":203,"c92edec5":203,"9f03c1e7":203,"06c24a8d":203,"2f35e75f":203,"3eddf7c8":203,"77970f8b":203,"efd594d5":203,"4718294d":203,"5352cf45":203,"e0ffe8ff":203,"ae14d6b5":203,"721f5f42":203,"0b50bca6":203,"bf2ca266":203,"5d8d9641":203,"0de67c6c":203,"2311399f":203,"5e3ebf5e":203,"9f6ca218":203,"6213799d":203,"44cb1fd2":203,"baf19c25":203,"24a79a6e":203,"edde30af":203,"4d949e11":203,"df12f689":203,"1da10cbf":203,"832c48e4":203,"dc90a44c":203,"1ad7c45b":203,"5566c17c":203,"86a22252":203,"0000dece":203,"ce5efdbe":203,"58ace2b5":203,"d379fd96":203,"7b819458":203,"7f8024cd":203,"ae562513":203,"7b66dacd":203,"9ab137d7":203,"7191d1cd":203,"005354dd":203,"92b72493":203,"d3e58903":203,"4481c4be":203,"7954891b":203,"4afd60a9":203,"d44c0ea3":203,"68f87858":203,"533bac6b":203,"41634dba":203,"43fd1327":203,"113e7f4b":203,"8cce569a":203,"ce6401b6":203,"6f57824c":203,"28bd7aa1":203,"1d52fb0d":203,"cde0d748":203,"535ed444":203,"710f0d0e":203,"0905f1fb":203,"a20e529c":203,"1ae76fcc":203,"35b161d3":203,"344cd1a3":203,"77ea1236":203,"96d2a118":203,"23a0e41f":203,"b32a1080":203,"a2c4b591":203,"6dfa57be":203,"1854ce44":203,"f92b22f1":203,"ece12664":203,"36f4ecde":203,"568a0d58":203,"5fd569d2":203,"10c8fd03":203,"bd4ccb49":203,"e773d697":203,"7e8c11e7":203,"077eb15a":203,"5337c279":203,"8d256cb6":203,"7021c619":203,"32ae00db":203,"bf2defb2":203,"bc733a28":203,"30d32d34":203,"886c16d3":203,"e8d09b62":203,"5b09e53e":203,"da5bb0f7":203,"6d925c84":203,"50b23ab2":203,"edfa56d4":203,"899c16eb":203,"41c76041":203,"6bb1fa99":203,"d73ff72e":203,"61c0ca91":203,"d2fda7be":203,"ce20ca3c":203,"1d2d958b":203,"81fb6a01":203,"7f5b27c8":203,"3b3569f6":203,"b01ab62a":203,"76da16fa":203,"bffee581":203,"07150038":203,"080fa362":203,"7b6945ad":203,"a40d08e1":203,"cec79bc2":203,"d2eff358":203,"e70aebb5":203,"a488b2f1":203,"4caa87d6":203,"f7076e21":203,"69e653b6":203,"98d2991b":203,"3b411d6a":203,"83826ef3":203,"595609d5":203,"b47f1b89":203,"8e6caf71":203,"9a3433b8":203,"b89112cb":203,"66736d5e":203,"30de89a7":203,"06aaa33f":203,"320c65bf":203,"1fa1e7c2":203,"646af2b9":203,"fb3444d9":203,"f05de640":203,"86a68967":203,"56cd4dca":203,"7f469f4c":203,"f92dedfc":203,"355d1489":203,"f96fc1af":203,"06713bac":203,"61aca924":203,"d97fb857":203,"59ff5ec6":203,"ef04e64e":203,"6e2d04de":203,"2fca1798":203,"05028839":203,"5488826c":203,"84fff5c1":203,"c649992d":203,"d5ad3ed6":203,"8e5f7187":203,"55ba7579":203,"b7769ca6":203,"9c27de51":203,"38a75b48":203,"1792bfa3":203,"426f1904":203,"7c0f1ca9":203,"b2f820ac":203,"25d4f65d":203,"eddb6a2a":203,"ff8a00aa":203,"c146560b":203,"985068e7":203,"d543ba6f":203,"659389ad":203,"240c8679":203,"0718c3be":203,"8b503f7b":203,"87a8523c":203,"c416baa6":203,"ae350a07":203,"680a32a6":203,"83ba647d":203,"cb0bd6b7":203,"8e426e39":203,"51909df8":203,"e22b0973":203,"23646ff9":203,"3abb827b":203,"0c73c293":203,"88929b06":203,"08c4692e":203,"5b2479ef":203,"1d882c36":203,"eb62e8f2":203,"f1e86522":203,"fa03f48f":203,"5298dafa":203,"25f7f918":203,"c5311ebb":203,"105bb3f6":203,"58de5462":203,"f01c896d":203,"1f2670d0":203,"962c9c8f":203,"aec0bf28":203,"808bc372":203,"c792a7c1":203,"a017a323":203,"8801c469":203,"5a7da061":203,"06a94514":203,"b6281f1a":203,"73c420df":203,"48c6df81":203,"5e165f43":203,"0700da70":203,"ff591765":203,"f8785b71":203,"93f12198":203,"ab4a411a":203,"d7a4b24c":203,"62e270e5":203,"686d5c0b":203,"66b1b6d7":203,"f15eb1c5":203,"b062adc4":203,"71789493":203,"4aae5133":203,"63a3af32":203,"5ac72353":203,"3fec4b0b":203,"d1b14d06":203,"f6c074a7":203,"faa3de3e":203,"ffd6849d":203,"44983d13":203,"80999122":203,"962fca02":203,"75968179":203,"72af9198":203,"e39e9552":203,"bc8bdc23":203,"81c1b70d":203,"a71f3f70":203,"e72f0f82":203,"1f7aa83c":203,"88374b72":203,"732d62ee":203,"fdfaf1ed":203,"d4b0751c":203,"5b01444b":203,"ea981bed":203,"5e197575":203,"79995b62":203,"97160db8":203,"e587c4d0":203,"525b2635":203,"589f0d6e":203,"51b4016a":203,"caa38a45":203,"a9987a58":203,"46bf9112":203,"b6b8e5c7":203,"092ad3d6":203,"bf940089":203,"e82177d3":203,"01f34f98":203,"89914b94":203,"04bdf5e1":203,"1670b0d3":203,"da8b42be":203,"ec97d63e":203,"94208a41":203,"3b0576bf":203,"2cbcad17":203,"9458934f":203,"4dccb5ca":203,"1dcc489c":203,"945badf3":203,"83268abf":203,"578c4c95":203,"1327775b":203,"c606b472":203,"bdd40125":203,"75fd47f7":203,"1c52a07e":203,"e70ccc25":203,"afd1494f":203,"ca6bffd3":203,"829c44a4":203,"e76e2617":203,"2b4fd52e":203,"57162572":203,"d1d50cfe":203,"272e7d0d":203,"f92596ee":203,"68831ea9":203,"9713d076":203,"fd098272":203,"6ee788a7":203,"8249641d":203,"45b0968f":203,"6a9bb182":203,"9666b973":203,"653b27c7":203,"83b37fd6":203,"4d852788":203,"e43a9448":203,"3542b748":203,"379c53ab":203,"e396d80d":203,"7da61f27":203,"dc874a97":203,"85a220de":203,"40a7cdd2":203,"ac033c7b":203,"87759976":203,"4df3f62e":203,"c881a53e":203,"80c1c8b1":203,"cf52acd8":203,"a63cb4ce":203,"d3b3492b":203,"7580cfa4":203,"22a96386":203,"5c672b50":203,"5df16440":203,"b666e56d":203,"8db378ff":203,"784d6375":203,"4541bf85":203,"a6b13f20":203,"2459c882":203,"3df97186":203,"ef0490de":203,"1f1afd4f":203,"25fb8826":203,"0dc5da58":203,"2874a625":203,"e61ae828":203,"f7ac3883":203,"ccd01528":203,"dab8cf68":203,"00f2a9cb":203,"916fe082":203,"b64dba8e":203,"c3bb30ce":203,"86219c70":203,"601990d8":203,"5c662c19":203,"d2a5d2fd":203,"89d220c2":203,"3e10c9cb":203,"5500a3e8":203,"3c0e87ac":203,"a891461f":203,"a246cdab":203,"117c7f0b":203,"0d21cf99":203,"14e6fe14":203,"37ec5e73":203,"bfff7913":203,"f8636899":203,"37724339":203,"d45d9727":203,"ee5ff2a3":203,"44322dfd":203,"295e4d1d":203,"8cf6570a":203,"403064a0":203,"312af46e":203,"b5a9f8c3":203,"f7ffcbb8":203,"5728f934":203,"00b26865":203,"c333337d":203,"815c56bc":203,"5bd61a68":203,"8582c5cf":203,"0c353665":203,"231e8700":203,"1f9fbd85":203,"43f24679":203,"a1c0dfc4":203,"78f71162":203,"4b27a9a4":203,"163f4d19":203,"1d043d5a":203,"b2f82e06":203,"5b0b43e6":203,"b5474d69":203,"5a938eeb":203,"4fe0dedf":203,"951fc6d0":203,"61892a4c":203,"f096219e":203,"a3f0a6ec":203,"01051f84":203,"fcbc0ae8":203,"2ff6b6a8":203,"66a71cc1":203,"bf4b58e4":203,"aa7e370d":203,"e0f47ced":203,"309bbf54":203,"cc537772":203,"6618390c":203,"99cc0813":203,"dc32c4e1":203,"239c636e":203,"6ee160ff":203,"c55d40ca":203,"22c177a8":203,"00ae883f":203,"f416ee62":203,"0d2b182d":203,"320754c3":203,"232b2f64":203,"3171b6e7":203,"3b25460f":203,"d2064756":203,"f995eeab":203,"4006e709":203,"0dedf63e":203,"a9d5374b":203,"4321f02d":203,"089b3f8f":203,"7698d0dc":203,"784414ce":203,"2df3efdb":203,"d0f1b7bd":203,"e7799883":203,"4f9456cf":203,"6e260ee8":203,"f4f84279":203,"b0950de5":203,"6f873999":203,"1f4e0e22":203,"60d69311":203,"3b09f1de":203,"b371f44a":203,"8b6180ff":203,"8819ac24":203,"dbbf7f69":203,"dfe4a061":203,"c2bf7d51":203,"781afef6":203,"de9229a0":203,"99a5feef":203,"f6266388":203,"e64fd39c":203,"e1b3ce36":203,"625fa164":203,"0c6ae551":203,"e8f4c1dd":203,"cede8b8c":203,"ad95ff4a":203,"893a99c5":203,"d8bf32b5":203,"0eb42efe":203,"03c4ab87":203,"4e3d3af7":203,"3a4803a8":203,"f7a7de5d":203,"d4e56c3e":203,"0c045c2d":203,"8efd4801":203,"7eb8f268":203,"20236d3e":203,"36ae8cd8":203,"3ddd5391":203,"07f69c6d":203,"a8edfe84":203,"2ed19b1e":203,"959e16ea":203,"02f76c64":203,"5c6d1f33":203,"b4801cae":203,"c3c2fd05":203,"f8c97147":203,"c2526ff3":203,"cc386067":203,"a22ffd8f":203,"3cd28a4d":203,"44a12c31":203,"45a961ca":203,"5ca978fd":203,"668e601b":203,"7552d86c":203,"02ebf3b6":203,"bb17a968":203,"4abcb85d":203,"2254f0f5":203,"ea282e84":203,"6653c83b":203,"c896052c":203,"287ecd1c":203,"f9376d3e":203,"07a94e8c":203,"bb017b49":203,"37b52fe4":203,"61ad1519":203,"819c4185":203,"ba69b06b":203,"7d2a2cb4":203,"4f62491c":203,"70b4c438":203,"71ed93db":203,"c92efaa8":203,"c241ac7e":203,"62a45672":203,"210e507a":203,"ac6e268b":203,"742238e8":203,"cba26072":203,"2a718dcc":203,"c6a9a8e1":203,"88854fd0":203,"8dc27d2a":203,"41d7f05d":203,"2b851827":203,"9f428a03":203,"4d504d96":203,"0533ece1":203,"bcee2ef3":203,"0afba00c":203,"04ff8100":203,"6c00d8d6":203,"ac9a02bc":203,"acfe69ed":203,"426603ff":203,"2db2f252":203,"2e84193b":203,"c55683c9":203,"51233daf":203,"02791635":203,"be081247":203,"5cc47d1b":203,"678b846f":203,"b4bd39d8":203,"b4cdbe5d":203,"fa0386f3":203,"b95d0f17":203,"cee9c347":203,"7800e7ce":204,"77869ff0":204,"4b8f7b16":204,"89f75690":204,"cb363e2f":204,"cd802f02":204,"d3cca7eb":204,"e866a899":204,"5690e712":204,"0b92d2a9":204,"070bed95":204,"67e5d108":204,"3d37b94b":204,"842c97c2":204,"c4cef92b":204,"0eecdc5b":204,"b7e495ea":204,"45ec63c0":204,"0ddfde2c":204,"a8b41774":204,"81f0da2d":204,"1fcc8ba4":204,"75a9c117":204,"12ba54ec":204,"be391c1a":204,"37d8a5b7":204,"d5ab81c4":204,"2ecde685":204,"f0bd52d3":204,"dcc20f76":204,"666a8ef0":204,"c5b609f1":204,"4dc5849a":204,"d605c755":204,"8a8c1d67":204,"cc6b3306":204,"8c2dfd9a":204,"f11267b9":204,"a483b15e":204,"f80ab49d":204,"95eaed39":204,"a5ba0ebb":204,"f53362a9":204,"1901ef7e":204,"960c2e6b":204,"3515e999":204,"d11f8f1b":204,"9d9eb027":204,"325f9a29":204,"503aafe5":204,"d5d94481":204,"ffe48500":204,"c7a45a33":204,"faffe099":204,"e99490cd":204,"3b830769":204,"583f0305":204,"1557c50a":204,"249e80ab":204,"f52a3d94":204,"eb74d3dd":204,"3bcbc28d":204,"3c0455e7":204,"df203c79":204,"df1e1ac0":204,"491708eb":204,"e421caaa":204,"2d2ecf27":204,"d38a4953":204,"eba5efdd":204,"a5463f93":204,"c85ac4f8":204,"bc253f4f":204,"0d9d2bf8":204,"846b7f11":204,"080d5d42":204,"5d03f5dc":204,"f0a01341":204,"1ee4d9f9":204,"0d6e45e7":204,"0da97151":204,"e829038c":204,"4987cfb5":204,"ba90687c":204,"77f2cf92":204,"037e2be4":204,"9e7dbd20":204,"0c086273":204,"ac13c3b0":204,"b4d9c57f":204,"5d53c964":204,"8ee9cc91":204,"4cc0af91":204,"55f6a2ba":204,"9559ea96":204,"9cb044bf":204,"16b25add":204,"80ee333e":204,"3b329af2":204,"1cd662bf":204,"72992b35":204,"47589344":204,"593b1533":204,"e9f6e5ce":204,"ed6bead5":204,"96f594b9":204,"94dfcfc5":204,"8301986e":204,"830ecfec":204,"a8bae791":204,"312009ee":204,"c98759fd":204,"e8b6d676":204,"45ee5840":204,"76f04033":204,"43480b19":204,"fd955858":204,"69798d15":204,"efea71fa":204,"fb3aa867":204,"c9cf710b":204,"fcacdeb3":204,"0ea055ed":204,"e3b1bdf8":204,"644b45fb":204,"d3411467":204,"1df0ce7f":204,"a08171d0":204,"c8bc5677":204,"dfca0518":204,"b9a21017":204,"e47705d3":204,"3cae4115":204,"0ccf4731":204,"c7c6782d":204,"54346574":204,"b12cbf87":204,"81942d9b":204,"699b90c1":204,"d9b5a7a8":204,"1e7914d2":204,"e5d8fdb2":204,"3412ab75":204,"bcac5daf":204,"62d028cc":204,"0af2cf39":204,"27491297":204,"d041ea86":204,"1eda11b2":204,"fc442678":204,"590ce3d3":204,"1802d7ce":204,"0a49914b":204,"5d3f5cad":204,"cf347cba":204,"fc0c23f7":204,"641f9b9e":204,"c92edec5":204,"9f03c1e7":204,"06c24a8d":204,"2f35e75f":204,"3eddf7c8":204,"77970f8b":204,"782022f4":204,"322e833f":204,"ab3619e4":204,"106006ad":204,"c8237be9":204,"1416e8f5":204,"dde2eed5":204,"a208caa8":204,"16605353":204,"77b39e15":204,"f1726edb":204,"efd594d5":204,"4718294d":204,"5352cf45":204,"e0ffe8ff":204,"18c73816":204,"e491161e":204,"b5087677":204,"16f60bed":204,"cb0c3481":204,"7664512c":204,"df9a53b8":204,"f6c27b2b":204,"945f6c24":204,"f1daea7e":204,"b8fb90e3":204,"56227e35":204,"0d6bf22a":204,"b87321d0":204,"43205b5d":204,"8982905a":204,"f6fe1ad7":204,"230064fa":204,"764e0abb":204,"bba6d88e":204,"ea3479ec":204,"32266fa3":204,"50b090c3":204,"8be24763":204,"eb4800b2":204,"6e0ce9dc":204,"87d9bec4":204,"e30dfa0c":204,"6da34174":204,"bfb849fa":204,"0a10b423":204,"9ef7cee7":204,"49f1a0d1":204,"5f04aa76":204,"ba297382":204,"0287db2a":204,"96abe4a9":204,"753b10b1":204,"cf14bd99":204,"ae14d6b5":204,"721f5f42":204,"0b50bca6":204,"bf2ca266":204,"5d8d9641":204,"0de67c6c":204,"2311399f":204,"5e3ebf5e":204,"9f6ca218":204,"6213799d":204,"44cb1fd2":204,"baf19c25":204,"24a79a6e":204,"edde30af":204,"4d949e11":204,"df12f689":204,"1da10cbf":204,"832c48e4":204,"dc90a44c":204,"1ad7c45b":204,"5566c17c":204,"86a22252":204,"0000dece":204,"ce5efdbe":204,"58ace2b5":204,"d379fd96":204,"7b819458":204,"7f8024cd":204,"ae562513":204,"7b66dacd":204,"9ab137d7":204,"7191d1cd":204,"005354dd":204,"92b72493":204,"d3e58903":204,"4481c4be":204,"7954891b":204,"4afd60a9":204,"d44c0ea3":204,"68f87858":204,"533bac6b":204,"41634dba":204,"43fd1327":204,"113e7f4b":204,"8cce569a":204,"ce6401b6":204,"6f57824c":204,"28bd7aa1":204,"1d52fb0d":204,"cde0d748":204,"535ed444":204,"710f0d0e":204,"0905f1fb":204,"a20e529c":204,"1ae76fcc":204,"35b161d3":204,"344cd1a3":204,"77ea1236":204,"96d2a118":204,"23a0e41f":204,"b32a1080":204,"a2c4b591":204,"6dfa57be":204,"1854ce44":204,"f92b22f1":204,"ece12664":204,"36f4ecde":204,"568a0d58":204,"5fd569d2":204,"10c8fd03":204,"bd4ccb49":204,"e773d697":204,"7e8c11e7":204,"077eb15a":204
1601327311922,"5337c279":204,"8d256cb6":204,"7021c619":204,"32ae00db":204,"bf2defb2":204,"bc733a28":204,"30d32d34":204,"886c16d3":204,"e8d09b62":204,"5b09e53e":204,"da5bb0f7":204,"6d925c84":204,"50b23ab2":204,"edfa56d4":204,"899c16eb":204,"41c76041":204,"6bb1fa99":204,"d73ff72e":204,"985068e7":204,"d543ba6f":204,"61c0ca91":204,"d2fda7be":204,"ce20ca3c":204,"1d2d958b":204,"81fb6a01":204,"7f5b27c8":204,"fb3444d9":204,"f05de640":204,"86a68967":204,"56cd4dca":204,"7f469f4c":204,"f92dedfc":204,"355d1489":204,"f96fc1af":204,"06713bac":204,"61aca924":204,"d97fb857":204,"59ff5ec6":204,"ef04e64e":204,"6e2d04de":204,"2fca1798":204,"05028839":204,"5488826c":204,"84fff5c1":204,"c649992d":204,"d5ad3ed6":204,"8e5f7187":204,"55ba7579":204,"b7769ca6":204,"9c27de51":204,"38a75b48":204,"1792bfa3":204,"426f1904":204,"7c0f1ca9":204,"b2f820ac":204,"25d4f65d":204,"eddb6a2a":204,"ff8a00aa":204,"c146560b":204,"3b3569f6":204,"b01ab62a":204,"76da16fa":204,"bffee581":204,"07150038":204,"080fa362":204,"7b6945ad":204,"a40d08e1":204,"cec79bc2":204,"d2eff358":204,"e70aebb5":204,"a488b2f1":204,"4caa87d6":204,"f7076e21":204,"69e653b6":204,"98d2991b":204,"3b411d6a":204,"83826ef3":204,"595609d5":204,"b47f1b89":204,"8e6caf71":204,"9a3433b8":204,"b89112cb":204,"66736d5e":204,"30de89a7":204,"06aaa33f":204,"320c65bf":204,"1fa1e7c2":204,"646af2b9":204,"659389ad":204,"240c8679":204,"0718c3be":204,"8b503f7b":204,"87a8523c":204,"c416baa6":204,"ae350a07":204,"680a32a6":204,"83ba647d":204,"cb0bd6b7":204,"8e426e39":204,"51909df8":204,"e22b0973":204,"23646ff9":204,"3abb827b":204,"0c73c293":204,"88929b06":204,"08c4692e":204,"5b2479ef":204,"1d882c36":204,"eb62e8f2":204,"272e7d0d":204,"f92596ee":204,"68831ea9":204,"9713d076":204,"fd098272":204,"6ee788a7":204,"8249641d":204,"45b0968f":204,"6a9bb182":204,"1f1afd4f":204,"f1e86522":204,"fa03f48f":204,"5298dafa":204,"25f7f918":204,"c5311ebb":204,"105bb3f6":204,"58de5462":204,"f01c896d":204,"808bc372":204,"1f2670d0":204,"c792a7c1":204,"962c9c8f":204,"5a7da061":204,"aec0bf28":204,"06a94514":204,"a017a323":204,"73c420df":204,"8801c469":204,"0700da70":204,"b6281f1a":204,"ff591765":204,"48c6df81":204,"93f12198":204,"5e165f43":204,"62e270e5":204,"f8785b71":204,"66b1b6d7":204,"ab4a411a":204,"b062adc4":204,"d7a4b24c":204,"4aae5133":204,"686d5c0b":204,"63a3af32":204,"f15eb1c5":204,"3fec4b0b":204,"faa3de3e":204,"71789493":204,"5ac72353":204,"44983d13":204,"80999122":204,"d1b14d06":204,"72af9198":204,"f6c074a7":204,"ffd6849d":204,"e39e9552":204,"81c1b70d":204,"962fca02":204,"75968179":204,"e72f0f82":204,"bc8bdc23":204,"88374b72":204,"a71f3f70":204,"fdfaf1ed":204,"1f7aa83c":204,"ea981bed":204,"732d62ee":204,"5e197575":204,"d4b0751c":204,"e587c4d0":204,"5b01444b":204,"525b2635":204,"79995b62":204,"caa38a45":204,"a9987a58":204,"97160db8":204,"b6b8e5c7":204,"589f0d6e":204,"e82177d3":204,"51b4016a":204,"46bf9112":204,"89914b94":204,"092ad3d6":204,"04bdf5e1":204,"da8b42be":204,"bf940089":204,"01f34f98":204,"3b0576bf":204,"1670b0d3":204,"9458934f":204,"1dcc489c":204,"ec97d63e":204,"94208a41":204,"945badf3":204,"2cbcad17":204,"1327775b":204,"bdd40125":204,"4dccb5ca":204,"83268abf":204,"75fd47f7":204,"1c52a07e":204,"578c4c95":204,"c606b472":204,"e70ccc25":204,"afd1494f":204,"ca6bffd3":204,"829c44a4":204,"e76e2617":204,"2b4fd52e":204,"57162572":204,"d1d50cfe":204,"9666b973":204,"653b27c7":204,"83b37fd6":204,"4d852788":204,"e43a9448":204,"3542b748":204,"379c53ab":204,"e396d80d":204,"7da61f27":204,"dc874a97":204,"85a220de":204,"40a7cdd2":204,"ac033c7b":204,"87759976":204,"4df3f62e":204,"c881a53e":204,"80c1c8b1":204,"cf52acd8":204,"a63cb4ce":204,"d3b3492b":204,"7580cfa4":204,"22a96386":204,"5c672b50":204,"5df16440":204,"b666e56d":204,"8db378ff":204,"784d6375":204,"4541bf85":204,"a6b13f20":204,"2459c882":204,"3df97186":204,"ef0490de":204,"e0f47ced":204,"309bbf54":204,"25fb8826":204,"0dc5da58":204,"2874a625":204,"e61ae828":204,"f7ac3883":204,"ccd01528":204,"dab8cf68":204,"00f2a9cb":204,"916fe082":204,"b64dba8e":204,"c3bb30ce":204,"86219c70":204,"601990d8":204,"5c662c19":204,"d2a5d2fd":204,"89d220c2":204,"3e10c9cb":204,"5500a3e8":204,"3c0e87ac":204,"a891461f":204,"a246cdab":204,"117c7f0b":204,"0d21cf99":204,"14e6fe14":204,"37ec5e73":204,"bfff7913":204,"f8636899":204,"37724339":204,"d45d9727":204,"ee5ff2a3":204,"44322dfd":204,"295e4d1d":204,"8cf6570a":204,"403064a0":204,"312af46e":204,"b5a9f8c3":204,"fcbc0ae8":204,"2ff6b6a8":204,"66a71cc1":204,"f7ffcbb8":204,"5728f934":204,"00b26865":204,"c333337d":204,"815c56bc":204,"5bd61a68":204,"8582c5cf":204,"0c353665":204,"231e8700":204,"1f9fbd85":204,"43f24679":204,"a1c0dfc4":204,"78f71162":204,"4b27a9a4":204,"163f4d19":204,"1d043d5a":204,"b2f82e06":204,"5b0b43e6":204,"b5474d69":204,"5a938eeb":204,"4fe0dedf":204,"951fc6d0":204,"61892a4c":204,"bf4b58e4":204,"f096219e":204,"a3f0a6ec":204,"01051f84":204,"cc537772":204,"6618390c":204,"99cc0813":204,"dc32c4e1":204,"239c636e":204,"6ee160ff":204,"c55d40ca":204,"22c177a8":204,"00ae883f":204,"f416ee62":204,"0d2b182d":204,"320754c3":204,"232b2f64":204,"3171b6e7":204,"3b25460f":204,"d2064756":204,"aa7e370d":204,"f995eeab":204,"4006e709":204,"0dedf63e":204,"a9d5374b":204,"4321f02d":204,"089b3f8f":204,"7698d0dc":204,"784414ce":204,"2df3efdb":204,"d0f1b7bd":204,"e7799883":204,"4f9456cf":204,"6e260ee8":204,"f4f84279":204,"b0950de5":204,"6f873999":204,"1f4e0e22":204,"60d69311":204,"3b09f1de":204,"b371f44a":204,"8b6180ff":204,"8819ac24":204,"dbbf7f69":204,"dfe4a061":204,"c2bf7d51":204,"781afef6":204,"de9229a0":204,"99a5feef":204,"f6266388":204,"e64fd39c":204,"e1b3ce36":204,"625fa164":204,"0c6ae551":204,"e8f4c1dd":204,"cede8b8c":204,"ad95ff4a":204,"893a99c5":204,"d8bf32b5":204,"0eb42efe":204,"03c4ab87":204,"4e3d3af7":204,"3a4803a8":204,"f7a7de5d":204,"d4e56c3e":204,"0c045c2d":204,"8efd4801":204,"7eb8f268":204,"20236d3e":204,"36ae8cd8":204,"3ddd5391":204,"a8edfe84":204,"2ed19b1e":204,"959e16ea":204,"02f76c64":204,"5c6d1f33":204,"b4801cae":204,"c3c2fd05":204,"f8c97147":204,"c2526ff3":204,"cc386067":204,"a22ffd8f":204,"3cd28a4d":204,"44a12c31":204,"45a961ca":204,"5ca978fd":204,"668e601b":204,"07f69c6d":204,"2254f0f5":204,"ea282e84":204,"6653c83b":204,"c896052c":204,"287ecd1c":204,"f9376d3e":204,"07a94e8c":204,"bb017b49":204,"37b52fe4":204,"61ad1519":204,"819c4185":204,"ba69b06b":204,"7d2a2cb4":204,"4f62491c":204,"70b4c438":204,"71ed93db":204,"c92efaa8":204,"c241ac7e":204,"62a45672":204,"210e507a":204,"ac6e268b":204,"742238e8":204,"7552d86c":204,"02ebf3b6":204,"bb17a968":204,"4abcb85d":204,"cba26072":204,"2a718dcc":204,"c6a9a8e1":204,"88854fd0":204,"8dc27d2a":204,"41d7f05d":204,"2b851827":204,"9f428a03":204,"4d504d96":204,"0533ece1":204,"bcee2ef3":204,"0afba00c":204,"04ff8100":204,"6c00d8d6":204,"ac9a02bc":204,"acfe69ed":204,"426603ff":204,"2db2f252":204,"2e84193b":204,"c55683c9":204,"51233daf":204,"02791635":204,"be081247":204,"5cc47d1b":204,"678b846f":204,"b4bd39d8":204,"b4cdbe5d":204,"fa0386f3":204,"b95d0f17":204,"cee9c347":204,"7800e7ce":205,"77869ff0":205,"4b8f7b16":205,"89f75690":205,"cb363e2f":205,"cd802f02":205,"d3cca7eb":205,"e866a899":205,"5690e712":205,"0b92d2a9":205,"070bed95":205,"67e5d108":205,"3d37b94b":205,"842c97c2":205,"c4cef92b":205,"0eecdc5b":205,"b7e495ea":205,"45ec63c0":205,"0ddfde2c":205,"a8b41774":205,"81f0da2d":205,"1fcc8ba4":205,"75a9c117":205,"12ba54ec":205,"be391c1a":205,"37d8a5b7":205,"d5ab81c4":205,"2ecde685":205,"f0bd52d3":205,"dcc20f76":205,"666a8ef0":205,"c5b609f1":205,"4dc5849a":205,"d605c755":205,"8a8c1d67":205,"cc6b3306":205,"8c2dfd9a":205,"f11267b9":205,"a483b15e":205,"f80ab49d":205,"95eaed39":205,"a5ba0ebb":205,"f53362a9":205,"1901ef7e":205,"960c2e6b":205,"3515e999":205,"d11f8f1b":205,"9d9eb027":205,"325f9a29":205,"503aafe5":205,"d5d94481":205,"ffe48500":205,"c7a45a33":205,"faffe099":205,"e99490cd":205,"3b830769":205,"583f0305":205,"1557c50a":205,"249e80ab":205,"f52a3d94":205,"eb74d3dd":205,"3bcbc28d":205,"3c0455e7":205,"df203c79":205,"df1e1ac0":205,"491708eb":205,"e421caaa":205,"2d2ecf27":205,"d38a4953":205,"eba5efdd":205,"a5463f93":205,"c85ac4f8":205,"bc253f4f":205,"0d9d2bf8":205,"846b7f11":205,"d3411467":205,"1df0ce7f":205,"080d5d42":205,"5d03f5dc":205,"f0a01341":205,"1ee4d9f9":205,"0d6e45e7":205,"0da97151":205,"e829038c":205,"4987cfb5":205,"ba90687c":205,"77f2cf92":205,"037e2be4":205,"9e7dbd20":205,"0c086273":205,"ac13c3b0":205,"b4d9c57f":205,"5d53c964":205,"8ee9cc91":205,"4cc0af91":205,"55f6a2ba":205,"9559ea96":205,"9cb044bf":205,"16b25add":205,"80ee333e":205,"3b329af2":205,"1cd662bf":205,"72992b35":205,"47589344":205,"593b1533":205,"e9f6e5ce":205,"ed6bead5":205,"96f594b9":205,"94dfcfc5":205,"8301986e":205,"830ecfec":205,"a8bae791":205,"312009ee":205,"c98759fd":205,"e8b6d676":205,"45ee5840":205,"76f04033":205,"43480b19":205,"fd955858":205,"69798d15":205,"efea71fa":205,"fb3aa867":205,"c9cf710b":205,"fcacdeb3":205,"0ea055ed":205,"e3b1bdf8":205,"644b45fb":205,"a08171d0":205,"c8bc5677":205,"dfca0518":205,"b9a21017":205,"e47705d3":205,"3cae4115":205,"0ccf4731":205,"c7c6782d":205,"54346574":205,"b12cbf87":205,"81942d9b":205,"699b90c1":205,"d9b5a7a8":205,"1e7914d2":205,"e5d8fdb2":205,"3412ab75":205,"bcac5daf":205,"62d028cc":205,"0af2cf39":205,"27491297":205,"d041ea86":205,"1eda11b2":205,"fc442678":205
1601327313004,"18c73816":205,"e491161e":205,"b5087677":205,"16f60bed":205,"106006ad":205,"c8237be9":205,"1416e8f5":205,"dde2eed5":205,"a208caa8":205,"16605353":205,"77b39e15":205,"f1726edb":205,"cb0c3481":205,"7664512c":205,"df9a53b8":205,"f6c27b2b":205,"945f6c24":205,"f1daea7e":205,"b8fb90e3":205,"56227e35":205,"0d6bf22a":205,"b87321d0":205,"43205b5d":205,"8982905a":205,"f6fe1ad7":205,"230064fa":205,"764e0abb":205,"bba6d88e":205,"ea3479ec":205,"32266fa3":205,"50b090c3":205,"8be24763":205,"eb4800b2":205,"6e0ce9dc":205,"87d9bec4":205,"e30dfa0c":205,"6da34174":205,"bfb849fa":205,"0a10b423":205,"9ef7cee7":205,"49f1a0d1":205,"5f04aa76":205,"ba297382":205,"0287db2a":205,"96abe4a9":205,"753b10b1":205,"cf14bd99":205,"782022f4":205,"322e833f":205,"ab3619e4":205,"92b72493":205,"d3e58903":205,"4481c4be":205,"7954891b":205,"4afd60a9":205,"d44c0ea3":205,"68f87858":205,"533bac6b":205,"41634dba":205,"43fd1327":205,"113e7f4b":205,"8cce569a":205,"ce6401b6":205,"6f57824c":205,"28bd7aa1":205,"1d52fb0d":205,"cde0d748":205,"535ed444":205,"710f0d0e":205,"0905f1fb":205,"a20e529c":205,"1ae76fcc":205,"35b161d3":205,"344cd1a3":205,"77ea1236":205,"96d2a118":205,"23a0e41f":205,"590ce3d3":205,"1802d7ce":205,"0a49914b":205,"5d3f5cad":205,"cf347cba":205,"fc0c23f7":205,"641f9b9e":205,"c92edec5":205,"9f03c1e7":205,"06c24a8d":205,"2f35e75f":205,"3eddf7c8":205,"77970f8b":205,"efd594d5":205,"4718294d":205,"5352cf45":205,"e0ffe8ff":205,"ae14d6b5":205,"721f5f42":205,"0b50bca6":205,"bf2ca266":205,"5d8d9641":205,"0de67c6c":205,"2311399f":205,"5e3ebf5e":205,"9f6ca218":205,"6213799d":205,"5b09e53e":205,"da5bb0f7":205,"6d925c84":205,"50b23ab2":205,"edfa56d4":205,"899c16eb":205,"41c76041":205,"6bb1fa99":205,"d73ff72e":205,"61c0ca91":205,"d2fda7be":205,"ce20ca3c":205,"1d2d958b":205,"81fb6a01":205,"b32a1080":205,"a2c4b591":205,"6dfa57be":205,"1854ce44":205,"f92b22f1":205,"ece12664":205,"36f4ecde":205,"568a0d58":205,"5fd569d2":205,"10c8fd03":205,"bd4ccb49":205,"e773d697":205,"7e8c11e7":205,"077eb15a":205,"5337c279":205,"8d256cb6":205,"7021c619":205,"32ae00db":205,"bf2defb2":205,"bc733a28":205,"30d32d34":205,"886c16d3":205,"e8d09b62":205,"7f5b27c8":205,"fb3444d9":205,"f05de640":205,"86a68967":205,"56cd4dca":205,"7f469f4c":205,"f92dedfc":205,"355d1489":205,"44cb1fd2":205,"baf19c25":205,"24a79a6e":205,"edde30af":205,"4d949e11":205,"df12f689":205,"1da10cbf":205,"832c48e4":205,"dc90a44c":205,"1ad7c45b":205,"5566c17c":205,"86a22252":205,"0000dece":205,"ce5efdbe":205,"58ace2b5":205,"d379fd96":205,"7b819458":205,"7f8024cd":205,"ae562513":205,"7b66dacd":205,"9ab137d7":205,"7191d1cd":205,"005354dd":205,"f96fc1af":205,"06713bac":205,"61aca924":205,"d97fb857":205,"59ff5ec6":205,"ef04e64e":205,"6e2d04de":205,"2fca1798":205,"05028839":205,"5488826c":205,"84fff5c1":205,"c649992d":205,"d5ad3ed6":205,"8e5f7187":205,"55ba7579":205,"b7769ca6":205,"9c27de51":205,"38a75b48":205,"1792bfa3":205,"426f1904":205,"7c0f1ca9":205,"b2f820ac":205,"25d4f65d":205,"eddb6a2a":205,"ff8a00aa":205,"c146560b":205,"985068e7":205,"d543ba6f":205,"3b3569f6":205,"b01ab62a":205,"76da16fa":205,"bffee581":205,"07150038":205,"080fa362":205,"7b6945ad":205,"a40d08e1":205,"cec79bc2":205,"d2eff358":205,"e70aebb5":205,"a488b2f1":205,"4caa87d6":205,"f7076e21":205,"69e653b6":205,"98d2991b":205,"3b411d6a":205,"83826ef3":205,"595609d5":205,"b47f1b89":205,"8e6caf71":205,"9a3433b8":205,"b89112cb":205,"66736d5e":205,"30de89a7":205,"06aaa33f":205,"320c65bf":205,"1fa1e7c2":205,"646af2b9":205,"659389ad":205,"240c8679":205,"0718c3be":205,"8b503f7b":205,"87a8523c":205,"c416baa6":205,"ae350a07":205,"680a32a6":205,"83ba647d":205,"cb0bd6b7":205,"8e426e39":205,"51909df8":205,"e22b0973":205,"23646ff9":205,"3abb827b":205,"0c73c293":205,"88929b06":205,"08c4692e":205,"5b2479ef":205,"1d882c36":205,"eb62e8f2":205,"f1e86522":205,"fa03f48f":205,"5298dafa":205,"25f7f918":205,"c5311ebb":205,"105bb3f6":205,"58de5462":205,"f01c896d":205,"1f2670d0":205,"962c9c8f":205,"aec0bf28":205,"808bc372":205,"c792a7c1":205,"a017a323":205,"8801c469":205,"5a7da061":205,"06a94514":205,"b6281f1a":205,"48c6df81":205,"73c420df":205,"5e165f43":205,"0700da70":205,"ff591765":205,"f8785b71":205,"93f12198":205,"ab4a411a":205,"d7a4b24c":205,"62e270e5":205,"66b1b6d7":205,"686d5c0b":205,"f15eb1c5":205,"b062adc4":205,"4aae5133":205,"71789493":205,"63a3af32":205,"5ac72353":205,"3fec4b0b":205,"d1b14d06":205,"faa3de3e":205,"f6c074a7":205,"ffd6849d":205,"44983d13":205,"962fca02":205,"80999122":205,"75968179":205,"72af9198":205,"e39e9552":205,"bc8bdc23":205,"a71f3f70":205,"81c1b70d":205,"e72f0f82":205,"1f7aa83c":205,"732d62ee":205,"88374b72":205,"d4b0751c":205,"fdfaf1ed":205,"ea981bed":205,"5b01444b":205,"5e197575":205,"79995b62":205,"97160db8":205,"e587c4d0":205,"589f0d6e":205,"525b2635":205,"51b4016a":205,"caa38a45":205,"46bf9112":205,"a9987a58":205,"b6b8e5c7":205,"092ad3d6":205,"bf940089":205,"e82177d3":205,"01f34f98":205,"89914b94":205,"04bdf5e1":205,"1670b0d3":205,"ec97d63e":205,"da8b42be":205,"94208a41":205,"3b0576bf":205,"9458934f":205,"2cbcad17":205,"1dcc489c":205,"4dccb5ca":205,"83268abf":205,"945badf3":205,"1327775b":205,"578c4c95":205,"bdd40125":205,"c606b472":205,"75fd47f7":205,"1c52a07e":205,"e70ccc25":205,"afd1494f":205,"9666b973":205,"653b27c7":205,"83b37fd6":205,"4d852788":205,"e43a9448":205,"3542b748":205,"379c53ab":205,"e396d80d":205,"7da61f27":205,"dc874a97":205,"85a220de":205,"40a7cdd2":205,"ac033c7b":205,"87759976":205,"4df3f62e":205,"c881a53e":205,"80c1c8b1":205,"cf52acd8":205,"a63cb4ce":205,"d3b3492b":205,"7580cfa4":205,"22a96386":205,"5c672b50":205,"ca6bffd3":205,"829c44a4":205,"e76e2617":205,"2b4fd52e":205,"57162572":205,"d1d50cfe":205,"5df16440":205,"b666e56d":205,"8db378ff":205,"784d6375":205,"4541bf85":205,"a6b13f20":205,"2459c882":205,"3df97186":205,"ef0490de":205,"e0f47ced":205,"309bbf54":205,"cc537772":205,"6618390c":205,"272e7d0d":205,"f92596ee":205,"68831ea9":205,"9713d076":205,"fd098272":205,"6ee788a7":205,"8249641d":205,"45b0968f":205,"6a9bb182":205,"1f1afd4f":205,"99cc0813":205,"dc32c4e1":205,"239c636e":205,"6ee160ff":205,"c55d40ca":205,"22c177a8":205,"00ae883f":205,"f416ee62":205,"0d2b182d":205,"320754c3":205,"232b2f64":205,"3171b6e7":205,"3b25460f":205,"d2064756":205
1601327313723,"25fb8826":205,"0dc5da58":205,"2874a625":205,"e61ae828":205,"f7ac3883":205,"ccd01528":205,"dab8cf68":205,"00f2a9cb":205,"916fe082":205,"b64dba8e":205,"c3bb30ce":205,"86219c70":205,"601990d8":205,"5c662c19":205,"d2a5d2fd":205,"89d220c2":205,"3e10c9cb":205,"5500a3e8":205,"3c0e87ac":205,"a891461f":205,"a246cdab":205,"117c7f0b":205,"0d21cf99":205,"14e6fe14":205,"37ec5e73":205,"bfff7913":205,"f8636899":205,"37724339":205,"d45d9727":205,"ee5ff2a3":205,"44322dfd":205,"295e4d1d":205,"8cf6570a":205,"403064a0":205,"312af46e":205,"b5a9f8c3":205,"f7ffcbb8":205,"5728f934":205,"00b26865":205,"c333337d":205,"fcbc0ae8":205,"2ff6b6a8":205,"66a71cc1":205,"bf4b58e4":205,"815c56bc":205,"5bd61a68":205,"8582c5cf":205,"0c353665":205,"231e8700":205,"1f9fbd85":205,"43f24679":205,"a1c0dfc4":205,"78f71162":205,"4b27a9a4":205,"163f4d19":205,"1d043d5a":205,"b2f82e06":205,"5b0b43e6":205,"b5474d69":205,"5a938eeb":205,"4fe0dedf":205,"951fc6d0":205,"61892a4c":205,"f096219e":205,"a3f0a6ec":205,"01051f84":205,"aa7e370d":205,"f995eeab":205,"4006e709":205,"0dedf63e":205,"a9d5374b":205,"4321f02d":205,"089b3f8f":205,"7698d0dc":205,"784414ce":205,"2df3efdb":205,"d0f1b7bd":205,"e7799883":205,"a8edfe84":205,"2ed19b1e":205,"959e16ea":205,"02f76c64":205,"5c6d1f33":205,"b4801cae":205,"c3c2fd05":205,"f8c97147":205,"c2526ff3":205,"cc386067":205,"a22ffd8f":205,"3cd28a4d":205,"44a12c31":205,"45a961ca":205,"5ca978fd":205,"668e601b":205,"7552d86c":205,"02ebf3b6":205,"bb17a968":205,"4abcb85d":205,"cba26072":205,"4f9456cf":205,"6e260ee8":205,"f4f84279":205,"b0950de5":205,"6f873999":205,"1f4e0e22":205,"60d69311":205,"dfe4a061":205,"3b09f1de":205,"b371f44a":205,"c2bf7d51":205,"781afef6":205,"8b6180ff":205,"de9229a0":205,"8819ac24":205,"dbbf7f69":205,"99a5feef":205,"f6266388":205,"e64fd39c":205,"e1b3ce36":205,"625fa164":205,"0c6ae551":205,"e8f4c1dd":205,"cede8b8c":205,"ad95ff4a":205,"893a99c5":205,"d8bf32b5":205,"0eb42efe":205,"03c4ab87":205,"4e3d3af7":205,"3a4803a8":205,"f7a7de5d":205,"d4e56c3e":205,"0c045c2d":205,"8efd4801":205,"7eb8f268":205,"2a718dcc":205,"c6a9a8e1":205,"88854fd0":205,"8dc27d2a":205,"41d7f05d":205,"2b851827":205,"9f428a03":205,"4d504d96":205,"0533ece1":205,"bcee2ef3":205,"0afba00c":205,"04ff8100":205,"6c00d8d6":205,"ac9a02bc":205,"acfe69ed":205,"426603ff":205,"2db2f252":205,"2e84193b":205,"c55683c9":205,"51233daf":205,"02791635":205,"be081247":205,"5cc47d1b":205,"678b846f":205,"b4bd39d8":205,"b4cdbe5d":205,"fa0386f3":205,"b95d0f17":205,"cee9c347":205,"20236d3e":205,"36ae8cd8":205,"3ddd5391":205,"07f69c6d":205,"2254f0f5":205,"ea282e84":205,"6653c83b":205,"c896052c":205,"287ecd1c":205,"f9376d3e":205,"07a94e8c":205,"bb017b49":205,"37b52fe4":205,"61ad1519":205,"819c4185":205,"ba69b06b":205,"7d2a2cb4":205,"4f62491c":205,"70b4c438":205,"71ed93db":205,"c92efaa8":205,"c241ac7e":205,"62a45672":205,"210e507a":205,"ac6e268b":205,"742238e8":205
1601327314153,"7800e7ce":206,"77869ff0":206,"4b8f7b16":206,"89f75690":206,"cb363e2f":206,"cd802f02":206,"d3cca7eb":206,"e866a899":206,"5690e712":206,"0b92d2a9":206,"070bed95":206,"67e5d108":206,"3d37b94b":206,"842c97c2":206,"c4cef92b":206,"0eecdc5b":206,"b7e495ea":206,"45ec63c0":206,"0ddfde2c":206,"a8b41774":206,"81f0da2d":206,"1fcc8ba4":206,"75a9c117":206,"12ba54ec":206,"be391c1a":206,"37d8a5b7":206,"d5ab81c4":206,"2ecde685":206,"f0bd52d3":206,"dcc20f76":206,"666a8ef0":206,"c5b609f1":206,"4dc5849a":206,"d5d94481":206,"ffe48500":206,"d605c755":206,"8a8c1d67":206,"cc6b3306":206,"8c2dfd9a":206,"f11267b9":206,"a483b15e":206,"f80ab49d":206,"95eaed39":206,"a5ba0ebb":206,"f53362a9":206,"1901ef7e":206,"960c2e6b":206,"3515e999":206,"d11f8f1b":206,"9d9eb027":206,"325f9a29":206,"503aafe5":206,"c7a45a33":206,"faffe099":206,"e99490cd":206,"3b830769":206,"583f0305":206,"1557c50a":206,"249e80ab":206,"f52a3d94":206,"eb74d3dd":206,"3bcbc28d":206,"3c0455e7":206,"df203c79":206,"df1e1ac0":206,"491708eb":206,"e421caaa":206,"2d2ecf27":206,"d38a4953":206,"eba5efdd":206,"a5463f93":206,"c85ac4f8":206,"bc253f4f":206,"0d9d2bf8":206,"846b7f11":206,"d3411467":206,"1df0ce7f":206,"a08171d0":206,"c8bc5677":206,"dfca0518":206,"b9a21017":206,"e47705d3":206,"3cae4115":206,"0ccf4731":206,"c7c6782d":206,"54346574":206,"b12cbf87":206,"81942d9b":206,"699b90c1":206,"d9b5a7a8":206,"1e7914d2":206,"e5d8fdb2":206,"3412ab75":206,"bcac5daf":206,"62d028cc":206,"0af2cf39":206,"27491297":206,"d041ea86":206,"1eda11b2":206,"fc442678":206,"080d5d42":206,"5d03f5dc":206,"f0a01341":206,"1ee4d9f9":206,"0d6e45e7":206,"0da97151":206,"e829038c":206,"4987cfb5":206,"ba90687c":206,"77f2cf92":206,"037e2be4":206,"9e7dbd20":206,"0c086273":206,"ac13c3b0":206,"b4d9c57f":206,"5d53c964":206,"8ee9cc91":206,"4cc0af91":206,"18c73816":206,"e491161e":206,"b5087677":206,"16f60bed":206,"cb0c3481":206,"7664512c":206,"df9a53b8":206,"f6c27b2b":206,"945f6c24":206,"f1daea7e":206,"b8fb90e3":206,"56227e35":206,"0d6bf22a":206,"b87321d0":206,"43205b5d":206,"8982905a":206,"f6fe1ad7":206,"230064fa":206,"764e0abb":206,"bba6d88e":206,"ea3479ec":206,"32266fa3":206,"50b090c3":206,"8be24763":206,"eb4800b2":206,"6e0ce9dc":206,"55f6a2ba":206,"9559ea96":206,"9cb044bf":206,"16b25add":206,"80ee333e":206,"3b329af2":206,"1cd662bf":206,"72992b35":206,"47589344":206,"593b1533":206,"e9f6e5ce":206,"ed6bead5":206,"96f594b9":206,"94dfcfc5":206,"8301986e":206,"830ecfec":206,"a8bae791":206,"312009ee":206,"c98759fd":206,"e8b6d676":206,"45ee5840":206,"76f04033":206,"43480b19":206,"fd955858":206,"69798d15":206,"efea71fa":206,"fb3aa867":206,"c9cf710b":206,"fcacdeb3":206,"0ea055ed":206,"e3b1bdf8":206,"644b45fb":206,"87d9bec4":206,"e30dfa0c":206,"6da34174":206,"bfb849fa":206,"0a10b423":206,"9ef7cee7":206,"49f1a0d1":206,"5f04aa76":206,"ba297382":206,"0287db2a":206,"96abe4a9":206,"753b10b1":206,"cf14bd99":206,"782022f4":206,"322e833f":206,"ab3619e4":206,"106006ad":206,"c8237be9":206,"1416e8f5":206,"dde2eed5":206,"a208caa8":206,"16605353":206,"77b39e15":206,"f1726edb":206,"92b72493":206,"d3e58903":206,"4481c4be":206,"7954891b":206,"4afd60a9":206,"d44c0ea3":206,"68f87858":206,"533bac6b":206,"41634dba":206,"43fd1327":206,"113e7f4b":206,"8cce569a":206,"ce6401b6":206,"6f57824c":206,"28bd7aa1":206,"1d52fb0d":206,"cde0d748":206,"535ed444":206,"710f0d0e":206,"0905f1fb":206,"a20e529c":206,"1ae76fcc":206,"35b161d3":206,"344cd1a3":206,"77ea1236":206,"96d2a118":206,"23a0e41f":206,"b32a1080":206,"a2c4b591":206,"6dfa57be":206,"1854ce44":206,"f92b22f1":206,"ece12664":206,"36f4ecde":206,"568a0d58":206,"5fd569d2":206,"10c8fd03":206,"bd4ccb49":206,"e773d697":206,"7e8c11e7":206,"077eb15a":206,"5337c279":206,"8d256cb6":206,"7021c619":206,"32ae00db":206,"bf2defb2":206,"bc733a28":206,"30d32d34":206,"886c16d3":206,"e8d09b62":206,"590ce3d3":206,"1802d7ce":206,"0a49914b":206,"5d3f5cad":206,"cf347cba":206,"fc0c23f7":206,"641f9b9e":206,"c92edec5":206,"9f03c1e7":206,"06c24a8d":206,"2f35e75f":206,"3eddf7c8":206,"77970f8b":206,"efd594d5":206,"4718294d":206,"5352cf45":206,"e0ffe8ff":206,"ae14d6b5":206,"721f5f42":206,"0b50bca6":206,"bf2ca266":206,"5d8d9641":206,"0de67c6c":206,"2311399f":206,"5e3ebf5e":206,"9f6ca218":206,"6213799d":206,"44cb1fd2":206,"baf19c25":206,"24a79a6e":206,"edde30af":206,"4d949e11":206,"df12f689":206,"1da10cbf":206,"832c48e4":206,"dc90a44c":206,"1ad7c45b":206,"5566c17c":206,"86a22252":206,"0000dece":206,"ce5efdbe":206,"58ace2b5":206,"d379fd96":206,"7b819458":206,"7f8024cd":206,"ae562513":206,"7b66dacd":206,"9ab137d7":206,"7191d1cd":206,"005354dd":206
1601327314785,"5b09e53e":206,"da5bb0f7":206,"6d925c84":206,"50b23ab2":206,"edfa56d4":206,"899c16eb":206,"41c76041":206,"6bb1fa99":206,"d73ff72e":206,"61c0ca91":206,"d2fda7be":206,"ce20ca3c":206,"1d2d958b":206,"81fb6a01":206,"7f5b27c8":206,"fb3444d9":206,"f05de640":206,"86a68967":206,"56cd4dca":206,"7f469f4c":206,"f92dedfc":206,"355d1489":206,"f96fc1af":206,"06713bac":206,"61aca924":206,"d97fb857":206,"59ff5ec6":206,"ef04e64e":206,"6e2d04de":206,"2fca1798":206,"05028839":206,"5488826c":206,"84fff5c1":206,"c649992d":206,"d5ad3ed6":206,"8e5f7187":206,"55ba7579":206,"b7769ca6":206,"9c27de51":206,"38a75b48":206,"1792bfa3":206,"426f1904":206,"7c0f1ca9":206,"b2f820ac":206,"25d4f65d":206,"3b3569f6":206,"b01ab62a":206,"76da16fa":206,"bffee581":206,"07150038":206,"080fa362":206,"7b6945ad":206,"a40d08e1":206,"cec79bc2":206,"d2eff358":206,"e70aebb5":206,"a488b2f1":206,"4caa87d6":206,"f7076e21":206,"69e653b6":206,"98d2991b":206,"3b411d6a":206,"83826ef3":206,"595609d5":206,"b47f1b89":206,"8e6caf71":206,"9a3433b8":206,"b89112cb":206,"66736d5e":206,"30de89a7":206,"06aaa33f":206,"320c65bf":206,"1fa1e7c2":206,"646af2b9":206,"659389ad":206,"240c8679":206,"0718c3be":206,"8b503f7b":206,"87a8523c":206,"c416baa6":206,"eddb6a2a":206,"ff8a00aa":206,"c146560b":206,"985068e7":206,"d543ba6f":206,"ae350a07":206,"680a32a6":206,"83ba647d":206,"cb0bd6b7":206,"8e426e39":206,"51909df8":206,"e22b0973":206,"23646ff9":206,"3abb827b":206,"0c73c293":206,"88929b06":206,"08c4692e":206,"5b2479ef":206,"1d882c36":206,"eb62e8f2":206,"f1e86522":206,"fa03f48f":206,"5298dafa":206,"25f7f918":206,"c5311ebb":206,"105bb3f6":206,"58de5462":206,"f01c896d":206,"1f2670d0":206,"962c9c8f":206,"aec0bf28":206,"a017a323":206,"8801c469":206,"b6281f1a":206,"48c6df81":206,"808bc372":206,"5e165f43":206,"c792a7c1":206,"f8785b71":206,"5a7da061":206,"06a94514":206,"ab4a411a":206,"73c420df":206,"d7a4b24c":206,"686d5c0b":206,"0700da70":206,"ff591765":206,"f15eb1c5":206,"71789493":206,"93f12198":206,"5ac72353":206,"62e270e5":206,"66b1b6d7":206,"d1b14d06":206,"f6c074a7":206,"b062adc4":206,"ffd6849d":206,"4aae5133":206,"962fca02":206,"63a3af32":206,"75968179":206,"3fec4b0b":206,"faa3de3e":206,"bc8bdc23":206,"44983d13":206,"a71f3f70":206,"1f7aa83c":206,"80999122":206,"72af9198":206,"732d62ee":206,"d4b0751c":206,"e39e9552":206,"5b01444b":206,"81c1b70d":206,"e72f0f82":206,"79995b62":206,"272e7d0d":206,"f92596ee":206,"68831ea9":206,"9713d076":206,"fd098272":206,"6ee788a7":206,"8249641d":206,"45b0968f":206,"6a9bb182":206,"1f1afd4f":206,"25fb8826":206,"0dc5da58":206,"2874a625":206,"e61ae828":206,"f7ac3883":206,"ccd01528":206,"dab8cf68":206,"00f2a9cb":206,"97160db8":206,"88374b72":206,"fdfaf1ed":206,"589f0d6e":206,"ea981bed":206,"51b4016a":206,"5e197575":206,"46bf9112":206,"092ad3d6":206,"e587c4d0":206,"bf940089":206,"525b2635":206,"01f34f98":206,"caa38a45":206,"a9987a58":206,"1670b0d3":206,"ec97d63e":206,"b6b8e5c7":206,"94208a41":206,"e82177d3":206,"2cbcad17":206,"89914b94":206,"4dccb5ca":206,"04bdf5e1":206,"da8b42be":206,"83268abf":206,"3b0576bf":206,"578c4c95":206,"c606b472":206,"9458934f":206,"1dcc489c":206,"945badf3":206,"1327775b":206,"bdd40125":206,"75fd47f7":206,"1c52a07e":206,"e70ccc25":206,"afd1494f":206,"ca6bffd3":206,"829c44a4":206,"e76e2617":206,"2b4fd52e":206,"57162572":206,"d1d50cfe":206,"9666b973":206,"653b27c7":206,"83b37fd6":206,"4d852788":206,"e43a9448":206,"3542b748":206,"379c53ab":206,"e396d80d":206,"7da61f27":206,"dc874a97":206,"85a220de":206,"40a7cdd2":206,"ac033c7b":206,"87759976":206,"4df3f62e":206,"c881a53e":206,"80c1c8b1":206,"cf52acd8":206,"a63cb4ce":206,"d3b3492b":206,"7580cfa4":206,"22a96386":206,"5c672b50":206,"5df16440":206,"b666e56d":206,"8db378ff":206,"784d6375":206,"4541bf85":206,"a6b13f20":206,"2459c882":206,"916fe082":206,"b64dba8e":206,"c3bb30ce":206,"86219c70":206,"601990d8":206,"5c662c19":206,"d2a5d2fd":206,"89d220c2":206,"3e10c9cb":206,"5500a3e8":206,"3c0e87ac":206,"a891461f":206,"a246cdab":206,"117c7f0b":206,"0d21cf99":206,"14e6fe14":206,"37ec5e73":206,"bfff7913":206,"f8636899":206,"37724339":206,"d45d9727":206,"ee5ff2a3":206,"44322dfd":206,"295e4d1d":206,"8cf6570a":206,"403064a0":206,"312af46e":206,"b5a9f8c3":206,"fcbc0ae8":206,"2ff6b6a8":206,"66a71cc1":206,"bf4b58e4":206,"f7ffcbb8":206,"5728f934":206,"00b26865":206,"c333337d":206,"815c56bc":206,"5bd61a68":206,"8582c5cf":206,"0c353665":206,"3df97186":206,"ef0490de":206,"e0f47ced":206,"309bbf54":206,"cc537772":206,"6618390c":206,"99cc0813":206,"dc32c4e1":206,"239c636e":206,"6ee160ff":206,"c55d40ca":206,"22c177a8":206,"00ae883f":206,"f416ee62":206,"0d2b182d":206,"320754c3":206,"232b2f64":206,"3171b6e7":206,"3b25460f":206,"d2064756":206,"231e8700":206,"1f9fbd85":206,"43f24679":206,"a1c0dfc4":206,"78f71162":206,"4b27a9a4":206,"163f4d19":206,"1d043d5a":206,"b2f82e06":206,"5b0b43e6":206,"b5474d69":206,"5a938eeb":206,"4fe0dedf":206,"951fc6d0":206,"61892a4c":206,"f096219e":206,"a3f0a6ec":206,"01051f84":206,"aa7e370d":206,"f995eeab":206,"4006e709":206,"0dedf63e":206,"a9d5374b":206,"4321f02d":206,"089b3f8f":206,"7698d0dc":206,"784414ce":206,"2df3efdb":206,"d0f1b7bd":206,"e7799883":206,"4f9456cf":206,"6e260ee8":206,"f4f84279":206,"a8edfe84":206,"2ed19b1e":206,"959e16ea":206,"02f76c64":206,"5c6d1f33":206,"b4801cae":206,"c3c2fd05":206,"f8c97147":206,"c2526ff3":206,"cc386067":206,"a22ffd8f":206,"3cd28a4d":206,"44a12c31":206,"45a961ca":206,"5ca978fd":206,"668e601b":206,"b0950de5":206,"6f873999":206,"1f4e0e22":206,"60d69311":206,"dfe4a061":206,"3b09f1de":206,"b371f44a":206,"c2bf7d51":206,"8b6180ff":206,"781afef6":206,"de9229a0":206,"8819ac24":206,"99a5feef":206,"dbbf7f69":206,"f6266388":206,"e64fd39c":206,"e1b3ce36":206,"625fa164":206,"0c6ae551":206,"e8f4c1dd":206,"cede8b8c":206,"ad95ff4a":206,"893a99c5":206,"d8bf32b5":206,"0eb42efe":206,"03c4ab87":206,"4e3d3af7":206,"3a4803a8":206,"7552d86c":206,"02ebf3b6":206,"bb17a968":206,"4abcb85d":206,"cba26072":206,"2a718dcc":206,"c6a9a8e1":206,"88854fd0":206,"8dc27d2a":206,"41d7f05d":206,"2b851827":206,"9f428a03":206,"4d504d96":206,"0533ece1":206,"bcee2ef3":206,"0afba00c":206,"04ff8100":206,"6c00d8d6":206,"ac9a02bc":206,"acfe69ed":206,"426603ff":206,"2db2f252":206,"2e84193b":206,"c55683c9":206,"51233daf":206,"02791635":206,"be081247":206,"5cc47d1b":206,"678b846f":206,"b4bd39d8":206,"b4cdbe5d":206,"fa0386f3":206,"b95d0f17":206,"cee9c347":206,"f7a7de5d":206,"d4e56c3e":206,"0c045c2d":206,"8efd4801":206,"7eb8f268":206,"20236d3e":206,"36ae8cd8":206,"3ddd5391":206,"07f69c6d":206,"2254f0f5":206,"ea282e84":206,"6653c83b":206,"c896052c":206,"287ecd1c":206,"f9376d3e":206,"07a94e8c":206,"bb017b49":206,"37b52fe4":206,"61ad1519":206,"819c4185":206,"ba69b06b":206,"7d2a2cb4":206,"4f62491c":206,"70b4c438":206,"71ed93db":206,"c92efaa8":206,"c241ac7e":206,"62a45672":206,"210e507a":206,"ac6e268b":206,"742238e8":206
1601327315201,"d5d94481":207,"ffe48500":207,"c7a45a33":207,"faffe099":207,"e99490cd":207,"7800e7ce":207,"77869ff0":207,"4b8f7b16":207,"89f75690":207,"cb363e2f":207,"cd802f02":207,"d3cca7eb":207,"e866a899":207,"5690e712":207,"0b92d2a9":207,"070bed95":207,"67e5d108":207,"3d37b94b":207,"842c97c2":207,"c4cef92b":207,"0eecdc5b":207,"b7e495ea":207,"45ec63c0":207,"0ddfde2c":207,"a8b41774":207,"81f0da2d":207,"1fcc8ba4":207,"75a9c117":207,"12ba54ec":207,"be391c1a":207,"37d8a5b7":207,"d5ab81c4":207,"2ecde685":207,"f0bd52d3":207,"dcc20f76":207,"666a8ef0":207,"c5b609f1":207,"4dc5849a":207,"d605c755":207,"3b830769":207,"583f0305":207,"1557c50a":207,"249e80ab":207,"f52a3d94":207,"eb74d3dd":207,"3bcbc28d":207,"3c0455e7":207,"df203c79":207,"df1e1ac0":207,"491708eb":207,"e421caaa":207,"2d2ecf27":207,"d38a4953":207,"eba5efdd":207,"a5463f93":207,"c85ac4f8":207,"bc253f4f":207,"0d9d2bf8":207,"846b7f11":207,"d3411467":207,"1df0ce7f":207,"a08171d0":207,"c8bc5677":207,"dfca0518":207,"b9a21017":207,"e47705d3":207,"3cae4115":207,"0ccf4731":207,"c7c6782d":207,"54346574":207,"b12cbf87":207,"81942d9b":207,"699b90c1":207,"d9b5a7a8":207,"1e7914d2":207,"e5d8fdb2":207,"8a8c1d67":207,"cc6b3306":207,"8c2dfd9a":207,"f11267b9":207,"a483b15e":207,"f80ab49d":207,"95eaed39":207,"a5ba0ebb":207,"f53362a9":207,"1901ef7e":207,"960c2e6b":207,"3515e999":207,"d11f8f1b":207,"9d9eb027":207,"325f9a29":207,"503aafe5":207,"3412ab75":207,"bcac5daf":207,"62d028cc":207,"0af2cf39":207,"27491297":207,"d041ea86":207,"1eda11b2":207,"fc442678":207,"080d5d42":207,"5d03f5dc":207,"f0a01341":207,"1ee4d9f9":207,"0d6e45e7":207,"0da97151":207,"e829038c":207,"4987cfb5":207,"ba90687c":207,"77f2cf92":207,"037e2be4":207,"9e7dbd20":207,"0c086273":207,"ac13c3b0":207,"b4d9c57f":207,"5d53c964":207,"8ee9cc91":207,"4cc0af91":207,"55f6a2ba":207,"9559ea96":207,"9cb044bf":207,"16b25add":207,"80ee333e":207,"3b329af2":207,"1cd662bf":207,"72992b35":207,"47589344":207,"593b1533":207,"e9f6e5ce":207,"ed6bead5":207,"96f594b9":207,"94dfcfc5":207,"8301986e":207,"830ecfec":207,"a8bae791":207,"312009ee":207,"c98759fd":207,"e8b6d676":207,"45ee5840":207,"76f04033":207,"43480b19":207,"fd955858":207,"69798d15":207,"efea71fa":207,"fb3aa867":207,"c9cf710b":207,"fcacdeb3":207,"0ea055ed":207,"e3b1bdf8":207,"644b45fb":207,"18c73816":207,"e491161e":207,"b5087677":207,"16f60bed":207,"cb0c3481":207,"7664512c":207,"df9a53b8":207,"f6c27b2b":207,"945f6c24":207,"f1daea7e":207
1601327315782,"b8fb90e3":207,"56227e35":207,"0d6bf22a":207,"b87321d0":207,"43205b5d":207,"8982905a":207,"f6fe1ad7":207,"230064fa":207,"764e0abb":207,"bba6d88e":207,"ea3479ec":207,"32266fa3":207,"50b090c3":207,"8be24763":207,"eb4800b2":207,"6e0ce9dc":207,"87d9bec4":207,"e30dfa0c":207,"6da34174":207,"bfb849fa":207,"0a10b423":207,"9ef7cee7":207,"49f1a0d1":207,"5f04aa76":207,"ba297382":207,"0287db2a":207,"96abe4a9":207,"753b10b1":207,"cf14bd99":207,"782022f4":207,"322e833f":207,"ab3619e4":207,"106006ad":207,"c8237be9":207,"1416e8f5":207,"dde2eed5":207,"a208caa8":207,"16605353":207,"77b39e15":207,"f1726edb":207,"590ce3d3":207,"1802d7ce":207,"0a49914b":207,"5d3f5cad":207,"cf347cba":207,"fc0c23f7":207,"641f9b9e":207,"c92edec5":207,"9f03c1e7":207,"06c24a8d":207,"2f35e75f":207,"3eddf7c8":207,"77970f8b":207,"efd594d5":207,"4718294d":207,"5352cf45":207,"e0ffe8ff":207,"ae14d6b5":207,"721f5f42":207,"0b50bca6":207,"bf2ca266":207,"5d8d9641":207,"0de67c6c":207,"2311399f":207,"5e3ebf5e":207,"9f6ca218":207,"6213799d":207,"44cb1fd2":207,"baf19c25":207,"24a79a6e":207,"edde30af":207,"4d949e11":207,"df12f689":207,"1da10cbf":207,"832c48e4":207,"dc90a44c":207,"1ad7c45b":207,"5566c17c":207,"86a22252":207,"0000dece":207,"ce5efdbe":207,"92b72493":207,"d3e58903":207,"4481c4be":207,"7954891b":207,"4afd60a9":207,"d44c0ea3":207,"68f87858":207,"533bac6b":207,"41634dba":207,"43fd1327":207,"113e7f4b":207,"8cce569a":207,"ce6401b6":207,"6f57824c":207,"28bd7aa1":207,"1d52fb0d":207,"cde0d748":207,"535ed444":207,"710f0d0e":207,"0905f1fb":207,"a20e529c":207,"1ae76fcc":207,"35b161d3":207,"344cd1a3":207,"77ea1236":207,"96d2a118":207,"23a0e41f":207,"b32a1080":207,"a2c4b591":207,"6dfa57be":207,"1854ce44":207,"f92b22f1":207,"58ace2b5":207,"d379fd96":207,"7b819458":207,"7f8024cd":207,"ae562513":207,"7b66dacd":207,"9ab137d7":207,"7191d1cd":207,"005354dd":207,"ece12664":207,"36f4ecde":207,"568a0d58":207,"5fd569d2":207,"10c8fd03":207,"bd4ccb49":207,"e773d697":207,"7e8c11e7":207,"077eb15a":207,"5337c279":207,"8d256cb6":207,"7021c619":207,"32ae00db":207,"bf2defb2":207,"bc733a28":207,"30d32d34":207,"886c16d3":207,"e8d09b62":207,"5b09e53e":207,"da5bb0f7":207,"6d925c84":207,"50b23ab2":207,"edfa56d4":207,"899c16eb":207,"41c76041":207,"6bb1fa99":207,"d73ff72e":207,"61c0ca91":207,"d2fda7be":207,"ce20ca3c":207,"1d2d958b":207,"81fb6a01":207,"7f5b27c8":207,"fb3444d9":207,"f05de640":207,"86a68967":207,"3b3569f6":207,"56cd4dca":207,"7f469f4c":207,"f92dedfc":207,"355d1489":207,"f96fc1af":207,"06713bac":207,"61aca924":207,"d97fb857":207,"59ff5ec6":207,"ef04e64e":207,"6e2d04de":207,"2fca1798":207,"05028839":207,"5488826c":207,"84fff5c1":207,"c649992d":207,"d5ad3ed6":207,"8e5f7187":207,"55ba7579":207,"b7769ca6":207,"9c27de51":207,"38a75b48":207,"1792bfa3":207,"426f1904":207,"7c0f1ca9":207,"b2f820ac":207,"25d4f65d":207,"eddb6a2a":207,"ff8a00aa":207,"c146560b":207,"985068e7":207,"d543ba6f":207,"b01ab62a":207,"76da16fa":207,"bffee581":207,"07150038":207,"080fa362":207,"7b6945ad":207,"a40d08e1":207,"cec79bc2":207,"d2eff358":207,"e70aebb5":207,"a488b2f1":207,"4caa87d6":207,"f7076e21":207,"69e653b6":207,"98d2991b":207,"3b411d6a":207,"83826ef3":207,"595609d5":207,"b47f1b89":207,"8e6caf71":207,"9a3433b8":207,"b89112cb":207,"66736d5e":207,"30de89a7":207,"06aaa33f":207,"320c65bf":207,"1fa1e7c2":207,"646af2b9":207,"659389ad":207,"240c8679":207,"0718c3be":207,"8b503f7b":207,"87a8523c":207,"c416baa6":207,"ae350a07":207,"680a32a6":207,"83ba647d":207,"cb0bd6b7":207,"8e426e39":207,"51909df8":207,"e22b0973":207,"23646ff9":207,"3abb827b":207,"0c73c293":207,"88929b06":207,"08c4692e":207,"5b2479ef":207,"1d882c36":207,"eb62e8f2":207,"f1e86522":207,"fa03f48f":207,"5298dafa":207,"25f7f918":207,"c5311ebb":207,"105bb3f6":207,"58de5462":207,"f01c896d":207,"1f2670d0":207,"962c9c8f":207,"aec0bf28":207,"a017a323":207,"8801c469":207,"b6281f1a":207,"48c6df81":207,"5e165f43":207,"808bc372":207,"f8785b71":207,"c792a7c1":207,"5a7da061":207,"ab4a411a":207,"d7a4b24c":207,"06a94514":207,"686d5c0b":207,"73c420df":207,"f15eb1c5":207,"0700da70":207,"ff591765":207,"71789493":207,"5ac72353":207,"93f12198":207,"62e270e5":207,"d1b14d06":207,"66b1b6d7":207,"f6c074a7":207,"ffd6849d":207,"b062adc4":207,"962fca02":207,"4aae5133":207,"75968179":207,"63a3af32":207,"3fec4b0b":207,"bc8bdc23":207,"a71f3f70":207,"faa3de3e":207,"44983d13":207,"1f7aa83c":207,"80999122":207,"732d62ee":207,"d4b0751c":207,"72af9198":207,"e39e9552":207,"5b01444b":207,"79995b62":207,"81c1b70d":207,"e72f0f82":207,"97160db8":207,"589f0d6e":207,"88374b72":207,"fdfaf1ed":207,"51b4016a":207,"ea981bed":207,"46bf9112":207,"092ad3d6":207,"5e197575":207,"bf940089":207,"e587c4d0":207,"01f34f98":207,"525b2635":207,"1670b0d3":207,"caa38a45":207,"a9987a58":207,"ec97d63e":207,"94208a41":207,"b6b8e5c7":207,"e82177d3":207,"2cbcad17":207,"4dccb5ca":207,"89914b94":207,"83268abf":207,"04bdf5e1":207,"da8b42be":207,"578c4c95":207,"3b0576bf":207,"c606b472":207,"9458934f":207,"1dcc489c":207,"945badf3":207,"1327775b":207,"bdd40125":207,"75fd47f7":207,"1c52a07e":207,"e70ccc25":207,"afd1494f":207,"ca6bffd3":207,"829c44a4":207,"e76e2617":207,"2b4fd52e":207,"57162572":207,"d1d50cfe":207,"9666b973":207,"653b27c7":207,"83b37fd6":207,"4d852788":207,"e43a9448":207,"272e7d0d":207,"f92596ee":207,"68831ea9":207,"9713d076":207,"fd098272":207,"6ee788a7":207,"8249641d":207,"45b0968f":207,"6a9bb182":207,"1f1afd4f":207,"25fb8826":207,"0dc5da58":207,"2874a625":207,"e61ae828":207,"f7ac3883":207,"ccd01528":207,"dab8cf68":207
1601327316244,"00f2a9cb":207,"916fe082":207,"b64dba8e":207,"c3bb30ce":207,"86219c70":207,"601990d8":207,"5c662c19":207,"d2a5d2fd":207,"89d220c2":207,"3e10c9cb":207,"5500a3e8":207,"3c0e87ac":207,"a891461f":207,"a246cdab":207,"117c7f0b":207,"0d21cf99":207,"14e6fe14":207,"37ec5e73":207,"bfff7913":207,"f8636899":207,"37724339":207,"d45d9727":207,"ee5ff2a3":207,"44322dfd":207,"295e4d1d":207,"8cf6570a":207,"403064a0":207,"312af46e":207,"b5a9f8c3":207,"fcbc0ae8":207,"2ff6b6a8":207,"66a71cc1":207,"bf4b58e4":207,"3542b748":207,"379c53ab":207,"e396d80d":207,"7da61f27":207,"dc874a97":207,"85a220de":207,"40a7cdd2":207,"ac033c7b":207,"87759976":207,"4df3f62e":207,"c881a53e":207,"80c1c8b1":207,"cf52acd8":207,"a63cb4ce":207,"d3b3492b":207,"7580cfa4":207,"22a96386":207,"5c672b50":207,"5df16440":207,"b666e56d":207,"8db378ff":207,"784d6375":207,"4541bf85":207,"a6b13f20":207,"2459c882":207,"3df97186":207,"ef0490de":207,"e0f47ced":207,"309bbf54":207,"cc537772":207,"6618390c":207,"99cc0813":207,"dc32c4e1":207,"239c636e":207,"6ee160ff":207,"c55d40ca":207,"f7ffcbb8":207,"5728f934":207,"00b26865":207,"c333337d":207,"815c56bc":207,"5bd61a68":207,"8582c5cf":207,"0c353665":207,"231e8700":207,"1f9fbd85":207,"43f24679":207,"a1c0dfc4":207,"78f71162":207,"4b27a9a4":207,"163f4d19":207,"22c177a8":207,"00ae883f":207,"f416ee62":207,"0d2b182d":207,"320754c3":207,"232b2f64":207,"3171b6e7":207,"3b25460f":207,"d2064756":207,"1d043d5a":207,"b2f82e06":207,"5b0b43e6":207,"b5474d69":207,"5a938eeb":207,"4fe0dedf":207,"951fc6d0":207,"61892a4c":207,"f096219e":207,"a3f0a6ec":207,"01051f84":207,"aa7e370d":207,"f995eeab":207,"4006e709":207,"0dedf63e":207,"a9d5374b":207,"4321f02d":207,"089b3f8f":207,"7698d0dc":207,"784414ce":207,"2df3efdb":207,"d0f1b7bd":207,"e7799883":207,"4f9456cf":207,"6e260ee8":207,"f4f84279":207,"b0950de5":207,"6f873999":207,"1f4e0e22":207,"60d69311":207,"3b09f1de":207,"b371f44a":207,"8b6180ff":207,"8819ac24":207,"dbbf7f69":207,"a8edfe84":207,"2ed19b1e":207,"959e16ea":207,"02f76c64":207,"5c6d1f33":207,"b4801cae":207,"c3c2fd05":207,"f8c97147":207,"c2526ff3":207,"cc386067":207,"a22ffd8f":207,"3cd28a4d":207,"44a12c31":207,"45a961ca":207,"5ca978fd":207,"668e601b":207,"7552d86c":207,"02ebf3b6":207,"bb17a968":207,"4abcb85d":207,"cba26072":207,"2a718dcc":207,"c6a9a8e1":207,"88854fd0":207,"8dc27d2a":207,"41d7f05d":207,"dfe4a061":207,"c2bf7d51":207,"781afef6":207,"de9229a0":207,"99a5feef":207,"f6266388":207,"e64fd39c":207,"e1b3ce36":207,"625fa164":207,"0c6ae551":207,"e8f4c1dd":207,"cede8b8c":207,"ad95ff4a":207,"893a99c5":207,"d8bf32b5":207,"0eb42efe":207,"03c4ab87":207,"4e3d3af7":207,"3a4803a8":207,"f7a7de5d":207,"d4e56c3e":207,"0c045c2d":207,"8efd4801":207,"7eb8f268":207,"20236d3e":207,"36ae8cd8":207,"3ddd5391":207,"2b851827":207,"9f428a03":207,"4d504d96":207,"0533ece1":207,"bcee2ef3":207,"0afba00c":207,"04ff8100":207,"6c00d8d6":207,"ac9a02bc":207,"acfe69ed":207,"426603ff":207,"2db2f252":207,"2e84193b":207,"c55683c9":207,"51233daf":207,"02791635":207,"be081247":207,"5cc47d1b":207,"678b846f":207,"b4bd39d8":207,"b4cdbe5d":207,"fa0386f3":207,"b95d0f17":207,"cee9c347":207,"07f69c6d":207,"2254f0f5":207,"ea282e84":207,"6653c83b":207,"c896052c":207,"287ecd1c":207,"f9376d3e":207,"07a94e8c":207,"bb017b49":207,"37b52fe4":207,"61ad1519":207,"819c4185":207,"ba69b06b":207,"7d2a2cb4":207,"4f62491c":207,"70b4c438":207,"71ed93db":207,"c92efaa8":207,"c241ac7e":207,"62a45672":207,"210e507a":207,"ac6e268b":207,"742238e8":207
1601327316775,"7800e7ce":208,"77869ff0":208,"4b8f7b16":208,"89f75690":208,"cb363e2f":208,"cd802f02":208,"d3cca7eb":208,"e866a899":208,"5690e712":208,"0b92d2a9":208,"070bed95":208,"67e5d108":208,"3d37b94b":208,"842c97c2":208,"c4cef92b":208,"0eecdc5b":208,"b7e495ea":208,"45ec63c0":208,"0ddfde2c":208,"a8b41774":208,"81f0da2d":208,"1fcc8ba4":208,"75a9c117":208,"12ba54ec":208,"be391c1a":208,"37d8a5b7":208,"d5ab81c4":208,"2ecde685":208,"f0bd52d3":208,"dcc20f76":208,"666a8ef0":208,"c5b609f1":208,"4dc5849a":208,"d605c755":208,"8a8c1d67":208,"cc6b3306":208,"8c2dfd9a":208,"f11267b9":208,"a483b15e":208,"f80ab49d":208,"95eaed39":208,"a5ba0ebb":208,"f53362a9":208,"1901ef7e":208,"960c2e6b":208,"3515e999":208,"d11f8f1b":208,"9d9eb027":208,"325f9a29":208,"503aafe5":208,"d5d94481":208,"ffe48500":208,"c7a45a33":208,"faffe099":208,"e99490cd":208,"3b830769":208,"583f0305":208,"1557c50a":208,"080d5d42":208,"5d03f5dc":208,"f0a01341":208,"1ee4d9f9":208,"0d6e45e7":208,"0da97151":208,"e829038c":208,"4987cfb5":208,"ba90687c":208,"77f2cf92":208,"037e2be4":208,"9e7dbd20":208,"0c086273":208,"ac13c3b0":208,"b4d9c57f":208,"5d53c964":208,"8ee9cc91":208,"4cc0af91":208,"55f6a2ba":208,"9559ea96":208,"9cb044bf":208,"16b25add":208,"80ee333e":208,"3b329af2":208,"1cd662bf":208,"72992b35":208,"47589344":208,"593b1533":208,"e9f6e5ce":208,"ed6bead5":208,"96f594b9":208,"94dfcfc5":208,"8301986e":208,"830ecfec":208,"a8bae791":208,"312009ee":208,"c98759fd":208,"e8b6d676":208,"249e80ab":208,"f52a3d94":208,"eb74d3dd":208,"3bcbc28d":208,"3c0455e7":208,"df203c79":208,"df1e1ac0":208,"491708eb":208,"e421caaa":208,"2d2ecf27":208,"d38a4953":208,"eba5efdd":208,"a5463f93":208,"c85ac4f8":208,"bc253f4f":208,"0d9d2bf8":208,"846b7f11":208,"d3411467":208,"1df0ce7f":208,"a08171d0":208,"c8bc5677":208,"dfca0518":208,"b9a21017":208,"e47705d3":208,"3cae4115":208,"0ccf4731":208,"c7c6782d":208,"54346574":208,"b12cbf87":208,"81942d9b":208,"699b90c1":208,"d9b5a7a8":208,"1e7914d2":208,"e5d8fdb2":208,"3412ab75":208,"bcac5daf":208,"62d028cc":208,"0af2cf39":208,"27491297":208,"45ee5840":208,"76f04033":208,"43480b19":208,"fd955858":208,"69798d15":208,"efea71fa":208,"fb3aa867":208,"c9cf710b":208,"fcacdeb3":208,"0ea055ed":208,"e3b1bdf8":208,"644b45fb":208,"d041ea86":208,"1eda11b2":208,"fc442678":208
1601327317128,"18c73816":208,"e491161e":208,"b5087677":208,"16f60bed":208,"cb0c3481":208,"7664512c":208,"df9a53b8":208,"f6c27b2b":208,"945f6c24":208,"f1daea7e":208,"b8fb90e3":208,"56227e35":208,"0d6bf22a":208,"b87321d0":208,"43205b5d":208,"8982905a":208,"f6fe1ad7":208,"230064fa":208,"764e0abb":208,"bba6d88e":208,"ea3479ec":208,"32266fa3":208,"50b090c3":208,"8be24763":208,"eb4800b2":208,"6e0ce9dc":208,"87d9bec4":208,"e30dfa0c":208,"6da34174":208,"bfb849fa":208,"0a10b423":208,"9ef7cee7":208,"49f1a0d1":208,"5f04aa76":208,"ba297382":208,"0287db2a":208,"96abe4a9":208,"753b10b1":208,"cf14bd99":208,"782022f4":208,"322e833f":208,"ab3619e4":208,"106006ad":208,"c8237be9":208,"1416e8f5":208,"dde2eed5":208,"a208caa8":208,"16605353":208,"77b39e15":208,"f1726edb":208,"590ce3d3":208,"1802d7ce":208,"0a49914b":208,"5d3f5cad":208,"cf347cba":208,"fc0c23f7":208,"641f9b9e":208,"c92edec5":208,"9f03c1e7":208,"06c24a8d":208,"2f35e75f":208,"3eddf7c8":208,"77970f8b":208,"efd594d5":208,"4718294d":208,"5352cf45":208,"e0ffe8ff":208,"ae14d6b5":208,"721f5f42":208,"0b50bca6":208,"bf2ca266":208,"5d8d9641":208,"0de67c6c":208,"2311399f":208,"5e3ebf5e":208,"9f6ca218":208,"6213799d":208,"44cb1fd2":208,"baf19c25":208,"24a79a6e":208,"edde30af":208,"4d949e11":208,"df12f689":208,"1da10cbf":208,"832c48e4":208,"dc90a44c":208,"1ad7c45b":208,"5566c17c":208,"86a22252":208,"0000dece":208,"ce5efdbe":208,"58ace2b5":208,"d379fd96":208,"7b819458":208,"7f8024cd":208,"ae562513":208,"7b66dacd":208,"9ab137d7":208,"7191d1cd":208,"005354dd":208,"92b72493":208,"d3e58903":208,"4481c4be":208,"7954891b":208,"4afd60a9":208,"d44c0ea3":208,"68f87858":208,"533bac6b":208,"41634dba":208,"43fd1327":208,"113e7f4b":208,"8cce569a":208,"ce6401b6":208,"6f57824c":208,"28bd7aa1":208,"1d52fb0d":208,"cde0d748":208,"535ed444":208,"710f0d0e":208,"0905f1fb":208,"a20e529c":208,"1ae76fcc":208,"35b161d3":208,"344cd1a3":208,"77ea1236":208,"96d2a118":208,"23a0e41f":208,"b32a1080":208,"a2c4b591":208,"6dfa57be":208,"1854ce44":208,"f92b22f1":208,"ece12664":208,"36f4ecde":208,"568a0d58":208,"5fd569d2":208,"10c8fd03":208,"bd4ccb49":208,"e773d697":208,"7e8c11e7":208,"077eb15a":208,"5337c279":208,"8d256cb6":208,"7021c619":208,"32ae00db":208,"bf2defb2":208,"bc733a28":208,"30d32d34":208,"886c16d3":208,"e8d09b62":208,"5b09e53e":208,"da5bb0f7":208,"6d925c84":208,"50b23ab2":208,"edfa56d4":208,"899c16eb":208,"41c76041":208,"6bb1fa99":208,"d73ff72e":208,"61c0ca91":208,"d2fda7be":208,"ce20ca3c":208,"1d2d958b":208,"81fb6a01":208,"7f5b27c8":208,"fb3444d9":208,"f05de640":208,"86a68967":208,"56cd4dca":208,"7f469f4c":208,"f92dedfc":208,"355d1489":208,"f96fc1af":208
1601327317635,"06713bac":208,"61aca924":208,"d97fb857":208,"59ff5ec6":208,"ef04e64e":208,"6e2d04de":208,"2fca1798":208,"05028839":208,"5488826c":208,"84fff5c1":208,"c649992d":208,"d5ad3ed6":208,"8e5f7187":208,"55ba7579":208,"b7769ca6":208,"9c27de51":208,"38a75b48":208,"1792bfa3":208,"426f1904":208,"7c0f1ca9":208,"b2f820ac":208,"25d4f65d":208,"eddb6a2a":208,"ff8a00aa":208,"c146560b":208,"985068e7":208,"d543ba6f":208,"3b3569f6":208,"b01ab62a":208,"76da16fa":208,"bffee581":208,"07150038":208,"080fa362":208,"7b6945ad":208,"a40d08e1":208,"cec79bc2":208,"d2eff358":208,"e70aebb5":208,"a488b2f1":208,"4caa87d6":208,"f7076e21":208,"69e653b6":208,"98d2991b":208,"3b411d6a":208,"83826ef3":208,"595609d5":208,"b47f1b89":208,"8e6caf71":208,"9a3433b8":208,"b89112cb":208,"66736d5e":208,"30de89a7":208,"06aaa33f":208,"320c65bf":208,"1fa1e7c2":208,"646af2b9":208,"659389ad":208,"240c8679":208,"0718c3be":208,"8b503f7b":208,"87a8523c":208,"c416baa6":208,"ae350a07":208,"680a32a6":208,"83ba647d":208,"cb0bd6b7":208,"8e426e39":208,"51909df8":208,"e22b0973":208,"23646ff9":208,"3abb827b":208,"0c73c293":208,"88929b06":208,"08c4692e":208,"5b2479ef":208,"1d882c36":208,"eb62e8f2":208,"f1e86522":208,"fa03f48f":208,"5298dafa":208,"25f7f918":208,"c5311ebb":208,"105bb3f6":208,"58de5462":208,"f01c896d":208,"1f2670d0":208,"962c9c8f":208,"aec0bf28":208,"a017a323":208,"8801c469":208,"b6281f1a":208,"48c6df81":208,"5e165f43":208,"f8785b71":208,"ab4a411a":208,"d7a4b24c":208,"808bc372":208,"686d5c0b":208,"c792a7c1":208,"f15eb1c5":208,"5a7da061":208,"06a94514":208,"71789493":208,"73c420df":208,"5ac72353":208,"d1b14d06":208,"0700da70":208,"ff591765":208,"f6c074a7":208,"ffd6849d":208,"93f12198":208,"62e270e5":208,"962fca02":208,"66b1b6d7":208,"75968179":208,"bc8bdc23":208,"b062adc4":208,"4aae5133":208,"a71f3f70":208,"63a3af32":208,"1f7aa83c":208,"732d62ee":208,"3fec4b0b":208,"d4b0751c":208,"faa3de3e":208,"44983d13":208,"5b01444b":208,"80999122":208,"79995b62":208,"72af9198":208,"97160db8":208,"e39e9552":208,"589f0d6e":208,"51b4016a":208,"81c1b70d":208,"46bf9112":208,"e72f0f82":208,"88374b72":208,"092ad3d6":208,"bf940089":208,"fdfaf1ed":208,"01f34f98":208,"ea981bed":208,"5e197575":208,"1670b0d3":208,"e587c4d0":208,"ec97d63e":208,"94208a41":208,"525b2635":208,"9666b973":208,"653b27c7":208,"83b37fd6":208,"4d852788":208,"e43a9448":208,"3542b748":208,"379c53ab":208,"e396d80d":208,"caa38a45":208,"2cbcad17":208,"4dccb5ca":208,"a9987a58":208,"83268abf":208,"b6b8e5c7":208,"e82177d3":208,"578c4c95":208,"c606b472":208,"89914b94":208,"04bdf5e1":208,"da8b42be":208,"3b0576bf":208,"9458934f":208,"1dcc489c":208,"945badf3":208,"1327775b":208,"bdd40125":208,"75fd47f7":208,"1c52a07e":208,"e70ccc25":208,"afd1494f":208,"ca6bffd3":208,"829c44a4":208,"e76e2617":208,"2b4fd52e":208,"57162572":208,"d1d50cfe":208,"7da61f27":208,"dc874a97":208,"85a220de":208,"40a7cdd2":208,"ac033c7b":208,"87759976":208,"4df3f62e":208,"c881a53e":208,"80c1c8b1":208,"cf52acd8":208,"a63cb4ce":208,"d3b3492b":208,"7580cfa4":208,"22a96386":208,"5c672b50":208,"5df16440":208,"b666e56d":208,"8db378ff":208,"784d6375":208,"4541bf85":208,"a6b13f20":208,"2459c882":208,"3df97186":208,"ef0490de":208,"e0f47ced":208,"309bbf54":208,"cc537772":208,"6618390c":208,"99cc0813":208,"dc32c4e1":208,"239c636e":208,"6ee160ff":208,"c55d40ca":208,"22c177a8":208,"00ae883f":208,"f416ee62":208,"0d2b182d":208,"320754c3":208,"232b2f64":208,"3171b6e7":208,"3b25460f":208,"272e7d0d":208,"f92596ee":208,"68831ea9":208,"9713d076":208,"fd098272":208,"6ee788a7":208,"8249641d":208,"45b0968f":208,"6a9bb182":208,"1f1afd4f":208,"25fb8826":208,"0dc5da58":208,"2874a625":208,"e61ae828":208,"f7ac3883":208,"ccd01528":208,"dab8cf68":208,"00f2a9cb":208,"916fe082":208,"b64dba8e":208,"c3bb30ce":208,"86219c70":208,"601990d8":208,"5c662c19":208,"d2a5d2fd":208,"d2064756":208,"89d220c2":208,"3e10c9cb":208,"5500a3e8":208,"3c0e87ac":208,"a891461f":208,"a246cdab":208,"117c7f0b":208,"0d21cf99":208,"14e6fe14":208,"37ec5e73":208,"bfff7913":208,"f8636899":208,"37724339":208,"d45d9727":208,"ee5ff2a3":208,"44322dfd":208,"295e4d1d":208,"8cf6570a":208,"403064a0":208,"312af46e":208,"b5a9f8c3":208,"fcbc0ae8":208,"2ff6b6a8":208,"66a71cc1":208,"bf4b58e4":208,"f7ffcbb8":208,"5728f934":208,"00b26865":208,"c333337d":208,"815c56bc":208,"5bd61a68":208,"8582c5cf":208,"0c353665":208,"231e8700":208,"1f9fbd85":208,"43f24679":208,"a1c0dfc4":208,"78f71162":208,"4b27a9a4":208,"163f4d19":208,"1d043d5a":208,"b2f82e06":208,"5b0b43e6":208,"b5474d69":208,"5a938eeb":208,"4fe0dedf":208,"951fc6d0":208,"61892a4c":208,"f096219e":208,"a3f0a6ec":208,"01051f84":208,"aa7e370d":208,"f995eeab":208,"4006e709":208,"0dedf63e":208,"a9d5374b":208,"4321f02d":208,"089b3f8f":208,"7698d0dc":208,"784414ce":208,"2df3efdb":208,"d0f1b7bd":208,"e7799883":208,"4f9456cf":208,"6e260ee8":208,"f4f84279":208,"b0950de5":208,"6f873999":208,"1f4e0e22":208,"60d69311":208,"3b09f1de":208,"b371f44a":208,"8b6180ff":208,"8819ac24":208,"dbbf7f69":208,"a8edfe84":208,"2ed19b1e":208,"959e16ea":208,"02f76c64":208,"5c6d1f33":208,"b4801cae":208,"c3c2fd05":208,"f8c97147":208,"c2526ff3":208,"cc386067":208,"a22ffd8f":208,"3cd28a4d":208,"44a12c31":208,"45a961ca":208,"5ca978fd":208,"668e601b":208,"7552d86c":208,"02ebf3b6":208,"bb17a968":208,"4abcb85d":208,"cba26072":208,"2a718dcc":208,"c6a9a8e1":208,"dfe4a061":208,"c2bf7d51":208,"781afef6":208,"de9229a0":208,"99a5feef":208,"f6266388":208,"e64fd39c":208,"e1b3ce36":208,"625fa164":208,"0c6ae551":208,"e8f4c1dd":208,"cede8b8c":208,"ad95ff4a":208,"893a99c5":208,"d8bf32b5":208,"0eb42efe":208,"03c4ab87":208,"4e3d3af7":208,"3a4803a8":208,"f7a7de5d":208,"d4e56c3e":208,"0c045c2d":208,"8efd4801":208,"7eb8f268":208,"20236d3e":208,"36ae8cd8":208,"3ddd5391":208,"07f69c6d":208,"2254f0f5":208
1601327317857,"88854fd0":208,"8dc27d2a":208,"41d7f05d":208,"2b851827":208,"9f428a03":208,"4d504d96":208,"0533ece1":208,"bcee2ef3":208,"0afba00c":208,"04ff8100":208,"6c00d8d6":208,"ac9a02bc":208,"acfe69ed":208,"426603ff":208,"2db2f252":208,"2e84193b":208,"c55683c9":208,"51233daf":208,"02791635":208,"be081247":208,"5cc47d1b":208,"678b846f":208,"b4bd39d8":208,"b4cdbe5d":208,"fa0386f3":208,"b95d0f17":208,"cee9c347":208,"ea282e84":208,"6653c83b":208,"c896052c":208,"287ecd1c":208,"f9376d3e":208,"07a94e8c":208,"bb017b49":208,"37b52fe4":208,"61ad1519":208,"819c4185":208,"ba69b06b":208,"7d2a2cb4":208,"4f62491c":208,"70b4c438":208,"71ed93db":208,"c92efaa8":208,"c241ac7e":208,"62a45672":208,"210e507a":208,"ac6e268b":208,"742238e8":208
1601327318479,"7800e7ce":209,"77869ff0":209,"4b8f7b16":209,"89f75690":209,"cb363e2f":209,"cd802f02":209,"d3cca7eb":209,"e866a899":209,"5690e712":209,"0b92d2a9":209,"070bed95":209,"67e5d108":209,"3d37b94b":209,"842c97c2":209,"c4cef92b":209,"0eecdc5b":209,"b7e495ea":209,"45ec63c0":209,"0ddfde2c":209,"a8b41774":209,"81f0da2d":209,"1fcc8ba4":209,"75a9c117":209,"12ba54ec":209,"be391c1a":209,"37d8a5b7":209,"d5ab81c4":209,"2ecde685":209,"f0bd52d3":209,"dcc20f76":209,"666a8ef0":209,"c5b609f1":209,"4dc5849a":209,"d605c755":209,"8a8c1d67":209,"cc6b3306":209,"8c2dfd9a":209,"f11267b9":209,"a483b15e":209,"f80ab49d":209,"95eaed39":209,"a5ba0ebb":209,"f53362a9":209,"1901ef7e":209,"960c2e6b":209,"3515e999":209,"d11f8f1b":209,"9d9eb027":209,"325f9a29":209,"503aafe5":209,"d5d94481":209,"ffe48500":209,"c7a45a33":209,"faffe099":209,"e99490cd":209,"3b830769":209,"583f0305":209,"1557c50a":209,"249e80ab":209,"f52a3d94":209,"eb74d3dd":209,"3bcbc28d":209,"3c0455e7":209,"df203c79":209,"df1e1ac0":209,"491708eb":209,"e421caaa":209,"2d2ecf27":209,"d38a4953":209,"eba5efdd":209,"080d5d42":209,"5d03f5dc":209,"f0a01341":209,"1ee4d9f9":209,"0d6e45e7":209,"0da97151":209,"e829038c":209,"4987cfb5":209,"ba90687c":209,"77f2cf92":209,"037e2be4":209,"9e7dbd20":209,"0c086273":209,"ac13c3b0":209,"b4d9c57f":209,"5d53c964":209,"8ee9cc91":209,"4cc0af91":209,"55f6a2ba":209,"9559ea96":209,"9cb044bf":209,"16b25add":209,"80ee333e":209,"3b329af2":209,"1cd662bf":209,"72992b35":209,"47589344":209,"593b1533":209,"e9f6e5ce":209,"ed6bead5":209,"96f594b9":209,"94dfcfc5":209,"8301986e":209,"830ecfec":209,"a8bae791":209,"312009ee":209,"c98759fd":209,"a5463f93":209,"c85ac4f8":209,"bc253f4f":209,"0d9d2bf8":209,"846b7f11":209,"d3411467":209,"1df0ce7f":209,"a08171d0":209,"c8bc5677":209,"dfca0518":209,"b9a21017":209,"e47705d3":209,"3cae4115":209,"0ccf4731":209,"c7c6782d":209,"54346574":209,"b12cbf87":209,"81942d9b":209,"699b90c1":209,"d9b5a7a8":209,"1e7914d2":209,"e5d8fdb2":209,"3412ab75":209,"bcac5daf":209,"62d028cc":209,"0af2cf39":209,"27491297":209,"d041ea86":209,"1eda11b2":209,"fc442678":209,"e8b6d676":209,"45ee5840":209,"76f04033":209,"43480b19":209,"fd955858":209,"69798d15":209,"efea71fa":209,"fb3aa867":209,"c9cf710b":209,"fcacdeb3":209,"0ea055ed":209,"e3b1bdf8":209,"644b45fb":209
1601327318728,"18c73816":209,"e491161e":209,"b5087677":209,"16f60bed":209,"cb0c3481":209,"7664512c":209,"df9a53b8":209,"f6c27b2b":209,"945f6c24":209,"f1daea7e":209,"b8fb90e3":209,"56227e35":209,"0d6bf22a":209,"b87321d0":209,"43205b5d":209,"8982905a":209,"f6fe1ad7":209,"230064fa":209,"764e0abb":209,"bba6d88e":209,"ea3479ec":209,"32266fa3":209,"50b090c3":209,"8be24763":209,"eb4800b2":209,"6e0ce9dc":209,"87d9bec4":209,"e30dfa0c":209,"6da34174":209,"bfb849fa":209,"0a10b423":209,"9ef7cee7":209,"49f1a0d1":209,"5f04aa76":209,"ba297382":209,"0287db2a":209,"96abe4a9":209,"753b10b1":209,"cf14bd99":209,"782022f4":209,"322e833f":209,"ab3619e4":209,"106006ad":209,"c8237be9":209,"1416e8f5":209,"dde2eed5":209,"a208caa8":209,"16605353":209,"77b39e15":209,"f1726edb":209,"92b72493":209,"d3e58903":209,"4481c4be":209,"7954891b":209,"4afd60a9":209,"d44c0ea3":209,"68f87858":209,"533bac6b":209,"41634dba":209,"43fd1327":209,"113e7f4b":209,"8cce569a":209,"ce6401b6":209,"6f57824c":209,"590ce3d3":209,"1802d7ce":209,"0a49914b":209,"5d3f5cad":209,"cf347cba":209,"fc0c23f7":209,"641f9b9e":209,"c92edec5":209,"9f03c1e7":209,"06c24a8d":209,"2f35e75f":209,"3eddf7c8":209,"77970f8b":209,"efd594d5":209,"4718294d":209,"5352cf45":209,"5b09e53e":209,"da5bb0f7":209,"6d925c84":209,"50b23ab2":209,"edfa56d4":209,"899c16eb":209,"41c76041":209,"6bb1fa99":209,"d73ff72e":209,"28bd7aa1":209,"1d52fb0d":209,"cde0d748":209,"535ed444":209,"710f0d0e":209,"0905f1fb":209,"a20e529c":209,"1ae76fcc":209,"35b161d3":209,"344cd1a3":209,"77ea1236":209,"96d2a118":209,"23a0e41f":209,"b32a1080":209,"a2c4b591":209,"6dfa57be":209,"1854ce44":209,"f92b22f1":209,"ece12664":209,"36f4ecde":209,"568a0d58":209,"5fd569d2":209,"10c8fd03":209,"bd4ccb49":209,"e773d697":209,"7e8c11e7":209,"077eb15a":209,"5337c279":209,"8d256cb6":209,"7021c619":209,"32ae00db":209,"bf2defb2":209,"bc733a28":209,"30d32d34":209,"886c16d3":209,"e8d09b62":209,"61c0ca91":209,"d2fda7be":209,"ce20ca3c":209,"1d2d958b":209,"81fb6a01":209,"7f5b27c8":209,"fb3444d9":209,"f05de640":209,"86a68967":209,"56cd4dca":209,"7f469f4c":209,"e0ffe8ff":209,"ae14d6b5":209,"721f5f42":209,"0b50bca6":209,"bf2ca266":209,"5d8d9641":209,"0de67c6c":209,"2311399f":209,"5e3ebf5e":209,"9f6ca218":209,"6213799d":209,"44cb1fd2":209,"baf19c25":209,"24a79a6e":209,"edde30af":209,"4d949e11":209,"df12f689":209,"1da10cbf":209,"832c48e4":209,"dc90a44c":209,"1ad7c45b":209,"5566c17c":209,"86a22252":209,"0000dece":209,"ce5efdbe":209,"58ace2b5":209,"d379fd96":209,"7b819458":209,"7f8024cd":209,"ae562513":209,"7b66dacd":209,"9ab137d7":209,"7191d1cd":209,"005354dd":209,"f92dedfc":209,"355d1489":209,"f96fc1af":209,"06713bac":209,"61aca924":209,"d97fb857":209,"59ff5ec6":209,"ef04e64e":209,"6e2d04de":209,"2fca1798":209,"05028839":209,"5488826c":209,"84fff5c1":209,"c649992d":209,"d5ad3ed6":209,"8e5f7187":209,"55ba7579":209,"b7769ca6":209,"9c27de51":209,"38a75b48":209,"1792bfa3":209,"426f1904":209,"7c0f1ca9":209,"b2f820ac":209,"25d4f65d":209,"eddb6a2a":209,"ff8a00aa":209,"c146560b":209,"985068e7":209,"d543ba6f":209,"3b3569f6":209,"b01ab62a":209,"76da16fa":209,"bffee581":209,"07150038":209,"080fa362":209,"7b6945ad":209,"a40d08e1":209,"cec79bc2":209,"d2eff358":209,"e70aebb5":209,"a488b2f1":209,"4caa87d6":209,"f7076e21":209,"69e653b6":209,"98d2991b":209,"3b411d6a":209,"83826ef3":209,"595609d5":209,"b47f1b89":209,"8e6caf71":209,"9a3433b8":209,"b89112cb":209,"66736d5e":209,"30de89a7":209,"06aaa33f":209,"320c65bf":209,"1fa1e7c2":209,"646af2b9":209,"659389ad":209,"240c8679":209,"0718c3be":209,"8b503f7b":209,"87a8523c":209,"c416baa6":209,"ae350a07":209,"680a32a6":209,"83ba647d":209,"cb0bd6b7":209,"8e426e39":209,"51909df8":209,"e22b0973":209,"23646ff9":209,"3abb827b":209,"0c73c293":209,"88929b06":209,"08c4692e":209,"5b2479ef":209,"1d882c36":209,"eb62e8f2":209,"f1e86522":209,"fa03f48f":209,"5298dafa":209,"25f7f918":209,"c5311ebb":209,"105bb3f6":209,"58de5462":209,"f01c896d":209,"1f2670d0":209,"962c9c8f":209,"aec0bf28":209,"a017a323":209,"8801c469":209,"b6281f1a":209,"48c6df81":209,"5e165f43":209,"f8785b71":209,"ab4a411a":209,"d7a4b24c":209,"686d5c0b":209,"808bc372":209,"f15eb1c5":209,"c792a7c1":209,"71789493":209,"5a7da061":209,"5ac72353":209,"06a94514":209,"d1b14d06":209,"73c420df":209,"f6c074a7":209,"0700da70":209,"ff591765":209,"ffd6849d":209,"962fca02":209,"93f12198":209,"62e270e5":209,"75968179":209,"66b1b6d7":209,"bc8bdc23":209,"b062adc4":209,"a71f3f70":209,"1f7aa83c":209,"4aae5133":209,"63a3af32":209,"732d62ee":209,"d4b0751c":209,"3fec4b0b":209,"5b01444b":209,"faa3de3e":209,"79995b62":209,"44983d13":209,"97160db8":209,"80999122":209,"72af9198":209,"589f0d6e":209,"e39e9552":209,"51b4016a":209,"81c1b70d":209,"46bf9112":209,"092ad3d6":209,"e72f0f82":209,"bf940089":209,"88374b72":209,"fdfaf1ed":209,"01f34f98":209,"ea981bed":209,"1670b0d3":209,"ec97d63e":209,"5e197575":209,"e587c4d0":209,"94208a41":209,"525b2635":209,"2cbcad17":209,"caa38a45":209,"4dccb5ca":209,"a9987a58":209,"83268abf":209,"578c4c95":209,"b6b8e5c7":209,"e82177d3":209,"c606b472":209,"89914b94":209,"04bdf5e1":209,"da8b42be":209,"3b0576bf":209,"9458934f":209,"1dcc489c":209,"945badf3":209,"1327775b":209
1601327319542,"272e7d0d":209,"f92596ee":209,"68831ea9":209,"9713d076":209,"fd098272":209,"6ee788a7":209,"8249641d":209,"45b0968f":209,"6a9bb182":209,"1f1afd4f":209,"25fb8826":209,"0dc5da58":209,"2874a625":209,"e61ae828":209,"f7ac3883":209,"ccd01528":209,"dab8cf68":209,"00f2a9cb":209,"916fe082":209,"b64dba8e":209,"c3bb30ce":209,"86219c70":209,"601990d8":209,"5c662c19":209,"d2a5d2fd":209,"89d220c2":209,"3e10c9cb":209,"5500a3e8":209,"3c0e87ac":209,"a891461f":209,"a246cdab":209,"117c7f0b":209,"0d21cf99":209,"14e6fe14":209,"37ec5e73":209,"bfff7913":209,"f8636899":209,"37724339":209,"d45d9727":209,"ee5ff2a3":209,"44322dfd":209,"295e4d1d":209,"8cf6570a":209,"403064a0":209,"312af46e":209,"b5a9f8c3":209,"fcbc0ae8":209,"2ff6b6a8":209,"66a71cc1":209,"bf4b58e4":209,"bdd40125":209,"75fd47f7":209,"1c52a07e":209,"e70ccc25":209,"afd1494f":209,"ca6bffd3":209,"829c44a4":209,"e76e2617":209,"2b4fd52e":209,"57162572":209,"d1d50cfe":209,"9666b973":209,"653b27c7":209,"83b37fd6":209,"4d852788":209,"e43a9448":209,"3542b748":209,"379c53ab":209,"e396d80d":209,"7da61f27":209,"dc874a97":209,"85a220de":209,"40a7cdd2":209,"ac033c7b":209,"87759976":209,"4df3f62e":209,"c881a53e":209,"80c1c8b1":209,"cf52acd8":209,"a63cb4ce":209,"d3b3492b":209,"7580cfa4":209,"22a96386":209,"5c672b50":209,"5df16440":209,"b666e56d":209,"8db378ff":209,"784d6375":209,"4541bf85":209,"a6b13f20":209,"2459c882":209,"3df97186":209,"ef0490de":209,"e0f47ced":209,"309bbf54":209,"cc537772":209,"6618390c":209,"99cc0813":209,"dc32c4e1":209,"239c636e":209,"6ee160ff":209,"c55d40ca":209,"22c177a8":209,"00ae883f":209,"f416ee62":209,"0d2b182d":209,"320754c3":209,"232b2f64":209,"3171b6e7":209,"3b25460f":209,"d2064756":209,"f7ffcbb8":209,"5728f934":209,"00b26865":209,"c333337d":209,"815c56bc":209,"5bd61a68":209,"8582c5cf":209,"0c353665":209,"231e8700":209,"1f9fbd85":209,"43f24679":209,"a1c0dfc4":209,"78f71162":209,"4b27a9a4":209,"163f4d19":209,"1d043d5a":209,"b2f82e06":209,"5b0b43e6":209,"b5474d69":209,"5a938eeb":209,"4fe0dedf":209,"951fc6d0":209,"61892a4c":209,"f096219e":209,"a3f0a6ec":209,"01051f84":209,"aa7e370d":209,"f995eeab":209,"4006e709":209,"0dedf63e":209,"a9d5374b":209,"4321f02d":209,"089b3f8f":209,"7698d0dc":209,"784414ce":209,"2df3efdb":209,"d0f1b7bd":209,"e7799883":209,"4f9456cf":209,"6e260ee8":209,"f4f84279":209,"b0950de5":209,"6f873999":209,"1f4e0e22":209,"60d69311":209,"3b09f1de":209,"b371f44a":209,"8b6180ff":209,"8819ac24":209,"dbbf7f69":209,"dfe4a061":209,"c2bf7d51":209,"781afef6":209,"de9229a0":209,"99a5feef":209,"f6266388":209,"e64fd39c":209,"e1b3ce36":209,"625fa164":209,"0c6ae551":209,"e8f4c1dd":209,"cede8b8c":209,"ad95ff4a":209,"893a99c5":209,"d8bf32b5":209,"0eb42efe":209,"03c4ab87":209,"4e3d3af7":209,"3a4803a8":209,"f7a7de5d":209,"d4e56c3e":209,"0c045c2d":209,"8efd4801":209,"7eb8f268":209,"20236d3e":209,"36ae8cd8":209,"3ddd5391":209,"07f69c6d":209,"2254f0f5":209,"ea282e84":209,"6653c83b":209,"c896052c":209,"287ecd1c":209,"f9376d3e":209,"a8edfe84":209,"2ed19b1e":209,"959e16ea":209,"02f76c64":209,"5c6d1f33":209,"b4801cae":209,"c3c2fd05":209,"f8c97147":209,"c2526ff3":209,"cc386067":209,"a22ffd8f":209,"3cd28a4d":209,"44a12c31":209,"45a961ca":209,"5ca978fd":209,"668e601b":209,"7552d86c":209,"02ebf3b6":209,"bb17a968":209,"4abcb85d":209,"cba26072":209,"2a718dcc":209,"c6a9a8e1":209,"88854fd0":209,"8dc27d2a":209,"41d7f05d":209,"2b851827":209,"9f428a03":209,"4d504d96":209,"0533ece1":209,"bcee2ef3":209,"0afba00c":209,"04ff8100":209,"07a94e8c":209,"bb017b49":209,"37b52fe4":209,"61ad1519":209,"819c4185":209,"ba69b06b":209,"7d2a2cb4":209,"4f62491c":209,"70b4c438":209,"71ed93db":209,"c92efaa8":209,"c241ac7e":209,"62a45672":209,"210e507a":209,"ac6e268b":209,"742238e8":209,"6c00d8d6":209,"ac9a02bc":209,"acfe69ed":209,"426603ff":209,"2db2f252":209,"2e84193b":209,"c55683c9":209,"51233daf":209,"02791635":209,"be081247":209,"5cc47d1b":209,"678b846f":209,"b4bd39d8":209,"b4cdbe5d":209,"fa0386f3":209,"b95d0f17":209,"cee9c347":209
1601327319750,"7800e7ce":210,"77869ff0":210,"4b8f7b16":210,"89f75690":210,"cb363e2f":210,"cd802f02":210,"d3cca7eb":210,"e866a899":210,"5690e712":210,"0b92d2a9":210,"070bed95":210,"67e5d108":210,"3d37b94b":210,"842c97c2":210,"c4cef92b":210,"0eecdc5b":210,"b7e495ea":210,"45ec63c0":210,"0ddfde2c":210,"a8b41774":210,"81f0da2d":210,"1fcc8ba4":210,"75a9c117":210,"12ba54ec":210,"be391c1a":210,"37d8a5b7":210,"d5ab81c4":210,"2ecde685":210,"f0bd52d3":210,"dcc20f76":210,"666a8ef0":210,"c5b609f1":210,"4dc5849a":210,"d605c755":210,"8a8c1d67":210,"cc6b3306":210,"8c2dfd9a":210,"f11267b9":210,"a483b15e":210,"f80ab49d":210,"95eaed39":210,"a5ba0ebb":210,"f53362a9":210,"1901ef7e":210,"960c2e6b":210,"3515e999":210,"d11f8f1b":210,"9d9eb027":210,"325f9a29":210,"503aafe5":210
1601327320339,"d5d94481":210,"ffe48500":210,"c7a45a33":210,"faffe099":210,"e99490cd":210,"3b830769":210,"583f0305":210,"1557c50a":210,"249e80ab":210,"f52a3d94":210,"eb74d3dd":210,"3bcbc28d":210,"3c0455e7":210,"df203c79":210,"df1e1ac0":210,"491708eb":210,"e421caaa":210,"2d2ecf27":210,"d38a4953":210,"eba5efdd":210,"a5463f93":210,"c85ac4f8":210,"bc253f4f":210,"0d9d2bf8":210,"846b7f11":210,"d3411467":210,"1df0ce7f":210,"a08171d0":210,"c8bc5677":210,"dfca0518":210,"b9a21017":210,"e47705d3":210,"3cae4115":210,"0ccf4731":210,"c7c6782d":210,"54346574":210,"b12cbf87":210,"81942d9b":210,"699b90c1":210,"d9b5a7a8":210,"1e7914d2":210,"e5d8fdb2":210,"3412ab75":210,"bcac5daf":210,"62d028cc":210,"0af2cf39":210,"27491297":210,"d041ea86":210,"1eda11b2":210,"fc442678":210,"080d5d42":210,"5d03f5dc":210,"f0a01341":210,"1ee4d9f9":210,"0d6e45e7":210,"0da97151":210,"e829038c":210,"4987cfb5":210,"ba90687c":210,"77f2cf92":210,"037e2be4":210,"9e7dbd20":210,"0c086273":210,"ac13c3b0":210,"b4d9c57f":210,"5d53c964":210,"8ee9cc91":210,"4cc0af91":210,"55f6a2ba":210,"9559ea96":210,"9cb044bf":210,"16b25add":210,"80ee333e":210,"3b329af2":210,"1cd662bf":210,"72992b35":210,"18c73816":210,"e491161e":210,"b5087677":210,"16f60bed":210,"cb0c3481":210,"7664512c":210,"df9a53b8":210,"f6c27b2b":210,"945f6c24":210,"f1daea7e":210,"b8fb90e3":210,"56227e35":210,"0d6bf22a":210,"b87321d0":210,"43205b5d":210,"8982905a":210,"f6fe1ad7":210,"230064fa":210,"764e0abb":210,"bba6d88e":210,"ea3479ec":210,"32266fa3":210,"50b090c3":210,"8be24763":210,"eb4800b2":210,"6e0ce9dc":210,"87d9bec4":210,"47589344":210,"593b1533":210,"e9f6e5ce":210,"ed6bead5":210,"96f594b9":210,"94dfcfc5":210,"8301986e":210,"830ecfec":210,"a8bae791":210,"312009ee":210,"c98759fd":210,"e8b6d676":210,"45ee5840":210,"76f04033":210,"43480b19":210,"fd955858":210,"69798d15":210,"efea71fa":210,"fb3aa867":210,"c9cf710b":210,"fcacdeb3":210,"0ea055ed":210,"e3b1bdf8":210,"644b45fb":210,"e30dfa0c":210,"6da34174":210,"bfb849fa":210,"0a10b423":210,"9ef7cee7":210,"49f1a0d1":210,"5f04aa76":210,"ba297382":210,"0287db2a":210,"96abe4a9":210,"753b10b1":210,"cf14bd99":210,"782022f4":210,"322e833f":210,"ab3619e4":210,"106006ad":210,"c8237be9":210,"1416e8f5":210,"dde2eed5":210,"a208caa8":210,"16605353":210,"77b39e15":210,"f1726edb":210,"92b72493":210,"d3e58903":210,"4481c4be":210,"7954891b":210,"4afd60a9":210,"d44c0ea3":210,"68f87858":210,"533bac6b":210,"41634dba":210,"43fd1327":210,"113e7f4b":210,"8cce569a":210,"ce6401b6":210,"6f57824c":210,"28bd7aa1":210,"1d52fb0d":210,"cde0d748":210,"535ed444":210,"710f0d0e":210,"0905f1fb":210,"a20e529c":210,"1ae76fcc":210,"35b161d3":210,"344cd1a3":210,"77ea1236":210,"96d2a118":210,"23a0e41f":210,"b32a1080":210,"a2c4b591":210,"6dfa57be":210,"1854ce44":210,"f92b22f1":210,"ece12664":210,"36f4ecde":210,"568a0d58":210,"5fd569d2":210,"10c8fd03":210,"bd4ccb49":210,"e773d697":210,"7e8c11e7":210,"077eb15a":210,"5337c279":210,"8d256cb6":210,"7021c619":210,"32ae00db":210,"bf2defb2":210,"bc733a28":210,"30d32d34":210,"886c16d3":210,"e8d09b62":210
1601327320882,"590ce3d3":210,"1802d7ce":210,"0a49914b":210,"5d3f5cad":210,"cf347cba":210,"fc0c23f7":210,"641f9b9e":210,"c92edec5":210,"9f03c1e7":210,"06c24a8d":210,"2f35e75f":210,"3eddf7c8":210,"77970f8b":210,"efd594d5":210,"4718294d":210,"5352cf45":210,"e0ffe8ff":210,"ae14d6b5":210,"721f5f42":210,"0b50bca6":210,"bf2ca266":210,"5d8d9641":210,"0de67c6c":210,"2311399f":210,"5e3ebf5e":210,"9f6ca218":210,"6213799d":210,"44cb1fd2":210,"baf19c25":210,"24a79a6e":210,"edde30af":210,"4d949e11":210,"df12f689":210,"5b09e53e":210,"da5bb0f7":210,"6d925c84":210,"50b23ab2":210,"edfa56d4":210,"899c16eb":210,"41c76041":210,"6bb1fa99":210,"d73ff72e":210,"61c0ca91":210,"d2fda7be":210,"ce20ca3c":210,"1d2d958b":210,"81fb6a01":210,"7f5b27c8":210,"fb3444d9":210,"f05de640":210,"86a68967":210,"56cd4dca":210,"7f469f4c":210,"f92dedfc":210,"355d1489":210,"f96fc1af":210,"06713bac":210,"61aca924":210,"d97fb857":210,"59ff5ec6":210,"ef04e64e":210,"6e2d04de":210,"2fca1798":210,"05028839":210,"1da10cbf":210,"832c48e4":210,"dc90a44c":210,"1ad7c45b":210,"5566c17c":210,"86a22252":210,"0000dece":210,"ce5efdbe":210,"58ace2b5":210,"d379fd96":210,"7b819458":210,"7f8024cd":210,"ae562513":210,"7b66dacd":210,"9ab137d7":210,"7191d1cd":210,"005354dd":210,"5488826c":210,"84fff5c1":210,"c649992d":210,"d5ad3ed6":210,"8e5f7187":210,"55ba7579":210,"b7769ca6":210,"9c27de51":210,"38a75b48":210,"1792bfa3":210,"426f1904":210,"7c0f1ca9":210,"b2f820ac":210,"25d4f65d":210,"eddb6a2a":210,"ff8a00aa":210,"3b3569f6":210,"b01ab62a":210,"c146560b":210,"985068e7":210,"d543ba6f":210,"76da16fa":210,"bffee581":210,"07150038":210,"080fa362":210,"7b6945ad":210,"a40d08e1":210,"cec79bc2":210,"d2eff358":210,"e70aebb5":210,"a488b2f1":210,"4caa87d6":210,"f7076e21":210,"69e653b6":210,"98d2991b":210,"3b411d6a":210,"83826ef3":210,"595609d5":210,"b47f1b89":210,"8e6caf71":210,"9a3433b8":210,"b89112cb":210,"66736d5e":210,"30de89a7":210,"06aaa33f":210,"320c65bf":210,"1fa1e7c2":210,"646af2b9":210,"659389ad":210,"240c8679":210,"0718c3be":210,"8b503f7b":210,"87a8523c":210,"c416baa6":210,"ae350a07":210,"680a32a6":210,"83ba647d":210,"cb0bd6b7":210,"8e426e39":210,"51909df8":210,"e22b0973":210,"23646ff9":210,"3abb827b":210,"0c73c293":210,"88929b06":210,"08c4692e":210,"5b2479ef":210,"1d882c36":210,"eb62e8f2":210,"f1e86522":210,"fa03f48f":210,"5298dafa":210,"25f7f918":210,"c5311ebb":210,"105bb3f6":210,"58de5462":210,"f01c896d":210,"1f2670d0":210,"962c9c8f":210,"aec0bf28":210,"a017a323":210,"8801c469":210,"b6281f1a":210,"48c6df81":210,"5e165f43":210,"f8785b71":210,"ab4a411a":210,"d7a4b24c":210,"686d5c0b":210,"808bc372":210,"c792a7c1":210,"f15eb1c5":210,"71789493":210,"5a7da061":210,"5ac72353":210,"06a94514":210,"73c420df":210,"d1b14d06":210,"0700da70":210,"f6c074a7":210,"ffd6849d":210,"ff591765":210,"962fca02":210,"93f12198":210,"62e270e5":210,"75968179":210,"bc8bdc23":210,"66b1b6d7":210,"b062adc4":210,"a71f3f70":210,"4aae5133":210,"1f7aa83c":210,"732d62ee":210,"63a3af32":210,"d4b0751c":210,"3fec4b0b":210,"5b01444b":210,"faa3de3e":210,"79995b62":210,"97160db8":210,"44983d13":210,"589f0d6e":210,"80999122":210,"51b4016a":210,"72af9198":210,"46bf9112":210,"e39e9552":210,"81c1b70d":210,"092ad3d6":210,"bf940089":210,"e72f0f82":210,"01f34f98":210,"88374b72":210,"1670b0d3":210,"fdfaf1ed":210,"ec97d63e":210,"ea981bed":210,"5e197575":210,"94208a41":210,"2cbcad17":210,"e587c4d0":210,"4dccb5ca":210,"525b2635":210,"83268abf":210,"caa38a45":210,"578c4c95":210,"a9987a58":210,"b6b8e5c7":210,"c606b472":210,"e82177d3":210,"89914b94":210,"04bdf5e1":210,"da8b42be":210,"3b0576bf":210,"9458934f":210,"1dcc489c":210,"945badf3":210,"1327775b":210,"bdd40125":210,"75fd47f7":210,"1c52a07e":210,"e70ccc25":210,"afd1494f":210,"ca6bffd3":210,"9666b973":210,"653b27c7":210,"83b37fd6":210,"4d852788":210,"e43a9448":210,"3542b748":210,"379c53ab":210,"e396d80d":210,"7da61f27":210,"dc874a97":210,"85a220de":210,"40a7cdd2":210,"ac033c7b":210,"87759976":210,"4df3f62e":210,"c881a53e":210,"80c1c8b1":210,"cf52acd8":210,"a63cb4ce":210,"d3b3492b":210,"7580cfa4":210,"22a96386":210,"5c672b50":210,"5df16440":210,"b666e56d":210,"8db378ff":210,"784d6375":210,"829c44a4":210,"e76e2617":210,"2b4fd52e":210,"57162572":210,"d1d50cfe":210,"4541bf85":210,"a6b13f20":210,"2459c882":210,"3df97186":210,"ef0490de":210,"272e7d0d":210,"f92596ee":210,"68831ea9":210,"9713d076":210,"e0f47ced":210,"309bbf54":210,"cc537772":210,"6618390c":210,"99cc0813":210,"dc32c4e1":210,"239c636e":210,"6ee160ff":210,"c55d40ca":210,"22c177a8":210,"00ae883f":210,"f416ee62":210,"0d2b182d":210,"320754c3":210,"232b2f64":210,"3171b6e7":210,"3b25460f":210,"d2064756":210,"fd098272":210,"6ee788a7":210,"8249641d":210,"45b0968f":210,"6a9bb182":210,"1f1afd4f":210,"25fb8826":210,"0dc5da58":210,"2874a625":210,"e61ae828":210,"f7ac3883":210,"ccd01528":210,"dab8cf68":210,"00f2a9cb":210,"916fe082":210,"b64dba8e":210,"c3bb30ce":210,"86219c70":210,"601990d8":210,"5c662c19":210,"d2a5d2fd":210,"89d220c2":210,"3e10c9cb":210,"5500a3e8":210,"3c0e87ac":210,"a891461f":210,"a246cdab":210,"117c7f0b":210,"0d21cf99":210,"14e6fe14":210,"37ec5e73":210,"bfff7913":210,"f8636899":210,"37724339":210,"d45d9727":210,"ee5ff2a3":210,"44322dfd":210,"295e4d1d":210,"8cf6570a":210,"403064a0":210,"312af46e":210,"b5a9f8c3":210,"fcbc0ae8":210,"2ff6b6a8":210,"66a71cc1":210,"bf4b58e4":210,"f7ffcbb8":210,"5728f934":210,"00b26865":210,"c333337d":210,"815c56bc":210,"5bd61a68":210,"8582c5cf":210,"0c353665":210,"231e8700":210,"1f9fbd85":210,"43f24679":210,"a1c0dfc4":210
1601327321359,"78f71162":210,"4b27a9a4":210,"163f4d19":210,"1d043d5a":210,"b2f82e06":210,"5b0b43e6":210,"b5474d69":210,"5a938eeb":210,"4fe0dedf":210,"951fc6d0":210,"61892a4c":210,"f096219e":210,"a3f0a6ec":210,"01051f84":210,"aa7e370d":210,"f995eeab":210,"4006e709":210,"0dedf63e":210,"a9d5374b":210,"4321f02d":210,"089b3f8f":210,"7698d0dc":210,"784414ce":210,"2df3efdb":210,"d0f1b7bd":210,"e7799883":210,"4f9456cf":210,"6e260ee8":210,"f4f84279":210,"b0950de5":210,"6f873999":210,"1f4e0e22":210,"60d69311":210,"3b09f1de":210,"b371f44a":210,"8b6180ff":210,"8819ac24":210,"dbbf7f69":210,"dfe4a061":210,"c2bf7d51":210,"781afef6":210,"de9229a0":210,"99a5feef":210,"f6266388":210,"e64fd39c":210,"e1b3ce36":210,"625fa164":210,"0c6ae551":210,"e8f4c1dd":210,"cede8b8c":210,"ad95ff4a":210,"a8edfe84":210,"2ed19b1e":210,"959e16ea":210,"02f76c64":210,"5c6d1f33":210,"b4801cae":210,"c3c2fd05":210,"f8c97147":210,"c2526ff3":210,"cc386067":210,"a22ffd8f":210,"3cd28a4d":210,"44a12c31":210,"45a961ca":210,"5ca978fd":210,"893a99c5":210,"d8bf32b5":210,"0eb42efe":210,"03c4ab87":210,"4e3d3af7":210,"3a4803a8":210,"f7a7de5d":210,"d4e56c3e":210,"0c045c2d":210,"8efd4801":210,"7eb8f268":210,"20236d3e":210,"36ae8cd8":210,"3ddd5391":210,"07f69c6d":210,"2254f0f5":210,"ea282e84":210,"6653c83b":210,"c896052c":210,"287ecd1c":210,"f9376d3e":210,"07a94e8c":210,"bb017b49":210,"37b52fe4":210,"61ad1519":210,"819c4185":210,"ba69b06b":210,"7d2a2cb4":210,"4f62491c":210,"70b4c438":210,"71ed93db":210,"c92efaa8":210,"c241ac7e":210,"62a45672":210,"210e507a":210,"ac6e268b":210,"668e601b":210,"7552d86c":210,"02ebf3b6":210,"bb17a968":210,"4abcb85d":210,"cba26072":210,"2a718dcc":210,"c6a9a8e1":210,"88854fd0":210,"8dc27d2a":210,"41d7f05d":210,"2b851827":210,"9f428a03":210,"4d504d96":210,"0533ece1":210,"bcee2ef3":210,"0afba00c":210,"04ff8100":210,"6c00d8d6":210,"ac9a02bc":210,"acfe69ed":210,"426603ff":210,"2db2f252":210,"2e84193b":210,"c55683c9":210,"51233daf":210,"02791635":210,"be081247":210,"5cc47d1b":210,"678b846f":210,"b4bd39d8":210,"b4cdbe5d":210,"fa0386f3":210,"b95d0f17":210,"cee9c347":210,"742238e8":210
1601327321723,"7800e7ce":211,"77869ff0":211,"4b8f7b16":211,"89f75690":211,"cb363e2f":211,"cd802f02":211,"d3cca7eb":211,"e866a899":211,"5690e712":211,"0b92d2a9":211,"070bed95":211,"d5d94481":211,"ffe48500":211,"c7a45a33":211,"faffe099":211,"e99490cd":211,"3b830769":211,"583f0305":211,"1557c50a":211,"249e80ab":211,"f52a3d94":211,"eb74d3dd":211,"3bcbc28d":211,"3c0455e7":211,"df203c79":211,"df1e1ac0":211,"491708eb":211,"e421caaa":211,"2d2ecf27":211,"d38a4953":211,"eba5efdd":211,"a5463f93":211,"c85ac4f8":211,"bc253f4f":211,"0d9d2bf8":211,"846b7f11":211,"d3411467":211,"1df0ce7f":211,"a08171d0":211,"c8bc5677":211,"dfca0518":211,"b9a21017":211,"e47705d3":211,"3cae4115":211,"0ccf4731":211,"c7c6782d":211,"54346574":211,"b12cbf87":211,"81942d9b":211,"699b90c1":211,"d9b5a7a8":211,"1e7914d2":211,"e5d8fdb2":211,"3412ab75":211,"bcac5daf":211,"62d028cc":211,"0af2cf39":211,"27491297":211,"d041ea86":211,"1eda11b2":211,"fc442678":211
1601327322096,"67e5d108":211,"3d37b94b":211,"842c97c2":211,"c4cef92b":211,"0eecdc5b":211,"b7e495ea":211,"45ec63c0":211,"0ddfde2c":211,"a8b41774":211,"81f0da2d":211,"1fcc8ba4":211,"75a9c117":211,"12ba54ec":211,"be391c1a":211,"37d8a5b7":211,"d5ab81c4":211,"2ecde685":211,"f0bd52d3":211,"dcc20f76":211,"666a8ef0":211,"c5b609f1":211,"4dc5849a":211,"d605c755":211,"8a8c1d67":211,"cc6b3306":211,"8c2dfd9a":211,"f11267b9":211,"a483b15e":211,"f80ab49d":211,"95eaed39":211,"a5ba0ebb":211,"f53362a9":211,"1901ef7e":211,"960c2e6b":211,"3515e999":211,"d11f8f1b":211,"9d9eb027":211,"325f9a29":211,"503aafe5":211,"080d5d42":211,"5d03f5dc":211,"f0a01341":211,"1ee4d9f9":211,"0d6e45e7":211,"0da97151":211,"e829038c":211,"4987cfb5":211,"ba90687c":211,"77f2cf92":211,"037e2be4":211,"9e7dbd20":211,"0c086273":211,"ac13c3b0":211,"b4d9c57f":211,"5d53c964":211,"8ee9cc91":211,"4cc0af91":211,"55f6a2ba":211,"9559ea96":211,"9cb044bf":211,"16b25add":211,"80ee333e":211,"3b329af2":211,"1cd662bf":211,"72992b35":211,"47589344":211,"593b1533":211,"e9f6e5ce":211,"ed6bead5":211,"96f594b9":211,"94dfcfc5":211,"8301986e":211,"830ecfec":211,"a8bae791":211,"312009ee":211,"c98759fd":211,"e8b6d676":211,"45ee5840":211,"76f04033":211,"43480b19":211,"fd955858":211,"69798d15":211,"efea71fa":211,"fb3aa867":211,"c9cf710b":211,"fcacdeb3":211,"0ea055ed":211,"e3b1bdf8":211,"644b45fb":211,"18c73816":211,"e491161e":211,"b5087677":211,"16f60bed":211,"cb0c3481":211,"7664512c":211,"df9a53b8":211,"f6c27b2b":211,"945f6c24":211,"f1daea7e":211,"b8fb90e3":211,"56227e35":211,"0d6bf22a":211,"b87321d0":211,"43205b5d":211,"8982905a":211,"f6fe1ad7":211,"230064fa":211,"764e0abb":211,"bba6d88e":211,"ea3479ec":211,"32266fa3":211,"50b090c3":211,"8be24763":211,"eb4800b2":211,"6e0ce9dc":211,"87d9bec4":211,"e30dfa0c":211,"6da34174":211,"bfb849fa":211,"0a10b423":211,"9ef7cee7":211,"49f1a0d1":211,"5f04aa76":211,"ba297382":211,"0287db2a":211,"96abe4a9":211,"753b10b1":211,"cf14bd99":211,"782022f4":211,"322e833f":211,"ab3619e4":211,"106006ad":211,"c8237be9":211,"1416e8f5":211,"dde2eed5":211,"a208caa8":211,"16605353":211,"77b39e15":211,"f1726edb":211,"590ce3d3":211,"1802d7ce":211,"0a49914b":211
1601327322603,"5d3f5cad":211,"cf347cba":211,"fc0c23f7":211,"641f9b9e":211,"c92edec5":211,"9f03c1e7":211,"06c24a8d":211,"2f35e75f":211,"3eddf7c8":211,"77970f8b":211,"efd594d5":211,"4718294d":211,"5352cf45":211,"e0ffe8ff":211,"ae14d6b5":211,"721f5f42":211,"0b50bca6":211,"bf2ca266":211,"5d8d9641":211,"0de67c6c":211,"2311399f":211,"5e3ebf5e":211,"9f6ca218":211,"6213799d":211,"44cb1fd2":211,"baf19c25":211,"24a79a6e":211,"92b72493":211,"d3e58903":211,"4481c4be":211,"7954891b":211,"4afd60a9":211,"d44c0ea3":211,"68f87858":211,"533bac6b":211,"41634dba":211,"edde30af":211,"4d949e11":211,"df12f689":211,"1da10cbf":211,"832c48e4":211,"dc90a44c":211,"1ad7c45b":211,"5566c17c":211,"86a22252":211,"0000dece":211,"ce5efdbe":211,"58ace2b5":211,"d379fd96":211,"7b819458":211,"7f8024cd":211,"ae562513":211,"7b66dacd":211,"9ab137d7":211,"7191d1cd":211,"005354dd":211,"43fd1327":211,"113e7f4b":211,"8cce569a":211,"ce6401b6":211,"6f57824c":211,"28bd7aa1":211,"1d52fb0d":211,"cde0d748":211,"535ed444":211,"710f0d0e":211,"0905f1fb":211,"a20e529c":211,"1ae76fcc":211,"35b161d3":211,"344cd1a3":211,"77ea1236":211,"96d2a118":211,"23a0e41f":211,"b32a1080":211,"a2c4b591":211,"6dfa57be":211,"1854ce44":211,"f92b22f1":211,"ece12664":211,"36f4ecde":211,"568a0d58":211,"5fd569d2":211,"10c8fd03":211,"bd4ccb49":211,"e773d697":211,"7e8c11e7":211,"077eb15a":211,"5337c279":211,"8d256cb6":211,"7021c619":211,"32ae00db":211,"bf2defb2":211,"bc733a28":211,"30d32d34":211,"886c16d3":211,"e8d09b62":211,"5b09e53e":211,"da5bb0f7":211,"6d925c84":211,"50b23ab2":211,"edfa56d4":211,"899c16eb":211,"41c76041":211,"6bb1fa99":211,"d73ff72e":211,"61c0ca91":211,"d2fda7be":211,"ce20ca3c":211,"1d2d958b":211,"81fb6a01":211,"7f5b27c8":211,"fb3444d9":211,"f05de640":211,"86a68967":211,"56cd4dca":211,"7f469f4c":211,"f92dedfc":211,"355d1489":211,"f96fc1af":211,"06713bac":211,"61aca924":211,"d97fb857":211,"59ff5ec6":211,"ef04e64e":211,"6e2d04de":211,"2fca1798":211,"05028839":211,"5488826c":211,"84fff5c1":211,"c649992d":211,"d5ad3ed6":211,"8e5f7187":211,"55ba7579":211,"b7769ca6":211,"9c27de51":211,"38a75b48":211,"1792bfa3":211,"426f1904":211,"7c0f1ca9":211,"b2f820ac":211,"25d4f65d":211,"eddb6a2a":211,"ff8a00aa":211,"c146560b":211,"985068e7":211,"d543ba6f":211,"3b3569f6":211,"b01ab62a":211,"76da16fa":211,"bffee581":211,"07150038":211,"080fa362":211,"7b6945ad":211,"a40d08e1":211,"cec79bc2":211,"d2eff358":211,"e70aebb5":211,"a488b2f1":211,"4caa87d6":211,"f7076e21":211,"69e653b6":211,"98d2991b":211,"3b411d6a":211,"83826ef3":211,"595609d5":211,"b47f1b89":211,"8e6caf71":211,"9a3433b8":211,"b89112cb":211,"66736d5e":211,"30de89a7":211,"06aaa33f":211,"320c65bf":211,"1fa1e7c2":211,"646af2b9":211,"659389ad":211,"240c8679":211,"0718c3be":211,"8b503f7b":211,"87a8523c":211,"c416baa6":211,"ae350a07":211,"680a32a6":211,"83ba647d":211,"cb0bd6b7":211,"8e426e39":211,"51909df8":211,"e22b0973":211,"23646ff9":211,"3abb827b":211,"0c73c293":211,"88929b06":211,"08c4692e":211,"5b2479ef":211,"1d882c36":211,"eb62e8f2":211,"f1e86522":211,"fa03f48f":211,"5298dafa":211,"25f7f918":211,"c5311ebb":211,"105bb3f6":211,"58de5462":211,"f01c896d":211,"1f2670d0":211,"962c9c8f":211,"aec0bf28":211,"a017a323":211,"8801c469":211,"b6281f1a":211,"48c6df81":211,"5e165f43":211,"f8785b71":211,"ab4a411a":211,"808bc372":211,"d7a4b24c":211,"c792a7c1":211,"686d5c0b":211,"5a7da061":211,"f15eb1c5":211,"06a94514":211,"71789493":211,"73c420df":211,"5ac72353":211,"0700da70":211,"d1b14d06":211,"ff591765":211,"f6c074a7":211,"93f12198":211,"ffd6849d":211,"62e270e5":211,"962fca02":211,"75968179":211,"66b1b6d7":211,"b062adc4":211,"bc8bdc23":211,"a71f3f70":211,"4aae5133":211,"1f7aa83c":211,"63a3af32":211,"732d62ee":211,"3fec4b0b":211,"faa3de3e":211,"d4b0751c":211,"5b01444b":211,"44983d13":211,"80999122":211,"79995b62":211,"97160db8":211,"72af9198":211,"589f0d6e":211,"e39e9552":211,"81c1b70d":211,"51b4016a":211,"e72f0f82":211,"46bf9112":211,"88374b72":211,"092ad3d6":211,"fdfaf1ed":211,"bf940089":211,"01f34f98":211,"ea981bed":211,"1670b0d3":211,"5e197575":211,"e587c4d0":211,"ec97d63e":211,"94208a41":211,"525b2635":211,"caa38a45":211,"2cbcad17":211,"4dccb5ca":211,"a9987a58":211,"b6b8e5c7":211,"83268abf":211,"578c4c95":211,"e82177d3":211,"c606b472":211,"89914b94":211,"04bdf5e1":211,"da8b42be":211,"3b0576bf":211,"9458934f":211,"1dcc489c":211,"9666b973":211,"653b27c7":211,"83b37fd6":211,"4d852788":211,"e43a9448":211,"3542b748":211,"379c53ab":211,"945badf3":211,"1327775b":211,"bdd40125":211,"75fd47f7":211,"1c52a07e":211,"e70ccc25":211,"afd1494f":211,"ca6bffd3":211,"829c44a4":211,"e76e2617":211,"2b4fd52e":211,"57162572":211,"d1d50cfe":211,"272e7d0d":211,"f92596ee":211,"68831ea9":211,"9713d076":211,"fd098272":211,"6ee788a7":211,"8249641d":211,"45b0968f":211,"6a9bb182":211,"1f1afd4f":211,"25fb8826":211,"0dc5da58":211,"2874a625":211,"e61ae828":211,"f7ac3883":211,"ccd01528":211,"dab8cf68":211,"00f2a9cb":211,"916fe082":211,"b64dba8e":211,"f7ffcbb8":211,"5728f934":211,"00b26865":211,"c333337d":211,"815c56bc":211,"5bd61a68":211,"8582c5cf":211,"0c353665":211,"231e8700":211,"1f9fbd85":211,"43f24679":211,"a1c0dfc4":211,"78f71162":211,"4b27a9a4":211,"163f4d19":211,"1d043d5a":211,"b2f82e06":211,"e396d80d":211,"7da61f27":211,"dc874a97":211,"85a220de":211,"40a7cdd2":211,"ac033c7b":211,"87759976":211,"4df3f62e":211,"c881a53e":211,"80c1c8b1":211,"cf52acd8":211,"a63cb4ce":211,"d3b3492b":211,"7580cfa4":211,"22a96386":211,"5c672b50":211,"5df16440":211,"b666e56d":211,"8db378ff":211,"784d6375":211,"4541bf85":211,"a6b13f20":211,"2459c882":211,"3df97186":211,"ef0490de":211,"e0f47ced":211,"309bbf54":211,"cc537772":211,"6618390c":211,"99cc0813":211,"dc32c4e1":211,"239c636e":211,"6ee160ff":211,"c55d40ca":211,"22c177a8":211,"00ae883f":211,"f416ee62":211,"5b0b43e6":211,"b5474d69":211,"5a938eeb":211,"4fe0dedf":211,"951fc6d0":211,"61892a4c":211,"f096219e":211,"a3f0a6ec":211,"c3bb30ce":211,"86219c70":211,"601990d8":211,"5c662c19":211,"d2a5d2fd":211,"89d220c2":211,"3e10c9cb":211,"5500a3e8":211,"3c0e87ac":211,"a891461f":211,"a246cdab":211,"117c7f0b":211,"0d21cf99":211,"14e6fe14":211,"37ec5e73":211,"bfff7913":211,"f8636899":211,"37724339":211,"d45d9727":211,"ee5ff2a3":211,"44322dfd":211,"295e4d1d":211,"8cf6570a":211,"403064a0":211,"312af46e":211,"b5a9f8c3":211,"fcbc0ae8":211,"2ff6b6a8":211,"66a71cc1":211,"bf4b58e4":211,"01051f84":211,"aa7e370d":211,"f995eeab":211,"4006e709":211,"0dedf63e":211,"a9d5374b":211,"4321f02d":211,"089b3f8f":211,"7698d0dc":211,"784414ce":211,"2df3efdb":211,"d0f1b7bd":211,"e7799883":211,"4f9456cf":211,"6e260ee8":211,"f4f84279":211,"b0950de5":211,"6f873999":211,"1f4e0e22":211,"60d69311":211,"3b09f1de":211,"b371f44a":211,"8b6180ff":211
1601327323026,"8819ac24":211,"0d2b182d":211,"320754c3":211,"232b2f64":211,"3171b6e7":211,"3b25460f":211,"d2064756":211,"dbbf7f69":211,"dfe4a061":211,"c2bf7d51":211,"781afef6":211,"de9229a0":211,"99a5feef":211,"f6266388":211,"e64fd39c":211,"e1b3ce36":211,"625fa164":211,"0c6ae551":211,"e8f4c1dd":211,"cede8b8c":211,"ad95ff4a":211,"893a99c5":211,"d8bf32b5":211,"0eb42efe":211,"03c4ab87":211,"4e3d3af7":211,"3a4803a8":211,"f7a7de5d":211,"d4e56c3e":211,"0c045c2d":211,"8efd4801":211,"7eb8f268":211,"20236d3e":211,"36ae8cd8":211,"3ddd5391":211,"07f69c6d":211,"2254f0f5":211,"ea282e84":211,"6653c83b":211,"c896052c":211,"a8edfe84":211,"2ed19b1e":211,"959e16ea":211,"02f76c64":211,"5c6d1f33":211,"b4801cae":211,"c3c2fd05":211,"f8c97147":211,"c2526ff3":211,"cc386067":211,"a22ffd8f":211,"3cd28a4d":211,"44a12c31":211,"45a961ca":211,"5ca978fd":211,"668e601b":211,"7552d86c":211,"02ebf3b6":211,"bb17a968":211,"4abcb85d":211,"cba26072":211,"2a718dcc":211,"c6a9a8e1":211,"88854fd0":211,"8dc27d2a":211,"41d7f05d":211,"2b851827":211,"287ecd1c":211,"f9376d3e":211,"07a94e8c":211,"bb017b49":211,"37b52fe4":211,"61ad1519":211,"819c4185":211,"ba69b06b":211,"7d2a2cb4":211,"4f62491c":211,"70b4c438":211,"71ed93db":211,"c92efaa8":211,"c241ac7e":211,"62a45672":211,"210e507a":211,"ac6e268b":211,"742238e8":211,"9f428a03":211,"4d504d96":211,"0533ece1":211,"bcee2ef3":211,"0afba00c":211,"04ff8100":211,"6c00d8d6":211,"ac9a02bc":211,"acfe69ed":211,"426603ff":211,"2db2f252":211,"2e84193b":211,"c55683c9":211,"51233daf":211,"02791635":211,"be081247":211,"5cc47d1b":211,"678b846f":211,"b4bd39d8":211,"b4cdbe5d":211,"fa0386f3":211,"b95d0f17":211,"cee9c347":211
1601327323412,"7800e7ce":212,"77869ff0":212,"4b8f7b16":212,"89f75690":212,"cb363e2f":212,"cd802f02":212,"d3cca7eb":212,"e866a899":212,"5690e712":212,"0b92d2a9":212,"070bed95":212,"67e5d108":212,"3d37b94b":212,"842c97c2":212,"c4cef92b":212,"0eecdc5b":212,"b7e495ea":212,"45ec63c0":212,"0ddfde2c":212,"a8b41774":212,"81f0da2d":212,"1fcc8ba4":212,"75a9c117":212,"12ba54ec":212,"be391c1a":212,"37d8a5b7":212,"d5ab81c4":212,"2ecde685":212,"f0bd52d3":212,"dcc20f76":212,"666a8ef0":212,"c5b609f1":212,"4dc5849a":212,"d605c755":212,"8a8c1d67":212,"cc6b3306":212,"8c2dfd9a":212,"f11267b9":212,"a483b15e":212,"f80ab49d":212,"95eaed39":212,"a5ba0ebb":212,"f53362a9":212,"1901ef7e":212,"960c2e6b":212,"3515e999":212,"d11f8f1b":212,"9d9eb027":212,"325f9a29":212,"503aafe5":212,"d5d94481":212,"ffe48500":212,"c7a45a33":212,"faffe099":212,"e99490cd":212,"3b830769":212,"583f0305":212,"1557c50a":212,"249e80ab":212,"f52a3d94":212,"eb74d3dd":212,"3bcbc28d":212,"3c0455e7":212,"df203c79":212,"df1e1ac0":212,"491708eb":212,"e421caaa":212,"2d2ecf27":212,"d38a4953":212,"eba5efdd":212,"a5463f93":212,"080d5d42":212,"5d03f5dc":212,"f0a01341":212,"1ee4d9f9":212,"0d6e45e7":212,"0da97151":212,"e829038c":212,"4987cfb5":212,"ba90687c":212,"77f2cf92":212,"037e2be4":212,"9e7dbd20":212,"0c086273":212,"ac13c3b0":212,"b4d9c57f":212,"5d53c964":212,"8ee9cc91":212,"4cc0af91":212,"55f6a2ba":212,"9559ea96":212,"9cb044bf":212,"c85ac4f8":212,"bc253f4f":212,"0d9d2bf8":212,"846b7f11":212,"d3411467":212,"1df0ce7f":212,"a08171d0":212,"c8bc5677":212,"dfca0518":212,"b9a21017":212,"e47705d3":212,"3cae4115":212,"0ccf4731":212,"c7c6782d":212,"54346574":212,"b12cbf87":212,"81942d9b":212,"699b90c1":212,"d9b5a7a8":212,"1e7914d2":212,"e5d8fdb2":212,"3412ab75":212,"bcac5daf":212,"62d028cc":212,"0af2cf39":212,"27491297":212,"d041ea86":212,"1eda11b2":212,"fc442678":212,"16b25add":212,"80ee333e":212,"3b329af2":212,"1cd662bf":212,"72992b35":212,"47589344":212,"593b1533":212,"e9f6e5ce":212,"ed6bead5":212,"96f594b9":212,"94dfcfc5":212,"8301986e":212,"830ecfec":212,"a8bae791":212,"312009ee":212,"c98759fd":212,"e8b6d676":212,"45ee5840":212,"76f04033":212,"43480b19":212,"fd955858":212,"69798d15":212,"efea71fa":212,"fb3aa867":212,"c9cf710b":212,"fcacdeb3":212,"0ea055ed":212,"e3b1bdf8":212,"644b45fb":212
1601327323613,"18c73816":212,"e491161e":212,"b5087677":212,"16f60bed":212,"cb0c3481":212,"7664512c":212,"df9a53b8":212,"f6c27b2b":212,"945f6c24":212,"f1daea7e":212,"b8fb90e3":212,"56227e35":212,"0d6bf22a":212,"b87321d0":212,"43205b5d":212,"8982905a":212,"f6fe1ad7":212,"230064fa":212,"764e0abb":212,"bba6d88e":212,"ea3479ec":212,"32266fa3":212,"50b090c3":212,"8be24763":212,"eb4800b2":212,"6e0ce9dc":212,"87d9bec4":212,"e30dfa0c":212,"6da34174":212,"bfb849fa":212,"0a10b423":212,"9ef7cee7":212,"49f1a0d1":212,"5f04aa76":212,"ba297382":212,"0287db2a":212,"96abe4a9":212,"753b10b1":212,"cf14bd99":212,"782022f4":212,"322e833f":212,"ab3619e4":212,"106006ad":212,"c8237be9":212,"1416e8f5":212,"dde2eed5":212,"a208caa8":212,"16605353":212,"77b39e15":212,"f1726edb":212,"590ce3d3":212,"1802d7ce":212,"0a49914b":212,"5d3f5cad":212,"cf347cba":212,"fc0c23f7":212,"641f9b9e":212,"c92edec5":212,"9f03c1e7":212,"06c24a8d":212,"2f35e75f":212,"3eddf7c8":212,"77970f8b":212,"efd594d5":212,"4718294d":212,"5352cf45":212,"e0ffe8ff":212,"ae14d6b5":212,"721f5f42":212,"0b50bca6":212,"bf2ca266":212,"5d8d9641":212,"0de67c6c":212,"2311399f":212,"5e3ebf5e":212,"9f6ca218":212,"6213799d":212,"44cb1fd2":212,"baf19c25":212,"24a79a6e":212,"edde30af":212,"4d949e11":212,"df12f689":212,"1da10cbf":212,"832c48e4":212,"dc90a44c":212,"1ad7c45b":212,"5566c17c":212,"86a22252":212,"0000dece":212,"ce5efdbe":212,"58ace2b5":212,"d379fd96":212,"7b819458":212,"7f8024cd":212,"ae562513":212,"7b66dacd":212,"9ab137d7":212,"7191d1cd":212,"005354dd":212,"92b72493":212,"d3e58903":212,"4481c4be":212,"7954891b":212,"4afd60a9":212,"d44c0ea3":212,"68f87858":212,"533bac6b":212,"41634dba":212,"43fd1327":212,"113e7f4b":212,"8cce569a":212,"ce6401b6":212,"6f57824c":212,"28bd7aa1":212,"1d52fb0d":212,"cde0d748":212,"535ed444":212,"710f0d0e":212,"0905f1fb":212,"a20e529c":212,"1ae76fcc":212,"35b161d3":212,"344cd1a3":212,"77ea1236":212,"96d2a118":212,"23a0e41f":212,"b32a1080":212,"a2c4b591":212,"6dfa57be":212,"1854ce44":212,"f92b22f1":212,"ece12664":212,"36f4ecde":212,"568a0d58":212,"5fd569d2":212,"10c8fd03":212,"bd4ccb49":212,"e773d697":212,"7e8c11e7":212,"077eb15a":212,"5337c279":212,"8d256cb6":212,"7021c619":212,"32ae00db":212,"bf2defb2":212,"bc733a28":212,"30d32d34":212,"886c16d3":212,"e8d09b62":212,"5b09e53e":212,"da5bb0f7":212,"6d925c84":212,"50b23ab2":212,"edfa56d4":212,"899c16eb":212,"41c76041":212,"6bb1fa99":212,"d73ff72e":212,"61c0ca91":212,"d2fda7be":212,"ce20ca3c":212,"1d2d958b":212,"3b3569f6":212,"b01ab62a":212,"76da16fa":212,"bffee581":212,"07150038":212,"81fb6a01":212,"7f5b27c8":212,"fb3444d9":212,"f05de640":212,"86a68967":212,"56cd4dca":212,"7f469f4c":212,"f92dedfc":212,"355d1489":212,"f96fc1af":212,"06713bac":212,"61aca924":212,"d97fb857":212,"59ff5ec6":212,"ef04e64e":212,"6e2d04de":212,"2fca1798":212,"05028839":212,"5488826c":212,"84fff5c1":212,"c649992d":212,"d5ad3ed6":212,"8e5f7187":212,"55ba7579":212,"b7769ca6":212,"9c27de51":212,"38a75b48":212,"1792bfa3":212,"426f1904":212,"7c0f1ca9":212,"b2f820ac":212,"25d4f65d":212,"eddb6a2a":212,"ff8a00aa":212,"c146560b":212,"985068e7":212,"d543ba6f":212
1601327324117,"080fa362":212,"7b6945ad":212,"a40d08e1":212,"cec79bc2":212,"d2eff358":212,"e70aebb5":212,"a488b2f1":212,"4caa87d6":212,"f7076e21":212,"69e653b6":212,"98d2991b":212,"3b411d6a":212,"83826ef3":212,"595609d5":212,"b47f1b89":212,"8e6caf71":212,"9a3433b8":212,"b89112cb":212,"66736d5e":212,"30de89a7":212,"06aaa33f":212,"320c65bf":212,"1fa1e7c2":212,"646af2b9":212,"659389ad":212,"240c8679":212,"0718c3be":212,"8b503f7b":212,"87a8523c":212,"c416baa6":212,"ae350a07":212,"680a32a6":212,"83ba647d":212,"cb0bd6b7":212,"8e426e39":212,"51909df8":212,"e22b0973":212,"23646ff9":212,"3abb827b":212,"0c73c293":212,"88929b06":212,"08c4692e":212,"5b2479ef":212,"1d882c36":212,"eb62e8f2":212,"f1e86522":212,"fa03f48f":212,"5298dafa":212,"25f7f918":212,"c5311ebb":212,"105bb3f6":212,"58de5462":212,"f01c896d":212,"1f2670d0":212,"962c9c8f":212,"aec0bf28":212,"a017a323":212,"8801c469":212,"b6281f1a":212,"48c6df81":212,"5e165f43":212,"f8785b71":212,"808bc372":212,"c792a7c1":212,"ab4a411a":212,"d7a4b24c":212,"5a7da061":212,"06a94514":212,"686d5c0b":212,"73c420df":212,"f15eb1c5":212,"0700da70":212,"71789493":212,"5ac72353":212,"ff591765":212,"93f12198":212,"d1b14d06":212,"f6c074a7":212,"62e270e5":212,"66b1b6d7":212,"ffd6849d":212,"962fca02":212,"b062adc4":212,"4aae5133":212,"75968179":212,"bc8bdc23":212,"63a3af32":212,"a71f3f70":212,"3fec4b0b":212,"faa3de3e":212,"1f7aa83c":212,"732d62ee":212,"44983d13":212,"80999122":212,"d4b0751c":212,"5b01444b":212,"72af9198":212,"79995b62":212,"e39e9552":212,"97160db8":212,"81c1b70d":212,"e72f0f82":212,"589f0d6e":212,"51b4016a":212,"88374b72":212,"fdfaf1ed":212,"46bf9112":212,"ea981bed":212,"092ad3d6":212,"bf940089":212,"5e197575":212,"e587c4d0":212,"01f34f98":212,"1670b0d3":212,"525b2635":212,"ec97d63e":212,"caa38a45":212,"94208a41":212,"a9987a58":212,"2cbcad17":212,"b6b8e5c7":212,"e82177d3":212,"4dccb5ca":212,"89914b94":212,"83268abf":212,"578c4c95":212,"04bdf5e1":212,"da8b42be":212,"c606b472":212,"3b0576bf":212,"9458934f":212,"1dcc489c":212,"945badf3":212,"1327775b":212,"bdd40125":212,"75fd47f7":212,"1c52a07e":212,"e70ccc25":212,"afd1494f":212,"ca6bffd3":212,"829c44a4":212,"e76e2617":212,"2b4fd52e":212,"57162572":212,"d1d50cfe":212,"272e7d0d":212,"f92596ee":212,"68831ea9":212,"9713d076":212,"fd098272":212,"6ee788a7":212,"8249641d":212,"45b0968f":212,"6a9bb182":212,"1f1afd4f":212,"9666b973":212,"653b27c7":212,"83b37fd6":212,"4d852788":212,"e43a9448":212,"3542b748":212,"379c53ab":212,"e396d80d":212,"7da61f27":212,"dc874a97":212,"85a220de":212,"40a7cdd2":212,"ac033c7b":212,"87759976":212,"4df3f62e":212,"c881a53e":212,"80c1c8b1":212,"cf52acd8":212,"a63cb4ce":212,"d3b3492b":212,"7580cfa4":212,"22a96386":212,"f7ffcbb8":212,"5728f934":212,"00b26865":212,"c333337d":212,"815c56bc":212,"5bd61a68":212,"8582c5cf":212,"0c353665":212,"231e8700":212,"25fb8826":212,"0dc5da58":212,"2874a625":212,"e61ae828":212,"f7ac3883":212,"ccd01528":212,"dab8cf68":212,"00f2a9cb":212,"916fe082":212,"b64dba8e":212,"c3bb30ce":212,"86219c70":212,"601990d8":212,"5c662c19":212,"d2a5d2fd":212,"89d220c2":212,"3e10c9cb":212,"5500a3e8":212,"3c0e87ac":212,"a891461f":212,"a246cdab":212,"117c7f0b":212,"0d21cf99":212,"14e6fe14":212,"37ec5e73":212,"bfff7913":212,"f8636899":212,"37724339":212,"d45d9727":212,"ee5ff2a3":212,"44322dfd":212,"295e4d1d":212,"8cf6570a":212,"403064a0":212,"1f9fbd85":212,"43f24679":212,"a1c0dfc4":212,"78f71162":212,"4b27a9a4":212,"163f4d19":212,"1d043d5a":212,"b2f82e06":212,"5b0b43e6":212,"b5474d69":212,"5a938eeb":212,"4fe0dedf":212,"951fc6d0":212,"61892a4c":212,"f096219e":212,"a3f0a6ec":212,"01051f84":212,"aa7e370d":212,"f995eeab":212,"4006e709":212,"5c672b50":212,"5df16440":212,"b666e56d":212,"8db378ff":212,"784d6375":212,"4541bf85":212,"a6b13f20":212,"2459c882":212,"3df97186":212,"ef0490de":212,"e0f47ced":212,"309bbf54":212,"cc537772":212,"6618390c":212,"99cc0813":212,"dc32c4e1":212,"239c636e":212,"6ee160ff":212,"c55d40ca":212,"22c177a8":212,"00ae883f":212,"f416ee62":212,"0d2b182d":212,"320754c3":212,"232b2f64":212,"3171b6e7":212,"3b25460f":212,"d2064756":212,"0dedf63e":212,"a9d5374b":212,"4321f02d":212,"089b3f8f":212,"7698d0dc":212,"784414ce":212,"2df3efdb":212,"312af46e":212,"b5a9f8c3":212,"fcbc0ae8":212,"2ff6b6a8":212,"66a71cc1":212,"bf4b58e4":212,"d0f1b7bd":212,"e7799883":212,"4f9456cf":212,"6e260ee8":212,"f4f84279":212,"b0950de5":212,"6f873999":212,"1f4e0e22":212,"60d69311":212,"3b09f1de":212,"b371f44a":212,"8b6180ff":212,"8819ac24":212,"dbbf7f69":212,"dfe4a061":212,"c2bf7d51":212,"781afef6":212,"de9229a0":212,"99a5feef":212,"f6266388":212,"e64fd39c":212,"e1b3ce36":212,"625fa164":212,"0c6ae551":212,"e8f4c1dd":212,"cede8b8c":212,"ad95ff4a":212,"a8edfe84":212,"2ed19b1e":212,"959e16ea":212,"02f76c64":212,"5c6d1f33":212,"b4801cae":212,"c3c2fd05":212,"f8c97147":212,"c2526ff3":212,"cc386067":212,"893a99c5":212,"d8bf32b5":212,"0eb42efe":212,"03c4ab87":212,"4e3d3af7":212,"3a4803a8":212,"f7a7de5d":212,"d4e56c3e":212,"0c045c2d":212,"8efd4801":212,"7eb8f268":212,"20236d3e":212,"36ae8cd8":212,"3ddd5391":212,"07f69c6d":212,"2254f0f5":212,"ea282e84":212,"6653c83b":212,"c896052c":212,"287ecd1c":212,"f9376d3e":212,"07a94e8c":212,"bb017b49":212,"37b52fe4":212,"61ad1519":212,"819c4185":212,"ba69b06b":212,"7d2a2cb4":212,"4f62491c":212,"70b4c438":212,"71ed93db":212,"c92efaa8":212,"c241ac7e":212,"62a45672":212,"210e507a":212,"ac6e268b":212,"742238e8":212,"a22ffd8f":212,"3cd28a4d":212,"44a12c31":212,"45a961ca":212,"5ca978fd":212,"668e601b":212,"7552d86c":212,"02ebf3b6":212,"bb17a968":212,"4abcb85d":212,"cba26072":212,"2a718dcc":212,"c6a9a8e1":212,"88854fd0":212,"8dc27d2a":212,"41d7f05d":212,"2b851827":212,"9f428a03":212,"4d504d96":212,"0533ece1":212,"bcee2ef3":212,"0afba00c":212,"04ff8100":212,"6c00d8d6":212,"ac9a02bc":212,"acfe69ed":212,"426603ff":212,"2db2f252":212,"2e84193b":212,"c55683c9":212,"51233daf":212,"02791635":212,"be081247":212,"5cc47d1b":212,"678b846f":212,"b4bd39d8":212,"b4cdbe5d":212,"fa0386f3":212,"b95d0f17":212,"cee9c347":212
1601327325164,"7800e7ce":213,"77869ff0":213,"4b8f7b16":213,"89f75690":213,"cb363e2f":213,"cd802f02":213,"d3cca7eb":213,"e866a899":213,"5690e712":213,"0b92d2a9":213,"070bed95":213,"67e5d108":213,"3d37b94b":213,"842c97c2":213,"c4cef92b":213,"0eecdc5b":213,"b7e495ea":213,"45ec63c0":213,"0ddfde2c":213,"a8b41774":213,"81f0da2d":213,"1fcc8ba4":213,"75a9c117":213,"12ba54ec":213,"be391c1a":213,"37d8a5b7":213,"d5ab81c4":213,"2ecde685":213,"f0bd52d3":213,"dcc20f76":213,"666a8ef0":213,"c5b609f1":213,"4dc5849a":213,"d605c755":213,"8a8c1d67":213,"cc6b3306":213,"8c2dfd9a":213,"f11267b9":213,"a483b15e":213,"f80ab49d":213,"95eaed39":213,"a5ba0ebb":213,"f53362a9":213,"1901ef7e":213,"960c2e6b":213,"3515e999":213,"d11f8f1b":213,"9d9eb027":213,"325f9a29":213,"503aafe5":213,"d5d94481":213,"ffe48500":213,"c7a45a33":213,"faffe099":213,"e99490cd":213,"3b830769":213,"583f0305":213,"1557c50a":213,"249e80ab":213,"f52a3d94":213,"080d5d42":213,"5d03f5dc":213,"f0a01341":213,"1ee4d9f9":213,"0d6e45e7":213,"0da97151":213,"e829038c":213
1601327325795,"eb74d3dd":213,"3bcbc28d":213,"3c0455e7":213,"df203c79":213,"df1e1ac0":213,"491708eb":213,"e421caaa":213,"2d2ecf27":213,"d38a4953":213,"eba5efdd":213,"a5463f93":213,"c85ac4f8":213,"bc253f4f":213,"0d9d2bf8":213,"846b7f11":213,"d3411467":213,"1df0ce7f":213,"a08171d0":213,"c8bc5677":213,"dfca0518":213,"b9a21017":213,"e47705d3":213,"3cae4115":213,"0ccf4731":213,"c7c6782d":213,"54346574":213,"b12cbf87":213,"81942d9b":213,"699b90c1":213,"d9b5a7a8":213,"1e7914d2":213,"e5d8fdb2":213,"3412ab75":213,"bcac5daf":213,"62d028cc":213,"0af2cf39":213,"27491297":213,"d041ea86":213,"1eda11b2":213,"fc442678":213,"18c73816":213,"e491161e":213,"b5087677":213,"16f60bed":213,"cb0c3481":213,"7664512c":213,"df9a53b8":213,"f6c27b2b":213,"4987cfb5":213,"ba90687c":213,"77f2cf92":213,"037e2be4":213,"9e7dbd20":213,"0c086273":213,"ac13c3b0":213,"b4d9c57f":213,"5d53c964":213,"8ee9cc91":213,"4cc0af91":213,"55f6a2ba":213,"9559ea96":213,"9cb044bf":213,"16b25add":213,"80ee333e":213,"3b329af2":213,"1cd662bf":213,"72992b35":213,"47589344":213,"593b1533":213,"e9f6e5ce":213,"ed6bead5":213,"96f594b9":213,"94dfcfc5":213,"8301986e":213,"830ecfec":213,"a8bae791":213,"312009ee":213,"c98759fd":213,"e8b6d676":213,"45ee5840":213,"76f04033":213,"43480b19":213,"fd955858":213,"69798d15":213,"efea71fa":213,"fb3aa867":213,"c9cf710b":213,"fcacdeb3":213,"945f6c24":213,"f1daea7e":213,"b8fb90e3":213,"56227e35":213,"0d6bf22a":213,"b87321d0":213,"43205b5d":213,"8982905a":213,"f6fe1ad7":213,"230064fa":213,"764e0abb":213,"bba6d88e":213,"ea3479ec":213,"32266fa3":213,"50b090c3":213,"8be24763":213,"eb4800b2":213,"6e0ce9dc":213,"87d9bec4":213,"e30dfa0c":213,"6da34174":213,"bfb849fa":213,"0a10b423":213,"9ef7cee7":213,"49f1a0d1":213,"5f04aa76":213,"ba297382":213,"0287db2a":213,"96abe4a9":213,"753b10b1":213,"cf14bd99":213,"782022f4":213,"322e833f":213,"0ea055ed":213,"e3b1bdf8":213,"644b45fb":213,"ab3619e4":213,"106006ad":213,"c8237be9":213,"1416e8f5":213,"dde2eed5":213,"a208caa8":213,"16605353":213,"77b39e15":213,"f1726edb":213,"92b72493":213,"d3e58903":213,"4481c4be":213,"7954891b":213,"4afd60a9":213,"d44c0ea3":213,"68f87858":213,"533bac6b":213,"41634dba":213,"43fd1327":213,"113e7f4b":213,"8cce569a":213,"ce6401b6":213,"6f57824c":213,"28bd7aa1":213,"1d52fb0d":213,"cde0d748":213,"535ed444":213,"710f0d0e":213,"0905f1fb":213,"a20e529c":213,"1ae76fcc":213,"35b161d3":213,"344cd1a3":213,"77ea1236":213,"96d2a118":213,"23a0e41f":213,"b32a1080":213,"a2c4b591":213,"6dfa57be":213,"1854ce44":213,"f92b22f1":213,"ece12664":213,"36f4ecde":213,"568a0d58":213,"5fd569d2":213,"10c8fd03":213,"bd4ccb49":213,"e773d697":213,"7e8c11e7":213,"077eb15a":213,"5337c279":213,"8d256cb6":213,"7021c619":213,"32ae00db":213,"bf2defb2":213,"bc733a28":213,"30d32d34":213,"886c16d3":213,"e8d09b62":213,"590ce3d3":213,"1802d7ce":213,"0a49914b":213,"5d3f5cad":213,"cf347cba":213,"fc0c23f7":213,"641f9b9e":213,"c92edec5":213,"9f03c1e7":213,"06c24a8d":213,"2f35e75f":213,"3eddf7c8":213,"77970f8b":213,"efd594d5":213,"4718294d":213,"5352cf45":213,"e0ffe8ff":213,"ae14d6b5":213,"721f5f42":213,"0b50bca6":213,"bf2ca266":213,"5d8d9641":213,"0de67c6c":213,"2311399f":213,"5e3ebf5e":213,"9f6ca218":213,"6213799d":213,"44cb1fd2":213,"baf19c25":213,"24a79a6e":213,"edde30af":213,"4d949e11":213,"df12f689":213,"1da10cbf":213,"832c48e4":213,"dc90a44c":213,"1ad7c45b":213,"5566c17c":213,"86a22252":213,"0000dece":213,"ce5efdbe":213,"58ace2b5":213,"d379fd96":213,"7b819458":213,"7f8024cd":213,"ae562513":213,"7b66dacd":213,"9ab137d7":213,"7191d1cd":213,"005354dd":213,"5b09e53e":213,"da5bb0f7":213,"6d925c84":213,"50b23ab2":213,"edfa56d4":213,"899c16eb":213,"41c76041":213,"6bb1fa99":213,"d73ff72e":213,"61c0ca91":213,"d2fda7be":213,"ce20ca3c":213,"1d2d958b":213,"81fb6a01":213,"7f5b27c8":213,"fb3444d9":213,"f05de640":213,"86a68967":213,"56cd4dca":213,"7f469f4c":213,"f92dedfc":213,"355d1489":213,"f96fc1af":213,"06713bac":213,"61aca924":213,"d97fb857":213,"59ff5ec6":213,"ef04e64e":213,"6e2d04de":213,"2fca1798":213,"05028839":213,"5488826c":213,"84fff5c1":213,"c649992d":213,"d5ad3ed6":213,"8e5f7187":213,"55ba7579":213,"b7769ca6":213,"3b3569f6":213,"b01ab62a":213,"76da16fa":213,"bffee581":213,"07150038":213,"080fa362":213,"7b6945ad":213,"a40d08e1":213,"cec79bc2":213,"d2eff358":213,"e70aebb5":213,"a488b2f1":213,"4caa87d6":213,"f7076e21":213,"69e653b6":213,"98d2991b":213,"3b411d6a":213,"83826ef3":213,"595609d5":213,"b47f1b89":213,"8e6caf71":213,"9a3433b8":213,"b89112cb":213,"66736d5e":213,"30de89a7":213,"9c27de51":213,"38a75b48":213,"1792bfa3":213,"426f1904":213,"7c0f1ca9":213,"b2f820ac":213,"25d4f65d":213,"eddb6a2a":213,"ff8a00aa":213,"c146560b":213,"985068e7":213,"d543ba6f":213
1601327326377,"06aaa33f":213,"320c65bf":213,"1fa1e7c2":213,"646af2b9":213,"659389ad":213,"240c8679":213,"0718c3be":213,"8b503f7b":213,"87a8523c":213,"c416baa6":213,"ae350a07":213,"680a32a6":213,"83ba647d":213,"cb0bd6b7":213,"8e426e39":213,"51909df8":213,"e22b0973":213,"23646ff9":213,"3abb827b":213,"0c73c293":213,"88929b06":213,"08c4692e":213,"5b2479ef":213,"1d882c36":213,"eb62e8f2":213,"f1e86522":213,"fa03f48f":213,"5298dafa":213,"25f7f918":213,"c5311ebb":213,"105bb3f6":213,"58de5462":213,"f01c896d":213,"1f2670d0":213,"962c9c8f":213,"aec0bf28":213,"a017a323":213,"8801c469":213,"b6281f1a":213,"48c6df81":213,"808bc372":213,"5e165f43":213,"c792a7c1":213,"f8785b71":213,"5a7da061":213,"06a94514":213,"ab4a411a":213,"73c420df":213,"d7a4b24c":213,"686d5c0b":213,"0700da70":213,"ff591765":213,"f15eb1c5":213,"93f12198":213,"71789493":213,"62e270e5":213,"5ac72353":213,"66b1b6d7":213,"d1b14d06":213,"f6c074a7":213,"b062adc4":213,"ffd6849d":213,"4aae5133":213,"962fca02":213,"63a3af32":213,"75968179":213,"3fec4b0b":213,"faa3de3e":213,"bc8bdc23":213,"44983d13":213,"a71f3f70":213,"1f7aa83c":213,"80999122":213,"732d62ee":213,"72af9198":213,"e39e9552":213,"d4b0751c":213,"81c1b70d":213,"5b01444b":213,"e72f0f82":213,"79995b62":213,"88374b72":213,"97160db8":213,"589f0d6e":213,"fdfaf1ed":213,"ea981bed":213,"51b4016a":213,"46bf9112":213,"5e197575":213,"e587c4d0":213,"092ad3d6":213,"bf940089":213,"525b2635":213,"caa38a45":213,"01f34f98":213,"a9987a58":213,"1670b0d3":213,"b6b8e5c7":213,"ec97d63e":213,"e82177d3":213,"94208a41":213,"89914b94":213,"2cbcad17":213,"4dccb5ca":213,"04bdf5e1":213,"83268abf":213,"da8b42be":213,"3b0576bf":213,"578c4c95":213,"c606b472":213,"9458934f":213,"1dcc489c":213,"945badf3":213,"1327775b":213,"bdd40125":213,"75fd47f7":213,"1c52a07e":213,"e70ccc25":213,"afd1494f":213,"ca6bffd3":213,"829c44a4":213,"e76e2617":213,"9666b973":213,"653b27c7":213,"83b37fd6":213,"2b4fd52e":213,"57162572":213,"d1d50cfe":213,"272e7d0d":213,"f92596ee":213,"68831ea9":213,"9713d076":213,"fd098272":213,"6ee788a7":213,"8249641d":213,"45b0968f":213,"6a9bb182":213,"1f1afd4f":213,"25fb8826":213,"0dc5da58":213,"2874a625":213,"e61ae828":213,"f7ac3883":213,"ccd01528":213,"dab8cf68":213,"00f2a9cb":213,"916fe082":213,"b64dba8e":213,"c3bb30ce":213,"86219c70":213,"601990d8":213,"5c662c19":213,"f7ffcbb8":213,"5728f934":213,"00b26865":213,"c333337d":213,"815c56bc":213,"5bd61a68":213,"8582c5cf":213,"0c353665":213,"231e8700":213,"1f9fbd85":213,"43f24679":213,"a1c0dfc4":213,"78f71162":213,"4b27a9a4":213,"163f4d19":213,"4d852788":213,"e43a9448":213,"3542b748":213,"379c53ab":213,"e396d80d":213,"7da61f27":213,"dc874a97":213,"85a220de":213,"40a7cdd2":213,"ac033c7b":213,"87759976":213,"4df3f62e":213,"c881a53e":213,"80c1c8b1":213,"cf52acd8":213,"a63cb4ce":213,"d3b3492b":213,"7580cfa4":213,"22a96386":213,"5c672b50":213,"5df16440":213,"b666e56d":213,"8db378ff":213,"784d6375":213,"4541bf85":213,"a6b13f20":213,"2459c882":213,"3df97186":213,"ef0490de":213,"e0f47ced":213,"309bbf54":213,"cc537772":213,"6618390c":213,"99cc0813":213,"dc32c4e1":213,"239c636e":213,"6ee160ff":213,"c55d40ca":213,"1d043d5a":213,"b2f82e06":213,"5b0b43e6":213,"b5474d69":213,"5a938eeb":213,"4fe0dedf":213,"951fc6d0":213,"61892a4c":213,"f096219e":213,"a3f0a6ec":213,"01051f84":213,"d2a5d2fd":213,"89d220c2":213,"3e10c9cb":213,"5500a3e8":213,"3c0e87ac":213,"a891461f":213,"a246cdab":213,"117c7f0b":213,"0d21cf99":213,"14e6fe14":213,"37ec5e73":213,"bfff7913":213,"f8636899":213,"37724339":213,"d45d9727":213,"ee5ff2a3":213,"44322dfd":213,"295e4d1d":213,"8cf6570a":213,"403064a0":213,"312af46e":213,"b5a9f8c3":213,"fcbc0ae8":213,"2ff6b6a8":213,"66a71cc1":213,"bf4b58e4":213,"aa7e370d":213,"f995eeab":213,"4006e709":213,"0dedf63e":213,"a9d5374b":213,"4321f02d":213,"089b3f8f":213,"7698d0dc":213,"784414ce":213,"2df3efdb":213,"d0f1b7bd":213,"e7799883":213,"4f9456cf":213,"6e260ee8":213,"f4f84279":213,"b0950de5":213,"6f873999":213,"1f4e0e22":213,"60d69311":213,"3b09f1de":213,"b371f44a":213,"22c177a8":213,"00ae883f":213,"f416ee62":213,"0d2b182d":213,"320754c3":213,"232b2f64":213,"3171b6e7":213,"3b25460f":213,"d2064756":213,"8b6180ff":213,"8819ac24":213,"dbbf7f69":213,"dfe4a061":213,"c2bf7d51":213,"781afef6":213,"de9229a0":213,"99a5feef":213,"f6266388":213,"e64fd39c":213,"e1b3ce36":213,"625fa164":213,"0c6ae551":213,"e8f4c1dd":213,"cede8b8c":213,"ad95ff4a":213,"893a99c5":213,"d8bf32b5":213,"0eb42efe":213,"03c4ab87":213,"4e3d3af7":213,"3a4803a8":213,"f7a7de5d":213,"d4e56c3e":213,"0c045c2d":213,"8efd4801":213,"7eb8f268":213,"20236d3e":213,"36ae8cd8":213,"3ddd5391":213,"07f69c6d":213,"2254f0f5":213,"ea282e84":213,"6653c83b":213,"c896052c":213,"287ecd1c":213,"f9376d3e":213,"07a94e8c":213,"a8edfe84":213,"2ed19b1e":213,"959e16ea":213,"02f76c64":213,"5c6d1f33":213,"b4801cae":213,"c3c2fd05":213,"f8c97147":213,"c2526ff3":213,"cc386067":213,"a22ffd8f":213,"3cd28a4d":213,"44a12c31":213,"45a961ca":213,"5ca978fd":213,"668e601b":213,"7552d86c":213,"02ebf3b6":213,"bb17a968":213,"4abcb85d":213,"cba26072":213,"2a718dcc":213,"c6a9a8e1":213,"88854fd0":213,"8dc27d2a":213,"41d7f05d":213,"2b851827":213,"9f428a03":213,"4d504d96":213,"bb017b49":213,"37b52fe4":213,"61ad1519":213,"819c4185":213,"ba69b06b":213,"7d2a2cb4":213,"4f62491c":213,"70b4c438":213,"71ed93db":213,"c92efaa8":213,"c241ac7e":213,"62a45672":213,"210e507a":213,"ac6e268b":213,"742238e8":213,"0533ece1":213,"bcee2ef3":213,"0afba00c":213,"04ff8100":213,"6c00d8d6":213,"ac9a02bc":213,"acfe69ed":213,"426603ff":213,"2db2f252":213,"2e84193b":213,"c55683c9":213,"51233daf":213,"02791635":213,"be081247":213,"5cc47d1b":213,"678b846f":213,"b4bd39d8":213,"b4cdbe5d":213,"fa0386f3":213,"b95d0f17":213,"cee9c347":213
1601327326790,"7800e7ce":214
1601327327237,"d5d94481":214,"ffe48500":214,"c7a45a33":214,"faffe099":214,"e99490cd":214,"3b830769":214,"583f0305":214,"1557c50a":214,"249e80ab":214,"f52a3d94":214,"eb74d3dd":214,"3bcbc28d":214,"3c0455e7":214,"df203c79":214,"df1e1ac0":214,"491708eb":214,"e421caaa":214,"2d2ecf27":214,"d38a4953":214,"77869ff0":214,"4b8f7b16":214,"89f75690":214,"cb363e2f":214,"cd802f02":214,"d3cca7eb":214,"e866a899":214,"5690e712":214,"0b92d2a9":214,"070bed95":214,"67e5d108":214,"3d37b94b":214,"842c97c2":214,"c4cef92b":214,"0eecdc5b":214,"b7e495ea":214,"45ec63c0":214,"0ddfde2c":214,"a8b41774":214,"81f0da2d":214,"1fcc8ba4":214,"75a9c117":214,"12ba54ec":214,"be391c1a":214,"37d8a5b7":214,"d5ab81c4":214,"2ecde685":214,"f0bd52d3":214,"dcc20f76":214,"666a8ef0":214,"c5b609f1":214,"4dc5849a":214,"d605c755":214,"8a8c1d67":214,"cc6b3306":214,"8c2dfd9a":214,"f11267b9":214,"a483b15e":214,"f80ab49d":214,"eba5efdd":214,"a5463f93":214,"c85ac4f8":214,"bc253f4f":214,"0d9d2bf8":214,"846b7f11":214,"d3411467":214,"1df0ce7f":214,"a08171d0":214,"c8bc5677":214,"dfca0518":214,"b9a21017":214,"e47705d3":214,"3cae4115":214,"0ccf4731":214,"c7c6782d":214,"54346574":214,"b12cbf87":214,"81942d9b":214,"699b90c1":214,"d9b5a7a8":214,"1e7914d2":214,"e5d8fdb2":214,"3412ab75":214,"bcac5daf":214,"62d028cc":214,"0af2cf39":214,"27491297":214,"d041ea86":214,"1eda11b2":214,"fc442678":214,"95eaed39":214,"a5ba0ebb":214,"f53362a9":214,"1901ef7e":214,"960c2e6b":214,"3515e999":214,"d11f8f1b":214,"9d9eb027":214,"325f9a29":214,"503aafe5":214,"080d5d42":214,"5d03f5dc":214,"f0a01341":214,"1ee4d9f9":214,"0d6e45e7":214,"0da97151":214,"e829038c":214,"4987cfb5":214,"ba90687c":214,"77f2cf92":214,"037e2be4":214,"9e7dbd20":214,"0c086273":214,"ac13c3b0":214,"b4d9c57f":214,"5d53c964":214,"8ee9cc91":214,"4cc0af91":214,"55f6a2ba":214,"9559ea96":214,"9cb044bf":214,"16b25add":214,"80ee333e":214,"3b329af2":214,"1cd662bf":214,"72992b35":214,"47589344":214,"593b1533":214,"e9f6e5ce":214,"ed6bead5":214,"96f594b9":214,"94dfcfc5":214,"8301986e":214,"830ecfec":214,"a8bae791":214,"312009ee":214,"c98759fd":214,"e8b6d676":214,"45ee5840":214,"76f04033":214,"43480b19":214,"fd955858":214,"69798d15":214,"efea71fa":214,"fb3aa867":214,"c9cf710b":214,"fcacdeb3":214,"0ea055ed":214,"e3b1bdf8":214,"644b45fb":214,"18c73816":214,"e491161e":214,"b5087677":214,"16f60bed":214,"cb0c3481":214,"7664512c":214,"df9a53b8":214,"f6c27b2b":214,"945f6c24":214,"f1daea7e":214,"b8fb90e3":214,"56227e35":214,"0d6bf22a":214,"b87321d0":214,"43205b5d":214,"8982905a":214,"f6fe1ad7":214,"230064fa":214,"764e0abb":214,"bba6d88e":214,"ea3479ec":214,"32266fa3":214,"50b090c3":214,"8be24763":214,"eb4800b2":214,"6e0ce9dc":214,"87d9bec4":214,"e30dfa0c":214,"6da34174":214,"bfb849fa":214,"0a10b423":214,"9ef7cee7":214,"49f1a0d1":214,"5f04aa76":214,"ba297382":214,"0287db2a":214,"96abe4a9":214,"753b10b1":214,"cf14bd99":214,"782022f4":214,"322e833f":214,"ab3619e4":214,"106006ad":214,"c8237be9":214,"1416e8f5":214,"dde2eed5":214,"a208caa8":214,"16605353":214,"77b39e15":214,"f1726edb":214
1601327327818,"92b72493":214,"d3e58903":214,"4481c4be":214,"7954891b":214,"4afd60a9":214,"d44c0ea3":214,"68f87858":214,"533bac6b":214,"41634dba":214,"43fd1327":214,"113e7f4b":214,"8cce569a":214,"ce6401b6":214,"6f57824c":214,"28bd7aa1":214,"1d52fb0d":214,"cde0d748":214,"535ed444":214,"710f0d0e":214,"0905f1fb":214,"a20e529c":214,"1ae76fcc":214,"35b161d3":214,"344cd1a3":214,"77ea1236":214,"96d2a118":214,"23a0e41f":214,"b32a1080":214,"a2c4b591":214,"6dfa57be":214,"1854ce44":214,"f92b22f1":214,"ece12664":214,"36f4ecde":214,"568a0d58":214,"5fd569d2":214,"10c8fd03":214,"bd4ccb49":214,"e773d697":214,"7e8c11e7":214,"590ce3d3":214,"1802d7ce":214,"0a49914b":214,"5d3f5cad":214,"cf347cba":214,"fc0c23f7":214,"641f9b9e":214,"c92edec5":214,"9f03c1e7":214,"06c24a8d":214,"2f35e75f":214,"3eddf7c8":214,"77970f8b":214,"efd594d5":214,"4718294d":214,"5352cf45":214,"e0ffe8ff":214,"ae14d6b5":214,"721f5f42":214,"0b50bca6":214,"bf2ca266":214,"5d8d9641":214,"0de67c6c":214,"2311399f":214,"5b09e53e":214,"da5bb0f7":214,"6d925c84":214,"50b23ab2":214,"edfa56d4":214,"899c16eb":214,"41c76041":214,"6bb1fa99":214,"d73ff72e":214,"61c0ca91":214,"d2fda7be":214,"ce20ca3c":214,"1d2d958b":214,"81fb6a01":214,"7f5b27c8":214,"fb3444d9":214,"f05de640":214,"86a68967":214,"56cd4dca":214,"7f469f4c":214,"f92dedfc":214,"355d1489":214,"f96fc1af":214,"06713bac":214,"61aca924":214,"d97fb857":214,"59ff5ec6":214,"077eb15a":214,"5337c279":214,"8d256cb6":214,"7021c619":214,"32ae00db":214,"bf2defb2":214,"bc733a28":214,"30d32d34":214,"886c16d3":214,"e8d09b62":214,"ef04e64e":214,"6e2d04de":214,"2fca1798":214,"05028839":214,"5488826c":214,"84fff5c1":214,"c649992d":214,"d5ad3ed6":214,"5e3ebf5e":214,"9f6ca218":214,"6213799d":214,"44cb1fd2":214,"baf19c25":214,"24a79a6e":214,"edde30af":214,"4d949e11":214,"df12f689":214,"1da10cbf":214,"832c48e4":214,"dc90a44c":214,"1ad7c45b":214,"5566c17c":214,"86a22252":214,"0000dece":214,"ce5efdbe":214,"58ace2b5":214,"d379fd96":214,"7b819458":214,"7f8024cd":214,"ae562513":214,"7b66dacd":214,"9ab137d7":214,"7191d1cd":214,"005354dd":214,"8e5f7187":214,"55ba7579":214,"b7769ca6":214,"9c27de51":214,"38a75b48":214,"1792bfa3":214,"426f1904":214,"7c0f1ca9":214,"b2f820ac":214,"25d4f65d":214,"eddb6a2a":214,"ff8a00aa":214,"c146560b":214,"985068e7":214,"d543ba6f":214,"3b3569f6":214,"b01ab62a":214,"76da16fa":214,"bffee581":214,"07150038":214,"080fa362":214,"7b6945ad":214,"a40d08e1":214,"cec79bc2":214,"d2eff358":214,"e70aebb5":214,"a488b2f1":214,"4caa87d6":214,"f7076e21":214,"69e653b6":214,"98d2991b":214,"3b411d6a":214,"83826ef3":214,"595609d5":214,"b47f1b89":214,"8e6caf71":214,"9a3433b8":214,"b89112cb":214,"66736d5e":214,"30de89a7":214,"06aaa33f":214,"320c65bf":214,"1fa1e7c2":214,"646af2b9":214,"659389ad":214,"240c8679":214,"0718c3be":214,"8b503f7b":214,"87a8523c":214,"c416baa6":214,"ae350a07":214,"680a32a6":214,"83ba647d":214,"cb0bd6b7":214,"8e426e39":214,"51909df8":214,"e22b0973":214,"23646ff9":214,"3abb827b":214,"0c73c293":214,"88929b06":214,"08c4692e":214,"5b2479ef":214,"1d882c36":214,"eb62e8f2":214,"f1e86522":214,"fa03f48f":214,"5298dafa":214,"25f7f918":214,"c5311ebb":214,"105bb3f6":214,"58de5462":214,"f01c896d":214,"1f2670d0":214,"962c9c8f":214,"aec0bf28":214,"a017a323":214,"808bc372":214,"8801c469":214,"c792a7c1":214,"5a7da061":214,"b6281f1a":214,"06a94514":214,"48c6df81":214,"5e165f43":214,"73c420df":214,"f8785b71":214,"0700da70":214,"ab4a411a":214,"ff591765":214,"d7a4b24c":214,"93f12198":214,"686d5c0b":214,"62e270e5":214,"66b1b6d7":214,"f15eb1c5":214,"71789493":214,"b062adc4":214,"5ac72353":214,"4aae5133":214,"d1b14d06":214,"63a3af32":214,"f6c074a7":214,"3fec4b0b":214,"ffd6849d":214,"faa3de3e":214,"44983d13":214,"962fca02":214,"80999122":214,"75968179":214,"bc8bdc23":214,"72af9198":214,"e39e9552":214,"a71f3f70":214,"81c1b70d":214,"1f7aa83c":214,"e72f0f82":214,"732d62ee":214,"88374b72":214,"d4b0751c":214,"5b01444b":214,"fdfaf1ed":214,"79995b62":214,"ea981bed":214,"97160db8":214,"5e197575":214,"589f0d6e":214,"e587c4d0":214,"51b4016a":214,"525b2635":214,"46bf9112":214,"caa38a45":214,"092ad3d6":214,"a9987a58":214,"b6b8e5c7":214,"bf940089":214,"e82177d3":214,"01f34f98":214,"1670b0d3":214,"89914b94":214,"ec97d63e":214,"04bdf5e1":214,"94208a41":214,"da8b42be":214,"2cbcad17":214,"3b0576bf":214,"4dccb5ca":214,"9458934f":214,"1dcc489c":214,"83268abf":214,"578c4c95":214,"945badf3":214,"1327775b":214,"c606b472":214,"bdd40125":214,"75fd47f7":214,"1c52a07e":214,"e70ccc25":214,"afd1494f":214,"ca6bffd3":214,"829c44a4":214,"e76e2617":214,"2b4fd52e":214,"57162572":214,"d1d50cfe":214,"9666b973":214,"653b27c7":214,"83b37fd6":214,"4d852788":214,"e43a9448":214,"3542b748":214,"379c53ab":214,"e396d80d":214,"7da61f27":214,"dc874a97":214,"85a220de":214,"40a7cdd2":214,"ac033c7b":214,"87759976":214,"4df3f62e":214,"c881a53e":214,"80c1c8b1":214,"cf52acd8":214,"a63cb4ce":214,"d3b3492b":214,"7580cfa4":214,"22a96386":214,"5c672b50":214,"5df16440":214,"b666e56d":214,"8db378ff":214,"784d6375":214,"4541bf85":214,"a6b13f20":214,"2459c882":214,"3df97186":214,"ef0490de":214,"e0f47ced":214,"309bbf54":214,"cc537772":214,"6618390c":214,"99cc0813":214,"dc32c4e1":214,"239c636e":214,"6ee160ff":214,"272e7d0d":214,"f92596ee":214,"68831ea9":214,"9713d076":214,"fd098272":214,"6ee788a7":214,"8249641d":214,"45b0968f":214,"6a9bb182":214,"1f1afd4f":214,"c55d40ca":214,"22c177a8":214,"00ae883f":214,"f416ee62":214,"0d2b182d":214,"320754c3":214,"232b2f64":214,"3171b6e7":214,"3b25460f":214,"d2064756":214,"25fb8826":214,"0dc5da58":214,"2874a625":214,"e61ae828":214,"f7ac3883":214,"ccd01528":214,"dab8cf68":214,"00f2a9cb":214,"916fe082":214,"b64dba8e":214,"c3bb30ce":214,"86219c70":214,"601990d8":214,"5c662c19":214,"d2a5d2fd":214,"89d220c2":214,"3e10c9cb":214,"5500a3e8":214,"3c0e87ac":214,"a891461f":214,"a246cdab":214,"117c7f0b":214,"0d21cf99":214,"14e6fe14":214,"37ec5e73":214,"bfff7913":214,"f8636899":214,"37724339":214,"d45d9727":214,"ee5ff2a3":214,"44322dfd":214,"295e4d1d":214,"8cf6570a":214,"403064a0":214,"312af46e":214,"b5a9f8c3":214,"fcbc0ae8":214
1601327328628,"f7ffcbb8":214,"5728f934":214,"00b26865":214,"c333337d":214,"815c56bc":214,"5bd61a68":214,"8582c5cf":214,"0c353665":214,"231e8700":214,"1f9fbd85":214,"43f24679":214,"a1c0dfc4":214,"78f71162":214,"4b27a9a4":214,"163f4d19":214,"1d043d5a":214,"2ff6b6a8":214,"66a71cc1":214,"bf4b58e4":214,"b2f82e06":214,"5b0b43e6":214,"b5474d69":214,"5a938eeb":214,"4fe0dedf":214,"951fc6d0":214,"61892a4c":214,"f096219e":214,"a3f0a6ec":214,"01051f84":214,"aa7e370d":214,"f995eeab":214,"4006e709":214,"0dedf63e":214,"a9d5374b":214,"4321f02d":214,"089b3f8f":214,"7698d0dc":214,"784414ce":214,"2df3efdb":214,"d0f1b7bd":214,"e7799883":214,"4f9456cf":214,"6e260ee8":214,"f4f84279":214,"b0950de5":214,"6f873999":214,"1f4e0e22":214,"60d69311":214,"3b09f1de":214,"b371f44a":214,"8b6180ff":214,"8819ac24":214,"dbbf7f69":214,"a8edfe84":214,"2ed19b1e":214,"959e16ea":214,"02f76c64":214,"5c6d1f33":214,"b4801cae":214,"c3c2fd05":214,"f8c97147":214,"c2526ff3":214,"dfe4a061":214,"c2bf7d51":214,"781afef6":214,"de9229a0":214,"99a5feef":214,"f6266388":214,"e64fd39c":214,"cc386067":214,"a22ffd8f":214,"3cd28a4d":214,"44a12c31":214,"45a961ca":214,"5ca978fd":214,"668e601b":214,"7552d86c":214,"02ebf3b6":214,"bb17a968":214,"4abcb85d":214,"cba26072":214,"2a718dcc":214,"c6a9a8e1":214,"88854fd0":214,"8dc27d2a":214,"41d7f05d":214,"2b851827":214,"9f428a03":214,"4d504d96":214,"0533ece1":214,"bcee2ef3":214,"0afba00c":214,"04ff8100":214,"6c00d8d6":214,"ac9a02bc":214,"acfe69ed":214,"426603ff":214,"2db2f252":214,"2e84193b":214,"c55683c9":214,"51233daf":214,"02791635":214,"be081247":214,"5cc47d1b":214,"678b846f":214,"b4bd39d8":214,"b4cdbe5d":214,"fa0386f3":214,"b95d0f17":214,"cee9c347":214,"e1b3ce36":214,"625fa164":214,"0c6ae551":214,"e8f4c1dd":214,"cede8b8c":214,"ad95ff4a":214,"893a99c5":214,"d8bf32b5":214,"0eb42efe":214,"03c4ab87":214,"4e3d3af7":214,"3a4803a8":214,"f7a7de5d":214,"d4e56c3e":214,"0c045c2d":214,"8efd4801":214,"7eb8f268":214,"20236d3e":214,"36ae8cd8":214,"3ddd5391":214,"07f69c6d":214,"2254f0f5":214,"ea282e84":214,"6653c83b":214,"c896052c":214,"287ecd1c":214,"f9376d3e":214,"07a94e8c":214,"bb017b49":214,"37b52fe4":214,"61ad1519":214,"819c4185":214,"ba69b06b":214,"7d2a2cb4":214,"4f62491c":214,"70b4c438":214,"71ed93db":214,"c92efaa8":214,"c241ac7e":214,"62a45672":214,"210e507a":214,"ac6e268b":214,"742238e8":214
1601327328878,"7800e7ce":215,"77869ff0":215,"4b8f7b16":215,"89f75690":215,"cb363e2f":215,"cd802f02":215,"d3cca7eb":215,"e866a899":215,"5690e712":215,"0b92d2a9":215,"070bed95":215,"67e5d108":215,"3d37b94b":215,"842c97c2":215,"c4cef92b":215,"0eecdc5b":215,"b7e495ea":215,"45ec63c0":215,"0ddfde2c":215,"a8b41774":215,"81f0da2d":215,"1fcc8ba4":215,"75a9c117":215,"12ba54ec":215,"be391c1a":215,"37d8a5b7":215,"d5ab81c4":215,"2ecde685":215,"d5d94481":215,"ffe48500":215,"c7a45a33":215,"faffe099":215,"e99490cd":215,"3b830769":215,"583f0305":215,"1557c50a":215,"249e80ab":215,"f52a3d94":215,"eb74d3dd":215,"3bcbc28d":215,"3c0455e7":215,"df203c79":215,"df1e1ac0":215,"491708eb":215,"e421caaa":215,"2d2ecf27":215,"d38a4953":215,"eba5efdd":215,"a5463f93":215,"f0bd52d3":215,"dcc20f76":215,"666a8ef0":215,"c5b609f1":215,"4dc5849a":215,"d605c755":215,"8a8c1d67":215,"cc6b3306":215,"8c2dfd9a":215,"f11267b9":215,"a483b15e":215,"f80ab49d":215,"95eaed39":215,"a5ba0ebb":215,"f53362a9":215,"1901ef7e":215,"960c2e6b":215,"3515e999":215,"d11f8f1b":215,"9d9eb027":215,"325f9a29":215,"503aafe5":215,"c85ac4f8":215,"bc253f4f":215,"0d9d2bf8":215,"846b7f11":215,"d3411467":215,"1df0ce7f":215,"a08171d0":215,"c8bc5677":215,"dfca0518":215,"b9a21017":215,"e47705d3":215,"3cae4115":215,"0ccf4731":215,"c7c6782d":215,"54346574":215,"b12cbf87":215,"81942d9b":215,"699b90c1":215,"d9b5a7a8":215,"1e7914d2":215,"e5d8fdb2":215,"3412ab75":215,"bcac5daf":215,"62d028cc":215,"0af2cf39":215,"27491297":215,"d041ea86":215,"1eda11b2":215,"fc442678":215
1601327329730,"080d5d42":215,"5d03f5dc":215,"f0a01341":215,"1ee4d9f9":215,"0d6e45e7":215,"0da97151":215,"e829038c":215,"4987cfb5":215,"ba90687c":215,"77f2cf92":215,"037e2be4":215,"9e7dbd20":215,"0c086273":215,"ac13c3b0":215,"b4d9c57f":215,"5d53c964":215,"8ee9cc91":215,"4cc0af91":215,"55f6a2ba":215,"9559ea96":215,"9cb044bf":215,"16b25add":215,"80ee333e":215,"3b329af2":215,"1cd662bf":215,"72992b35":215,"47589344":215,"593b1533":215,"e9f6e5ce":215,"ed6bead5":215,"96f594b9":215,"94dfcfc5":215,"8301986e":215,"830ecfec":215,"a8bae791":215,"312009ee":215,"c98759fd":215,"e8b6d676":215,"45ee5840":215,"76f04033":215,"43480b19":215,"fd955858":215,"69798d15":215,"efea71fa":215,"fb3aa867":215,"c9cf710b":215,"fcacdeb3":215,"0ea055ed":215,"e3b1bdf8":215,"644b45fb":215,"18c73816":215,"e491161e":215,"b5087677":215,"16f60bed":215,"cb0c3481":215,"7664512c":215,"df9a53b8":215,"f6c27b2b":215,"945f6c24":215,"f1daea7e":215,"b8fb90e3":215,"56227e35":215,"0d6bf22a":215,"b87321d0":215,"43205b5d":215,"8982905a":215,"f6fe1ad7":215,"230064fa":215,"764e0abb":215,"bba6d88e":215,"ea3479ec":215,"32266fa3":215,"50b090c3":215,"8be24763":215,"eb4800b2":215,"6e0ce9dc":215,"87d9bec4":215,"e30dfa0c":215,"6da34174":215,"bfb849fa":215,"0a10b423":215,"9ef7cee7":215,"49f1a0d1":215,"5f04aa76":215,"ba297382":215,"0287db2a":215,"96abe4a9":215,"753b10b1":215,"cf14bd99":215,"782022f4":215,"322e833f":215,"ab3619e4":215,"106006ad":215,"c8237be9":215,"1416e8f5":215,"dde2eed5":215,"a208caa8":215,"16605353":215,"77b39e15":215,"f1726edb":215,"92b72493":215,"d3e58903":215,"4481c4be":215,"7954891b":215,"4afd60a9":215,"d44c0ea3":215,"68f87858":215,"533bac6b":215,"41634dba":215,"43fd1327":215,"113e7f4b":215,"8cce569a":215,"ce6401b6":215,"6f57824c":215,"28bd7aa1":215,"1d52fb0d":215,"cde0d748":215,"535ed444":215,"710f0d0e":215,"0905f1fb":215,"a20e529c":215,"1ae76fcc":215,"35b161d3":215,"344cd1a3":215,"77ea1236":215,"96d2a118":215,"23a0e41f":215,"590ce3d3":215,"1802d7ce":215,"0a49914b":215,"5d3f5cad":215,"cf347cba":215,"fc0c23f7":215,"641f9b9e":215,"c92edec5":215,"9f03c1e7":215,"06c24a8d":215,"5b09e53e":215,"da5bb0f7":215,"6d925c84":215,"50b23ab2":215,"edfa56d4":215,"899c16eb":215,"41c76041":215,"6bb1fa99":215,"d73ff72e":215,"61c0ca91":215,"d2fda7be":215,"ce20ca3c":215,"1d2d958b":215,"81fb6a01":215,"7f5b27c8":215,"fb3444d9":215,"f05de640":215,"86a68967":215,"56cd4dca":215,"7f469f4c":215,"f92dedfc":215,"355d1489":215,"b32a1080":215,"a2c4b591":215,"6dfa57be":215,"1854ce44":215,"f92b22f1":215,"ece12664":215,"36f4ecde":215,"568a0d58":215,"5fd569d2":215,"10c8fd03":215,"bd4ccb49":215,"e773d697":215,"7e8c11e7":215,"077eb15a":215,"5337c279":215,"8d256cb6":215,"7021c619":215,"32ae00db":215,"bf2defb2":215,"bc733a28":215,"30d32d34":215,"886c16d3":215,"e8d09b62":215,"f96fc1af":215,"06713bac":215,"61aca924":215,"d97fb857":215,"2f35e75f":215,"3eddf7c8":215,"77970f8b":215,"efd594d5":215,"4718294d":215,"5352cf45":215,"e0ffe8ff":215,"ae14d6b5":215,"721f5f42":215,"0b50bca6":215,"bf2ca266":215,"5d8d9641":215,"0de67c6c":215,"2311399f":215,"5e3ebf5e":215,"9f6ca218":215,"6213799d":215,"44cb1fd2":215,"baf19c25":215,"24a79a6e":215,"edde30af":215,"4d949e11":215,"df12f689":215,"1da10cbf":215,"832c48e4":215,"dc90a44c":215,"1ad7c45b":215,"5566c17c":215,"86a22252":215,"0000dece":215,"ce5efdbe":215,"58ace2b5":215,"d379fd96":215,"7b819458":215,"7f8024cd":215,"59ff5ec6":215,"ef04e64e":215,"6e2d04de":215,"2fca1798":215,"05028839":215,"5488826c":215,"84fff5c1":215,"c649992d":215,"d5ad3ed6":215,"8e5f7187":215,"55ba7579":215,"b7769ca6":215,"9c27de51":215,"38a75b48":215,"1792bfa3":215,"426f1904":215,"7c0f1ca9":215,"b2f820ac":215,"25d4f65d":215,"eddb6a2a":215,"ff8a00aa":215,"c146560b":215,"985068e7":215,"d543ba6f":215,"ae562513":215,"7b66dacd":215,"9ab137d7":215,"7191d1cd":215,"005354dd":215,"3b3569f6":215,"b01ab62a":215,"76da16fa":215,"bffee581":215,"07150038":215,"080fa362":215,"7b6945ad":215,"a40d08e1":215,"cec79bc2":215,"d2eff358":215,"e70aebb5":215,"a488b2f1":215,"4caa87d6":215,"f7076e21":215,"69e653b6":215,"98d2991b":215,"3b411d6a":215,"83826ef3":215,"595609d5":215,"b47f1b89":215,"8e6caf71":215,"9a3433b8":215,"b89112cb":215,"66736d5e":215,"30de89a7":215,"06aaa33f":215,"320c65bf":215,"1fa1e7c2":215,"646af2b9":215,"659389ad":215,"240c8679":215,"0718c3be":215,"8b503f7b":215,"87a8523c":215,"c416baa6":215
1601327330650,"ae350a07":215,"680a32a6":215,"83ba647d":215,"cb0bd6b7":215,"8e426e39":215,"51909df8":215,"e22b0973":215,"23646ff9":215,"3abb827b":215,"0c73c293":215,"88929b06":215,"08c4692e":215,"5b2479ef":215,"1d882c36":215,"eb62e8f2":215,"f1e86522":215,"fa03f48f":215,"5298dafa":215,"25f7f918":215,"c5311ebb":215,"105bb3f6":215,"58de5462":215,"f01c896d":215,"1f2670d0":215,"962c9c8f":215,"aec0bf28":215,"a017a323":215,"8801c469":215,"b6281f1a":215,"48c6df81":215,"5e165f43":215,"f8785b71":215,"808bc372":215,"ab4a411a":215,"c792a7c1":215,"d7a4b24c":215,"5a7da061":215,"686d5c0b":215,"06a94514":215,"f15eb1c5":215,"71789493":215,"73c420df":215,"0700da70":215,"5ac72353":215,"ff591765":215,"d1b14d06":215,"f6c074a7":215,"93f12198":215,"ffd6849d":215,"62e270e5":215,"66b1b6d7":215,"962fca02":215,"b062adc4":215,"75968179":215,"4aae5133":215,"bc8bdc23":215,"63a3af32":215,"a71f3f70":215,"3fec4b0b":215,"1f7aa83c":215,"faa3de3e":215,"732d62ee":215,"44983d13":215,"d4b0751c":215,"5b01444b":215,"80999122":215,"79995b62":215,"72af9198":215,"e39e9552":215,"97160db8":215,"81c1b70d":215,"589f0d6e":215,"51b4016a":215,"e72f0f82":215,"88374b72":215,"46bf9112":215,"092ad3d6":215,"fdfaf1ed":215,"ea981bed":215,"bf940089":215,"01f34f98":215,"5e197575":215,"1670b0d3":215,"e587c4d0":215,"ec97d63e":215,"525b2635":215,"caa38a45":215,"94208a41":215,"a9987a58":215,"2cbcad17":215,"b6b8e5c7":215,"4dccb5ca":215,"83268abf":215,"e82177d3":215,"89914b94":215,"578c4c95":215,"04bdf5e1":215,"c606b472":215,"da8b42be":215,"3b0576bf":215,"9458934f":215,"1dcc489c":215,"945badf3":215,"1327775b":215,"bdd40125":215,"75fd47f7":215,"1c52a07e":215,"e70ccc25":215,"afd1494f":215,"ca6bffd3":215,"829c44a4":215,"e76e2617":215,"2b4fd52e":215,"57162572":215,"d1d50cfe":215,"9666b973":215,"653b27c7":215,"83b37fd6":215,"4d852788":215,"e43a9448":215,"3542b748":215,"379c53ab":215,"e396d80d":215,"7da61f27":215,"dc874a97":215,"85a220de":215,"40a7cdd2":215,"ac033c7b":215,"87759976":215,"4df3f62e":215,"272e7d0d":215,"f92596ee":215,"68831ea9":215,"9713d076":215,"fd098272":215,"6ee788a7":215,"8249641d":215,"45b0968f":215,"6a9bb182":215,"1f1afd4f":215,"25fb8826":215,"0dc5da58":215,"2874a625":215,"e61ae828":215,"f7ac3883":215,"ccd01528":215,"dab8cf68":215,"00f2a9cb":215,"916fe082":215,"b64dba8e":215,"c3bb30ce":215,"86219c70":215,"601990d8":215,"5c662c19":215,"c881a53e":215,"80c1c8b1":215,"cf52acd8":215,"a63cb4ce":215,"d3b3492b":215,"7580cfa4":215,"22a96386":215,"5c672b50":215,"5df16440":215,"b666e56d":215,"8db378ff":215,"784d6375":215,"4541bf85":215,"a6b13f20":215,"2459c882":215,"3df97186":215,"ef0490de":215,"e0f47ced":215,"309bbf54":215,"cc537772":215,"6618390c":215,"99cc0813":215,"dc32c4e1":215,"239c636e":215,"6ee160ff":215,"c55d40ca":215,"22c177a8":215,"00ae883f":215,"f416ee62":215,"0d2b182d":215,"d2a5d2fd":215,"89d220c2":215,"3e10c9cb":215,"5500a3e8":215,"3c0e87ac":215,"a891461f":215,"a246cdab":215,"117c7f0b":215,"0d21cf99":215,"14e6fe14":215,"37ec5e73":215,"bfff7913":215,"f8636899":215,"37724339":215,"d45d9727":215,"ee5ff2a3":215,"44322dfd":215,"295e4d1d":215,"8cf6570a":215,"403064a0":215,"312af46e":215,"b5a9f8c3":215,"fcbc0ae8":215,"2ff6b6a8":215,"66a71cc1":215,"bf4b58e4":215,"f7ffcbb8":215,"5728f934":215,"00b26865":215,"c333337d":215,"815c56bc":215,"5bd61a68":215,"8582c5cf":215,"0c353665":215,"231e8700":215,"1f9fbd85":215,"43f24679":215,"a1c0dfc4":215,"78f71162":215,"4b27a9a4":215,"163f4d19":215,"1d043d5a":215,"b2f82e06":215,"5b0b43e6":215,"b5474d69":215,"5a938eeb":215,"4fe0dedf":215,"951fc6d0":215,"320754c3":215,"232b2f64":215,"3171b6e7":215,"3b25460f":215,"d2064756":215,"61892a4c":215,"f096219e":215,"a3f0a6ec":215,"01051f84":215,"aa7e370d":215,"f995eeab":215,"4006e709":215,"0dedf63e":215,"a9d5374b":215,"4321f02d":215,"089b3f8f":215,"7698d0dc":215,"784414ce":215,"2df3efdb":215,"d0f1b7bd":215,"e7799883":215,"4f9456cf":215,"6e260ee8":215,"f4f84279":215,"b0950de5":215,"6f873999":215,"1f4e0e22":215,"60d69311":215,"3b09f1de":215,"b371f44a":215,"8b6180ff":215,"8819ac24":215,"dbbf7f69":215,"a8edfe84":215,"2ed19b1e":215,"959e16ea":215,"02f76c64":215,"5c6d1f33":215,"b4801cae":215,"c3c2fd05":215,"f8c97147":215,"c2526ff3":215,"cc386067":215,"a22ffd8f":215,"3cd28a4d":215,"44a12c31":215,"45a961ca":215,"5ca978fd":215,"668e601b":215,"7552d86c":215,"02ebf3b6":215,"bb17a968":215,"4abcb85d":215,"cba26072":215,"2a718dcc":215,"c6a9a8e1":215,"88854fd0":215,"8dc27d2a":215,"41d7f05d":215,"2b851827":215,"9f428a03":215,"4d504d96":215,"0533ece1":215,"bcee2ef3":215,"dfe4a061":215,"c2bf7d51":215,"781afef6":215,"de9229a0":215,"99a5feef":215,"f6266388":215,"e64fd39c":215,"e1b3ce36":215,"625fa164":215,"0c6ae551":215,"e8f4c1dd":215,"cede8b8c":215,"ad95ff4a":215,"893a99c5":215,"d8bf32b5":215,"0eb42efe":215,"03c4ab87":215,"4e3d3af7":215,"3a4803a8":215,"f7a7de5d":215,"d4e56c3e":215,"0c045c2d":215,"8efd4801":215,"7eb8f268":215,"20236d3e":215,"0afba00c":215,"04ff8100":215,"6c00d8d6":215,"ac9a02bc":215,"acfe69ed":215,"426603ff":215,"2db2f252":215,"2e84193b":215,"c55683c9":215,"51233daf":215,"02791635":215,"be081247":215,"5cc47d1b":215,"678b846f":215,"b4bd39d8":215,"b4cdbe5d":215,"fa0386f3":215,"b95d0f17":215,"cee9c347":215,"36ae8cd8":215,"3ddd5391":215,"07f69c6d":215,"2254f0f5":215,"ea282e84":215,"6653c83b":215,"c896052c":215,"287ecd1c":215,"f9376d3e":215,"07a94e8c":215,"bb017b49":215,"37b52fe4":215,"61ad1519":215,"819c4185":215,"ba69b06b":215,"7d2a2cb4":215,"4f62491c":215,"70b4c438":215,"71ed93db":215,"c92efaa8":215,"c241ac7e":215,"62a45672":215,"210e507a":215,"ac6e268b":215,"742238e8":215
1601327331056,"7800e7ce":216,"77869ff0":216,"4b8f7b16":216,"89f75690":216,"cb363e2f":216,"cd802f02":216,"d3cca7eb":216,"e866a899":216,"5690e712":216,"0b92d2a9":216,"070bed95":216,"67e5d108":216,"3d37b94b":216,"842c97c2":216,"c4cef92b":216,"0eecdc5b":216,"b7e495ea":216,"45ec63c0":216,"0ddfde2c":216,"a8b41774":216,"81f0da2d":216,"1fcc8ba4":216,"75a9c117":216,"12ba54ec":216,"be391c1a":216,"37d8a5b7":216,"d5ab81c4":216,"2ecde685":216,"f0bd52d3":216,"dcc20f76":216,"666a8ef0":216,"c5b609f1":216,"4dc5849a":216,"d605c755":216,"8a8c1d67":216,"cc6b3306":216,"8c2dfd9a":216,"f11267b9":216,"a483b15e":216,"f80ab49d":216,"95eaed39":216,"a5ba0ebb":216,"f53362a9":216,"1901ef7e":216,"960c2e6b":216,"3515e999":216,"d11f8f1b":216,"9d9eb027":216,"325f9a29":216,"503aafe5":216,"d5d94481":216,"ffe48500":216,"c7a45a33":216,"faffe099":216,"e99490cd":216,"3b830769":216,"583f0305":216,"1557c50a":216,"249e80ab":216,"f52a3d94":216,"eb74d3dd":216,"3bcbc28d":216,"3c0455e7":216,"df203c79":216,"df1e1ac0":216,"491708eb":216,"e421caaa":216,"2d2ecf27":216,"d38a4953":216,"eba5efdd":216,"a5463f93":216,"c85ac4f8":216,"bc253f4f":216,"0d9d2bf8":216,"846b7f11":216,"d3411467":216,"1df0ce7f":216,"a08171d0":216,"c8bc5677":216,"dfca0518":216,"b9a21017":216,"e47705d3":216,"3cae4115":216,"0ccf4731":216,"c7c6782d":216,"54346574":216,"b12cbf87":216,"81942d9b":216,"699b90c1":216,"d9b5a7a8":216,"1e7914d2":216,"e5d8fdb2":216,"3412ab75":216,"bcac5daf":216,"080d5d42":216,"5d03f5dc":216,"f0a01341":216,"1ee4d9f9":216,"0d6e45e7":216,"0da97151":216,"e829038c":216,"4987cfb5":216,"ba90687c":216,"77f2cf92":216,"037e2be4":216,"9e7dbd20":216,"0c086273":216,"ac13c3b0":216,"62d028cc":216,"0af2cf39":216,"27491297":216,"d041ea86":216,"1eda11b2":216,"fc442678":216,"18c73816":216,"e491161e":216,"b5087677":216,"16f60bed":216,"cb0c3481":216,"7664512c":216,"df9a53b8":216,"f6c27b2b":216,"945f6c24":216,"f1daea7e":216,"b8fb90e3":216,"56227e35":216,"0d6bf22a":216,"b87321d0":216,"43205b5d":216,"8982905a":216,"b4d9c57f":216,"5d53c964":216,"8ee9cc91":216,"4cc0af91":216,"55f6a2ba":216,"9559ea96":216,"9cb044bf":216,"16b25add":216,"80ee333e":216,"3b329af2":216,"1cd662bf":216,"72992b35":216,"47589344":216,"593b1533":216,"e9f6e5ce":216,"ed6bead5":216,"96f594b9":216,"94dfcfc5":216,"8301986e":216,"830ecfec":216,"a8bae791":216,"312009ee":216,"c98759fd":216,"e8b6d676":216,"45ee5840":216,"76f04033":216,"43480b19":216,"fd955858":216,"69798d15":216,"efea71fa":216,"fb3aa867":216,"c9cf710b":216,"fcacdeb3":216,"0ea055ed":216,"e3b1bdf8":216,"644b45fb":216,"f6fe1ad7":216,"230064fa":216,"764e0abb":216,"bba6d88e":216,"ea3479ec":216,"32266fa3":216,"50b090c3":216,"8be24763":216,"eb4800b2":216,"6e0ce9dc":216,"87d9bec4":216,"e30dfa0c":216,"6da34174":216,"bfb849fa":216,"0a10b423":216,"9ef7cee7":216,"49f1a0d1":216,"5f04aa76":216,"ba297382":216,"0287db2a":216,"96abe4a9":216,"753b10b1":216,"cf14bd99":216,"782022f4":216,"322e833f":216,"ab3619e4":216,"106006ad":216,"c8237be9":216,"1416e8f5":216,"dde2eed5":216,"a208caa8":216,"16605353":216,"77b39e15":216,"f1726edb":216
1601327331840,"92b72493":216,"d3e58903":216,"4481c4be":216,"7954891b":216,"4afd60a9":216,"d44c0ea3":216,"68f87858":216,"533bac6b":216,"41634dba":216,"43fd1327":216,"113e7f4b":216,"8cce569a":216,"ce6401b6":216,"6f57824c":216,"28bd7aa1":216,"1d52fb0d":216,"cde0d748":216,"535ed444":216,"710f0d0e":216,"0905f1fb":216,"a20e529c":216,"1ae76fcc":216,"35b161d3":216,"344cd1a3":216,"77ea1236":216,"96d2a118":216,"23a0e41f":216,"b32a1080":216,"a2c4b591":216,"6dfa57be":216,"1854ce44":216,"f92b22f1":216,"ece12664":216,"36f4ecde":216,"568a0d58":216,"5fd569d2":216,"10c8fd03":216,"bd4ccb49":216,"e773d697":216,"7e8c11e7":216,"077eb15a":216,"5337c279":216,"8d256cb6":216,"7021c619":216,"32ae00db":216,"bf2defb2":216,"bc733a28":216,"30d32d34":216,"886c16d3":216,"e8d09b62":216,"590ce3d3":216,"1802d7ce":216,"0a49914b":216,"5d3f5cad":216,"cf347cba":216,"fc0c23f7":216,"641f9b9e":216,"c92edec5":216,"9ab137d7":216,"7191d1cd":216,"005354dd":216,"9f03c1e7":216,"06c24a8d":216,"2f35e75f":216,"3eddf7c8":216,"77970f8b":216,"efd594d5":216,"4718294d":216,"5352cf45":216,"e0ffe8ff":216,"ae14d6b5":216,"721f5f42":216,"0b50bca6":216,"bf2ca266":216,"5d8d9641":216,"0de67c6c":216,"2311399f":216,"5e3ebf5e":216,"9f6ca218":216,"6213799d":216,"44cb1fd2":216,"baf19c25":216,"24a79a6e":216,"edde30af":216,"4d949e11":216,"df12f689":216,"1da10cbf":216,"832c48e4":216,"dc90a44c":216,"1ad7c45b":216,"5566c17c":216,"86a22252":216,"0000dece":216,"ce5efdbe":216,"58ace2b5":216,"d379fd96":216,"7b819458":216,"7f8024cd":216,"ae562513":216,"7b66dacd":216,"5b09e53e":216,"da5bb0f7":216,"6d925c84":216,"50b23ab2":216,"edfa56d4":216,"899c16eb":216,"41c76041":216,"6bb1fa99":216,"d73ff72e":216,"61c0ca91":216,"d2fda7be":216,"ce20ca3c":216,"1d2d958b":216,"81fb6a01":216,"7f5b27c8":216,"fb3444d9":216,"f05de640":216,"86a68967":216,"56cd4dca":216,"7f469f4c":216,"f92dedfc":216,"355d1489":216,"f96fc1af":216,"06713bac":216,"61aca924":216,"d97fb857":216,"59ff5ec6":216,"ef04e64e":216,"6e2d04de":216,"2fca1798":216,"05028839":216,"5488826c":216,"84fff5c1":216,"c649992d":216,"d5ad3ed6":216,"8e5f7187":216,"55ba7579":216,"b7769ca6":216,"9c27de51":216,"38a75b48":216,"1792bfa3":216,"426f1904":216,"7c0f1ca9":216,"b2f820ac":216,"25d4f65d":216,"eddb6a2a":216,"ff8a00aa":216,"c146560b":216,"985068e7":216,"d543ba6f":216,"3b3569f6":216,"b01ab62a":216,"76da16fa":216,"bffee581":216,"07150038":216,"080fa362":216,"7b6945ad":216,"a40d08e1":216,"cec79bc2":216,"d2eff358":216,"e70aebb5":216,"a488b2f1":216,"4caa87d6":216,"f7076e21":216,"69e653b6":216,"98d2991b":216,"3b411d6a":216,"83826ef3":216,"595609d5":216,"b47f1b89":216,"8e6caf71":216,"9a3433b8":216,"b89112cb":216,"66736d5e":216,"30de89a7":216,"06aaa33f":216,"320c65bf":216,"1fa1e7c2":216,"646af2b9":216,"659389ad":216,"240c8679":216,"0718c3be":216,"8b503f7b":216,"87a8523c":216,"c416baa6":216,"ae350a07":216,"680a32a6":216,"83ba647d":216,"cb0bd6b7":216,"8e426e39":216,"51909df8":216,"e22b0973":216,"23646ff9":216,"3abb827b":216,"0c73c293":216,"88929b06":216,"08c4692e":216,"5b2479ef":216,"1d882c36":216,"eb62e8f2":216,"f1e86522":216,"fa03f48f":216,"5298dafa":216,"25f7f918":216,"c5311ebb":216,"105bb3f6":216,"58de5462":216,"f01c896d":216,"1f2670d0":216,"962c9c8f":216,"aec0bf28":216,"a017a323":216,"8801c469":216,"b6281f1a":216,"48c6df81":216,"808bc372":216,"5e165f43":216,"c792a7c1":216,"f8785b71":216,"5a7da061":216,"ab4a411a":216,"d7a4b24c":216,"06a94514":216,"686d5c0b":216,"73c420df":216,"272e7d0d":216,"f92596ee":216,"68831ea9":216,"9713d076":216,"fd098272":216,"6ee788a7":216,"8249641d":216,"45b0968f":216,"6a9bb182":216,"1f1afd4f":216,"25fb8826":216,"0dc5da58":216,"2874a625":216,"e61ae828":216,"f7ac3883":216,"ccd01528":216,"dab8cf68":216,"00f2a9cb":216,"916fe082":216,"b64dba8e":216,"c3bb30ce":216,"86219c70":216,"601990d8":216,"5c662c19":216,"d2a5d2fd":216,"89d220c2":216,"3e10c9cb":216,"5500a3e8":216,"3c0e87ac":216,"a891461f":216,"a246cdab":216,"117c7f0b":216,"0d21cf99":216,"14e6fe14":216,"37ec5e73":216,"bfff7913":216,"f8636899":216,"37724339":216,"d45d9727":216,"ee5ff2a3":216,"44322dfd":216,"295e4d1d":216,"8cf6570a":216,"403064a0":216,"312af46e":216,"b5a9f8c3":216,"fcbc0ae8":216,"1327775b":216,"bdd40125":216,"75fd47f7":216,"1c52a07e":216,"e70ccc25":216,"afd1494f":216,"ca6bffd3":216,"829c44a4":216,"e76e2617":216,"2b4fd52e":216,"57162572":216,"d1d50cfe":216,"2ff6b6a8":216,"66a71cc1":216,"9666b973":216,"653b27c7":216,"83b37fd6":216,"4d852788":216,"e43a9448":216,"3542b748":216,"bf4b58e4":216,"0700da70":216,"f15eb1c5":216,"71789493":216,"ff591765":216,"5ac72353":216,"93f12198":216,"d1b14d06":216,"f6c074a7":216,"62e270e5":216,"66b1b6d7":216,"ffd6849d":216,"962fca02":216,"b062adc4":216,"75968179":216,"4aae5133":216,"63a3af32":216,"bc8bdc23":216,"a71f3f70":216,"3fec4b0b":216,"faa3de3e":216,"1f7aa83c":216,"732d62ee":216,"44983d13":216,"80999122":216,"d4b0751c":216,"72af9198":216,"5b01444b":216,"e39e9552":216,"79995b62":216,"81c1b70d":216,"97160db8":216,"589f0d6e":216,"e72f0f82":216,"88374b72":216,"51b4016a":216,"46bf9112":216,"fdfaf1ed":216,"092ad3d6":216,"ea981bed":216,"bf940089":216,"5e197575":216,"01f34f98":216,"e587c4d0":216,"525b2635":216,"1670b0d3":216,"ec97d63e":216,"caa38a45":216,"94208a41":216,"a9987a58":216,"b6b8e5c7":216,"2cbcad17":216,"e82177d3":216,"4dccb5ca":216,"83268abf":216,"89914b94":216,"578c4c95":216,"04bdf5e1":216,"da8b42be":216,"c606b472":216,"3b0576bf":216,"9458934f":216,"1dcc489c":216,"945badf3":216,"379c53ab":216,"e396d80d":216,"7da61f27":216,"dc874a97":216,"85a220de":216,"40a7cdd2":216,"ac033c7b":216,"87759976":216,"4df3f62e":216,"c881a53e":216,"80c1c8b1":216,"cf52acd8":216,"a63cb4ce":216,"d3b3492b":216,"7580cfa4":216,"22a96386":216,"5c672b50":216,"5df16440":216,"b666e56d":216,"8db378ff":216,"784d6375":216,"4541bf85":216,"a6b13f20":216,"2459c882":216,"3df97186":216,"ef0490de":216,"e0f47ced":216,"309bbf54":216,"cc537772":216,"6618390c":216,"99cc0813":216,"dc32c4e1":216,"239c636e":216,"6ee160ff":216,"c55d40ca":216,"22c177a8":216,"00ae883f":216,"f416ee62":216,"0d2b182d":216,"320754c3":216,"232b2f64":216,"3171b6e7":216,"3b25460f":216,"d2064756":216,"f7ffcbb8":216,"5728f934":216,"00b26865":216,"c333337d":216,"815c56bc":216,"5bd61a68":216,"8582c5cf":216,"0c353665":216,"231e8700":216,"1f9fbd85":216,"43f24679":216,"a1c0dfc4":216,"78f71162":216,"4b27a9a4":216,"163f4d19":216,"1d043d5a":216,"b2f82e06":216,"5b0b43e6":216,"b5474d69":216,"5a938eeb":216,"4fe0dedf":216,"951fc6d0":216,"61892a4c":216,"f096219e":216,"a3f0a6ec":216,"01051f84":216,"aa7e370d":216,"f995eeab":216,"4006e709":216,"0dedf63e":216,"a9d5374b":216,"4321f02d":216,"089b3f8f":216,"7698d0dc":216,"784414ce":216,"2df3efdb":216,"d0f1b7bd":216,"e7799883":216,"4f9456cf":216,"6e260ee8":216,"f4f84279":216,"b0950de5":216,"6f873999":216,"1f4e0e22":216,"60d69311":216,"3b09f1de":216,"b371f44a":216,"8b6180ff":216,"8819ac24":216,"dbbf7f69":216,"dfe4a061":216,"c2bf7d51":216,"781afef6":216,"de9229a0":216,"99a5feef":216,"f6266388":216,"e64fd39c":216,"e1b3ce36":216,"625fa164":216,"0c6ae551":216,"e8f4c1dd":216,"cede8b8c":216,"ad95ff4a":216,"893a99c5":216,"d8bf32b5":216,"0eb42efe":216,"03c4ab87":216,"4e3d3af7":216,"3a4803a8":216,"f7a7de5d":216,"d4e56c3e":216,"0c045c2d":216,"8efd4801":216,"7eb8f268":216,"20236d3e":216,"a8edfe84":216,"2ed19b1e":216,"959e16ea":216,"02f76c64":216,"5c6d1f33":216,"b4801cae":216,"c3c2fd05":216,"f8c97147":216,"c2526ff3":216,"cc386067":216,"a22ffd8f":216,"3cd28a4d":216,"44a12c31":216,"45a961ca":216,"5ca978fd":216,"668e601b":216,"7552d86c":216,"02ebf3b6":216,"bb17a968":216,"4abcb85d":216,"cba26072":216,"2a718dcc":216,"c6a9a8e1":216,"88854fd0":216,"8dc27d2a":216,"41d7f05d":216,"2b851827":216,"9f428a03":216,"4d504d96":216,"36ae8cd8":216,"3ddd5391":216,"07f69c6d":216,"2254f0f5":216,"ea282e84":216,"6653c83b":216,"c896052c":216,"287ecd1c":216,"f9376d3e":216,"07a94e8c":216,"bb017b49":216,"37b52fe4":216,"61ad1519":216,"819c4185":216,"ba69b06b":216,"7d2a2cb4":216,"4f62491c":216,"70b4c438":216,"71ed93db":216,"c92efaa8":216,"c241ac7e":216,"62a45672":216,"210e507a":216,"ac6e268b":216,"742238e8":216,"0533ece1":216,"bcee2ef3":216,"0afba00c":216,"04ff8100":216,"6c00d8d6":216,"ac9a02bc":216,"acfe69ed":216,"426603ff":216,"2db2f252":216,"2e84193b":216,"c55683c9":216,"51233daf":216,"02791635":216,"be081247":216,"5cc47d1b":216,"678b846f":216,"b4bd39d8":216,"b4cdbe5d":216,"fa0386f3":216,"b95d0f17":216,"cee9c347":216
1601327332252,"7800e7ce":217,"77869ff0":217,"4b8f7b16":217,"89f75690":217,"cb363e2f":217,"cd802f02":217,"d3cca7eb":217,"e866a899":217,"5690e712":217,"d5d94481":217,"ffe48500":217,"c7a45a33":217,"faffe099":217,"e99490cd":217,"3b830769":217,"583f0305":217,"1557c50a":217,"249e80ab":217,"f52a3d94":217,"eb74d3dd":217,"3bcbc28d":217,"3c0455e7":217,"df203c79":217,"df1e1ac0":217,"491708eb":217,"e421caaa":217,"2d2ecf27":217,"d38a4953":217,"eba5efdd":217,"a5463f93":217,"c85ac4f8":217,"0b92d2a9":217,"070bed95":217,"67e5d108":217,"3d37b94b":217,"842c97c2":217,"c4cef92b":217,"0eecdc5b":217,"b7e495ea":217,"45ec63c0":217,"0ddfde2c":217,"a8b41774":217,"81f0da2d":217,"1fcc8ba4":217,"75a9c117":217,"12ba54ec":217,"be391c1a":217,"37d8a5b7":217,"d5ab81c4":217,"2ecde685":217,"f0bd52d3":217,"dcc20f76":217,"666a8ef0":217,"c5b609f1":217,"4dc5849a":217,"d605c755":217,"8a8c1d67":217,"cc6b3306":217,"8c2dfd9a":217,"f11267b9":217,"a483b15e":217,"f80ab49d":217,"95eaed39":217,"a5ba0ebb":217,"f53362a9":217,"1901ef7e":217,"960c2e6b":217,"bc253f4f":217,"0d9d2bf8":217,"846b7f11":217,"d3411467":217,"1df0ce7f":217,"a08171d0":217,"c8bc5677":217,"dfca0518":217,"b9a21017":217,"e47705d3":217,"3cae4115":217,"0ccf4731":217,"c7c6782d":217,"54346574":217,"b12cbf87":217,"81942d9b":217,"699b90c1":217,"d9b5a7a8":217,"1e7914d2":217,"e5d8fdb2":217,"3412ab75":217,"bcac5daf":217,"62d028cc":217,"0af2cf39":217,"27491297":217,"d041ea86":217,"1eda11b2":217,"fc442678":217,"3515e999":217,"d11f8f1b":217,"9d9eb027":217,"325f9a29":217,"503aafe5":217,"080d5d42":217,"5d03f5dc":217,"f0a01341":217
1601327332644,"1ee4d9f9":217,"0d6e45e7":217,"0da97151":217,"e829038c":217,"4987cfb5":217,"ba90687c":217,"77f2cf92":217,"037e2be4":217,"9e7dbd20":217,"0c086273":217,"ac13c3b0":217,"b4d9c57f":217,"5d53c964":217,"8ee9cc91":217,"4cc0af91":217,"55f6a2ba":217,"9559ea96":217,"9cb044bf":217,"16b25add":217,"80ee333e":217,"3b329af2":217,"1cd662bf":217,"72992b35":217,"47589344":217,"593b1533":217,"e9f6e5ce":217,"ed6bead5":217,"96f594b9":217,"94dfcfc5":217,"8301986e":217,"830ecfec":217,"a8bae791":217,"312009ee":217,"c98759fd":217,"e8b6d676":217,"45ee5840":217,"76f04033":217,"43480b19":217,"fd955858":217,"69798d15":217,"efea71fa":217,"fb3aa867":217,"c9cf710b":217,"fcacdeb3":217,"0ea055ed":217,"e3b1bdf8":217,"644b45fb":217,"18c73816":217,"e491161e":217,"b5087677":217,"16f60bed":217,"cb0c3481":217,"7664512c":217,"df9a53b8":217,"f6c27b2b":217,"945f6c24":217,"f1daea7e":217,"b8fb90e3":217,"56227e35":217,"0d6bf22a":217,"b87321d0":217,"43205b5d":217,"8982905a":217,"f6fe1ad7":217,"230064fa":217,"764e0abb":217,"bba6d88e":217,"ea3479ec":217,"32266fa3":217,"50b090c3":217,"8be24763":217,"eb4800b2":217,"6e0ce9dc":217,"87d9bec4":217,"e30dfa0c":217,"6da34174":217,"bfb849fa":217,"0a10b423":217,"9ef7cee7":217,"49f1a0d1":217,"5f04aa76":217,"ba297382":217,"0287db2a":217,"96abe4a9":217,"753b10b1":217,"cf14bd99":217,"782022f4":217,"322e833f":217,"ab3619e4":217,"106006ad":217,"c8237be9":217,"1416e8f5":217,"dde2eed5":217,"a208caa8":217,"16605353":217,"77b39e15":217,"f1726edb":217,"92b72493":217,"d3e58903":217,"4481c4be":217,"7954891b":217,"4afd60a9":217,"d44c0ea3":217,"68f87858":217,"533bac6b":217,"590ce3d3":217,"1802d7ce":217,"0a49914b":217,"5d3f5cad":217,"cf347cba":217,"fc0c23f7":217,"641f9b9e":217,"c92edec5":217,"9f03c1e7":217,"06c24a8d":217,"2f35e75f":217,"3eddf7c8":217,"77970f8b":217,"efd594d5":217,"4718294d":217,"5352cf45":217,"e0ffe8ff":217,"ae14d6b5":217,"721f5f42":217,"0b50bca6":217,"bf2ca266":217,"5d8d9641":217,"0de67c6c":217,"2311399f":217,"5e3ebf5e":217,"9f6ca218":217,"6213799d":217,"44cb1fd2":217,"baf19c25":217,"24a79a6e":217,"edde30af":217,"4d949e11":217,"df12f689":217,"1da10cbf":217,"832c48e4":217,"dc90a44c":217,"1ad7c45b":217,"5566c17c":217,"86a22252":217,"41634dba":217,"43fd1327":217,"113e7f4b":217,"8cce569a":217,"ce6401b6":217,"6f57824c":217,"28bd7aa1":217,"1d52fb0d":217,"cde0d748":217,"535ed444":217,"710f0d0e":217,"0905f1fb":217,"a20e529c":217,"1ae76fcc":217,"35b161d3":217,"344cd1a3":217,"77ea1236":217,"96d2a118":217,"23a0e41f":217,"b32a1080":217,"a2c4b591":217,"6dfa57be":217,"1854ce44":217,"f92b22f1":217,"ece12664":217,"36f4ecde":217,"568a0d58":217,"5fd569d2":217,"10c8fd03":217,"bd4ccb49":217,"e773d697":217,"7e8c11e7":217,"077eb15a":217,"5337c279":217,"0000dece":217,"ce5efdbe":217,"58ace2b5":217,"d379fd96":217,"7b819458":217,"7f8024cd":217,"ae562513":217,"7b66dacd":217,"9ab137d7":217,"7191d1cd":217,"005354dd":217,"8d256cb6":217,"7021c619":217,"32ae00db":217,"bf2defb2":217,"bc733a28":217,"30d32d34":217,"886c16d3":217,"e8d09b62":217,"5b09e53e":217,"da5bb0f7":217,"6d925c84":217,"50b23ab2":217,"edfa56d4":217,"899c16eb":217,"41c76041":217,"6bb1fa99":217,"d73ff72e":217,"61c0ca91":217,"d2fda7be":217,"ce20ca3c":217,"1d2d958b":217,"81fb6a01":217,"7f5b27c8":217,"fb3444d9":217,"f05de640":217,"86a68967":217,"56cd4dca":217,"7f469f4c":217,"f92dedfc":217,"355d1489":217,"f96fc1af":217,"06713bac":217,"61aca924":217,"d97fb857":217,"59ff5ec6":217
1601327333308,"3b3569f6":217,"b01ab62a":217,"76da16fa":217,"bffee581":217,"07150038":217,"080fa362":217,"7b6945ad":217,"a40d08e1":217,"cec79bc2":217,"d2eff358":217,"e70aebb5":217,"a488b2f1":217,"4caa87d6":217,"f7076e21":217,"69e653b6":217,"98d2991b":217,"ef04e64e":217,"6e2d04de":217,"2fca1798":217,"05028839":217,"5488826c":217,"84fff5c1":217,"c649992d":217,"d5ad3ed6":217,"8e5f7187":217,"55ba7579":217,"b7769ca6":217,"9c27de51":217,"38a75b48":217,"1792bfa3":217,"426f1904":217,"7c0f1ca9":217,"b2f820ac":217,"25d4f65d":217,"eddb6a2a":217,"ff8a00aa":217,"c146560b":217,"985068e7":217,"d543ba6f":217,"3b411d6a":217,"83826ef3":217,"595609d5":217,"b47f1b89":217,"8e6caf71":217,"9a3433b8":217,"b89112cb":217,"66736d5e":217,"30de89a7":217,"06aaa33f":217,"320c65bf":217,"1fa1e7c2":217,"646af2b9":217,"659389ad":217,"240c8679":217,"0718c3be":217,"8b503f7b":217,"87a8523c":217,"c416baa6":217,"ae350a07":217,"680a32a6":217,"83ba647d":217,"cb0bd6b7":217,"8e426e39":217,"51909df8":217,"e22b0973":217,"23646ff9":217,"3abb827b":217,"0c73c293":217,"88929b06":217,"08c4692e":217,"5b2479ef":217,"1d882c36":217,"eb62e8f2":217,"f1e86522":217,"fa03f48f":217,"5298dafa":217,"25f7f918":217,"c5311ebb":217,"105bb3f6":217,"58de5462":217,"f01c896d":217,"1f2670d0":217,"962c9c8f":217,"aec0bf28":217,"a017a323":217,"8801c469":217,"b6281f1a":217,"48c6df81":217,"5e165f43":217,"f8785b71":217,"ab4a411a":217,"808bc372":217,"c792a7c1":217,"d7a4b24c":217,"686d5c0b":217,"5a7da061":217,"f15eb1c5":217,"06a94514":217,"73c420df":217,"71789493":217,"5ac72353":217,"0700da70":217,"ff591765":217,"d1b14d06":217,"f6c074a7":217,"93f12198":217,"ffd6849d":217,"62e270e5":217,"66b1b6d7":217,"962fca02":217,"75968179":217,"b062adc4":217,"bc8bdc23":217,"4aae5133":217,"63a3af32":217,"a71f3f70":217,"1f7aa83c":217,"3fec4b0b":217,"faa3de3e":217,"732d62ee":217,"d4b0751c":217,"44983d13":217,"80999122":217,"5b01444b":217,"79995b62":217,"72af9198":217,"97160db8":217,"e39e9552":217,"589f0d6e":217,"81c1b70d":217,"e72f0f82":217,"51b4016a":217,"88374b72":217,"46bf9112":217,"092ad3d6":217,"fdfaf1ed":217,"bf940089":217,"ea981bed":217,"5e197575":217,"01f34f98":217,"e587c4d0":217,"1670b0d3":217,"ec97d63e":217,"525b2635":217,"94208a41":217,"caa38a45":217,"a9987a58":217,"2cbcad17":217,"272e7d0d":217,"f92596ee":217,"68831ea9":217,"9713d076":217,"fd098272":217,"6ee788a7":217,"8249641d":217,"45b0968f":217,"6a9bb182":217,"1f1afd4f":217,"25fb8826":217,"0dc5da58":217,"2874a625":217,"e61ae828":217,"b6b8e5c7":217,"4dccb5ca":217,"e82177d3":217,"83268abf":217,"89914b94":217,"578c4c95":217,"c606b472":217,"04bdf5e1":217,"da8b42be":217,"3b0576bf":217,"9458934f":217,"1dcc489c":217,"945badf3":217,"1327775b":217,"bdd40125":217,"75fd47f7":217,"1c52a07e":217,"e70ccc25":217,"afd1494f":217,"ca6bffd3":217,"829c44a4":217,"e76e2617":217,"2b4fd52e":217,"57162572":217,"d1d50cfe":217,"9666b973":217,"653b27c7":217,"83b37fd6":217,"4d852788":217,"e43a9448":217,"3542b748":217,"379c53ab":217,"e396d80d":217,"7da61f27":217,"dc874a97":217,"85a220de":217,"40a7cdd2":217,"ac033c7b":217,"87759976":217,"4df3f62e":217,"c881a53e":217,"80c1c8b1":217,"cf52acd8":217,"a63cb4ce":217,"d3b3492b":217,"7580cfa4":217,"22a96386":217,"5c672b50":217,"5df16440":217,"b666e56d":217,"8db378ff":217,"784d6375":217,"4541bf85":217,"a6b13f20":217,"2459c882":217,"3df97186":217,"f7ffcbb8":217,"5728f934":217,"00b26865":217,"c333337d":217,"815c56bc":217,"5bd61a68":217,"8582c5cf":217,"0c353665":217,"231e8700":217,"1f9fbd85":217,"43f24679":217,"a1c0dfc4":217,"78f71162":217,"4b27a9a4":217,"f7ac3883":217,"ccd01528":217,"dab8cf68":217,"00f2a9cb":217,"916fe082":217,"b64dba8e":217,"c3bb30ce":217,"86219c70":217,"601990d8":217,"5c662c19":217,"d2a5d2fd":217,"89d220c2":217,"3e10c9cb":217,"5500a3e8":217,"3c0e87ac":217,"a891461f":217,"a246cdab":217,"117c7f0b":217,"0d21cf99":217,"14e6fe14":217,"37ec5e73":217,"bfff7913":217,"f8636899":217,"37724339":217,"d45d9727":217,"ee5ff2a3":217,"44322dfd":217,"295e4d1d":217,"8cf6570a":217,"403064a0":217,"312af46e":217,"b5a9f8c3":217,"fcbc0ae8":217,"2ff6b6a8":217,"163f4d19":217,"1d043d5a":217,"b2f82e06":217,"5b0b43e6":217,"b5474d69":217,"5a938eeb":217,"4fe0dedf":217,"951fc6d0":217,"61892a4c":217,"f096219e":217,"a3f0a6ec":217,"01051f84":217,"aa7e370d":217,"f995eeab":217,"4006e709":217,"0dedf63e":217,"a9d5374b":217,"4321f02d":217,"089b3f8f":217,"7698d0dc":217,"784414ce":217,"2df3efdb":217,"ef0490de":217,"e0f47ced":217,"309bbf54":217,"cc537772":217,"6618390c":217,"99cc0813":217,"dc32c4e1":217,"239c636e":217,"6ee160ff":217,"c55d40ca":217,"22c177a8":217,"00ae883f":217,"f416ee62":217,"0d2b182d":217,"320754c3":217,"232b2f64":217,"3171b6e7":217,"3b25460f":217,"d2064756":217,"d0f1b7bd":217,"e7799883":217,"4f9456cf":217,"6e260ee8":217,"f4f84279":217,"b0950de5":217,"6f873999":217,"1f4e0e22":217,"60d69311":217,"66a71cc1":217,"bf4b58e4":217,"3b09f1de":217,"b371f44a":217,"8b6180ff":217,"8819ac24":217,"dbbf7f69":217,"dfe4a061":217,"c2bf7d51":217,"781afef6":217,"de9229a0":217,"99a5feef":217,"f6266388":217,"e64fd39c":217,"e1b3ce36":217,"625fa164":217,"0c6ae551":217,"e8f4c1dd":217,"cede8b8c":217,"ad95ff4a":217,"893a99c5":217,"d8bf32b5":217,"0eb42efe":217,"03c4ab87":217,"4e3d3af7":217,"3a4803a8":217,"f7a7de5d":217,"d4e56c3e":217,"a8edfe84":217,"2ed19b1e":217,"959e16ea":217,"02f76c64":217,"5c6d1f33":217,"b4801cae":217,"c3c2fd05":217,"f8c97147":217,"c2526ff3":217,"cc386067":217,"a22ffd8f":217,"3cd28a4d":217,"44a12c31":217,"45a961ca":217,"5ca978fd":217,"668e601b":217,"7552d86c":217,"02ebf3b6":217,"bb17a968":217,"0c045c2d":217,"8efd4801":217,"7eb8f268":217,"20236d3e":217,"36ae8cd8":217,"3ddd5391":217,"07f69c6d":217,"2254f0f5":217,"ea282e84":217,"6653c83b":217,"c896052c":217,"287ecd1c":217,"f9376d3e":217,"07a94e8c":217,"bb017b49":217,"37b52fe4":217,"61ad1519":217,"819c4185":217,"ba69b06b":217,"7d2a2cb4":217,"4f62491c":217,"70b4c438":217,"71ed93db":217,"c92efaa8":217,"c241ac7e":217,"62a45672":217,"210e507a":217,"ac6e268b":217,"742238e8":217,"4abcb85d":217,"cba26072":217,"2a718dcc":217,"c6a9a8e1":217,"88854fd0":217,"8dc27d2a":217,"41d7f05d":217,"2b851827":217,"9f428a03":217,"4d504d96":217,"0533ece1":217,"bcee2ef3":217,"0afba00c":217,"04ff8100":217,"6c00d8d6":217,"ac9a02bc":217,"acfe69ed":217,"426603ff":217,"2db2f252":217,"2e84193b":217,"c55683c9":217,"51233daf":217,"02791635":217,"be081247":217,"5cc47d1b":217,"678b846f":217,"b4bd39d8":217,"b4cdbe5d":217,"fa0386f3":217,"b95d0f17":217,"cee9c347":217
1601327333734,"7800e7ce":218,"d5d94481":218,"ffe48500":218,"c7a45a33":218,"faffe099":218,"e99490cd":218,"3b830769":218,"583f0305":218,"1557c50a":218,"249e80ab":218,"f52a3d94":218,"eb74d3dd":218,"3bcbc28d":218,"3c0455e7":218,"df203c79":218,"df1e1ac0":218,"491708eb":218,"77869ff0":218,"4b8f7b16":218,"89f75690":218,"cb363e2f":218,"cd802f02":218,"d3cca7eb":218,"e866a899":218,"5690e712":218,"0b92d2a9":218,"070bed95":218,"67e5d108":218,"3d37b94b":218,"842c97c2":218,"c4cef92b":218,"0eecdc5b":218,"b7e495ea":218,"45ec63c0":218,"0ddfde2c":218,"a8b41774":218,"81f0da2d":218,"1fcc8ba4":218,"75a9c117":218,"12ba54ec":218,"be391c1a":218,"37d8a5b7":218,"d5ab81c4":218,"2ecde685":218,"f0bd52d3":218,"dcc20f76":218,"666a8ef0":218,"c5b609f1":218,"4dc5849a":218,"d605c755":218,"8a8c1d67":218,"cc6b3306":218,"8c2dfd9a":218,"f11267b9":218,"a483b15e":218,"e421caaa":218,"2d2ecf27":218,"d38a4953":218,"eba5efdd":218,"a5463f93":218,"c85ac4f8":218,"bc253f4f":218,"0d9d2bf8":218,"846b7f11":218,"d3411467":218,"1df0ce7f":218,"a08171d0":218,"c8bc5677":218,"dfca0518":218,"b9a21017":218,"e47705d3":218,"3cae4115":218,"0ccf4731":218,"c7c6782d":218,"54346574":218,"b12cbf87":218,"81942d9b":218,"699b90c1":218,"d9b5a7a8":218,"1e7914d2":218,"e5d8fdb2":218,"3412ab75":218,"bcac5daf":218,"62d028cc":218,"0af2cf39":218,"27491297":218,"d041ea86":218,"1eda11b2":218,"fc442678":218,"f80ab49d":218,"95eaed39":218,"a5ba0ebb":218,"f53362a9":218,"1901ef7e":218,"960c2e6b":218,"3515e999":218,"d11f8f1b":218,"9d9eb027":218,"325f9a29":218,"503aafe5":218
1601327333932,"080d5d42":218,"5d03f5dc":218,"f0a01341":218,"1ee4d9f9":218,"0d6e45e7":218,"0da97151":218,"e829038c":218,"4987cfb5":218,"ba90687c":218,"77f2cf92":218,"037e2be4":218,"9e7dbd20":218,"0c086273":218,"ac13c3b0":218,"b4d9c57f":218,"5d53c964":218,"8ee9cc91":218,"4cc0af91":218,"55f6a2ba":218,"9559ea96":218,"9cb044bf":218,"16b25add":218,"80ee333e":218,"3b329af2":218,"1cd662bf":218,"72992b35":218,"47589344":218,"593b1533":218,"e9f6e5ce":218,"ed6bead5":218,"96f594b9":218,"94dfcfc5":218,"8301986e":218,"830ecfec":218,"a8bae791":218,"312009ee":218,"c98759fd":218,"e8b6d676":218,"45ee5840":218,"76f04033":218,"43480b19":218,"fd955858":218,"69798d15":218,"efea71fa":218,"fb3aa867":218,"c9cf710b":218,"fcacdeb3":218,"0ea055ed":218,"e3b1bdf8":218,"644b45fb":218,"18c73816":218,"e491161e":218,"b5087677":218,"16f60bed":218,"cb0c3481":218,"7664512c":218,"df9a53b8":218,"f6c27b2b":218,"945f6c24":218,"f1daea7e":218,"b8fb90e3":218,"56227e35":218,"0d6bf22a":218,"b87321d0":218,"43205b5d":218,"8982905a":218,"f6fe1ad7":218,"230064fa":218,"764e0abb":218,"bba6d88e":218,"ea3479ec":218,"32266fa3":218,"50b090c3":218,"8be24763":218,"eb4800b2":218,"6e0ce9dc":218,"87d9bec4":218,"e30dfa0c":218,"6da34174":218,"bfb849fa":218,"0a10b423":218,"9ef7cee7":218,"49f1a0d1":218,"5f04aa76":218,"ba297382":218,"0287db2a":218,"96abe4a9":218,"753b10b1":218,"cf14bd99":218,"782022f4":218,"322e833f":218,"ab3619e4":218,"106006ad":218,"c8237be9":218,"1416e8f5":218,"dde2eed5":218,"a208caa8":218,"16605353":218,"77b39e15":218,"f1726edb":218,"92b72493":218,"d3e58903":218,"4481c4be":218,"7954891b":218,"4afd60a9":218,"d44c0ea3":218,"68f87858":218,"533bac6b":218,"5b09e53e":218,"da5bb0f7":218,"6d925c84":218,"50b23ab2":218,"edfa56d4":218,"41634dba":218,"43fd1327":218,"113e7f4b":218,"8cce569a":218,"ce6401b6":218,"6f57824c":218,"28bd7aa1":218,"1d52fb0d":218,"cde0d748":218,"535ed444":218,"710f0d0e":218,"0905f1fb":218,"a20e529c":218,"1ae76fcc":218,"35b161d3":218,"344cd1a3":218,"77ea1236":218,"96d2a118":218,"23a0e41f":218,"b32a1080":218,"a2c4b591":218,"6dfa57be":218,"1854ce44":218,"f92b22f1":218,"ece12664":218,"36f4ecde":218,"568a0d58":218,"5fd569d2":218,"10c8fd03":218,"bd4ccb49":218,"e773d697":218,"7e8c11e7":218,"077eb15a":218,"5337c279":218,"8d256cb6":218,"7021c619":218,"32ae00db":218,"bf2defb2":218,"899c16eb":218,"41c76041":218,"6bb1fa99":218,"590ce3d3":218,"1802d7ce":218,"0a49914b":218,"5d3f5cad":218,"cf347cba":218,"fc0c23f7":218,"641f9b9e":218,"c92edec5":218,"9f03c1e7":218,"06c24a8d":218,"2f35e75f":218,"3eddf7c8":218,"77970f8b":218,"efd594d5":218,"4718294d":218,"5352cf45":218,"e0ffe8ff":218,"ae14d6b5":218,"721f5f42":218,"0b50bca6":218,"bf2ca266":218,"5d8d9641":218,"0de67c6c":218,"2311399f":218,"5e3ebf5e":218,"9f6ca218":218,"6213799d":218,"44cb1fd2":218,"baf19c25":218,"24a79a6e":218,"edde30af":218,"4d949e11":218,"df12f689":218,"d73ff72e":218,"61c0ca91":218,"d2fda7be":218,"ce20ca3c":218,"1d2d958b":218,"81fb6a01":218,"7f5b27c8":218,"fb3444d9":218,"f05de640":218,"86a68967":218,"56cd4dca":218,"7f469f4c":218,"f92dedfc":218
1601327334482,"1da10cbf":218,"832c48e4":218,"dc90a44c":218,"1ad7c45b":218,"5566c17c":218,"86a22252":218,"0000dece":218,"ce5efdbe":218,"58ace2b5":218,"d379fd96":218,"7b819458":218,"7f8024cd":218,"ae562513":218,"7b66dacd":218,"9ab137d7":218,"7191d1cd":218,"005354dd":218,"bc733a28":218,"30d32d34":218,"886c16d3":218,"e8d09b62":218,"3b3569f6":218,"b01ab62a":218,"76da16fa":218,"bffee581":218,"07150038":218,"080fa362":218,"7b6945ad":218,"a40d08e1":218,"cec79bc2":218,"d2eff358":218,"355d1489":218,"f96fc1af":218,"06713bac":218,"61aca924":218,"d97fb857":218,"59ff5ec6":218,"ef04e64e":218,"6e2d04de":218,"2fca1798":218,"05028839":218,"5488826c":218,"84fff5c1":218,"c649992d":218,"d5ad3ed6":218,"8e5f7187":218,"55ba7579":218,"b7769ca6":218,"9c27de51":218,"38a75b48":218,"1792bfa3":218,"426f1904":218,"7c0f1ca9":218,"b2f820ac":218,"25d4f65d":218,"eddb6a2a":218,"ff8a00aa":218,"c146560b":218,"985068e7":218,"d543ba6f":218,"1d882c36":218,"eb62e8f2":218,"f1e86522":218,"fa03f48f":218,"5298dafa":218,"25f7f918":218,"c5311ebb":218,"105bb3f6":218,"e70aebb5":218,"a488b2f1":218,"4caa87d6":218,"f7076e21":218,"69e653b6":218,"98d2991b":218,"3b411d6a":218,"83826ef3":218,"595609d5":218,"b47f1b89":218,"8e6caf71":218,"9a3433b8":218,"b89112cb":218,"66736d5e":218,"30de89a7":218,"06aaa33f":218,"320c65bf":218,"1fa1e7c2":218,"646af2b9":218,"659389ad":218,"240c8679":218,"0718c3be":218,"8b503f7b":218,"87a8523c":218,"c416baa6":218,"ae350a07":218,"680a32a6":218,"83ba647d":218,"cb0bd6b7":218,"8e426e39":218,"51909df8":218,"e22b0973":218,"23646ff9":218,"3abb827b":218,"0c73c293":218,"88929b06":218,"08c4692e":218,"5b2479ef":218,"58de5462":218,"f01c896d":218,"1f2670d0":218,"962c9c8f":218,"aec0bf28":218,"a017a323":218,"8801c469":218,"b6281f1a":218,"48c6df81":218,"5e165f43":218,"f8785b71":218,"808bc372":218,"c792a7c1":218,"ab4a411a":218,"5a7da061":218,"d7a4b24c":218,"06a94514":218,"686d5c0b":218,"73c420df":218,"f15eb1c5":218,"0700da70":218,"71789493":218,"5ac72353":218,"ff591765":218,"d1b14d06":218,"93f12198":218,"62e270e5":218,"f6c074a7":218,"66b1b6d7":218,"ffd6849d":218,"962fca02":218,"b062adc4":218,"75968179":218,"4aae5133":218,"bc8bdc23":218,"63a3af32":218,"a71f3f70":218,"3fec4b0b":218,"faa3de3e":218,"1f7aa83c":218,"732d62ee":218,"44983d13":218,"d4b0751c":218,"80999122":218,"5b01444b":218,"72af9198":218,"e39e9552":218,"79995b62":218,"97160db8":218,"81c1b70d":218,"e72f0f82":218,"589f0d6e":218,"51b4016a":218,"88374b72":218,"fdfaf1ed":218,"46bf9112":218,"092ad3d6":218,"ea981bed":218,"5e197575":218,"bf940089":218,"01f34f98":218,"e587c4d0":218,"1670b0d3":218,"525b2635":218,"caa38a45":218,"ec97d63e":218,"94208a41":218,"a9987a58":218,"2cbcad17":218,"b6b8e5c7":218,"4dccb5ca":218,"e82177d3":218,"89914b94":218,"83268abf":218,"578c4c95":218,"04bdf5e1":218,"da8b42be":218,"c606b472":218,"3b0576bf":218,"9458934f":218,"1dcc489c":218,"945badf3":218,"1327775b":218,"bdd40125":218,"75fd47f7":218,"1c52a07e":218,"e70ccc25":218,"afd1494f":218,"ca6bffd3":218,"829c44a4":218,"e76e2617":218,"2b4fd52e":218,"57162572":218,"d1d50cfe":218,"272e7d0d":218,"f92596ee":218,"68831ea9":218,"9713d076":218,"fd098272":218,"6ee788a7":218,"8249641d":218,"45b0968f":218,"6a9bb182":218,"1f1afd4f":218,"25fb8826":218,"0dc5da58":218,"9666b973":218,"653b27c7":218,"83b37fd6":218,"4d852788":218,"e43a9448":218,"3542b748":218,"379c53ab":218,"e396d80d":218,"7da61f27":218,"dc874a97":218,"85a220de":218,"40a7cdd2":218,"ac033c7b":218,"87759976":218,"4df3f62e":218,"c881a53e":218,"80c1c8b1":218,"f7ffcbb8":218,"5728f934":218,"00b26865":218,"c333337d":218,"815c56bc":218,"5bd61a68":218,"8582c5cf":218,"0c353665":218,"231e8700":218,"1f9fbd85":218,"43f24679":218,"a1c0dfc4":218,"78f71162":218,"4b27a9a4":218,"2874a625":218,"e61ae828":218,"f7ac3883":218,"ccd01528":218,"dab8cf68":218,"00f2a9cb":218,"916fe082":218,"b64dba8e":218,"c3bb30ce":218,"86219c70":218,"601990d8":218,"5c662c19":218,"d2a5d2fd":218,"89d220c2":218,"3e10c9cb":218,"5500a3e8":218,"3c0e87ac":218,"a891461f":218,"a246cdab":218,"117c7f0b":218,"0d21cf99":218,"14e6fe14":218,"37ec5e73":218,"bfff7913":218,"f8636899":218,"37724339":218,"d45d9727":218,"ee5ff2a3":218,"44322dfd":218,"295e4d1d":218,"8cf6570a":218,"403064a0":218,"312af46e":218,"b5a9f8c3":218,"fcbc0ae8":218,"2ff6b6a8":218,"163f4d19":218,"1d043d5a":218,"b2f82e06":218,"5b0b43e6":218,"b5474d69":218,"5a938eeb":218,"4fe0dedf":218,"951fc6d0":218,"61892a4c":218,"f096219e":218,"a3f0a6ec":218,"01051f84":218,"aa7e370d":218,"f995eeab":218,"4006e709":218,"0dedf63e":218,"a9d5374b":218,"4321f02d":218,"089b3f8f":218,"cf52acd8":218,"a63cb4ce":218,"d3b3492b":218,"7580cfa4":218,"22a96386":218,"5c672b50":218,"5df16440":218,"b666e56d":218,"8db378ff":218,"784d6375":218,"4541bf85":218,"a6b13f20":218,"2459c882":218,"3df97186":218,"ef0490de":218,"e0f47ced":218,"309bbf54":218,"cc537772":218,"6618390c":218,"99cc0813":218,"dc32c4e1":218,"239c636e":218,"6ee160ff":218,"c55d40ca":218,"22c177a8":218,"00ae883f":218,"f416ee62":218,"0d2b182d":218,"320754c3":218,"232b2f64":218,"3171b6e7":218,"3b25460f":218,"d2064756":218,"7698d0dc":218,"784414ce":218,"2df3efdb":218,"d0f1b7bd":218,"e7799883":218,"4f9456cf":218,"6e260ee8":218,"f4f84279":218,"b0950de5":218,"6f873999":218,"1f4e0e22":218,"60d69311":218,"66a71cc1":218,"bf4b58e4":218,"3b09f1de":218,"b371f44a":218,"8b6180ff":218,"8819ac24":218,"dbbf7f69":218,"dfe4a061":218,"c2bf7d51":218,"781afef6":218,"de9229a0":218,"99a5feef":218,"f6266388":218,"e64fd39c":218,"e1b3ce36":218,"625fa164":218,"0c6ae551":218,"e8f4c1dd":218,"cede8b8c":218
1601327335048,"a8edfe84":218,"2ed19b1e":218,"959e16ea":218,"02f76c64":218,"5c6d1f33":218,"b4801cae":218,"c3c2fd05":218,"f8c97147":218,"c2526ff3":218,"cc386067":218,"a22ffd8f":218,"3cd28a4d":218,"44a12c31":218,"45a961ca":218,"5ca978fd":218,"668e601b":218,"7552d86c":218,"02ebf3b6":218,"bb17a968":218,"4abcb85d":218,"cba26072":218,"2a718dcc":218,"c6a9a8e1":218,"88854fd0":218,"8dc27d2a":218,"41d7f05d":218,"2b851827":218,"9f428a03":218,"4d504d96":218,"0533ece1":218,"bcee2ef3":218,"0afba00c":218,"04ff8100":218,"6c00d8d6":218,"ac9a02bc":218,"acfe69ed":218,"426603ff":218,"2db2f252":218,"2e84193b":218,"c55683c9":218,"51233daf":218,"02791635":218,"be081247":218,"5cc47d1b":218,"678b846f":218,"b4bd39d8":218,"b4cdbe5d":218,"fa0386f3":218,"b95d0f17":218,"cee9c347":218,"c92efaa8":218,"c241ac7e":218,"62a45672":218,"210e507a":218,"ac6e268b":218,"742238e8":218,"ad95ff4a":218,"893a99c5":218,"d8bf32b5":218,"0eb42efe":218,"03c4ab87":218,"4e3d3af7":218,"3a4803a8":218,"f7a7de5d":218,"d4e56c3e":218,"0c045c2d":218,"8efd4801":218,"7eb8f268":218,"20236d3e":218,"36ae8cd8":218,"3ddd5391":218,"07f69c6d":218,"2254f0f5":218,"ea282e84":218,"6653c83b":218,"c896052c":218,"287ecd1c":218,"f9376d3e":218,"07a94e8c":218,"bb017b49":218,"37b52fe4":218,"61ad1519":218,"819c4185":218,"ba69b06b":218,"7d2a2cb4":218,"4f62491c":218,"70b4c438":218,"71ed93db":218
1601327335432,"7800e7ce":219,"77869ff0":219,"4b8f7b16":219,"89f75690":219,"cb363e2f":219,"cd802f02":219,"d3cca7eb":219,"e866a899":219,"5690e712":219,"0b92d2a9":219,"070bed95":219,"67e5d108":219,"3d37b94b":219,"842c97c2":219,"c4cef92b":219,"0eecdc5b":219,"b7e495ea":219,"45ec63c0":219,"0ddfde2c":219,"a8b41774":219,"81f0da2d":219,"1fcc8ba4":219,"75a9c117":219,"12ba54ec":219,"be391c1a":219,"37d8a5b7":219,"d5ab81c4":219,"2ecde685":219,"f0bd52d3":219,"dcc20f76":219,"666a8ef0":219,"c5b609f1":219,"4dc5849a":219,"d605c755":219,"8a8c1d67":219,"cc6b3306":219,"8c2dfd9a":219,"f11267b9":219,"a483b15e":219,"f80ab49d":219,"95eaed39":219,"a5ba0ebb":219,"f53362a9":219,"1901ef7e":219,"960c2e6b":219,"3515e999":219,"d11f8f1b":219,"9d9eb027":219,"325f9a29":219,"503aafe5":219,"080d5d42":219,"5d03f5dc":219,"f0a01341":219,"1ee4d9f9":219,"0d6e45e7":219,"0da97151":219,"e829038c":219,"4987cfb5":219,"ba90687c":219,"77f2cf92":219,"037e2be4":219,"9e7dbd20":219,"0c086273":219,"ac13c3b0":219,"b4d9c57f":219,"5d53c964":219,"8ee9cc91":219,"4cc0af91":219,"55f6a2ba":219,"9559ea96":219,"9cb044bf":219,"d5d94481":219,"ffe48500":219,"c7a45a33":219,"faffe099":219,"e99490cd":219,"3b830769":219,"583f0305":219,"1557c50a":219,"249e80ab":219,"f52a3d94":219,"eb74d3dd":219,"3bcbc28d":219,"3c0455e7":219,"df203c79":219,"df1e1ac0":219,"491708eb":219,"e421caaa":219,"2d2ecf27":219,"d38a4953":219,"eba5efdd":219,"a5463f93":219,"c85ac4f8":219,"bc253f4f":219,"0d9d2bf8":219,"846b7f11":219,"d3411467":219,"1df0ce7f":219,"a08171d0":219,"c8bc5677":219,"dfca0518":219,"16b25add":219,"80ee333e":219,"3b329af2":219,"1cd662bf":219,"72992b35":219,"47589344":219,"593b1533":219,"e9f6e5ce":219,"ed6bead5":219,"96f594b9":219,"94dfcfc5":219,"8301986e":219,"830ecfec":219,"a8bae791":219
1601327335789,"312009ee":219,"c98759fd":219,"e8b6d676":219,"45ee5840":219,"76f04033":219,"43480b19":219,"fd955858":219,"69798d15":219,"efea71fa":219,"fb3aa867":219,"c9cf710b":219,"fcacdeb3":219,"0ea055ed":219,"e3b1bdf8":219,"644b45fb":219,"b9a21017":219,"e47705d3":219,"3cae4115":219,"0ccf4731":219,"c7c6782d":219,"54346574":219,"b12cbf87":219,"81942d9b":219,"699b90c1":219,"d9b5a7a8":219,"1e7914d2":219,"e5d8fdb2":219,"3412ab75":219,"bcac5daf":219,"62d028cc":219,"0af2cf39":219,"27491297":219,"d041ea86":219,"1eda11b2":219,"fc442678":219,"18c73816":219,"e491161e":219,"b5087677":219,"16f60bed":219,"cb0c3481":219,"7664512c":219,"df9a53b8":219,"f6c27b2b":219,"945f6c24":219,"f1daea7e":219,"b8fb90e3":219,"56227e35":219,"0d6bf22a":219,"b87321d0":219,"43205b5d":219,"8982905a":219,"f6fe1ad7":219,"230064fa":219,"764e0abb":219,"bba6d88e":219,"ea3479ec":219,"32266fa3":219,"50b090c3":219,"8be24763":219,"eb4800b2":219,"6e0ce9dc":219,"87d9bec4":219,"e30dfa0c":219,"6da34174":219,"bfb849fa":219,"0a10b423":219,"9ef7cee7":219,"49f1a0d1":219,"5f04aa76":219,"ba297382":219,"0287db2a":219,"96abe4a9":219,"753b10b1":219,"cf14bd99":219,"782022f4":219,"322e833f":219,"ab3619e4":219,"106006ad":219,"c8237be9":219,"1416e8f5":219,"dde2eed5":219,"a208caa8":219,"16605353":219,"77b39e15":219,"f1726edb":219,"92b72493":219,"d3e58903":219,"4481c4be":219,"7954891b":219,"4afd60a9":219,"d44c0ea3":219,"68f87858":219,"533bac6b":219,"41634dba":219,"43fd1327":219,"113e7f4b":219,"8cce569a":219,"ce6401b6":219,"590ce3d3":219,"1802d7ce":219,"0a49914b":219,"5d3f5cad":219,"cf347cba":219,"fc0c23f7":219,"641f9b9e":219,"c92edec5":219,"9f03c1e7":219,"06c24a8d":219,"2f35e75f":219,"3eddf7c8":219,"77970f8b":219,"efd594d5":219,"4718294d":219,"5352cf45":219,"e0ffe8ff":219,"ae14d6b5":219,"721f5f42":219,"0b50bca6":219,"bf2ca266":219,"5d8d9641":219,"0de67c6c":219,"2311399f":219,"5e3ebf5e":219,"9f6ca218":219,"6213799d":219,"44cb1fd2":219,"baf19c25":219,"24a79a6e":219,"edde30af":219,"4d949e11":219,"df12f689":219,"1da10cbf":219,"832c48e4":219,"dc90a44c":219,"1ad7c45b":219,"5566c17c":219,"86a22252":219,"0000dece":219,"ce5efdbe":219,"58ace2b5":219,"d379fd96":219,"7b819458":219,"7f8024cd":219,"ae562513":219,"7b66dacd":219,"9ab137d7":219,"7191d1cd":219,"005354dd":219,"6f57824c":219,"28bd7aa1":219,"1d52fb0d":219,"cde0d748":219,"535ed444":219,"710f0d0e":219,"0905f1fb":219,"a20e529c":219,"1ae76fcc":219,"35b161d3":219,"344cd1a3":219,"77ea1236":219,"96d2a118":219,"23a0e41f":219,"b32a1080":219,"a2c4b591":219,"6dfa57be":219,"1854ce44":219,"f92b22f1":219,"ece12664":219,"36f4ecde":219,"568a0d58":219,"5fd569d2":219,"10c8fd03":219,"bd4ccb49":219,"e773d697":219,"7e8c11e7":219,"077eb15a":219,"5337c279":219,"8d256cb6":219,"7021c619":219,"32ae00db":219,"bf2defb2":219,"bc733a28":219,"30d32d34":219,"886c16d3":219,"e8d09b62":219,"5b09e53e":219,"da5bb0f7":219,"6d925c84":219,"50b23ab2":219,"edfa56d4":219,"899c16eb":219,"41c76041":219,"6bb1fa99":219,"d73ff72e":219,"61c0ca91":219,"d2fda7be":219,"ce20ca3c":219,"1d2d958b":219,"81fb6a01":219,"7f5b27c8":219,"fb3444d9":219,"f05de640":219,"86a68967":219,"56cd4dca":219,"7f469f4c":219,"f92dedfc":219,"355d1489":219,"f96fc1af":219,"06713bac":219,"3b3569f6":219,"b01ab62a":219,"76da16fa":219,"bffee581":219,"07150038":219,"080fa362":219,"7b6945ad":219,"61aca924":219,"d97fb857":219,"59ff5ec6":219,"ef04e64e":219,"6e2d04de":219,"2fca1798":219,"05028839":219,"5488826c":219,"84fff5c1":219,"c649992d":219,"d5ad3ed6":219,"8e5f7187":219,"55ba7579":219,"b7769ca6":219,"9c27de51":219,"38a75b48":219,"1792bfa3":219,"426f1904":219,"7c0f1ca9":219,"b2f820ac":219,"25d4f65d":219,"eddb6a2a":219,"ff8a00aa":219,"c146560b":219,"985068e7":219,"d543ba6f":219
1601327336348,"a40d08e1":219,"cec79bc2":219,"d2eff358":219,"e70aebb5":219,"a488b2f1":219,"4caa87d6":219,"f7076e21":219,"69e653b6":219,"98d2991b":219,"3b411d6a":219,"83826ef3":219,"595609d5":219,"b47f1b89":219,"8e6caf71":219,"9a3433b8":219,"b89112cb":219,"66736d5e":219,"30de89a7":219,"06aaa33f":219,"320c65bf":219,"1fa1e7c2":219,"646af2b9":219,"659389ad":219,"240c8679":219,"0718c3be":219,"8b503f7b":219,"87a8523c":219,"c416baa6":219,"ae350a07":219,"680a32a6":219,"83ba647d":219,"cb0bd6b7":219,"8e426e39":219,"51909df8":219,"e22b0973":219,"23646ff9":219,"3abb827b":219,"0c73c293":219,"88929b06":219,"08c4692e":219,"5b2479ef":219,"1d882c36":219,"eb62e8f2":219,"f1e86522":219,"fa03f48f":219,"5298dafa":219,"25f7f918":219,"c5311ebb":219,"105bb3f6":219,"58de5462":219,"f01c896d":219,"1f2670d0":219,"962c9c8f":219,"aec0bf28":219,"a017a323":219,"8801c469":219,"b6281f1a":219,"48c6df81":219,"5e165f43":219,"f8785b71":219,"ab4a411a":219,"808bc372":219,"d7a4b24c":219,"c792a7c1":219,"686d5c0b":219,"5a7da061":219,"f15eb1c5":219,"06a94514":219,"71789493":219,"73c420df":219,"0700da70":219,"5ac72353":219,"d1b14d06":219,"ff591765":219,"93f12198":219,"f6c074a7":219,"62e270e5":219,"ffd6849d":219,"66b1b6d7":219,"962fca02":219,"b062adc4":219,"75968179":219,"bc8bdc23":219,"4aae5133":219,"63a3af32":219,"a71f3f70":219,"3fec4b0b":219,"1f7aa83c":219,"faa3de3e":219,"732d62ee":219,"d4b0751c":219,"44983d13":219,"5b01444b":219,"80999122":219,"72af9198":219,"79995b62":219,"e39e9552":219,"97160db8":219,"81c1b70d":219,"589f0d6e":219,"e72f0f82":219,"51b4016a":219,"46bf9112":219,"88374b72":219,"fdfaf1ed":219,"092ad3d6":219,"bf940089":219,"ea981bed":219,"5e197575":219,"01f34f98":219,"e587c4d0":219,"1670b0d3":219,"525b2635":219,"ec97d63e":219,"94208a41":219,"caa38a45":219,"a9987a58":219,"2cbcad17":219,"b6b8e5c7":219,"4dccb5ca":219,"83268abf":219,"e82177d3":219,"578c4c95":219,"89914b94":219,"04bdf5e1":219,"c606b472":219,"da8b42be":219,"3b0576bf":219,"9458934f":219,"1dcc489c":219,"945badf3":219,"1327775b":219,"bdd40125":219,"75fd47f7":219,"1c52a07e":219,"e70ccc25":219,"afd1494f":219,"ca6bffd3":219,"829c44a4":219,"e76e2617":219,"2b4fd52e":219,"57162572":219,"d1d50cfe":219,"9666b973":219,"653b27c7":219,"83b37fd6":219,"4d852788":219,"e43a9448":219,"3542b748":219,"379c53ab":219,"e396d80d":219,"7da61f27":219,"dc874a97":219,"85a220de":219,"40a7cdd2":219,"ac033c7b":219,"87759976":219,"4df3f62e":219,"272e7d0d":219,"f92596ee":219,"68831ea9":219,"9713d076":219,"fd098272":219,"6ee788a7":219,"8249641d":219,"45b0968f":219,"6a9bb182":219,"1f1afd4f":219,"25fb8826":219,"0dc5da58":219,"2874a625":219,"e61ae828":219,"f7ac3883":219,"ccd01528":219,"c881a53e":219,"80c1c8b1":219,"cf52acd8":219,"a63cb4ce":219,"d3b3492b":219,"7580cfa4":219,"22a96386":219,"5c672b50":219,"5df16440":219,"b666e56d":219,"8db378ff":219,"784d6375":219,"4541bf85":219,"a6b13f20":219,"2459c882":219,"3df97186":219,"ef0490de":219,"e0f47ced":219,"309bbf54":219,"cc537772":219,"6618390c":219,"99cc0813":219,"dc32c4e1":219,"239c636e":219,"6ee160ff":219,"c55d40ca":219,"22c177a8":219,"00ae883f":219,"f416ee62":219,"dab8cf68":219,"00f2a9cb":219,"916fe082":219,"b64dba8e":219,"c3bb30ce":219,"86219c70":219,"601990d8":219,"5c662c19":219,"d2a5d2fd":219,"89d220c2":219,"3e10c9cb":219,"5500a3e8":219,"3c0e87ac":219,"a891461f":219,"a246cdab":219,"117c7f0b":219,"0d21cf99":219,"14e6fe14":219,"37ec5e73":219,"bfff7913":219,"f8636899":219,"37724339":219,"d45d9727":219,"ee5ff2a3":219,"44322dfd":219,"295e4d1d":219,"8cf6570a":219,"403064a0":219,"312af46e":219,"b5a9f8c3":219,"fcbc0ae8":219,"2ff6b6a8":219,"66a71cc1":219,"0d2b182d":219,"320754c3":219,"232b2f64":219,"3171b6e7":219,"3b25460f":219,"d2064756":219,"f7ffcbb8":219,"bf4b58e4":219,"5728f934":219,"00b26865":219,"c333337d":219,"815c56bc":219,"5bd61a68":219,"8582c5cf":219,"0c353665":219,"231e8700":219,"1f9fbd85":219,"43f24679":219,"a1c0dfc4":219,"78f71162":219,"4b27a9a4":219,"163f4d19":219,"1d043d5a":219,"b2f82e06":219,"5b0b43e6":219,"b5474d69":219,"5a938eeb":219,"4fe0dedf":219,"951fc6d0":219,"61892a4c":219,"f096219e":219,"a3f0a6ec":219,"01051f84":219,"aa7e370d":219,"f995eeab":219,"4006e709":219,"0dedf63e":219,"a9d5374b":219,"4321f02d":219,"089b3f8f":219,"7698d0dc":219,"784414ce":219,"2df3efdb":219,"d0f1b7bd":219,"e7799883":219,"4f9456cf":219,"6e260ee8":219,"f4f84279":219,"b0950de5":219,"6f873999":219,"1f4e0e22":219,"60d69311":219,"3b09f1de":219,"b371f44a":219,"8b6180ff":219,"8819ac24":219,"dbbf7f69":219,"dfe4a061":219,"c2bf7d51":219,"781afef6":219,"de9229a0":219,"99a5feef":219,"f6266388":219,"e64fd39c":219,"e1b3ce36":219,"a8edfe84":219,"2ed19b1e":219,"959e16ea":219,"02f76c64":219,"5c6d1f33":219,"b4801cae":219,"c3c2fd05":219,"f8c97147":219,"c2526ff3":219,"cc386067":219,"a22ffd8f":219,"3cd28a4d":219,"44a12c31":219,"625fa164":219,"0c6ae551":219,"e8f4c1dd":219,"cede8b8c":219,"ad95ff4a":219,"893a99c5":219,"d8bf32b5":219,"0eb42efe":219,"03c4ab87":219,"4e3d3af7":219,"3a4803a8":219,"f7a7de5d":219,"d4e56c3e":219,"0c045c2d":219,"8efd4801":219,"7eb8f268":219,"20236d3e":219,"36ae8cd8":219,"3ddd5391":219,"07f69c6d":219,"2254f0f5":219,"ea282e84":219,"6653c83b":219,"c896052c":219,"287ecd1c":219,"f9376d3e":219,"07a94e8c":219,"bb017b49":219,"37b52fe4":219,"61ad1519":219,"819c4185":219,"ba69b06b":219,"7d2a2cb4":219,"4f62491c":219,"70b4c438":219,"71ed93db":219,"45a961ca":219,"5ca978fd":219,"668e601b":219,"7552d86c":219,"02ebf3b6":219,"bb17a968":219,"4abcb85d":219,"cba26072":219,"2a718dcc":219,"c6a9a8e1":219,"88854fd0":219,"8dc27d2a":219,"41d7f05d":219,"2b851827":219,"9f428a03":219,"4d504d96":219,"0533ece1":219,"bcee2ef3":219,"0afba00c":219,"04ff8100":219,"6c00d8d6":219,"ac9a02bc":219,"acfe69ed":219,"426603ff":219,"2db2f252":219,"2e84193b":219,"c55683c9":219,"51233daf":219,"02791635":219,"be081247":219,"5cc47d1b":219,"678b846f":219,"b4bd39d8":219,"b4cdbe5d":219,"fa0386f3":219,"b95d0f17":219,"cee9c347":219,"c92efaa8":219,"c241ac7e":219,"62a45672":219,"210e507a":219,"ac6e268b":219,"742238e8":219
1601327336888,"7800e7ce":220,"77869ff0":220,"4b8f7b16":220,"89f75690":220,"cb363e2f":220,"cd802f02":220,"d3cca7eb":220,"e866a899":220,"5690e712":220,"0b92d2a9":220,"070bed95":220,"67e5d108":220,"3d37b94b":220,"842c97c2":220,"c4cef92b":220,"0eecdc5b":220,"b7e495ea":220,"45ec63c0":220,"0ddfde2c":220,"a8b41774":220,"81f0da2d":220,"1fcc8ba4":220,"75a9c117":220,"12ba54ec":220,"be391c1a":220,"37d8a5b7":220,"d5ab81c4":220,"2ecde685":220,"f0bd52d3":220,"dcc20f76":220,"666a8ef0":220,"c5b609f1":220,"4dc5849a":220,"d605c755":220
1601327337125,"8a8c1d67":220,"d5d94481":220,"ffe48500":220,"c7a45a33":220,"faffe099":220,"e99490cd":220,"3b830769":220,"583f0305":220,"1557c50a":220,"249e80ab":220,"f52a3d94":220,"eb74d3dd":220,"3bcbc28d":220,"3c0455e7":220,"df203c79":220,"df1e1ac0":220,"491708eb":220,"e421caaa":220,"2d2ecf27":220,"d38a4953":220,"eba5efdd":220,"a5463f93":220,"c85ac4f8":220,"bc253f4f":220,"0d9d2bf8":220,"846b7f11":220,"cc6b3306":220,"8c2dfd9a":220,"f11267b9":220,"a483b15e":220,"f80ab49d":220,"95eaed39":220,"a5ba0ebb":220,"f53362a9":220,"1901ef7e":220,"960c2e6b":220,"3515e999":220,"d11f8f1b":220,"9d9eb027":220,"325f9a29":220,"503aafe5":220,"d3411467":220,"1df0ce7f":220,"a08171d0":220,"c8bc5677":220,"dfca0518":220,"b9a21017":220,"e47705d3":220,"3cae4115":220,"0ccf4731":220,"c7c6782d":220,"54346574":220,"b12cbf87":220,"81942d9b":220,"699b90c1":220,"d9b5a7a8":220,"1e7914d2":220,"e5d8fdb2":220,"3412ab75":220,"bcac5daf":220,"62d028cc":220,"0af2cf39":220,"27491297":220,"d041ea86":220,"1eda11b2":220,"fc442678":220,"080d5d42":220,"5d03f5dc":220,"f0a01341":220,"1ee4d9f9":220,"0d6e45e7":220,"0da97151":220,"e829038c":220,"4987cfb5":220,"ba90687c":220,"77f2cf92":220,"037e2be4":220,"9e7dbd20":220,"0c086273":220,"ac13c3b0":220,"b4d9c57f":220,"5d53c964":220,"8ee9cc91":220,"4cc0af91":220,"55f6a2ba":220,"9559ea96":220,"9cb044bf":220,"16b25add":220,"80ee333e":220,"3b329af2":220,"1cd662bf":220,"72992b35":220,"47589344":220,"593b1533":220,"e9f6e5ce":220,"ed6bead5":220,"96f594b9":220,"94dfcfc5":220,"8301986e":220,"830ecfec":220,"a8bae791":220,"312009ee":220,"c98759fd":220,"e8b6d676":220,"45ee5840":220,"76f04033":220,"43480b19":220,"fd955858":220,"69798d15":220,"efea71fa":220,"fb3aa867":220,"c9cf710b":220,"fcacdeb3":220,"0ea055ed":220,"e3b1bdf8":220,"644b45fb":220
1601327337890,"18c73816":220,"e491161e":220,"b5087677":220,"16f60bed":220,"cb0c3481":220,"7664512c":220,"df9a53b8":220,"f6c27b2b":220,"945f6c24":220,"f1daea7e":220,"b8fb90e3":220,"56227e35":220,"0d6bf22a":220,"b87321d0":220,"43205b5d":220,"8982905a":220,"f6fe1ad7":220,"230064fa":220,"764e0abb":220,"bba6d88e":220,"ea3479ec":220,"32266fa3":220,"50b090c3":220,"8be24763":220,"eb4800b2":220,"6e0ce9dc":220,"87d9bec4":220,"e30dfa0c":220,"6da34174":220,"bfb849fa":220,"0a10b423":220,"9ef7cee7":220,"49f1a0d1":220,"5f04aa76":220,"ba297382":220,"0287db2a":220,"96abe4a9":220,"753b10b1":220,"cf14bd99":220,"782022f4":220,"322e833f":220,"ab3619e4":220,"106006ad":220,"c8237be9":220,"1416e8f5":220,"dde2eed5":220,"a208caa8":220,"16605353":220,"77b39e15":220,"f1726edb":220,"92b72493":220,"d3e58903":220,"4481c4be":220,"7954891b":220,"4afd60a9":220,"d44c0ea3":220,"68f87858":220,"533bac6b":220,"590ce3d3":220,"1802d7ce":220,"0a49914b":220,"5d3f5cad":220,"cf347cba":220,"fc0c23f7":220,"641f9b9e":220,"c92edec5":220,"9f03c1e7":220,"06c24a8d":220,"2f35e75f":220,"3eddf7c8":220,"77970f8b":220,"efd594d5":220,"4718294d":220,"5352cf45":220,"e0ffe8ff":220,"ae14d6b5":220,"721f5f42":220,"0b50bca6":220,"41634dba":220,"43fd1327":220,"113e7f4b":220,"8cce569a":220,"ce6401b6":220,"6f57824c":220,"28bd7aa1":220,"1d52fb0d":220,"cde0d748":220,"535ed444":220,"710f0d0e":220,"0905f1fb":220,"a20e529c":220,"1ae76fcc":220,"35b161d3":220,"344cd1a3":220,"77ea1236":220,"96d2a118":220,"23a0e41f":220,"b32a1080":220,"a2c4b591":220,"6dfa57be":220,"1854ce44":220,"f92b22f1":220,"ece12664":220,"36f4ecde":220,"568a0d58":220,"5fd569d2":220,"10c8fd03":220,"bd4ccb49":220,"e773d697":220,"7e8c11e7":220,"077eb15a":220,"5337c279":220,"8d256cb6":220,"5b09e53e":220,"da5bb0f7":220,"6d925c84":220,"50b23ab2":220,"edfa56d4":220,"899c16eb":220,"41c76041":220,"6bb1fa99":220,"d73ff72e":220,"61c0ca91":220,"d2fda7be":220,"ce20ca3c":220,"1d2d958b":220,"81fb6a01":220,"7f5b27c8":220,"fb3444d9":220,"f05de640":220,"86a68967":220,"7021c619":220,"32ae00db":220,"bf2defb2":220,"bc733a28":220,"30d32d34":220,"886c16d3":220,"e8d09b62":220,"3b3569f6":220,"b01ab62a":220,"76da16fa":220,"bffee581":220,"07150038":220,"080fa362":220,"7b6945ad":220,"a40d08e1":220,"cec79bc2":220,"d2eff358":220,"e70aebb5":220,"a488b2f1":220,"4caa87d6":220,"f7076e21":220,"69e653b6":220,"98d2991b":220,"3b411d6a":220,"83826ef3":220,"595609d5":220,"b47f1b89":220,"8e6caf71":220,"9a3433b8":220,"56cd4dca":220,"7f469f4c":220,"f92dedfc":220,"355d1489":220,"f96fc1af":220,"06713bac":220,"61aca924":220,"d97fb857":220,"59ff5ec6":220,"ef04e64e":220,"6e2d04de":220,"2fca1798":220,"05028839":220,"5488826c":220,"84fff5c1":220,"c649992d":220,"d5ad3ed6":220,"8e5f7187":220,"55ba7579":220,"b7769ca6":220,"9c27de51":220,"38a75b48":220,"1792bfa3":220,"426f1904":220,"7c0f1ca9":220,"b2f820ac":220,"25d4f65d":220,"eddb6a2a":220,"ff8a00aa":220,"c146560b":220,"985068e7":220,"d543ba6f":220,"b89112cb":220,"66736d5e":220,"30de89a7":220,"06aaa33f":220,"320c65bf":220,"1fa1e7c2":220,"646af2b9":220,"659389ad":220,"bf2ca266":220,"5d8d9641":220,"0de67c6c":220,"2311399f":220,"5e3ebf5e":220,"9f6ca218":220,"6213799d":220,"44cb1fd2":220,"baf19c25":220,"24a79a6e":220,"edde30af":220,"4d949e11":220,"df12f689":220,"1da10cbf":220,"832c48e4":220,"dc90a44c":220,"1ad7c45b":220,"5566c17c":220,"86a22252":220,"0000dece":220,"ce5efdbe":220,"58ace2b5":220,"d379fd96":220,"7b819458":220,"7f8024cd":220,"ae562513":220,"7b66dacd":220,"9ab137d7":220,"7191d1cd":220,"005354dd":220,"240c8679":220,"0718c3be":220,"8b503f7b":220,"87a8523c":220,"c416baa6":220,"ae350a07":220,"680a32a6":220,"83ba647d":220,"cb0bd6b7":220,"8e426e39":220,"51909df8":220,"e22b0973":220,"23646ff9":220,"3abb827b":220,"0c73c293":220,"88929b06":220,"08c4692e":220,"5b2479ef":220,"1d882c36":220,"eb62e8f2":220,"f1e86522":220,"fa03f48f":220,"5298dafa":220,"25f7f918":220,"c5311ebb":220,"105bb3f6":220,"58de5462":220,"f01c896d":220,"1f2670d0":220,"962c9c8f":220,"aec0bf28":220,"a017a323":220,"8801c469":220,"b6281f1a":220,"48c6df81":220,"5e165f43":220,"f8785b71":220,"ab4a411a":220,"d7a4b24c":220,"686d5c0b":220,"f15eb1c5":220,"71789493":220,"5ac72353":220,"d1b14d06":220,"808bc372":220,"f6c074a7":220,"c792a7c1":220,"ffd6849d":220,"962fca02":220,"5a7da061":220,"75968179":220,"06a94514":220,"bc8bdc23":220,"73c420df":220,"a71f3f70":220,"0700da70":220,"1f7aa83c":220,"ff591765":220,"732d62ee":220,"93f12198":220,"62e270e5":220,"d4b0751c":220,"66b1b6d7":220,"5b01444b":220,"b062adc4":220,"79995b62":220,"97160db8":220,"4aae5133":220
1601327338576,"63a3af32":220,"589f0d6e":220,"51b4016a":220,"3fec4b0b":220,"faa3de3e":220,"46bf9112":220,"44983d13":220,"092ad3d6":220,"80999122":220,"bf940089":220,"72af9198":220,"01f34f98":220,"e39e9552":220,"1670b0d3":220,"ec97d63e":220,"81c1b70d":220,"e72f0f82":220,"94208a41":220,"88374b72":220,"2cbcad17":220,"4dccb5ca":220,"fdfaf1ed":220,"ea981bed":220,"83268abf":220,"578c4c95":220,"5e197575":220,"e587c4d0":220,"c606b472":220,"525b2635":220,"caa38a45":220,"a9987a58":220,"b6b8e5c7":220,"e82177d3":220,"89914b94":220,"04bdf5e1":220,"da8b42be":220,"3b0576bf":220,"9458934f":220,"1dcc489c":220,"945badf3":220,"1327775b":220,"bdd40125":220,"75fd47f7":220,"1c52a07e":220,"e70ccc25":220,"afd1494f":220,"ca6bffd3":220,"829c44a4":220,"e76e2617":220,"2b4fd52e":220,"57162572":220,"d1d50cfe":220,"9666b973":220,"653b27c7":220,"83b37fd6":220,"4d852788":220,"e43a9448":220,"3542b748":220,"379c53ab":220,"e396d80d":220,"7da61f27":220,"dc874a97":220,"85a220de":220,"40a7cdd2":220,"272e7d0d":220,"f92596ee":220,"68831ea9":220,"9713d076":220,"fd098272":220,"6ee788a7":220,"8249641d":220,"45b0968f":220,"6a9bb182":220,"1f1afd4f":220,"25fb8826":220,"0dc5da58":220,"2874a625":220,"e61ae828":220,"f7ac3883":220,"ccd01528":220,"ac033c7b":220,"87759976":220,"4df3f62e":220,"c881a53e":220,"80c1c8b1":220,"cf52acd8":220,"a63cb4ce":220,"d3b3492b":220,"7580cfa4":220,"22a96386":220,"5c672b50":220,"5df16440":220,"b666e56d":220,"8db378ff":220,"784d6375":220,"4541bf85":220,"a6b13f20":220,"2459c882":220,"3df97186":220,"ef0490de":220,"e0f47ced":220,"309bbf54":220,"cc537772":220,"6618390c":220,"99cc0813":220,"dc32c4e1":220,"239c636e":220,"6ee160ff":220,"c55d40ca":220,"22c177a8":220,"00ae883f":220,"dab8cf68":220,"00f2a9cb":220,"916fe082":220,"b64dba8e":220,"c3bb30ce":220,"86219c70":220,"601990d8":220,"5c662c19":220,"d2a5d2fd":220,"89d220c2":220,"3e10c9cb":220,"5500a3e8":220,"3c0e87ac":220,"a891461f":220,"a246cdab":220,"117c7f0b":220,"0d21cf99":220,"14e6fe14":220,"37ec5e73":220,"bfff7913":220,"f8636899":220,"37724339":220,"d45d9727":220,"ee5ff2a3":220,"44322dfd":220,"295e4d1d":220,"8cf6570a":220,"403064a0":220,"312af46e":220,"b5a9f8c3":220,"fcbc0ae8":220,"2ff6b6a8":220,"66a71cc1":220,"bf4b58e4":220,"f416ee62":220,"0d2b182d":220,"320754c3":220,"232b2f64":220,"3171b6e7":220,"3b25460f":220,"d2064756":220,"f7ffcbb8":220,"5728f934":220,"00b26865":220,"c333337d":220,"815c56bc":220,"5bd61a68":220,"8582c5cf":220,"0c353665":220,"231e8700":220,"1f9fbd85":220,"43f24679":220,"a1c0dfc4":220,"78f71162":220,"4b27a9a4":220,"163f4d19":220,"1d043d5a":220,"b2f82e06":220,"5b0b43e6":220,"b5474d69":220,"5a938eeb":220,"4fe0dedf":220,"951fc6d0":220,"61892a4c":220,"f096219e":220,"a3f0a6ec":220,"01051f84":220,"aa7e370d":220,"f995eeab":220,"4006e709":220,"0dedf63e":220,"a9d5374b":220,"4321f02d":220,"089b3f8f":220,"7698d0dc":220,"784414ce":220,"2df3efdb":220,"d0f1b7bd":220,"e7799883":220,"4f9456cf":220,"6e260ee8":220,"f4f84279":220,"b0950de5":220,"6f873999":220,"1f4e0e22":220,"60d69311":220,"3b09f1de":220,"b371f44a":220,"8b6180ff":220,"8819ac24":220,"dbbf7f69":220,"a8edfe84":220,"2ed19b1e":220,"959e16ea":220,"02f76c64":220,"5c6d1f33":220,"b4801cae":220,"c3c2fd05":220,"f8c97147":220,"c2526ff3":220,"cc386067":220,"a22ffd8f":220,"3cd28a4d":220,"dfe4a061":220,"c2bf7d51":220,"781afef6":220,"de9229a0":220,"99a5feef":220,"f6266388":220,"e64fd39c":220,"e1b3ce36":220,"625fa164":220,"0c6ae551":220,"e8f4c1dd":220,"cede8b8c":220,"ad95ff4a":220,"893a99c5":220,"d8bf32b5":220,"0eb42efe":220,"03c4ab87":220,"4e3d3af7":220,"3a4803a8":220,"f7a7de5d":220,"d4e56c3e":220,"0c045c2d":220,"8efd4801":220,"7eb8f268":220,"20236d3e":220,"36ae8cd8":220,"3ddd5391":220,"07f69c6d":220,"2254f0f5":220,"44a12c31":220,"45a961ca":220,"5ca978fd":220,"668e601b":220,"7552d86c":220,"02ebf3b6":220,"bb17a968":220,"4abcb85d":220,"cba26072":220,"2a718dcc":220,"c6a9a8e1":220,"88854fd0":220,"8dc27d2a":220,"41d7f05d":220,"2b851827":220,"9f428a03":220,"4d504d96":220,"0533ece1":220,"bcee2ef3":220,"0afba00c":220,"04ff8100":220,"6c00d8d6":220,"ac9a02bc":220,"acfe69ed":220,"426603ff":220,"2db2f252":220,"2e84193b":220,"c55683c9":220,"ea282e84":220,"6653c83b":220,"c896052c":220,"287ecd1c":220,"f9376d3e":220,"07a94e8c":220,"bb017b49":220,"37b52fe4":220,"61ad1519":220,"819c4185":220,"ba69b06b":220,"7d2a2cb4":220,"4f62491c":220,"70b4c438":220,"71ed93db":220,"c92efaa8":220,"c241ac7e":220,"62a45672":220,"210e507a":220,"ac6e268b":220,"742238e8":220,"51233daf":220,"02791635":220,"be081247":220,"5cc47d1b":220,"678b846f":220,"b4bd39d8":220,"b4cdbe5d":220,"fa0386f3":220,"b95d0f17":220,"cee9c347":220
1601327339118,"7800e7ce":221,"77869ff0":221,"4b8f7b16":221,"89f75690":221,"cb363e2f":221,"cd802f02":221,"d3cca7eb":221,"e866a899":221,"5690e712":221,"0b92d2a9":221,"070bed95":221,"67e5d108":221,"3d37b94b":221,"842c97c2":221,"c4cef92b":221,"0eecdc5b":221,"b7e495ea":221,"45ec63c0":221,"0ddfde2c":221,"a8b41774":221,"81f0da2d":221,"1fcc8ba4":221,"75a9c117":221,"12ba54ec":221,"be391c1a":221,"37d8a5b7":221,"d5ab81c4":221,"2ecde685":221,"f0bd52d3":221,"dcc20f76":221,"666a8ef0":221,"c5b609f1":221,"4dc5849a":221,"d605c755":221,"8a8c1d67":221,"cc6b3306":221,"8c2dfd9a":221,"f11267b9":221,"a483b15e":221,"f80ab49d":221,"95eaed39":221,"a5ba0ebb":221,"f53362a9":221,"1901ef7e":221,"960c2e6b":221,"3515e999":221,"d11f8f1b":221,"9d9eb027":221,"325f9a29":221,"503aafe5":221
1601327339407,"080d5d42":221,"5d03f5dc":221,"f0a01341":221,"1ee4d9f9":221,"0d6e45e7":221,"0da97151":221,"e829038c":221,"4987cfb5":221,"ba90687c":221,"77f2cf92":221,"037e2be4":221,"9e7dbd20":221,"0c086273":221,"ac13c3b0":221,"b4d9c57f":221,"5d53c964":221,"8ee9cc91":221,"4cc0af91":221,"d5d94481":221,"ffe48500":221,"c7a45a33":221,"faffe099":221,"e99490cd":221,"3b830769":221,"583f0305":221,"1557c50a":221,"249e80ab":221,"f52a3d94":221,"eb74d3dd":221,"3bcbc28d":221,"3c0455e7":221,"df203c79":221,"df1e1ac0":221,"491708eb":221,"e421caaa":221,"2d2ecf27":221,"d38a4953":221,"eba5efdd":221,"a5463f93":221,"c85ac4f8":221,"bc253f4f":221,"0d9d2bf8":221,"846b7f11":221,"55f6a2ba":221,"9559ea96":221,"9cb044bf":221,"16b25add":221,"80ee333e":221,"3b329af2":221,"1cd662bf":221,"72992b35":221,"47589344":221,"593b1533":221,"e9f6e5ce":221,"ed6bead5":221,"96f594b9":221,"94dfcfc5":221,"8301986e":221,"830ecfec":221,"a8bae791":221,"312009ee":221,"c98759fd":221,"e8b6d676":221,"45ee5840":221,"76f04033":221,"43480b19":221,"fd955858":221,"69798d15":221,"efea71fa":221,"fb3aa867":221,"c9cf710b":221,"fcacdeb3":221,"0ea055ed":221,"e3b1bdf8":221,"644b45fb":221,"d3411467":221,"1df0ce7f":221,"a08171d0":221,"c8bc5677":221,"dfca0518":221,"b9a21017":221,"e47705d3":221,"3cae4115":221,"0ccf4731":221,"c7c6782d":221,"54346574":221,"b12cbf87":221,"81942d9b":221,"699b90c1":221,"d9b5a7a8":221,"1e7914d2":221,"e5d8fdb2":221,"3412ab75":221,"bcac5daf":221,"62d028cc":221,"0af2cf39":221,"27491297":221,"d041ea86":221,"1eda11b2":221,"fc442678":221,"18c73816":221,"e491161e":221,"b5087677":221,"16f60bed":221,"cb0c3481":221,"7664512c":221,"df9a53b8":221,"f6c27b2b":221,"945f6c24":221,"f1daea7e":221,"b8fb90e3":221,"56227e35":221,"0d6bf22a":221,"b87321d0":221,"43205b5d":221,"8982905a":221,"f6fe1ad7":221,"230064fa":221,"764e0abb":221,"bba6d88e":221,"ea3479ec":221,"32266fa3":221,"50b090c3":221,"8be24763":221,"eb4800b2":221,"6e0ce9dc":221,"87d9bec4":221,"e30dfa0c":221,"6da34174":221,"bfb849fa":221,"0a10b423":221,"9ef7cee7":221,"49f1a0d1":221,"5f04aa76":221,"ba297382":221,"0287db2a":221,"96abe4a9":221,"753b10b1":221,"cf14bd99":221,"782022f4":221,"322e833f":221,"ab3619e4":221,"106006ad":221,"c8237be9":221,"1416e8f5":221,"dde2eed5":221,"a208caa8":221,"16605353":221,"77b39e15":221,"f1726edb":221,"590ce3d3":221,"1802d7ce":221,"0a49914b":221,"5d3f5cad":221,"cf347cba":221,"fc0c23f7":221,"641f9b9e":221,"c92edec5":221,"9f03c1e7":221,"06c24a8d":221,"2f35e75f":221,"3eddf7c8":221,"77970f8b":221,"efd594d5":221,"4718294d":221,"5352cf45":221,"e0ffe8ff":221,"ae14d6b5":221,"721f5f42":221,"0b50bca6":221,"bf2ca266":221,"5d8d9641":221,"0de67c6c":221,"2311399f":221,"92b72493":221,"d3e58903":221,"4481c4be":221,"7954891b":221,"4afd60a9":221,"d44c0ea3":221,"68f87858":221,"533bac6b":221,"41634dba":221,"43fd1327":221,"113e7f4b":221,"8cce569a":221,"5e3ebf5e":221,"9f6ca218":221,"6213799d":221,"44cb1fd2":221,"baf19c25":221,"24a79a6e":221,"edde30af":221,"4d949e11":221,"df12f689":221,"1da10cbf":221,"832c48e4":221,"dc90a44c":221,"1ad7c45b":221,"5566c17c":221,"86a22252":221,"0000dece":221,"ce5efdbe":221,"58ace2b5":221,"d379fd96":221,"7b819458":221,"7f8024cd":221,"ae562513":221,"7b66dacd":221,"9ab137d7":221,"7191d1cd":221,"005354dd":221,"ce6401b6":221,"6f57824c":221,"28bd7aa1":221,"1d52fb0d":221,"cde0d748":221,"535ed444":221,"710f0d0e":221,"0905f1fb":221,"a20e529c":221,"1ae76fcc":221,"35b161d3":221,"344cd1a3":221,"77ea1236":221,"96d2a118":221,"23a0e41f":221,"b32a1080":221,"a2c4b591":221,"6dfa57be":221,"1854ce44":221,"f92b22f1":221,"ece12664":221,"36f4ecde":221,"568a0d58":221,"5fd569d2":221,"10c8fd03":221,"bd4ccb49":221,"e773d697":221,"7e8c11e7":221,"077eb15a":221,"5337c279":221,"8d256cb6":221,"7021c619":221,"32ae00db":221,"bf2defb2":221,"bc733a28":221,"30d32d34":221,"886c16d3":221,"e8d09b62":221,"5b09e53e":221,"da5bb0f7":221,"6d925c84":221,"50b23ab2":221,"edfa56d4":221,"899c16eb":221,"41c76041":221,"6bb1fa99":221,"d73ff72e":221,"61c0ca91":221,"d2fda7be":221,"ce20ca3c":221
1601327339665,"3b3569f6":221,"b01ab62a":221,"76da16fa":221,"bffee581":221,"07150038":221,"080fa362":221,"7b6945ad":221,"a40d08e1":221,"cec79bc2":221,"d2eff358":221,"e70aebb5":221,"a488b2f1":221,"1d2d958b":221,"81fb6a01":221,"7f5b27c8":221,"fb3444d9":221,"f05de640":221,"86a68967":221,"56cd4dca":221,"7f469f4c":221,"f92dedfc":221,"355d1489":221,"f96fc1af":221,"06713bac":221,"61aca924":221,"d97fb857":221,"59ff5ec6":221,"ef04e64e":221,"6e2d04de":221,"2fca1798":221,"05028839":221,"5488826c":221,"84fff5c1":221,"c649992d":221,"d5ad3ed6":221,"8e5f7187":221,"55ba7579":221,"b7769ca6":221,"9c27de51":221,"38a75b48":221,"1792bfa3":221,"426f1904":221,"7c0f1ca9":221,"b2f820ac":221,"25d4f65d":221,"eddb6a2a":221,"ff8a00aa":221,"c146560b":221,"985068e7":221,"d543ba6f":221,"4caa87d6":221,"f7076e21":221,"69e653b6":221,"98d2991b":221,"3b411d6a":221,"83826ef3":221,"595609d5":221,"b47f1b89":221,"8e6caf71":221,"9a3433b8":221,"b89112cb":221,"66736d5e":221,"30de89a7":221,"06aaa33f":221,"320c65bf":221,"1fa1e7c2":221,"646af2b9":221,"659389ad":221,"240c8679":221,"0718c3be":221,"8b503f7b":221,"87a8523c":221,"c416baa6":221,"ae350a07":221,"680a32a6":221,"83ba647d":221,"cb0bd6b7":221,"8e426e39":221,"51909df8":221,"e22b0973":221,"23646ff9":221,"3abb827b":221,"0c73c293":221,"88929b06":221,"08c4692e":221,"5b2479ef":221,"1d882c36":221,"eb62e8f2":221,"f1e86522":221,"fa03f48f":221,"5298dafa":221,"25f7f918":221,"c5311ebb":221,"105bb3f6":221,"58de5462":221,"f01c896d":221,"1f2670d0":221,"962c9c8f":221,"aec0bf28":221,"a017a323":221,"8801c469":221,"b6281f1a":221,"48c6df81":221,"5e165f43":221,"f8785b71":221,"ab4a411a":221,"d7a4b24c":221,"686d5c0b":221,"f15eb1c5":221,"71789493":221,"5ac72353":221,"d1b14d06":221,"f6c074a7":221,"ffd6849d":221,"808bc372":221,"962fca02":221,"75968179":221,"c792a7c1":221,"5a7da061":221,"bc8bdc23":221,"06a94514":221,"a71f3f70":221,"1f7aa83c":221,"73c420df":221,"732d62ee":221,"0700da70":221,"d4b0751c":221,"ff591765":221,"93f12198":221,"5b01444b":221,"79995b62":221,"62e270e5":221,"66b1b6d7":221,"97160db8":221,"589f0d6e":221,"b062adc4":221,"4aae5133":221,"51b4016a":221,"46bf9112":221,"63a3af32":221,"3fec4b0b":221,"092ad3d6":221,"bf940089":221,"faa3de3e":221,"44983d13":221,"01f34f98":221,"80999122":221,"1670b0d3":221,"ec97d63e":221,"72af9198":221,"e39e9552":221,"94208a41":221,"2cbcad17":221,"81c1b70d":221,"4dccb5ca":221,"e72f0f82":221,"88374b72":221,"83268abf":221,"fdfaf1ed":221,"578c4c95":221,"c606b472":221,"ea981bed":221,"5e197575":221,"e587c4d0":221,"525b2635":221,"caa38a45":221,"a9987a58":221,"b6b8e5c7":221,"e82177d3":221,"89914b94":221,"04bdf5e1":221,"da8b42be":221,"3b0576bf":221,"9458934f":221,"1dcc489c":221,"945badf3":221,"1327775b":221,"bdd40125":221,"75fd47f7":221,"1c52a07e":221,"e70ccc25":221,"afd1494f":221,"ca6bffd3":221,"829c44a4":221,"e76e2617":221,"2b4fd52e":221,"57162572":221,"d1d50cfe":221,"272e7d0d":221,"f92596ee":221,"68831ea9":221,"9713d076":221,"fd098272":221,"6ee788a7":221,"8249641d":221,"45b0968f":221,"6a9bb182":221,"1f1afd4f":221,"25fb8826":221,"0dc5da58":221,"2874a625":221,"9666b973":221,"653b27c7":221,"83b37fd6":221,"4d852788":221,"e43a9448":221,"3542b748":221,"379c53ab":221,"e396d80d":221,"7da61f27":221,"f7ffcbb8":221,"5728f934":221,"00b26865":221,"c333337d":221,"815c56bc":221,"5bd61a68":221,"e61ae828":221,"f7ac3883":221,"ccd01528":221,"dab8cf68":221,"00f2a9cb":221,"916fe082":221,"b64dba8e":221,"c3bb30ce":221,"86219c70":221,"601990d8":221,"5c662c19":221,"d2a5d2fd":221,"89d220c2":221,"3e10c9cb":221,"5500a3e8":221,"3c0e87ac":221,"a891461f":221,"a246cdab":221,"117c7f0b":221,"0d21cf99":221,"14e6fe14":221,"37ec5e73":221,"bfff7913":221,"f8636899":221,"37724339":221,"d45d9727":221,"ee5ff2a3":221,"44322dfd":221,"295e4d1d":221,"8cf6570a":221,"403064a0":221,"312af46e":221,"b5a9f8c3":221,"fcbc0ae8":221,"2ff6b6a8":221,"66a71cc1":221,"bf4b58e4":221,"8582c5cf":221,"0c353665":221,"231e8700":221,"1f9fbd85":221,"43f24679":221,"a1c0dfc4":221,"78f71162":221,"4b27a9a4":221,"163f4d19":221,"1d043d5a":221,"b2f82e06":221,"dc874a97":221,"85a220de":221,"40a7cdd2":221,"ac033c7b":221,"87759976":221,"4df3f62e":221,"c881a53e":221,"80c1c8b1":221,"cf52acd8":221,"a63cb4ce":221,"d3b3492b":221,"7580cfa4":221,"22a96386":221,"5c672b50":221,"5df16440":221,"b666e56d":221,"8db378ff":221,"784d6375":221,"4541bf85":221,"a6b13f20":221,"2459c882":221,"3df97186":221,"ef0490de":221,"e0f47ced":221,"309bbf54":221,"cc537772":221,"6618390c":221,"99cc0813":221,"dc32c4e1":221,"239c636e":221,"6ee160ff":221,"c55d40ca":221,"22c177a8":221,"00ae883f":221,"f416ee62":221,"0d2b182d":221,"5b0b43e6":221,"b5474d69":221,"5a938eeb":221,"4fe0dedf":221,"951fc6d0":221,"61892a4c":221,"f096219e":221,"a3f0a6ec":221,"01051f84":221,"aa7e370d":221,"f995eeab":221,"4006e709":221,"0dedf63e":221,"a9d5374b":221,"4321f02d":221,"089b3f8f":221,"7698d0dc":221,"784414ce":221,"2df3efdb":221,"d0f1b7bd":221,"e7799883":221,"4f9456cf":221,"6e260ee8":221,"f4f84279":221,"b0950de5":221,"6f873999":221,"1f4e0e22":221,"60d69311":221,"320754c3":221,"232b2f64":221,"3171b6e7":221,"3b25460f":221,"d2064756":221,"3b09f1de":221,"b371f44a":221,"8b6180ff":221,"8819ac24":221,"dbbf7f69":221,"dfe4a061":221,"c2bf7d51":221,"a8edfe84":221,"2ed19b1e":221,"959e16ea":221,"02f76c64":221,"5c6d1f33":221,"b4801cae":221,"c3c2fd05":221,"f8c97147":221,"c2526ff3":221,"cc386067":221,"781afef6":221,"de9229a0":221,"99a5feef":221,"f6266388":221,"e64fd39c":221,"e1b3ce36":221,"625fa164":221,"0c6ae551":221,"e8f4c1dd":221,"cede8b8c":221,"ad95ff4a":221,"893a99c5":221,"d8bf32b5":221,"0eb42efe":221,"03c4ab87":221,"4e3d3af7":221,"3a4803a8":221,"f7a7de5d":221,"d4e56c3e":221,"0c045c2d":221,"8efd4801":221,"7eb8f268":221,"20236d3e":221,"36ae8cd8":221,"3ddd5391":221,"07f69c6d":221,"2254f0f5":221,"ea282e84":221,"6653c83b":221,"c896052c":221,"287ecd1c":221,"f9376d3e":221,"07a94e8c":221,"bb017b49":221,"37b52fe4":221,"61ad1519":221,"819c4185":221,"ba69b06b":221,"7d2a2cb4":221,"4f62491c":221,"70b4c438":221,"71ed93db":221,"a22ffd8f":221,"3cd28a4d":221,"44a12c31":221,"45a961ca":221,"5ca978fd":221,"668e601b":221,"7552d86c":221,"02ebf3b6":221,"bb17a968":221,"4abcb85d":221,"cba26072":221,"2a718dcc":221,"c6a9a8e1":221,"88854fd0":221,"8dc27d2a":221,"41d7f05d":221,"2b851827":221,"9f428a03":221,"4d504d96":221,"0533ece1":221,"bcee2ef3":221,"0afba00c":221,"04ff8100":221,"6c00d8d6":221,"ac9a02bc":221,"acfe69ed":221,"426603ff":221,"2db2f252":221,"2e84193b":221,"c55683c9":221,"51233daf":221,"02791635":221,"be081247":221,"5cc47d1b":221,"678b846f":221,"b4bd39d8":221,"b4cdbe5d":221,"c92efaa8":221,"c241ac7e":221,"62a45672":221,"210e507a":221,"ac6e268b":221,"742238e8":221,"fa0386f3":221,"b95d0f17":221,"cee9c347":221
1601327340513,"7800e7ce":222,"77869ff0":222,"4b8f7b16":222,"89f75690":222,"cb363e2f":222,"cd802f02":222,"d3cca7eb":222,"e866a899":222,"5690e712":222,"0b92d2a9":222,"d5d94481":222,"ffe48500":222,"c7a45a33":222,"faffe099":222,"e99490cd":222,"3b830769":222,"583f0305":222,"1557c50a":222,"249e80ab":222,"f52a3d94":222,"eb74d3dd":222,"3bcbc28d":222,"3c0455e7":222,"df203c79":222,"df1e1ac0":222,"491708eb":222,"e421caaa":222,"2d2ecf27":222,"d38a4953":222,"eba5efdd":222,"a5463f93":222,"c85ac4f8":222,"bc253f4f":222,"0d9d2bf8":222,"846b7f11":222,"d3411467":222,"070bed95":222,"67e5d108":222,"3d37b94b":222,"842c97c2":222,"c4cef92b":222,"0eecdc5b":222,"b7e495ea":222,"45ec63c0":222,"0ddfde2c":222,"a8b41774":222,"81f0da2d":222,"1fcc8ba4":222,"75a9c117":222,"12ba54ec":222,"be391c1a":222,"37d8a5b7":222,"d5ab81c4":222,"2ecde685":222,"f0bd52d3":222,"dcc20f76":222,"666a8ef0":222,"c5b609f1":222,"4dc5849a":222,"d605c755":222,"8a8c1d67":222,"cc6b3306":222,"8c2dfd9a":222,"f11267b9":222,"a483b15e":222,"f80ab49d":222,"95eaed39":222,"a5ba0ebb":222,"f53362a9":222,"1901ef7e":222,"960c2e6b":222,"3515e999":222,"d11f8f1b":222,"9d9eb027":222,"1df0ce7f":222,"a08171d0":222,"c8bc5677":222,"dfca0518":222,"b9a21017":222,"e47705d3":222,"3cae4115":222,"0ccf4731":222,"c7c6782d":222,"54346574":222,"b12cbf87":222,"81942d9b":222,"699b90c1":222,"d9b5a7a8":222,"1e7914d2":222,"e5d8fdb2":222,"3412ab75":222,"bcac5daf":222,"62d028cc":222,"0af2cf39":222,"27491297":222,"d041ea86":222,"1eda11b2":222,"fc442678":222,"325f9a29":222,"503aafe5":222,"080d5d42":222,"5d03f5dc":222,"f0a01341":222,"1ee4d9f9":222,"0d6e45e7":222
1601327340872,"0da97151":222,"e829038c":222,"4987cfb5":222,"ba90687c":222,"77f2cf92":222,"037e2be4":222,"9e7dbd20":222,"0c086273":222,"ac13c3b0":222,"b4d9c57f":222,"5d53c964":222,"8ee9cc91":222,"4cc0af91":222,"55f6a2ba":222,"9559ea96":222,"9cb044bf":222,"16b25add":222,"80ee333e":222,"3b329af2":222,"1cd662bf":222,"72992b35":222,"47589344":222,"593b1533":222,"e9f6e5ce":222,"ed6bead5":222,"96f594b9":222,"94dfcfc5":222,"8301986e":222,"830ecfec":222,"a8bae791":222,"312009ee":222,"c98759fd":222,"e8b6d676":222,"45ee5840":222,"76f04033":222,"43480b19":222,"fd955858":222,"69798d15":222,"efea71fa":222,"fb3aa867":222,"c9cf710b":222,"fcacdeb3":222,"0ea055ed":222,"e3b1bdf8":222,"644b45fb":222,"18c73816":222,"e491161e":222,"b5087677":222,"16f60bed":222,"cb0c3481":222,"7664512c":222,"df9a53b8":222,"f6c27b2b":222,"945f6c24":222,"f1daea7e":222,"b8fb90e3":222,"56227e35":222,"0d6bf22a":222,"b87321d0":222,"43205b5d":222,"8982905a":222,"f6fe1ad7":222,"230064fa":222,"764e0abb":222,"bba6d88e":222,"ea3479ec":222,"32266fa3":222,"50b090c3":222,"8be24763":222,"eb4800b2":222,"6e0ce9dc":222,"87d9bec4":222,"e30dfa0c":222,"6da34174":222,"bfb849fa":222,"0a10b423":222,"9ef7cee7":222,"49f1a0d1":222,"5f04aa76":222,"ba297382":222,"0287db2a":222,"96abe4a9":222,"753b10b1":222,"cf14bd99":222,"782022f4":222,"322e833f":222,"ab3619e4":222,"106006ad":222,"c8237be9":222,"1416e8f5":222,"dde2eed5":222,"a208caa8":222,"16605353":222,"77b39e15":222,"f1726edb":222,"590ce3d3":222,"1802d7ce":222,"0a49914b":222,"5d3f5cad":222,"cf347cba":222,"fc0c23f7":222,"641f9b9e":222,"c92edec5":222,"9f03c1e7":222,"06c24a8d":222,"2f35e75f":222,"3eddf7c8":222,"77970f8b":222,"efd594d5":222,"4718294d":222,"5352cf45":222,"e0ffe8ff":222,"ae14d6b5":222,"721f5f42":222,"0b50bca6":222,"bf2ca266":222,"5d8d9641":222,"0de67c6c":222,"2311399f":222,"5e3ebf5e":222,"9f6ca218":222,"6213799d":222,"44cb1fd2":222,"baf19c25":222,"24a79a6e":222,"edde30af":222,"4d949e11":222,"df12f689":222,"1da10cbf":222,"832c48e4":222,"dc90a44c":222,"1ad7c45b":222,"5566c17c":222,"86a22252":222,"0000dece":222,"ce5efdbe":222,"58ace2b5":222,"d379fd96":222,"92b72493":222,"d3e58903":222,"4481c4be":222,"7954891b":222,"4afd60a9":222,"d44c0ea3":222,"68f87858":222,"533bac6b":222,"41634dba":222,"43fd1327":222,"113e7f4b":222,"8cce569a":222,"ce6401b6":222,"6f57824c":222,"28bd7aa1":222,"1d52fb0d":222,"cde0d748":222,"535ed444":222,"710f0d0e":222,"0905f1fb":222,"a20e529c":222,"1ae76fcc":222,"35b161d3":222,"7b819458":222,"7f8024cd":222,"ae562513":222,"7b66dacd":222,"9ab137d7":222,"7191d1cd":222,"005354dd":222,"344cd1a3":222,"77ea1236":222,"96d2a118":222,"23a0e41f":222,"b32a1080":222,"a2c4b591":222,"6dfa57be":222,"1854ce44":222,"f92b22f1":222,"ece12664":222,"36f4ecde":222,"568a0d58":222,"5fd569d2":222,"10c8fd03":222,"bd4ccb49":222,"e773d697":222,"7e8c11e7":222,"077eb15a":222,"5337c279":222,"8d256cb6":222,"7021c619":222,"32ae00db":222,"bf2defb2":222,"bc733a28":222,"30d32d34":222,"886c16d3":222,"e8d09b62":222
1601327341474,"5b09e53e":222,"da5bb0f7":222,"6d925c84":222,"50b23ab2":222,"edfa56d4":222,"899c16eb":222,"41c76041":222,"6bb1fa99":222,"d73ff72e":222,"61c0ca91":222,"d2fda7be":222,"ce20ca3c":222,"1d2d958b":222,"3b3569f6":222,"b01ab62a":222,"76da16fa":222,"bffee581":222,"07150038":222,"080fa362":222,"7b6945ad":222,"a40d08e1":222,"cec79bc2":222,"d2eff358":222,"e70aebb5":222,"a488b2f1":222,"4caa87d6":222,"81fb6a01":222,"7f5b27c8":222,"fb3444d9":222,"f05de640":222,"86a68967":222,"56cd4dca":222,"7f469f4c":222,"f92dedfc":222,"355d1489":222,"f96fc1af":222,"06713bac":222,"61aca924":222,"d97fb857":222,"59ff5ec6":222,"ef04e64e":222,"6e2d04de":222,"2fca1798":222,"05028839":222,"5488826c":222,"84fff5c1":222,"c649992d":222,"d5ad3ed6":222,"8e5f7187":222,"55ba7579":222,"b7769ca6":222,"9c27de51":222,"38a75b48":222,"1792bfa3":222,"426f1904":222,"7c0f1ca9":222,"b2f820ac":222,"25d4f65d":222,"eddb6a2a":222,"ff8a00aa":222,"c146560b":222,"985068e7":222,"d543ba6f":222,"f7076e21":222,"69e653b6":222,"98d2991b":222,"3b411d6a":222,"83826ef3":222,"595609d5":222,"b47f1b89":222,"8e6caf71":222,"9a3433b8":222,"b89112cb":222,"66736d5e":222,"30de89a7":222,"06aaa33f":222,"320c65bf":222,"1fa1e7c2":222,"646af2b9":222,"659389ad":222,"240c8679":222,"0718c3be":222,"8b503f7b":222,"87a8523c":222,"c416baa6":222,"ae350a07":222,"680a32a6":222,"83ba647d":222,"cb0bd6b7":222,"8e426e39":222,"51909df8":222,"e22b0973":222,"23646ff9":222,"3abb827b":222,"0c73c293":222,"88929b06":222,"08c4692e":222,"5b2479ef":222,"1d882c36":222,"eb62e8f2":222,"f1e86522":222,"fa03f48f":222,"5298dafa":222,"25f7f918":222,"c5311ebb":222,"105bb3f6":222,"58de5462":222,"f01c896d":222,"1f2670d0":222,"962c9c8f":222,"aec0bf28":222,"a017a323":222,"8801c469":222,"b6281f1a":222,"48c6df81":222,"5e165f43":222,"f8785b71":222,"ab4a411a":222,"d7a4b24c":222,"686d5c0b":222,"f15eb1c5":222,"71789493":222,"5ac72353":222,"d1b14d06":222,"f6c074a7":222,"ffd6849d":222,"962fca02":222,"75968179":222,"bc8bdc23":222,"a71f3f70":222,"1f7aa83c":222,"808bc372":222,"c792a7c1":222,"732d62ee":222,"d4b0751c":222,"5a7da061":222,"06a94514":222,"5b01444b":222,"73c420df":222,"79995b62":222,"97160db8":222,"0700da70":222,"ff591765":222,"589f0d6e":222,"93f12198":222,"51b4016a":222,"46bf9112":222,"62e270e5":222,"092ad3d6":222,"66b1b6d7":222,"b062adc4":222,"bf940089":222,"272e7d0d":222,"f92596ee":222,"68831ea9":222,"9713d076":222,"fd098272":222,"6ee788a7":222,"8249641d":222,"45b0968f":222,"6a9bb182":222,"1f1afd4f":222,"25fb8826":222,"0dc5da58":222,"2874a625":222,"e61ae828":222,"f7ac3883":222,"ccd01528":222,"dab8cf68":222,"00f2a9cb":222,"916fe082":222,"b64dba8e":222,"c3bb30ce":222,"86219c70":222,"601990d8":222,"5c662c19":222,"d2a5d2fd":222,"89d220c2":222,"3e10c9cb":222,"5500a3e8":222,"3c0e87ac":222,"a891461f":222,"a246cdab":222,"117c7f0b":222,"0d21cf99":222,"14e6fe14":222,"01f34f98":222,"4aae5133":222,"1670b0d3":222,"63a3af32":222,"ec97d63e":222,"3fec4b0b":222,"94208a41":222,"faa3de3e":222,"2cbcad17":222,"44983d13":222,"4dccb5ca":222,"80999122":222,"83268abf":222,"72af9198":222,"578c4c95":222,"e39e9552":222,"c606b472":222,"81c1b70d":222,"e72f0f82":222,"88374b72":222,"fdfaf1ed":222,"ea981bed":222,"5e197575":222,"e587c4d0":222,"525b2635":222,"caa38a45":222,"a9987a58":222,"b6b8e5c7":222,"e82177d3":222,"89914b94":222,"04bdf5e1":222,"da8b42be":222,"3b0576bf":222,"9458934f":222,"1dcc489c":222,"945badf3":222,"1327775b":222,"bdd40125":222,"75fd47f7":222,"1c52a07e":222,"e70ccc25":222,"afd1494f":222,"ca6bffd3":222,"829c44a4":222,"37ec5e73":222,"bfff7913":222,"f8636899":222,"37724339":222,"d45d9727":222,"ee5ff2a3":222,"44322dfd":222,"295e4d1d":222,"8cf6570a":222,"403064a0":222,"312af46e":222,"b5a9f8c3":222,"fcbc0ae8":222,"2ff6b6a8":222,"66a71cc1":222,"bf4b58e4":222,"e76e2617":222,"2b4fd52e":222,"57162572":222,"d1d50cfe":222,"9666b973":222,"653b27c7":222,"83b37fd6":222,"4d852788":222,"e43a9448":222,"3542b748":222,"379c53ab":222,"e396d80d":222,"7da61f27":222,"dc874a97":222,"85a220de":222,"40a7cdd2":222,"ac033c7b":222,"87759976":222,"4df3f62e":222,"c881a53e":222,"80c1c8b1":222,"cf52acd8":222,"a63cb4ce":222,"d3b3492b":222,"7580cfa4":222,"22a96386":222,"5c672b50":222,"5df16440":222,"b666e56d":222,"8db378ff":222,"784d6375":222,"4541bf85":222,"a6b13f20":222,"2459c882":222,"3df97186":222,"ef0490de":222,"e0f47ced":222,"309bbf54":222,"cc537772":222,"6618390c":222,"99cc0813":222,"dc32c4e1":222,"239c636e":222,"6ee160ff":222,"c55d40ca":222,"22c177a8":222,"00ae883f":222,"f416ee62":222,"0d2b182d":222,"320754c3":222,"232b2f64":222,"3171b6e7":222,"3b25460f":222,"d2064756":222,"f7ffcbb8":222,"5728f934":222,"00b26865":222,"c333337d":222,"815c56bc":222,"5bd61a68":222,"8582c5cf":222
1601327341959,"0c353665":222,"231e8700":222,"1f9fbd85":222,"43f24679":222,"a1c0dfc4":222,"78f71162":222,"4b27a9a4":222,"163f4d19":222,"1d043d5a":222,"b2f82e06":222,"5b0b43e6":222,"b5474d69":222,"5a938eeb":222,"4fe0dedf":222,"951fc6d0":222,"61892a4c":222,"f096219e":222,"a3f0a6ec":222,"01051f84":222,"aa7e370d":222,"f995eeab":222,"4006e709":222,"0dedf63e":222,"a9d5374b":222,"4321f02d":222,"089b3f8f":222,"7698d0dc":222,"784414ce":222,"2df3efdb":222,"d0f1b7bd":222,"e7799883":222,"4f9456cf":222,"6e260ee8":222,"f4f84279":222,"b0950de5":222,"6f873999":222,"1f4e0e22":222,"60d69311":222,"a8edfe84":222,"2ed19b1e":222,"959e16ea":222,"02f76c64":222,"5c6d1f33":222,"b4801cae":222,"c3c2fd05":222,"f8c97147":222,"c2526ff3":222,"cc386067":222,"a22ffd8f":222,"3cd28a4d":222,"44a12c31":222,"45a961ca":222,"5ca978fd":222,"668e601b":222,"7552d86c":222,"02ebf3b6":222,"bb17a968":222,"4abcb85d":222,"cba26072":222,"2a718dcc":222,"c6a9a8e1":222,"88854fd0":222,"8dc27d2a":222,"41d7f05d":222,"2b851827":222,"3b09f1de":222,"b371f44a":222,"8b6180ff":222,"8819ac24":222,"dbbf7f69":222,"dfe4a061":222,"c2bf7d51":222,"781afef6":222,"de9229a0":222,"99a5feef":222,"f6266388":222,"e64fd39c":222,"e1b3ce36":222,"625fa164":222,"0c6ae551":222,"9f428a03":222,"4d504d96":222,"0533ece1":222,"bcee2ef3":222,"0afba00c":222,"04ff8100":222,"6c00d8d6":222,"ac9a02bc":222,"acfe69ed":222,"426603ff":222,"2db2f252":222,"2e84193b":222,"c55683c9":222,"51233daf":222,"02791635":222,"be081247":222,"5cc47d1b":222,"678b846f":222,"b4bd39d8":222,"b4cdbe5d":222,"fa0386f3":222,"b95d0f17":222,"cee9c347":222,"e8f4c1dd":222,"cede8b8c":222,"ad95ff4a":222,"893a99c5":222,"d8bf32b5":222,"0eb42efe":222,"03c4ab87":222,"4e3d3af7":222,"3a4803a8":222,"f7a7de5d":222,"d4e56c3e":222,"0c045c2d":222,"8efd4801":222,"7eb8f268":222,"20236d3e":222,"36ae8cd8":222,"3ddd5391":222,"07f69c6d":222,"2254f0f5":222,"ea282e84":222,"6653c83b":222,"c896052c":222,"287ecd1c":222,"f9376d3e":222,"07a94e8c":222,"bb017b49":222,"37b52fe4":222,"61ad1519":222,"819c4185":222,"ba69b06b":222,"7d2a2cb4":222,"4f62491c":222,"70b4c438":222,"71ed93db":222,"c92efaa8":222,"c241ac7e":222,"62a45672":222,"210e507a":222,"ac6e268b":222,"742238e8":222
1601327342326,"7800e7ce":223,"77869ff0":223,"4b8f7b16":223,"89f75690":223,"cb363e2f":223,"cd802f02":223,"d3cca7eb":223,"e866a899":223,"5690e712":223,"0b92d2a9":223,"070bed95":223,"67e5d108":223,"3d37b94b":223,"842c97c2":223,"c4cef92b":223,"0eecdc5b":223,"b7e495ea":223,"45ec63c0":223,"0ddfde2c":223,"a8b41774":223,"81f0da2d":223,"1fcc8ba4":223,"75a9c117":223,"12ba54ec":223,"be391c1a":223,"37d8a5b7":223,"d5ab81c4":223,"2ecde685":223,"f0bd52d3":223,"dcc20f76":223,"666a8ef0":223,"c5b609f1":223,"4dc5849a":223,"d605c755":223,"8a8c1d67":223,"cc6b3306":223,"8c2dfd9a":223,"f11267b9":223,"a483b15e":223,"f80ab49d":223,"95eaed39":223,"a5ba0ebb":223,"f53362a9":223,"1901ef7e":223,"960c2e6b":223,"3515e999":223,"d11f8f1b":223,"9d9eb027":223,"325f9a29":223,"503aafe5":223,"080d5d42":223,"5d03f5dc":223,"f0a01341":223,"1ee4d9f9":223,"0d6e45e7":223,"0da97151":223,"e829038c":223,"4987cfb5":223,"ba90687c":223,"77f2cf92":223,"037e2be4":223,"9e7dbd20":223,"0c086273":223,"ac13c3b0":223,"b4d9c57f":223,"5d53c964":223,"8ee9cc91":223,"4cc0af91":223,"55f6a2ba":223,"9559ea96":223,"9cb044bf":223,"d5d94481":223,"ffe48500":223,"c7a45a33":223,"faffe099":223,"e99490cd":223,"3b830769":223,"583f0305":223,"1557c50a":223,"249e80ab":223,"f52a3d94":223,"eb74d3dd":223,"3bcbc28d":223,"3c0455e7":223,"df203c79":223,"df1e1ac0":223,"491708eb":223,"e421caaa":223,"2d2ecf27":223,"d38a4953":223,"eba5efdd":223,"a5463f93":223,"c85ac4f8":223,"bc253f4f":223,"0d9d2bf8":223,"846b7f11":223,"d3411467":223,"1df0ce7f":223,"a08171d0":223,"c8bc5677":223,"dfca0518":223,"b9a21017":223,"e47705d3":223,"3cae4115":223,"0ccf4731":223,"c7c6782d":223,"16b25add":223,"80ee333e":223,"3b329af2":223,"1cd662bf":223,"72992b35":223,"47589344":223,"593b1533":223,"e9f6e5ce":223,"ed6bead5":223,"96f594b9":223,"94dfcfc5":223,"8301986e":223,"830ecfec":223,"a8bae791":223,"312009ee":223,"c98759fd":223,"e8b6d676":223,"45ee5840":223,"76f04033":223,"43480b19":223,"fd955858":223,"69798d15":223,"efea71fa":223,"fb3aa867":223,"c9cf710b":223,"fcacdeb3":223,"0ea055ed":223,"e3b1bdf8":223,"644b45fb":223,"54346574":223,"b12cbf87":223,"81942d9b":223,"699b90c1":223,"d9b5a7a8":223,"1e7914d2":223,"e5d8fdb2":223,"3412ab75":223,"bcac5daf":223,"62d028cc":223,"0af2cf39":223,"27491297":223,"d041ea86":223,"1eda11b2":223,"fc442678":223,"18c73816":223,"e491161e":223,"b5087677":223,"16f60bed":223,"cb0c3481":223,"7664512c":223,"df9a53b8":223,"f6c27b2b":223,"945f6c24":223,"f1daea7e":223,"b8fb90e3":223,"56227e35":223,"0d6bf22a":223,"b87321d0":223,"43205b5d":223,"8982905a":223,"f6fe1ad7":223,"230064fa":223,"764e0abb":223,"bba6d88e":223,"ea3479ec":223,"32266fa3":223,"50b090c3":223,"8be24763":223,"eb4800b2":223,"6e0ce9dc":223,"87d9bec4":223,"e30dfa0c":223,"6da34174":223,"bfb849fa":223,"0a10b423":223,"9ef7cee7":223,"49f1a0d1":223,"5f04aa76":223,"ba297382":223,"0287db2a":223,"96abe4a9":223,"753b10b1":223,"cf14bd99":223,"782022f4":223,"322e833f":223,"ab3619e4":223,"106006ad":223,"c8237be9":223,"1416e8f5":223,"dde2eed5":223,"a208caa8":223,"16605353":223,"77b39e15":223,"f1726edb":223
1601327342844,"590ce3d3":223,"1802d7ce":223,"0a49914b":223,"5d3f5cad":223,"cf347cba":223,"fc0c23f7":223,"641f9b9e":223,"c92edec5":223,"9f03c1e7":223,"06c24a8d":223,"2f35e75f":223,"3eddf7c8":223,"77970f8b":223,"efd594d5":223,"4718294d":223,"5352cf45":223,"e0ffe8ff":223,"ae14d6b5":223,"721f5f42":223,"0b50bca6":223,"bf2ca266":223,"5d8d9641":223,"0de67c6c":223,"2311399f":223,"5e3ebf5e":223,"9f6ca218":223,"6213799d":223,"44cb1fd2":223,"baf19c25":223,"24a79a6e":223,"edde30af":223,"4d949e11":223,"df12f689":223,"1da10cbf":223,"832c48e4":223,"dc90a44c":223,"1ad7c45b":223,"5566c17c":223,"86a22252":223,"0000dece":223,"ce5efdbe":223,"58ace2b5":223,"d379fd96":223,"7b819458":223,"7f8024cd":223,"92b72493":223,"d3e58903":223,"4481c4be":223,"7954891b":223,"4afd60a9":223,"d44c0ea3":223,"68f87858":223,"533bac6b":223,"41634dba":223,"43fd1327":223,"113e7f4b":223,"8cce569a":223,"ce6401b6":223,"6f57824c":223,"28bd7aa1":223,"1d52fb0d":223,"cde0d748":223,"535ed444":223,"710f0d0e":223,"0905f1fb":223,"a20e529c":223,"1ae76fcc":223,"35b161d3":223,"344cd1a3":223,"77ea1236":223,"ae562513":223,"7b66dacd":223,"9ab137d7":223,"7191d1cd":223,"005354dd":223,"96d2a118":223,"23a0e41f":223,"b32a1080":223,"a2c4b591":223,"6dfa57be":223,"1854ce44":223,"f92b22f1":223,"ece12664":223,"36f4ecde":223,"568a0d58":223,"5fd569d2":223,"10c8fd03":223,"bd4ccb49":223,"e773d697":223,"7e8c11e7":223,"077eb15a":223,"5337c279":223,"8d256cb6":223,"7021c619":223,"32ae00db":223,"bf2defb2":223,"bc733a28":223,"30d32d34":223,"886c16d3":223,"e8d09b62":223,"5b09e53e":223,"da5bb0f7":223,"6d925c84":223,"50b23ab2":223,"edfa56d4":223,"899c16eb":223,"41c76041":223,"6bb1fa99":223,"3b3569f6":223,"b01ab62a":223,"76da16fa":223,"bffee581":223,"07150038":223,"080fa362":223,"7b6945ad":223,"a40d08e1":223,"cec79bc2":223,"d2eff358":223,"e70aebb5":223,"a488b2f1":223,"4caa87d6":223,"f7076e21":223,"d73ff72e":223,"61c0ca91":223,"d2fda7be":223,"ce20ca3c":223,"1d2d958b":223,"81fb6a01":223,"7f5b27c8":223,"fb3444d9":223,"f05de640":223,"86a68967":223,"56cd4dca":223,"7f469f4c":223,"f92dedfc":223,"355d1489":223,"f96fc1af":223,"06713bac":223,"61aca924":223,"d97fb857":223,"59ff5ec6":223,"ef04e64e":223,"6e2d04de":223,"2fca1798":223,"05028839":223,"5488826c":223,"84fff5c1":223,"c649992d":223,"d5ad3ed6":223,"8e5f7187":223,"55ba7579":223,"b7769ca6":223,"9c27de51":223,"38a75b48":223,"1792bfa3":223,"426f1904":223,"7c0f1ca9":223,"b2f820ac":223,"25d4f65d":223,"eddb6a2a":223,"ff8a00aa":223,"c146560b":223,"985068e7":223,"d543ba6f":223,"f1e86522":223,"fa03f48f":223,"5298dafa":223,"25f7f918":223,"c5311ebb":223,"105bb3f6":223,"58de5462":223,"f01c896d":223,"1f2670d0":223,"962c9c8f":223,"aec0bf28":223,"a017a323":223,"8801c469":223,"b6281f1a":223,"48c6df81":223,"5e165f43":223,"f8785b71":223,"ab4a411a":223,"d7a4b24c":223,"69e653b6":223,"98d2991b":223,"3b411d6a":223,"83826ef3":223,"595609d5":223,"b47f1b89":223,"8e6caf71":223,"9a3433b8":223,"b89112cb":223,"66736d5e":223,"30de89a7":223,"06aaa33f":223,"320c65bf":223,"1fa1e7c2":223,"646af2b9":223,"659389ad":223,"240c8679":223,"0718c3be":223,"8b503f7b":223,"87a8523c":223,"c416baa6":223,"ae350a07":223,"680a32a6":223,"83ba647d":223,"cb0bd6b7":223,"8e426e39":223,"51909df8":223,"e22b0973":223,"23646ff9":223,"3abb827b":223,"0c73c293":223,"88929b06":223,"08c4692e":223,"5b2479ef":223,"1d882c36":223,"eb62e8f2":223
1601327343392,"686d5c0b":223,"f15eb1c5":223,"71789493":223,"5ac72353":223,"d1b14d06":223,"f6c074a7":223,"ffd6849d":223,"962fca02":223,"75968179":223,"bc8bdc23":223,"a71f3f70":223,"1f7aa83c":223,"732d62ee":223,"d4b0751c":223,"5b01444b":223,"79995b62":223,"97160db8":223,"589f0d6e":223,"51b4016a":223,"46bf9112":223,"092ad3d6":223,"bf940089":223,"808bc372":223,"01f34f98":223,"c792a7c1":223,"1670b0d3":223,"5a7da061":223,"ec97d63e":223,"06a94514":223,"94208a41":223,"73c420df":223,"0700da70":223,"2cbcad17":223,"ff591765":223,"4dccb5ca":223,"83268abf":223,"93f12198":223,"578c4c95":223,"62e270e5":223,"66b1b6d7":223,"c606b472":223,"b062adc4":223,"4aae5133":223,"63a3af32":223,"3fec4b0b":223,"faa3de3e":223,"44983d13":223,"80999122":223,"72af9198":223,"e39e9552":223,"81c1b70d":223,"e72f0f82":223,"88374b72":223,"fdfaf1ed":223,"ea981bed":223,"5e197575":223,"e587c4d0":223,"525b2635":223,"caa38a45":223,"a9987a58":223,"b6b8e5c7":223,"e82177d3":223,"89914b94":223,"04bdf5e1":223,"da8b42be":223,"3b0576bf":223,"9458934f":223,"1dcc489c":223,"945badf3":223,"1327775b":223,"bdd40125":223,"75fd47f7":223,"1c52a07e":223,"e70ccc25":223,"afd1494f":223,"ca6bffd3":223,"829c44a4":223,"e76e2617":223,"2b4fd52e":223,"57162572":223,"d1d50cfe":223,"272e7d0d":223,"f92596ee":223,"68831ea9":223,"9713d076":223,"fd098272":223,"6ee788a7":223,"8249641d":223,"45b0968f":223,"6a9bb182":223,"1f1afd4f":223,"25fb8826":223,"0dc5da58":223,"2874a625":223,"e61ae828":223,"f7ac3883":223,"ccd01528":223,"dab8cf68":223,"00f2a9cb":223,"916fe082":223,"b64dba8e":223,"c3bb30ce":223,"86219c70":223,"601990d8":223,"5c662c19":223,"d2a5d2fd":223,"89d220c2":223,"3e10c9cb":223,"5500a3e8":223,"3c0e87ac":223,"9666b973":223,"653b27c7":223,"83b37fd6":223,"4d852788":223,"e43a9448":223,"3542b748":223,"379c53ab":223,"e396d80d":223,"7da61f27":223,"dc874a97":223,"85a220de":223,"40a7cdd2":223,"ac033c7b":223,"87759976":223,"4df3f62e":223,"f7ffcbb8":223,"5728f934":223,"00b26865":223,"c333337d":223,"815c56bc":223,"5bd61a68":223,"8582c5cf":223,"0c353665":223,"231e8700":223,"1f9fbd85":223,"a891461f":223,"a246cdab":223,"117c7f0b":223,"0d21cf99":223,"14e6fe14":223,"37ec5e73":223,"bfff7913":223,"f8636899":223,"37724339":223,"d45d9727":223,"ee5ff2a3":223,"44322dfd":223,"295e4d1d":223,"8cf6570a":223,"403064a0":223,"312af46e":223,"b5a9f8c3":223,"fcbc0ae8":223,"2ff6b6a8":223,"66a71cc1":223,"bf4b58e4":223,"c881a53e":223,"80c1c8b1":223,"cf52acd8":223,"a63cb4ce":223,"d3b3492b":223,"7580cfa4":223,"22a96386":223,"5c672b50":223,"5df16440":223,"b666e56d":223,"8db378ff":223,"784d6375":223,"4541bf85":223,"a6b13f20":223,"2459c882":223,"3df97186":223,"ef0490de":223,"e0f47ced":223,"309bbf54":223,"cc537772":223,"6618390c":223,"99cc0813":223,"dc32c4e1":223,"239c636e":223,"6ee160ff":223,"c55d40ca":223,"22c177a8":223,"00ae883f":223,"f416ee62":223,"0d2b182d":223,"320754c3":223,"232b2f64":223,"3171b6e7":223,"3b25460f":223,"d2064756":223,"43f24679":223,"a1c0dfc4":223,"78f71162":223,"4b27a9a4":223,"163f4d19":223,"1d043d5a":223,"b2f82e06":223,"5b0b43e6":223,"b5474d69":223,"5a938eeb":223,"4fe0dedf":223,"951fc6d0":223,"61892a4c":223,"f096219e":223,"a3f0a6ec":223,"01051f84":223,"aa7e370d":223,"f995eeab":223,"4006e709":223,"0dedf63e":223,"a9d5374b":223,"4321f02d":223,"089b3f8f":223,"7698d0dc":223,"784414ce":223,"2df3efdb":223,"d0f1b7bd":223,"e7799883":223,"4f9456cf":223,"6e260ee8":223,"f4f84279":223,"b0950de5":223,"6f873999":223,"1f4e0e22":223,"60d69311":223,"3b09f1de":223,"a8edfe84":223,"2ed19b1e":223,"959e16ea":223,"02f76c64":223,"5c6d1f33":223,"b4801cae":223,"c3c2fd05":223,"f8c97147":223,"c2526ff3":223,"cc386067":223,"a22ffd8f":223,"3cd28a4d":223,"44a12c31":223,"45a961ca":223,"5ca978fd":223,"668e601b":223,"7552d86c":223,"02ebf3b6":223,"bb17a968":223,"4abcb85d":223,"cba26072":223,"2a718dcc":223,"c6a9a8e1":223,"88854fd0":223,"8dc27d2a":223,"41d7f05d":223,"b371f44a":223,"8b6180ff":223,"8819ac24":223,"dbbf7f69":223,"dfe4a061":223,"c2bf7d51":223,"781afef6":223,"de9229a0":223,"99a5feef":223,"f6266388":223,"e64fd39c":223,"e1b3ce36":223,"625fa164":223,"0c6ae551":223,"e8f4c1dd":223,"cede8b8c":223,"2b851827":223,"9f428a03":223,"4d504d96":223,"0533ece1":223,"bcee2ef3":223,"0afba00c":223,"04ff8100":223,"6c00d8d6":223,"ac9a02bc":223,"acfe69ed":223,"426603ff":223,"2db2f252":223,"2e84193b":223,"c55683c9":223,"51233daf":223,"02791635":223,"be081247":223,"5cc47d1b":223,"678b846f":223,"b4bd39d8":223,"b4cdbe5d":223,"fa0386f3":223,"b95d0f17":223,"cee9c347":223,"ad95ff4a":223,"893a99c5":223,"d8bf32b5":223,"0eb42efe":223,"03c4ab87":223,"4e3d3af7":223,"3a4803a8":223,"f7a7de5d":223,"d4e56c3e":223,"0c045c2d":223,"8efd4801":223,"7eb8f268":223,"20236d3e":223,"36ae8cd8":223,"3ddd5391":223,"07f69c6d":223,"2254f0f5":223,"ea282e84":223,"6653c83b":223,"c896052c":223,"287ecd1c":223,"f9376d3e":223,"07a94e8c":223,"bb017b49":223,"37b52fe4":223,"61ad1519":223,"819c4185":223,"ba69b06b":223,"7d2a2cb4":223,"4f62491c":223,"70b4c438":223,"71ed93db":223,"c92efaa8":223,"c241ac7e":223,"62a45672":223,"210e507a":223,"ac6e268b":223,"742238e8":223
1601327343703,"7800e7ce":224,"77869ff0":224,"4b8f7b16":224,"89f75690":224,"cb363e2f":224,"cd802f02":224,"d3cca7eb":224,"e866a899":224,"5690e712":224,"0b92d2a9":224,"070bed95":224,"67e5d108":224,"3d37b94b":224,"842c97c2":224,"c4cef92b":224,"0eecdc5b":224,"b7e495ea":224,"45ec63c0":224,"0ddfde2c":224,"a8b41774":224,"81f0da2d":224,"1fcc8ba4":224,"75a9c117":224,"12ba54ec":224,"be391c1a":224,"37d8a5b7":224,"d5ab81c4":224,"2ecde685":224,"f0bd52d3":224,"dcc20f76":224,"666a8ef0":224,"c5b609f1":224,"4dc5849a":224,"d605c755":224,"8a8c1d67":224,"cc6b3306":224,"8c2dfd9a":224,"f11267b9":224,"a483b15e":224,"f80ab49d":224,"95eaed39":224,"a5ba0ebb":224,"f53362a9":224,"1901ef7e":224,"960c2e6b":224,"3515e999":224,"d11f8f1b":224,"9d9eb027":224,"325f9a29":224,"503aafe5":224,"d5d94481":224,"ffe48500":224,"c7a45a33":224,"faffe099":224,"080d5d42":224,"5d03f5dc":224,"f0a01341":224,"1ee4d9f9":224,"0d6e45e7":224,"0da97151":224,"e829038c":224,"4987cfb5":224,"ba90687c":224,"77f2cf92":224,"037e2be4":224,"9e7dbd20":224,"0c086273":224,"ac13c3b0":224
1601327344585,"e99490cd":224,"3b830769":224,"583f0305":224,"1557c50a":224,"249e80ab":224,"f52a3d94":224,"eb74d3dd":224,"3bcbc28d":224,"3c0455e7":224,"df203c79":224,"df1e1ac0":224,"491708eb":224,"e421caaa":224,"2d2ecf27":224,"d38a4953":224,"eba5efdd":224,"a5463f93":224,"c85ac4f8":224,"bc253f4f":224,"0d9d2bf8":224,"846b7f11":224,"d3411467":224,"1df0ce7f":224,"a08171d0":224,"c8bc5677":224,"dfca0518":224,"b9a21017":224,"e47705d3":224,"3cae4115":224,"0ccf4731":224,"c7c6782d":224,"54346574":224,"b12cbf87":224,"81942d9b":224,"699b90c1":224,"d9b5a7a8":224,"1e7914d2":224,"e5d8fdb2":224,"3412ab75":224,"bcac5daf":224,"62d028cc":224,"0af2cf39":224,"27491297":224,"d041ea86":224,"1eda11b2":224,"fc442678":224,"b4d9c57f":224,"5d53c964":224,"8ee9cc91":224,"4cc0af91":224,"55f6a2ba":224,"9559ea96":224,"9cb044bf":224,"16b25add":224,"80ee333e":224,"3b329af2":224,"1cd662bf":224,"72992b35":224,"47589344":224,"593b1533":224,"e9f6e5ce":224,"ed6bead5":224,"96f594b9":224,"94dfcfc5":224,"8301986e":224,"830ecfec":224,"a8bae791":224,"312009ee":224,"c98759fd":224,"e8b6d676":224,"45ee5840":224,"76f04033":224,"43480b19":224,"fd955858":224,"69798d15":224,"efea71fa":224,"fb3aa867":224,"c9cf710b":224,"fcacdeb3":224,"0ea055ed":224,"e3b1bdf8":224,"644b45fb":224,"18c73816":224,"e491161e":224,"b5087677":224,"16f60bed":224,"cb0c3481":224,"7664512c":224,"df9a53b8":224,"f6c27b2b":224,"945f6c24":224,"f1daea7e":224,"b8fb90e3":224,"56227e35":224,"0d6bf22a":224,"b87321d0":224,"43205b5d":224,"8982905a":224,"f6fe1ad7":224,"230064fa":224,"764e0abb":224,"bba6d88e":224,"ea3479ec":224,"32266fa3":224,"50b090c3":224,"8be24763":224,"eb4800b2":224,"6e0ce9dc":224,"87d9bec4":224,"e30dfa0c":224,"6da34174":224,"bfb849fa":224,"0a10b423":224,"9ef7cee7":224,"49f1a0d1":224,"5f04aa76":224,"ba297382":224,"0287db2a":224,"96abe4a9":224,"753b10b1":224,"cf14bd99":224,"782022f4":224,"322e833f":224,"ab3619e4":224,"106006ad":224,"c8237be9":224,"1416e8f5":224,"dde2eed5":224,"a208caa8":224,"16605353":224,"77b39e15":224,"f1726edb":224
1601327345222,"92b72493":224,"590ce3d3":224,"1802d7ce":224,"0a49914b":224,"5d3f5cad":224,"cf347cba":224,"d3e58903":224,"4481c4be":224,"7954891b":224,"4afd60a9":224,"d44c0ea3":224,"68f87858":224,"533bac6b":224,"41634dba":224,"43fd1327":224,"113e7f4b":224,"8cce569a":224,"ce6401b6":224,"6f57824c":224,"28bd7aa1":224,"1d52fb0d":224,"cde0d748":224,"535ed444":224,"710f0d0e":224,"0905f1fb":224,"a20e529c":224,"1ae76fcc":224,"35b161d3":224,"344cd1a3":224,"77ea1236":224,"96d2a118":224,"23a0e41f":224,"b32a1080":224,"a2c4b591":224,"6dfa57be":224,"1854ce44":224,"f92b22f1":224,"ece12664":224,"36f4ecde":224,"568a0d58":224,"5fd569d2":224,"10c8fd03":224,"bd4ccb49":224,"e773d697":224,"7e8c11e7":224,"5b09e53e":224,"da5bb0f7":224,"6d925c84":224,"50b23ab2":224,"edfa56d4":224,"899c16eb":224,"41c76041":224,"6bb1fa99":224,"d73ff72e":224,"61c0ca91":224,"d2fda7be":224,"ce20ca3c":224,"1d2d958b":224,"81fb6a01":224,"fc0c23f7":224,"641f9b9e":224,"c92edec5":224,"9f03c1e7":224,"06c24a8d":224,"2f35e75f":224,"3eddf7c8":224,"77970f8b":224,"efd594d5":224,"4718294d":224,"5352cf45":224,"e0ffe8ff":224,"ae14d6b5":224,"721f5f42":224,"0b50bca6":224,"bf2ca266":224,"5d8d9641":224,"0de67c6c":224,"2311399f":224,"5e3ebf5e":224,"9f6ca218":224,"6213799d":224,"44cb1fd2":224,"baf19c25":224,"24a79a6e":224,"edde30af":224,"4d949e11":224,"df12f689":224,"1da10cbf":224,"832c48e4":224,"dc90a44c":224,"1ad7c45b":224,"5566c17c":224,"86a22252":224,"0000dece":224,"ce5efdbe":224,"58ace2b5":224,"d379fd96":224,"7f5b27c8":224,"fb3444d9":224,"f05de640":224,"86a68967":224,"56cd4dca":224,"7f469f4c":224,"f92dedfc":224,"355d1489":224,"f96fc1af":224,"06713bac":224,"61aca924":224,"077eb15a":224,"5337c279":224,"8d256cb6":224,"7021c619":224,"32ae00db":224,"bf2defb2":224,"bc733a28":224,"30d32d34":224,"886c16d3":224,"e8d09b62":224,"d97fb857":224,"59ff5ec6":224,"ef04e64e":224,"6e2d04de":224,"2fca1798":224,"05028839":224,"5488826c":224,"84fff5c1":224,"c649992d":224,"d5ad3ed6":224,"8e5f7187":224,"55ba7579":224,"b7769ca6":224,"9c27de51":224,"38a75b48":224,"1792bfa3":224,"426f1904":224,"7c0f1ca9":224,"b2f820ac":224,"25d4f65d":224,"7b819458":224,"7f8024cd":224,"ae562513":224,"7b66dacd":224,"9ab137d7":224,"7191d1cd":224,"005354dd":224,"eddb6a2a":224,"ff8a00aa":224,"c146560b":224,"985068e7":224,"d543ba6f":224,"3b3569f6":224,"b01ab62a":224,"76da16fa":224,"bffee581":224,"07150038":224,"080fa362":224,"7b6945ad":224,"a40d08e1":224,"cec79bc2":224,"d2eff358":224,"e70aebb5":224,"a488b2f1":224,"4caa87d6":224,"f7076e21":224,"69e653b6":224,"98d2991b":224,"3b411d6a":224,"83826ef3":224,"595609d5":224,"b47f1b89":224,"8e6caf71":224,"9a3433b8":224,"b89112cb":224,"66736d5e":224,"30de89a7":224,"06aaa33f":224,"320c65bf":224,"1fa1e7c2":224,"646af2b9":224,"659389ad":224,"240c8679":224,"0718c3be":224,"8b503f7b":224,"87a8523c":224,"c416baa6":224,"ae350a07":224,"680a32a6":224,"83ba647d":224,"cb0bd6b7":224,"8e426e39":224,"51909df8":224,"e22b0973":224,"23646ff9":224,"3abb827b":224,"0c73c293":224,"88929b06":224,"08c4692e":224,"5b2479ef":224,"1d882c36":224,"eb62e8f2":224,"f1e86522":224,"fa03f48f":224,"5298dafa":224,"25f7f918":224,"c5311ebb":224,"105bb3f6":224,"58de5462":224,"f01c896d":224,"1f2670d0":224,"962c9c8f":224,"aec0bf28":224,"a017a323":224,"8801c469":224,"b6281f1a":224,"48c6df81":224,"5e165f43":224,"f8785b71":224,"ab4a411a":224,"d7a4b24c":224,"686d5c0b":224,"f15eb1c5":224,"71789493":224,"5ac72353":224,"d1b14d06":224,"f6c074a7":224,"ffd6849d":224,"962fca02":224,"75968179":224,"bc8bdc23":224,"a71f3f70":224,"1f7aa83c":224,"732d62ee":224,"d4b0751c":224,"5b01444b":224,"79995b62":224,"97160db8":224,"589f0d6e":224,"808bc372":224,"51b4016a":224,"c792a7c1":224,"46bf9112":224,"5a7da061":224,"092ad3d6":224,"06a94514":224,"bf940089":224,"73c420df":224,"01f34f98":224,"0700da70":224,"1670b0d3":224,"ff591765":224,"ec97d63e":224,"93f12198":224,"94208a41":224,"62e270e5":224,"2cbcad17":224,"66b1b6d7":224,"b062adc4":224,"4dccb5ca":224,"4aae5133":224,"83268abf":224,"578c4c95":224,"63a3af32":224,"3fec4b0b":224,"c606b472":224,"faa3de3e":224,"44983d13":224,"80999122":224,"72af9198":224,"e39e9552":224,"81c1b70d":224,"e72f0f82":224,"88374b72":224,"fdfaf1ed":224,"ea981bed":224,"5e197575":224,"e587c4d0":224,"525b2635":224,"caa38a45":224,"a9987a58":224,"b6b8e5c7":224,"e82177d3":224,"89914b94":224,"04bdf5e1":224,"da8b42be":224,"3b0576bf":224,"9458934f":224,"1dcc489c":224,"945badf3":224,"1327775b":224,"bdd40125":224,"75fd47f7":224,"1c52a07e":224,"e70ccc25":224,"afd1494f":224,"ca6bffd3":224,"829c44a4":224,"e76e2617":224,"2b4fd52e":224,"57162572":224,"d1d50cfe":224,"9666b973":224,"653b27c7":224,"83b37fd6":224,"4d852788":224,"e43a9448":224,"3542b748":224,"379c53ab":224,"e396d80d":224,"7da61f27":224,"dc874a97":224,"85a220de":224,"40a7cdd2":224,"ac033c7b":224,"272e7d0d":224,"f92596ee":224,"68831ea9":224,"87759976":224,"4df3f62e":224,"c881a53e":224,"80c1c8b1":224,"cf52acd8":224,"a63cb4ce":224,"d3b3492b":224,"7580cfa4":224,"22a96386":224,"5c672b50":224,"5df16440":224,"b666e56d":224,"8db378ff":224,"784d6375":224,"4541bf85":224,"a6b13f20":224,"2459c882":224,"3df97186":224,"ef0490de":224,"e0f47ced":224,"309bbf54":224,"cc537772":224,"6618390c":224,"99cc0813":224,"dc32c4e1":224,"239c636e":224,"6ee160ff":224,"c55d40ca":224,"22c177a8":224,"00ae883f":224,"f416ee62":224,"0d2b182d":224,"320754c3":224,"232b2f64":224,"3171b6e7":224,"3b25460f":224,"d2064756":224,"9713d076":224,"fd098272":224,"6ee788a7":224,"8249641d":224,"45b0968f":224,"6a9bb182":224,"1f1afd4f":224,"25fb8826":224,"0dc5da58":224,"2874a625":224,"e61ae828":224,"f7ac3883":224,"ccd01528":224,"dab8cf68":224,"00f2a9cb":224,"916fe082":224,"b64dba8e":224,"c3bb30ce":224,"86219c70":224,"601990d8":224,"5c662c19":224,"d2a5d2fd":224,"89d220c2":224,"3e10c9cb":224,"5500a3e8":224,"3c0e87ac":224,"a891461f":224,"a246cdab":224,"117c7f0b":224,"0d21cf99":224,"14e6fe14":224,"37ec5e73":224,"bfff7913":224,"f8636899":224,"37724339":224,"d45d9727":224,"ee5ff2a3":224,"44322dfd":224,"295e4d1d":224,"8cf6570a":224,"403064a0":224,"312af46e":224,"b5a9f8c3":224,"fcbc0ae8":224,"2ff6b6a8":224,"66a71cc1":224,"bf4b58e4":224,"f7ffcbb8":224,"5728f934":224,"00b26865":224,"c333337d":224,"815c56bc":224,"5bd61a68":224,"8582c5cf":224,"0c353665":224,"231e8700":224,"1f9fbd85":224,"43f24679":224,"a1c0dfc4":224,"78f71162":224,"4b27a9a4":224,"163f4d19":224,"1d043d5a":224,"b2f82e06":224,"5b0b43e6":224,"b5474d69":224,"5a938eeb":224,"4fe0dedf":224,"951fc6d0":224,"61892a4c":224,"f096219e":224,"a3f0a6ec":224,"01051f84":224,"aa7e370d":224,"f995eeab":224,"4006e709":224,"0dedf63e":224,"a9d5374b":224,"4321f02d":224,"089b3f8f":224,"7698d0dc":224,"784414ce":224,"2df3efdb":224,"d0f1b7bd":224,"e7799883":224,"4f9456cf":224,"6e260ee8":224,"f4f84279":224,"b0950de5":224,"6f873999":224,"1f4e0e22":224
1601327345741,"60d69311":224,"3b09f1de":224,"b371f44a":224,"8b6180ff":224,"8819ac24":224,"dbbf7f69":224,"a8edfe84":224,"2ed19b1e":224,"959e16ea":224,"dfe4a061":224,"c2bf7d51":224,"781afef6":224,"de9229a0":224,"99a5feef":224,"f6266388":224,"e64fd39c":224,"e1b3ce36":224,"625fa164":224,"0c6ae551":224,"e8f4c1dd":224,"cede8b8c":224,"ad95ff4a":224,"893a99c5":224,"d8bf32b5":224,"0eb42efe":224,"03c4ab87":224,"4e3d3af7":224,"3a4803a8":224,"f7a7de5d":224,"d4e56c3e":224,"0c045c2d":224,"02f76c64":224,"5c6d1f33":224,"b4801cae":224,"c3c2fd05":224,"f8c97147":224,"c2526ff3":224,"cc386067":224,"a22ffd8f":224,"3cd28a4d":224,"44a12c31":224,"45a961ca":224,"5ca978fd":224,"668e601b":224,"7552d86c":224,"02ebf3b6":224,"bb17a968":224,"4abcb85d":224,"cba26072":224,"2a718dcc":224,"c6a9a8e1":224,"88854fd0":224,"8dc27d2a":224,"41d7f05d":224,"2b851827":224,"9f428a03":224,"4d504d96":224,"0533ece1":224,"bcee2ef3":224,"0afba00c":224,"04ff8100":224,"6c00d8d6":224,"ac9a02bc":224,"acfe69ed":224,"426603ff":224,"2db2f252":224,"2e84193b":224,"c55683c9":224,"51233daf":224,"8efd4801":224,"7eb8f268":224,"20236d3e":224,"36ae8cd8":224,"3ddd5391":224,"07f69c6d":224,"2254f0f5":224,"ea282e84":224,"6653c83b":224,"c896052c":224,"287ecd1c":224,"f9376d3e":224,"07a94e8c":224,"bb017b49":224,"37b52fe4":224,"61ad1519":224,"819c4185":224,"ba69b06b":224,"7d2a2cb4":224,"4f62491c":224,"70b4c438":224,"71ed93db":224,"c92efaa8":224,"c241ac7e":224,"62a45672":224,"210e507a":224,"ac6e268b":224,"742238e8":224,"02791635":224,"be081247":224,"5cc47d1b":224,"678b846f":224,"b4bd39d8":224,"b4cdbe5d":224,"fa0386f3":224,"b95d0f17":224,"cee9c347":224
1601327346244,"7800e7ce":225,"77869ff0":225,"4b8f7b16":225,"89f75690":225,"cb363e2f":225,"cd802f02":225,"d3cca7eb":225,"e866a899":225,"5690e712":225,"0b92d2a9":225,"070bed95":225,"67e5d108":225,"3d37b94b":225,"842c97c2":225,"c4cef92b":225,"0eecdc5b":225,"b7e495ea":225,"45ec63c0":225,"0ddfde2c":225,"a8b41774":225,"81f0da2d":225,"1fcc8ba4":225,"75a9c117":225,"12ba54ec":225,"be391c1a":225,"37d8a5b7":225,"d5ab81c4":225,"2ecde685":225,"f0bd52d3":225,"dcc20f76":225,"666a8ef0":225,"c5b609f1":225,"4dc5849a":225,"d605c755":225,"8a8c1d67":225,"cc6b3306":225,"8c2dfd9a":225,"f11267b9":225,"d5d94481":225,"ffe48500":225,"c7a45a33":225,"faffe099":225,"e99490cd":225,"3b830769":225,"583f0305":225,"1557c50a":225,"249e80ab":225,"f52a3d94":225,"a483b15e":225,"f80ab49d":225,"95eaed39":225,"a5ba0ebb":225,"f53362a9":225,"1901ef7e":225,"960c2e6b":225,"3515e999":225,"d11f8f1b":225,"9d9eb027":225,"325f9a29":225,"503aafe5":225,"eb74d3dd":225,"3bcbc28d":225,"3c0455e7":225,"df203c79":225,"df1e1ac0":225,"491708eb":225,"e421caaa":225,"2d2ecf27":225,"d38a4953":225,"eba5efdd":225,"a5463f93":225,"c85ac4f8":225,"bc253f4f":225,"0d9d2bf8":225,"846b7f11":225,"d3411467":225,"1df0ce7f":225,"a08171d0":225,"c8bc5677":225,"dfca0518":225,"b9a21017":225,"e47705d3":225,"3cae4115":225,"0ccf4731":225,"c7c6782d":225,"54346574":225,"b12cbf87":225,"81942d9b":225,"699b90c1":225,"d9b5a7a8":225,"1e7914d2":225,"e5d8fdb2":225,"3412ab75":225,"bcac5daf":225,"62d028cc":225,"0af2cf39":225,"27491297":225,"d041ea86":225,"1eda11b2":225,"fc442678":225,"080d5d42":225,"5d03f5dc":225,"f0a01341":225,"1ee4d9f9":225,"0d6e45e7":225,"0da97151":225,"e829038c":225,"4987cfb5":225,"ba90687c":225,"77f2cf92":225,"037e2be4":225,"9e7dbd20":225,"0c086273":225,"ac13c3b0":225,"b4d9c57f":225,"5d53c964":225,"8ee9cc91":225,"4cc0af91":225,"55f6a2ba":225,"9559ea96":225,"9cb044bf":225,"16b25add":225,"80ee333e":225,"3b329af2":225,"1cd662bf":225,"72992b35":225,"47589344":225,"593b1533":225,"e9f6e5ce":225,"ed6bead5":225,"96f594b9":225,"94dfcfc5":225,"8301986e":225,"830ecfec":225,"a8bae791":225,"312009ee":225,"c98759fd":225,"e8b6d676":225,"45ee5840":225,"76f04033":225,"43480b19":225,"fd955858":225,"69798d15":225,"efea71fa":225,"fb3aa867":225,"c9cf710b":225,"fcacdeb3":225,"0ea055ed":225,"e3b1bdf8":225,"644b45fb":225,"18c73816":225,"e491161e":225,"b5087677":225,"16f60bed":225,"cb0c3481":225,"7664512c":225,"df9a53b8":225,"f6c27b2b":225,"945f6c24":225,"f1daea7e":225,"b8fb90e3":225,"56227e35":225,"0d6bf22a":225,"b87321d0":225,"43205b5d":225,"8982905a":225,"f6fe1ad7":225,"230064fa":225,"764e0abb":225,"bba6d88e":225,"ea3479ec":225,"32266fa3":225,"50b090c3":225,"8be24763":225,"eb4800b2":225,"6e0ce9dc":225,"87d9bec4":225,"e30dfa0c":225,"6da34174":225,"bfb849fa":225,"0a10b423":225,"9ef7cee7":225,"49f1a0d1":225,"5f04aa76":225,"ba297382":225,"0287db2a":225,"96abe4a9":225,"753b10b1":225,"cf14bd99":225,"782022f4":225,"322e833f":225,"ab3619e4":225,"106006ad":225,"c8237be9":225,"1416e8f5":225,"dde2eed5":225,"a208caa8":225,"16605353":225,"77b39e15":225,"f1726edb":225,"92b72493":225,"d3e58903":225,"4481c4be":225,"7954891b":225,"4afd60a9":225,"d44c0ea3":225,"68f87858":225,"533bac6b":225,"41634dba":225,"43fd1327":225,"113e7f4b":225,"590ce3d3":225,"1802d7ce":225,"0a49914b":225,"5d3f5cad":225,"cf347cba":225,"fc0c23f7":225,"641f9b9e":225,"c92edec5":225,"9f03c1e7":225,"06c24a8d":225,"2f35e75f":225,"3eddf7c8":225,"5b09e53e":225,"8cce569a":225,"ce6401b6":225,"6f57824c":225,"28bd7aa1":225,"1d52fb0d":225,"cde0d748":225,"535ed444":225,"710f0d0e":225,"0905f1fb":225,"a20e529c":225,"1ae76fcc":225,"35b161d3":225,"344cd1a3":225,"77ea1236":225,"96d2a118":225,"23a0e41f":225,"b32a1080":225,"a2c4b591":225,"6dfa57be":225,"1854ce44":225,"f92b22f1":225,"ece12664":225,"36f4ecde":225,"568a0d58":225,"5fd569d2":225,"10c8fd03":225,"bd4ccb49":225,"e773d697":225,"7e8c11e7":225,"077eb15a":225,"5337c279":225,"8d256cb6":225,"7021c619":225,"32ae00db":225,"bf2defb2":225,"bc733a28":225
1601327346570,"30d32d34":225,"886c16d3":225,"e8d09b62":225,"3b3569f6":225,"b01ab62a":225,"da5bb0f7":225,"6d925c84":225,"50b23ab2":225,"edfa56d4":225,"899c16eb":225,"41c76041":225,"6bb1fa99":225,"d73ff72e":225,"61c0ca91":225,"d2fda7be":225,"ce20ca3c":225,"1d2d958b":225,"81fb6a01":225,"7f5b27c8":225,"fb3444d9":225,"f05de640":225,"86a68967":225,"56cd4dca":225,"7f469f4c":225,"f92dedfc":225,"355d1489":225,"f96fc1af":225,"06713bac":225,"61aca924":225,"d97fb857":225,"59ff5ec6":225,"ef04e64e":225,"6e2d04de":225,"2fca1798":225,"05028839":225,"5488826c":225,"84fff5c1":225,"c649992d":225,"d5ad3ed6":225,"8e5f7187":225,"55ba7579":225,"76da16fa":225,"bffee581":225,"07150038":225,"080fa362":225,"7b6945ad":225,"a40d08e1":225,"cec79bc2":225,"d2eff358":225,"e70aebb5":225,"a488b2f1":225,"77970f8b":225,"efd594d5":225,"4718294d":225,"5352cf45":225,"e0ffe8ff":225,"ae14d6b5":225,"721f5f42":225,"0b50bca6":225,"bf2ca266":225,"5d8d9641":225,"0de67c6c":225,"2311399f":225,"5e3ebf5e":225,"9f6ca218":225,"6213799d":225,"44cb1fd2":225,"baf19c25":225,"24a79a6e":225,"edde30af":225,"4d949e11":225,"df12f689":225,"1da10cbf":225,"832c48e4":225,"dc90a44c":225,"1ad7c45b":225,"5566c17c":225,"86a22252":225,"0000dece":225,"ce5efdbe":225,"58ace2b5":225,"d379fd96":225,"7b819458":225,"7f8024cd":225,"ae562513":225,"7b66dacd":225,"9ab137d7":225,"7191d1cd":225,"005354dd":225,"4caa87d6":225,"f7076e21":225,"69e653b6":225,"98d2991b":225,"3b411d6a":225,"83826ef3":225,"595609d5":225,"b47f1b89":225,"8e6caf71":225,"9a3433b8":225,"b89112cb":225,"66736d5e":225,"30de89a7":225,"06aaa33f":225,"320c65bf":225,"1fa1e7c2":225,"646af2b9":225,"659389ad":225,"240c8679":225,"0718c3be":225,"8b503f7b":225,"87a8523c":225,"c416baa6":225,"ae350a07":225,"b7769ca6":225,"9c27de51":225,"38a75b48":225,"1792bfa3":225,"426f1904":225,"7c0f1ca9":225,"b2f820ac":225,"25d4f65d":225,"eddb6a2a":225,"ff8a00aa":225,"c146560b":225,"985068e7":225,"d543ba6f":225,"680a32a6":225,"83ba647d":225,"cb0bd6b7":225,"8e426e39":225,"51909df8":225,"e22b0973":225,"23646ff9":225,"3abb827b":225,"0c73c293":225,"88929b06":225,"08c4692e":225,"5b2479ef":225,"1d882c36":225,"eb62e8f2":225,"f1e86522":225,"fa03f48f":225,"5298dafa":225,"25f7f918":225,"c5311ebb":225,"105bb3f6":225,"58de5462":225,"f01c896d":225,"1f2670d0":225,"962c9c8f":225,"aec0bf28":225,"a017a323":225,"8801c469":225,"b6281f1a":225,"48c6df81":225,"5e165f43":225,"f8785b71":225,"ab4a411a":225,"d7a4b24c":225,"686d5c0b":225,"f15eb1c5":225,"71789493":225,"5ac72353":225,"d1b14d06":225,"f6c074a7":225,"ffd6849d":225,"962fca02":225,"75968179":225,"bc8bdc23":225,"a71f3f70":225,"1f7aa83c":225,"732d62ee":225,"d4b0751c":225,"5b01444b":225,"79995b62":225,"97160db8":225,"589f0d6e":225,"51b4016a":225,"46bf9112":225,"092ad3d6":225,"bf940089":225,"01f34f98":225,"1670b0d3":225,"808bc372":225,"ec97d63e":225,"c792a7c1":225,"94208a41":225,"5a7da061":225,"2cbcad17":225,"06a94514":225,"4dccb5ca":225,"73c420df":225,"83268abf":225,"0700da70":225,"578c4c95":225,"ff591765":225,"c606b472":225,"93f12198":225,"62e270e5":225,"66b1b6d7":225,"b062adc4":225,"4aae5133":225,"63a3af32":225,"3fec4b0b":225,"faa3de3e":225,"44983d13":225,"80999122":225,"72af9198":225,"e39e9552":225,"81c1b70d":225,"e72f0f82":225,"88374b72":225,"fdfaf1ed":225,"ea981bed":225,"5e197575":225,"e587c4d0":225,"525b2635":225,"caa38a45":225,"a9987a58":225,"b6b8e5c7":225,"e82177d3":225,"89914b94":225,"04bdf5e1":225,"da8b42be":225,"3b0576bf":225,"9458934f":225,"1dcc489c":225,"945badf3":225,"1327775b":225,"bdd40125":225,"75fd47f7":225,"1c52a07e":225,"e70ccc25":225,"afd1494f":225,"ca6bffd3":225,"829c44a4":225,"e76e2617":225,"2b4fd52e":225,"57162572":225,"d1d50cfe":225,"272e7d0d":225,"f92596ee":225,"68831ea9":225,"9713d076":225,"fd098272":225,"6ee788a7":225,"8249641d":225,"45b0968f":225,"6a9bb182":225,"1f1afd4f":225,"25fb8826":225,"0dc5da58":225,"2874a625":225,"9666b973":225,"653b27c7":225,"83b37fd6":225,"4d852788":225,"e43a9448":225,"3542b748":225,"379c53ab":225,"e396d80d":225,"7da61f27":225,"dc874a97":225,"85a220de":225,"40a7cdd2":225,"ac033c7b":225,"87759976":225,"4df3f62e":225,"c881a53e":225,"80c1c8b1":225,"cf52acd8":225,"a63cb4ce":225,"d3b3492b":225,"7580cfa4":225,"22a96386":225,"5c672b50":225,"5df16440":225,"b666e56d":225,"8db378ff":225,"e61ae828":225,"f7ac3883":225,"ccd01528":225,"dab8cf68":225,"00f2a9cb":225,"916fe082":225,"b64dba8e":225,"c3bb30ce":225,"86219c70":225,"601990d8":225,"5c662c19":225,"d2a5d2fd":225,"89d220c2":225,"3e10c9cb":225,"5500a3e8":225,"3c0e87ac":225,"a891461f":225,"a246cdab":225,"117c7f0b":225,"0d21cf99":225,"14e6fe14":225,"37ec5e73":225,"bfff7913":225,"f8636899":225,"37724339":225,"d45d9727":225,"ee5ff2a3":225,"44322dfd":225,"295e4d1d":225,"8cf6570a":225,"403064a0":225,"312af46e":225,"b5a9f8c3":225,"fcbc0ae8":225,"2ff6b6a8":225,"66a71cc1":225,"784d6375":225,"4541bf85":225,"a6b13f20":225,"2459c882":225,"3df97186":225,"ef0490de":225,"e0f47ced":225,"309bbf54":225,"cc537772":225,"6618390c":225,"99cc0813":225,"dc32c4e1":225,"239c636e":225,"6ee160ff":225,"c55d40ca":225,"22c177a8":225,"00ae883f":225,"f416ee62":225,"0d2b182d":225,"320754c3":225,"232b2f64":225,"3171b6e7":225,"3b25460f":225,"d2064756":225,"bf4b58e4":225,"f7ffcbb8":225,"5728f934":225,"00b26865":225,"c333337d":225,"815c56bc":225,"5bd61a68":225,"8582c5cf":225,"0c353665":225,"231e8700":225,"1f9fbd85":225,"43f24679":225,"a1c0dfc4":225,"78f71162":225,"4b27a9a4":225,"163f4d19":225,"1d043d5a":225,"b2f82e06":225,"5b0b43e6":225,"b5474d69":225,"5a938eeb":225,"4fe0dedf":225,"951fc6d0":225,"61892a4c":225,"f096219e":225,"a3f0a6ec":225,"01051f84":225,"aa7e370d":225,"f995eeab":225,"4006e709":225,"0dedf63e":225,"a9d5374b":225,"4321f02d":225,"089b3f8f":225,"7698d0dc":225,"784414ce":225,"2df3efdb":225,"d0f1b7bd":225,"e7799883":225,"4f9456cf":225,"6e260ee8":225,"f4f84279":225,"b0950de5":225,"6f873999":225,"1f4e0e22":225,"60d69311":225,"3b09f1de":225,"a8edfe84":225,"2ed19b1e":225,"959e16ea":225,"02f76c64":225,"5c6d1f33":225,"b4801cae":225,"c3c2fd05":225,"f8c97147":225,"c2526ff3":225,"cc386067":225,"a22ffd8f":225,"3cd28a4d":225,"44a12c31":225,"45a961ca":225,"b371f44a":225,"8b6180ff":225,"8819ac24":225,"dbbf7f69":225,"dfe4a061":225,"c2bf7d51":225,"781afef6":225,"de9229a0":225,"99a5feef":225,"f6266388":225,"e64fd39c":225,"e1b3ce36":225,"625fa164":225,"0c6ae551":225,"e8f4c1dd":225,"cede8b8c":225,"ad95ff4a":225,"893a99c5":225,"d8bf32b5":225,"0eb42efe":225,"03c4ab87":225,"5ca978fd":225,"668e601b":225,"7552d86c":225,"02ebf3b6":225,"bb17a968":225,"4abcb85d":225,"cba26072":225,"2a718dcc":225,"c6a9a8e1":225,"88854fd0":225,"8dc27d2a":225,"41d7f05d":225,"2b851827":225,"9f428a03":225,"4d504d96":225,"0533ece1":225,"bcee2ef3":225,"0afba00c":225,"04ff8100":225,"6c00d8d6":225,"ac9a02bc":225,"acfe69ed":225,"426603ff":225,"2db2f252":225,"2e84193b":225,"c55683c9":225,"51233daf":225,"02791635":225,"be081247":225,"5cc47d1b":225,"678b846f":225,"b4bd39d8":225,"b4cdbe5d":225,"fa0386f3":225,"b95d0f17":225,"cee9c347":225,"4e3d3af7":225,"3a4803a8":225,"f7a7de5d":225,"d4e56c3e":225,"0c045c2d":225,"8efd4801":225,"7eb8f268":225,"20236d3e":225,"36ae8cd8":225,"3ddd5391":225,"07f69c6d":225,"2254f0f5":225,"ea282e84":225,"6653c83b":225,"c896052c":225,"287ecd1c":225,"f9376d3e":225,"07a94e8c":225,"bb017b49":225,"37b52fe4":225,"61ad1519":225,"819c4185":225,"ba69b06b":225,"7d2a2cb4":225,"4f62491c":225,"70b4c438":225,"71ed93db":225,"c92efaa8":225,"c241ac7e":225,"62a45672":225,"210e507a":225,"ac6e268b":225,"742238e8":225
1601327347349,"7800e7ce":226,"77869ff0":226,"4b8f7b16":226,"89f75690":226,"cb363e2f":226,"cd802f02":226,"d3cca7eb":226,"e866a899":226,"5690e712":226,"0b92d2a9":226,"070bed95":226,"67e5d108":226,"3d37b94b":226,"842c97c2":226,"c4cef92b":226,"0eecdc5b":226,"b7e495ea":226,"45ec63c0":226,"0ddfde2c":226,"a8b41774":226,"81f0da2d":226,"1fcc8ba4":226,"75a9c117":226,"12ba54ec":226,"be391c1a":226,"37d8a5b7":226,"d5ab81c4":226,"2ecde685":226,"f0bd52d3":226,"dcc20f76":226,"666a8ef0":226,"c5b609f1":226,"4dc5849a":226,"d605c755":226,"8a8c1d67":226,"cc6b3306":226,"8c2dfd9a":226,"f11267b9":226,"a483b15e":226,"f80ab49d":226,"95eaed39":226,"a5ba0ebb":226,"f53362a9":226,"1901ef7e":226,"960c2e6b":226,"3515e999":226,"d11f8f1b":226,"9d9eb027":226,"325f9a29":226,"503aafe5":226
1601327347888,"080d5d42":226,"5d03f5dc":226,"f0a01341":226,"1ee4d9f9":226,"0d6e45e7":226,"0da97151":226,"e829038c":226,"4987cfb5":226,"ba90687c":226,"77f2cf92":226,"d5d94481":226,"ffe48500":226,"c7a45a33":226,"faffe099":226,"e99490cd":226,"3b830769":226,"583f0305":226,"1557c50a":226,"249e80ab":226,"f52a3d94":226,"eb74d3dd":226,"3bcbc28d":226,"3c0455e7":226,"df203c79":226,"df1e1ac0":226,"491708eb":226,"e421caaa":226,"2d2ecf27":226,"d38a4953":226,"eba5efdd":226,"037e2be4":226,"9e7dbd20":226,"0c086273":226,"ac13c3b0":226,"b4d9c57f":226,"5d53c964":226,"8ee9cc91":226,"4cc0af91":226,"55f6a2ba":226,"9559ea96":226,"9cb044bf":226,"16b25add":226,"80ee333e":226,"3b329af2":226,"1cd662bf":226,"72992b35":226,"47589344":226,"593b1533":226,"e9f6e5ce":226,"ed6bead5":226,"96f594b9":226,"94dfcfc5":226,"8301986e":226,"830ecfec":226,"a8bae791":226,"312009ee":226,"c98759fd":226,"e8b6d676":226,"45ee5840":226,"76f04033":226,"43480b19":226,"fd955858":226,"69798d15":226,"efea71fa":226,"fb3aa867":226,"c9cf710b":226,"fcacdeb3":226,"0ea055ed":226,"e3b1bdf8":226,"644b45fb":226,"a5463f93":226,"c85ac4f8":226,"bc253f4f":226,"0d9d2bf8":226,"846b7f11":226,"d3411467":226,"1df0ce7f":226,"a08171d0":226,"c8bc5677":226,"dfca0518":226,"b9a21017":226,"e47705d3":226,"3cae4115":226,"0ccf4731":226,"c7c6782d":226,"54346574":226,"b12cbf87":226,"81942d9b":226,"699b90c1":226,"d9b5a7a8":226,"1e7914d2":226,"e5d8fdb2":226,"3412ab75":226,"bcac5daf":226,"62d028cc":226,"0af2cf39":226,"27491297":226,"d041ea86":226,"1eda11b2":226,"fc442678":226,"18c73816":226,"e491161e":226,"b5087677":226,"16f60bed":226,"cb0c3481":226,"7664512c":226,"df9a53b8":226,"f6c27b2b":226,"945f6c24":226,"f1daea7e":226,"b8fb90e3":226,"56227e35":226,"0d6bf22a":226,"b87321d0":226,"43205b5d":226,"8982905a":226,"f6fe1ad7":226,"230064fa":226,"764e0abb":226,"bba6d88e":226,"ea3479ec":226,"32266fa3":226,"50b090c3":226,"8be24763":226,"eb4800b2":226,"6e0ce9dc":226,"87d9bec4":226,"e30dfa0c":226,"6da34174":226,"bfb849fa":226,"0a10b423":226,"9ef7cee7":226,"49f1a0d1":226,"5f04aa76":226,"ba297382":226,"0287db2a":226,"96abe4a9":226,"753b10b1":226,"cf14bd99":226,"782022f4":226,"322e833f":226,"ab3619e4":226,"106006ad":226,"c8237be9":226,"1416e8f5":226,"dde2eed5":226,"a208caa8":226,"16605353":226,"77b39e15":226,"f1726edb":226,"590ce3d3":226,"1802d7ce":226,"0a49914b":226,"5d3f5cad":226,"cf347cba":226,"fc0c23f7":226,"641f9b9e":226,"c92edec5":226,"9f03c1e7":226,"06c24a8d":226,"2f35e75f":226,"3eddf7c8":226,"77970f8b":226,"efd594d5":226,"4718294d":226,"5352cf45":226,"e0ffe8ff":226,"ae14d6b5":226,"721f5f42":226,"0b50bca6":226,"bf2ca266":226,"5d8d9641":226,"0de67c6c":226,"2311399f":226,"5e3ebf5e":226,"9f6ca218":226,"6213799d":226,"44cb1fd2":226,"baf19c25":226,"24a79a6e":226,"edde30af":226,"4d949e11":226,"df12f689":226,"1da10cbf":226,"832c48e4":226,"dc90a44c":226,"1ad7c45b":226,"92b72493":226,"d3e58903":226,"4481c4be":226,"7954891b":226,"4afd60a9":226,"d44c0ea3":226,"68f87858":226,"533bac6b":226,"41634dba":226,"43fd1327":226,"113e7f4b":226,"8cce569a":226,"ce6401b6":226,"6f57824c":226,"28bd7aa1":226,"1d52fb0d":226,"cde0d748":226,"535ed444":226,"710f0d0e":226,"0905f1fb":226,"a20e529c":226,"1ae76fcc":226,"35b161d3":226,"344cd1a3":226,"5566c17c":226,"86a22252":226,"0000dece":226,"ce5efdbe":226,"58ace2b5":226,"d379fd96":226,"7b819458":226,"7f8024cd":226,"ae562513":226,"7b66dacd":226,"9ab137d7":226,"7191d1cd":226,"005354dd":226,"77ea1236":226,"96d2a118":226,"23a0e41f":226,"b32a1080":226,"a2c4b591":226,"6dfa57be":226,"1854ce44":226,"f92b22f1":226,"ece12664":226,"36f4ecde":226,"568a0d58":226,"5fd569d2":226,"10c8fd03":226,"bd4ccb49":226,"e773d697":226,"7e8c11e7":226,"077eb15a":226,"5337c279":226,"8d256cb6":226,"7021c619":226,"32ae00db":226,"bf2defb2":226,"bc733a28":226,"30d32d34":226,"886c16d3":226,"e8d09b62":226
1601327348599,"5b09e53e":226,"da5bb0f7":226,"6d925c84":226,"50b23ab2":226,"edfa56d4":226,"899c16eb":226,"41c76041":226,"6bb1fa99":226,"d73ff72e":226,"61c0ca91":226,"d2fda7be":226,"ce20ca3c":226,"1d2d958b":226,"81fb6a01":226,"7f5b27c8":226,"fb3444d9":226,"f05de640":226,"86a68967":226,"56cd4dca":226,"7f469f4c":226,"f92dedfc":226,"355d1489":226,"f96fc1af":226,"06713bac":226,"61aca924":226,"d97fb857":226,"59ff5ec6":226,"ef04e64e":226,"6e2d04de":226,"2fca1798":226,"05028839":226,"5488826c":226,"84fff5c1":226,"c649992d":226,"d5ad3ed6":226,"8e5f7187":226,"55ba7579":226,"b7769ca6":226,"9c27de51":226,"38a75b48":226,"1792bfa3":226,"426f1904":226,"7c0f1ca9":226,"b2f820ac":226,"25d4f65d":226,"eddb6a2a":226,"ff8a00aa":226,"c146560b":226,"985068e7":226,"d543ba6f":226,"3b3569f6":226,"b01ab62a":226,"76da16fa":226,"bffee581":226,"07150038":226,"080fa362":226,"7b6945ad":226,"a40d08e1":226,"cec79bc2":226,"d2eff358":226,"e70aebb5":226,"a488b2f1":226,"4caa87d6":226,"f7076e21":226,"69e653b6":226,"98d2991b":226,"3b411d6a":226,"83826ef3":226,"595609d5":226,"b47f1b89":226,"8e6caf71":226,"9a3433b8":226,"b89112cb":226,"66736d5e":226,"30de89a7":226,"06aaa33f":226,"320c65bf":226,"1fa1e7c2":226,"646af2b9":226,"659389ad":226,"240c8679":226,"0718c3be":226,"8b503f7b":226,"87a8523c":226,"c416baa6":226,"ae350a07":226,"680a32a6":226,"83ba647d":226,"cb0bd6b7":226,"8e426e39":226,"51909df8":226,"e22b0973":226,"23646ff9":226,"3abb827b":226,"0c73c293":226,"88929b06":226,"08c4692e":226,"5b2479ef":226,"1d882c36":226,"eb62e8f2":226,"f1e86522":226,"fa03f48f":226,"5298dafa":226,"25f7f918":226,"c5311ebb":226,"105bb3f6":226,"58de5462":226,"f01c896d":226,"1f2670d0":226,"962c9c8f":226,"aec0bf28":226,"a017a323":226,"8801c469":226,"b6281f1a":226,"48c6df81":226,"5e165f43":226,"f8785b71":226,"ab4a411a":226,"d7a4b24c":226,"686d5c0b":226,"f15eb1c5":226,"71789493":226,"5ac72353":226,"d1b14d06":226,"f6c074a7":226,"ffd6849d":226,"962fca02":226,"75968179":226,"bc8bdc23":226,"a71f3f70":226,"1f7aa83c":226,"732d62ee":226,"d4b0751c":226,"5b01444b":226,"79995b62":226,"97160db8":226,"808bc372":226,"589f0d6e":226,"c792a7c1":226,"51b4016a":226,"272e7d0d":226,"f92596ee":226,"68831ea9":226,"9713d076":226,"fd098272":226,"6ee788a7":226,"8249641d":226,"45b0968f":226,"6a9bb182":226,"1f1afd4f":226,"25fb8826":226,"0dc5da58":226,"2874a625":226,"e61ae828":226,"f7ac3883":226,"ccd01528":226,"dab8cf68":226,"00f2a9cb":226,"916fe082":226,"b64dba8e":226,"c3bb30ce":226,"86219c70":226,"601990d8":226,"5c662c19":226,"d2a5d2fd":226,"89d220c2":226,"5a7da061":226,"46bf9112":226,"06a94514":226,"092ad3d6":226,"73c420df":226,"bf940089":226,"01f34f98":226,"0700da70":226,"ff591765":226,"1670b0d3":226,"93f12198":226,"ec97d63e":226,"94208a41":226,"62e270e5":226,"66b1b6d7":226,"2cbcad17":226,"4dccb5ca":226,"b062adc4":226,"4aae5133":226,"83268abf":226,"63a3af32":226,"578c4c95":226,"3fec4b0b":226,"c606b472":226,"faa3de3e":226,"44983d13":226,"80999122":226,"72af9198":226,"e39e9552":226,"81c1b70d":226,"e72f0f82":226,"88374b72":226,"fdfaf1ed":226,"ea981bed":226,"5e197575":226,"e587c4d0":226,"525b2635":226,"caa38a45":226,"a9987a58":226,"b6b8e5c7":226,"e82177d3":226,"89914b94":226,"04bdf5e1":226,"da8b42be":226,"3b0576bf":226,"9458934f":226,"1dcc489c":226,"945badf3":226,"3e10c9cb":226,"5500a3e8":226,"3c0e87ac":226,"a891461f":226,"a246cdab":226,"117c7f0b":226,"0d21cf99":226,"14e6fe14":226,"37ec5e73":226,"bfff7913":226,"f8636899":226,"37724339":226,"d45d9727":226,"ee5ff2a3":226,"44322dfd":226,"295e4d1d":226,"8cf6570a":226,"403064a0":226,"312af46e":226,"b5a9f8c3":226,"fcbc0ae8":226,"2ff6b6a8":226,"66a71cc1":226,"bf4b58e4":226,"9666b973":226,"1327775b":226,"bdd40125":226,"75fd47f7":226,"1c52a07e":226,"e70ccc25":226,"afd1494f":226,"ca6bffd3":226,"829c44a4":226,"e76e2617":226,"2b4fd52e":226,"57162572":226,"d1d50cfe":226,"653b27c7":226,"83b37fd6":226,"4d852788":226,"e43a9448":226,"3542b748":226,"379c53ab":226,"e396d80d":226,"7da61f27":226,"dc874a97":226,"85a220de":226,"40a7cdd2":226,"ac033c7b":226,"87759976":226,"4df3f62e":226,"c881a53e":226,"80c1c8b1":226,"cf52acd8":226,"a63cb4ce":226,"d3b3492b":226,"7580cfa4":226,"22a96386":226,"5c672b50":226,"5df16440":226,"b666e56d":226,"8db378ff":226,"784d6375":226,"4541bf85":226,"a6b13f20":226,"2459c882":226,"3df97186":226,"ef0490de":226,"e0f47ced":226,"309bbf54":226,"cc537772":226,"6618390c":226,"99cc0813":226,"dc32c4e1":226,"239c636e":226,"6ee160ff":226,"c55d40ca":226,"22c177a8":226,"00ae883f":226,"f416ee62":226,"0d2b182d":226,"320754c3":226,"232b2f64":226,"3171b6e7":226,"3b25460f":226,"d2064756":226,"f7ffcbb8":226,"5728f934":226,"00b26865":226,"c333337d":226,"815c56bc":226,"5bd61a68":226,"8582c5cf":226,"0c353665":226,"231e8700":226,"1f9fbd85":226,"43f24679":226,"a1c0dfc4":226,"78f71162":226,"4b27a9a4":226,"163f4d19":226,"1d043d5a":226,"b2f82e06":226,"5b0b43e6":226,"b5474d69":226,"5a938eeb":226,"4fe0dedf":226,"951fc6d0":226,"61892a4c":226,"f096219e":226,"a3f0a6ec":226,"01051f84":226,"aa7e370d":226,"f995eeab":226,"4006e709":226,"0dedf63e":226,"a9d5374b":226,"4321f02d":226,"089b3f8f":226,"7698d0dc":226,"784414ce":226,"2df3efdb":226,"d0f1b7bd":226,"e7799883":226,"4f9456cf":226,"6e260ee8":226,"f4f84279":226,"b0950de5":226,"6f873999":226,"1f4e0e22":226,"60d69311":226,"3b09f1de":226,"b371f44a":226,"8b6180ff":226,"8819ac24":226,"dbbf7f69":226,"dfe4a061":226,"c2bf7d51":226,"781afef6":226,"de9229a0":226,"99a5feef":226,"f6266388":226,"e64fd39c":226,"e1b3ce36":226,"625fa164":226,"a8edfe84":226,"2ed19b1e":226,"959e16ea":226,"02f76c64":226,"5c6d1f33":226,"b4801cae":226,"c3c2fd05":226,"f8c97147":226,"c2526ff3":226,"cc386067":226,"a22ffd8f":226,"3cd28a4d":226,"44a12c31":226,"45a961ca":226,"5ca978fd":226,"668e601b":226,"7552d86c":226,"02ebf3b6":226,"bb17a968":226,"4abcb85d":226,"cba26072":226,"2a718dcc":226,"c6a9a8e1":226,"88854fd0":226,"8dc27d2a":226,"41d7f05d":226,"2b851827":226,"9f428a03":226,"4d504d96":226,"0c6ae551":226,"e8f4c1dd":226,"cede8b8c":226,"ad95ff4a":226,"893a99c5":226,"d8bf32b5":226,"0eb42efe":226,"03c4ab87":226,"4e3d3af7":226,"3a4803a8":226,"f7a7de5d":226,"d4e56c3e":226,"0c045c2d":226,"8efd4801":226,"7eb8f268":226,"20236d3e":226,"36ae8cd8":226,"3ddd5391":226,"07f69c6d":226,"2254f0f5":226,"ea282e84":226,"6653c83b":226,"c896052c":226,"287ecd1c":226,"f9376d3e":226,"07a94e8c":226,"bb017b49":226,"37b52fe4":226,"61ad1519":226,"819c4185":226,"ba69b06b":226,"7d2a2cb4":226,"4f62491c":226,"70b4c438":226,"71ed93db":226,"c92efaa8":226,"0533ece1":226,"bcee2ef3":226,"0afba00c":226,"04ff8100":226,"6c00d8d6":226,"ac9a02bc":226,"acfe69ed":226,"426603ff":226,"2db2f252":226,"2e84193b":226,"c55683c9":226,"51233daf":226,"02791635":226,"be081247":226,"5cc47d1b":226,"678b846f":226,"b4bd39d8":226,"b4cdbe5d":226,"fa0386f3":226,"b95d0f17":226,"cee9c347":226,"c241ac7e":226,"62a45672":226,"210e507a":226,"ac6e268b":226,"742238e8":226
1601327349130,"7800e7ce":227,"77869ff0":227,"4b8f7b16":227,"89f75690":227,"cb363e2f":227,"cd802f02":227,"d3cca7eb":227,"e866a899":227,"5690e712":227,"0b92d2a9":227,"070bed95":227,"67e5d108":227,"3d37b94b":227,"842c97c2":227,"c4cef92b":227,"0eecdc5b":227,"b7e495ea":227,"45ec63c0":227,"0ddfde2c":227,"a8b41774":227,"81f0da2d":227,"1fcc8ba4":227,"75a9c117":227,"12ba54ec":227,"be391c1a":227,"37d8a5b7":227,"d5ab81c4":227,"2ecde685":227,"f0bd52d3":227,"dcc20f76":227,"666a8ef0":227,"c5b609f1":227,"4dc5849a":227,"d605c755":227,"8a8c1d67":227,"cc6b3306":227,"8c2dfd9a":227,"f11267b9":227,"a483b15e":227,"f80ab49d":227,"95eaed39":227,"a5ba0ebb":227,"f53362a9":227,"1901ef7e":227,"960c2e6b":227,"3515e999":227,"d11f8f1b":227,"9d9eb027":227,"325f9a29":227,"503aafe5":227,"d5d94481":227,"ffe48500":227,"c7a45a33":227,"faffe099":227,"e99490cd":227,"3b830769":227,"583f0305":227,"1557c50a":227,"249e80ab":227,"f52a3d94":227,"eb74d3dd":227,"3bcbc28d":227,"3c0455e7":227,"df203c79":227,"df1e1ac0":227,"491708eb":227,"e421caaa":227,"2d2ecf27":227,"d38a4953":227,"eba5efdd":227,"a5463f93":227,"c85ac4f8":227,"bc253f4f":227,"0d9d2bf8":227,"846b7f11":227,"d3411467":227,"1df0ce7f":227,"080d5d42":227,"5d03f5dc":227,"f0a01341":227,"1ee4d9f9":227,"0d6e45e7":227,"0da97151":227,"e829038c":227,"4987cfb5":227,"ba90687c":227,"77f2cf92":227,"037e2be4":227,"9e7dbd20":227,"0c086273":227,"ac13c3b0":227,"b4d9c57f":227,"5d53c964":227,"8ee9cc91":227,"18c73816":227,"e491161e":227,"b5087677":227,"16f60bed":227,"cb0c3481":227,"7664512c":227,"df9a53b8":227,"f6c27b2b":227,"945f6c24":227,"f1daea7e":227,"b8fb90e3":227,"56227e35":227,"0d6bf22a":227,"b87321d0":227,"43205b5d":227,"8982905a":227,"f6fe1ad7":227,"230064fa":227,"764e0abb":227,"bba6d88e":227,"ea3479ec":227,"32266fa3":227,"50b090c3":227,"8be24763":227,"eb4800b2":227,"6e0ce9dc":227,"87d9bec4":227,"e30dfa0c":227,"a08171d0":227,"c8bc5677":227,"dfca0518":227,"b9a21017":227,"e47705d3":227,"3cae4115":227,"0ccf4731":227,"c7c6782d":227,"54346574":227,"b12cbf87":227,"81942d9b":227,"699b90c1":227,"d9b5a7a8":227,"1e7914d2":227,"e5d8fdb2":227,"3412ab75":227,"bcac5daf":227,"62d028cc":227,"0af2cf39":227,"27491297":227,"d041ea86":227,"1eda11b2":227,"fc442678":227,"6da34174":227,"4cc0af91":227,"55f6a2ba":227,"9559ea96":227,"9cb044bf":227,"16b25add":227,"80ee333e":227,"3b329af2":227,"1cd662bf":227,"72992b35":227,"47589344":227,"593b1533":227,"e9f6e5ce":227,"ed6bead5":227,"96f594b9":227,"94dfcfc5":227,"8301986e":227,"830ecfec":227,"a8bae791":227,"312009ee":227,"c98759fd":227,"e8b6d676":227,"45ee5840":227,"76f04033":227,"43480b19":227,"fd955858":227,"69798d15":227,"efea71fa":227,"fb3aa867":227,"c9cf710b":227,"fcacdeb3":227,"0ea055ed":227,"e3b1bdf8":227,"644b45fb":227,"bfb849fa":227,"0a10b423":227,"9ef7cee7":227,"49f1a0d1":227,"5f04aa76":227,"ba297382":227,"0287db2a":227,"96abe4a9":227,"753b10b1":227,"cf14bd99":227,"782022f4":227,"322e833f":227,"ab3619e4":227,"106006ad":227,"c8237be9":227,"1416e8f5":227,"dde2eed5":227,"a208caa8":227,"16605353":227,"77b39e15":227,"f1726edb":227
1601327349692,"590ce3d3":227,"1802d7ce":227,"0a49914b":227,"5d3f5cad":227,"cf347cba":227,"fc0c23f7":227,"641f9b9e":227,"c92edec5":227,"9f03c1e7":227,"06c24a8d":227,"2f35e75f":227,"3eddf7c8":227,"77970f8b":227,"efd594d5":227,"4718294d":227,"5352cf45":227,"e0ffe8ff":227,"ae14d6b5":227,"721f5f42":227,"0b50bca6":227,"bf2ca266":227,"5d8d9641":227,"0de67c6c":227,"2311399f":227,"5e3ebf5e":227,"9f6ca218":227,"6213799d":227,"44cb1fd2":227,"baf19c25":227,"24a79a6e":227,"edde30af":227,"4d949e11":227,"df12f689":227,"1da10cbf":227,"832c48e4":227,"dc90a44c":227,"1ad7c45b":227,"5566c17c":227,"86a22252":227,"0000dece":227,"ce5efdbe":227,"58ace2b5":227,"92b72493":227,"d3e58903":227,"4481c4be":227,"7954891b":227,"4afd60a9":227,"d44c0ea3":227,"68f87858":227,"533bac6b":227,"41634dba":227,"43fd1327":227,"113e7f4b":227,"8cce569a":227,"ce6401b6":227,"6f57824c":227,"28bd7aa1":227,"1d52fb0d":227,"cde0d748":227,"535ed444":227,"710f0d0e":227,"0905f1fb":227,"a20e529c":227,"1ae76fcc":227,"35b161d3":227,"344cd1a3":227,"77ea1236":227,"96d2a118":227,"23a0e41f":227,"b32a1080":227,"a2c4b591":227,"6dfa57be":227,"1854ce44":227,"f92b22f1":227,"ece12664":227,"36f4ecde":227,"568a0d58":227,"d379fd96":227,"7b819458":227,"7f8024cd":227,"ae562513":227,"7b66dacd":227,"9ab137d7":227,"7191d1cd":227,"005354dd":227,"5fd569d2":227,"10c8fd03":227,"bd4ccb49":227,"e773d697":227,"7e8c11e7":227,"077eb15a":227,"5337c279":227,"8d256cb6":227,"7021c619":227,"32ae00db":227,"bf2defb2":227,"bc733a28":227,"30d32d34":227,"886c16d3":227,"e8d09b62":227,"5b09e53e":227,"da5bb0f7":227,"6d925c84":227,"50b23ab2":227,"edfa56d4":227,"899c16eb":227,"41c76041":227,"6bb1fa99":227,"d73ff72e":227,"61c0ca91":227,"d2fda7be":227,"ce20ca3c":227,"1d2d958b":227,"81fb6a01":227,"7f5b27c8":227,"fb3444d9":227,"f05de640":227,"86a68967":227,"56cd4dca":227,"7f469f4c":227,"f92dedfc":227,"355d1489":227,"f96fc1af":227,"06713bac":227,"61aca924":227,"d97fb857":227,"3b3569f6":227,"b01ab62a":227,"76da16fa":227,"bffee581":227,"07150038":227,"080fa362":227,"7b6945ad":227,"a40d08e1":227,"cec79bc2":227,"d2eff358":227,"e70aebb5":227,"a488b2f1":227,"4caa87d6":227,"59ff5ec6":227,"ef04e64e":227,"6e2d04de":227,"2fca1798":227,"05028839":227,"5488826c":227,"84fff5c1":227,"c649992d":227,"d5ad3ed6":227,"8e5f7187":227,"55ba7579":227,"b7769ca6":227,"9c27de51":227,"38a75b48":227,"1792bfa3":227,"426f1904":227,"7c0f1ca9":227,"b2f820ac":227,"25d4f65d":227,"eddb6a2a":227,"ff8a00aa":227,"c146560b":227,"985068e7":227,"d543ba6f":227
1601327350358,"f7076e21":227,"69e653b6":227,"98d2991b":227,"3b411d6a":227,"83826ef3":227,"595609d5":227,"b47f1b89":227,"8e6caf71":227,"9a3433b8":227,"b89112cb":227,"66736d5e":227,"30de89a7":227,"06aaa33f":227,"320c65bf":227,"1fa1e7c2":227,"646af2b9":227,"659389ad":227,"240c8679":227,"0718c3be":227,"8b503f7b":227,"87a8523c":227,"c416baa6":227,"ae350a07":227,"680a32a6":227,"83ba647d":227,"cb0bd6b7":227,"8e426e39":227,"51909df8":227,"e22b0973":227,"23646ff9":227,"3abb827b":227,"0c73c293":227,"88929b06":227,"08c4692e":227,"5b2479ef":227,"1d882c36":227,"eb62e8f2":227,"f1e86522":227,"fa03f48f":227,"5298dafa":227,"25f7f918":227,"c5311ebb":227,"105bb3f6":227,"58de5462":227,"f01c896d":227,"1f2670d0":227,"962c9c8f":227,"aec0bf28":227,"a017a323":227,"8801c469":227,"b6281f1a":227,"48c6df81":227,"5e165f43":227,"f8785b71":227,"ab4a411a":227,"d7a4b24c":227,"686d5c0b":227,"f15eb1c5":227,"71789493":227,"5ac72353":227,"d1b14d06":227,"f6c074a7":227,"ffd6849d":227,"962fca02":227,"75968179":227,"bc8bdc23":227,"a71f3f70":227,"1f7aa83c":227,"732d62ee":227,"d4b0751c":227,"5b01444b":227,"79995b62":227,"97160db8":227,"589f0d6e":227,"51b4016a":227,"46bf9112":227,"092ad3d6":227,"bf940089":227,"01f34f98":227,"1670b0d3":227,"ec97d63e":227,"94208a41":227,"2cbcad17":227,"4dccb5ca":227,"83268abf":227,"578c4c95":227,"c606b472":227,"808bc372":227,"c792a7c1":227,"5a7da061":227,"06a94514":227,"73c420df":227,"0700da70":227,"ff591765":227,"93f12198":227,"62e270e5":227,"66b1b6d7":227,"b062adc4":227,"4aae5133":227,"63a3af32":227,"3fec4b0b":227,"faa3de3e":227,"44983d13":227,"80999122":227,"72af9198":227,"e39e9552":227,"81c1b70d":227,"e72f0f82":227,"88374b72":227,"fdfaf1ed":227,"ea981bed":227,"5e197575":227,"e587c4d0":227,"525b2635":227,"caa38a45":227,"a9987a58":227,"b6b8e5c7":227,"e82177d3":227,"89914b94":227,"04bdf5e1":227,"da8b42be":227,"3b0576bf":227,"9458934f":227,"1dcc489c":227,"945badf3":227,"1327775b":227,"bdd40125":227,"75fd47f7":227,"1c52a07e":227,"e70ccc25":227,"afd1494f":227,"ca6bffd3":227,"829c44a4":227,"e76e2617":227,"2b4fd52e":227,"57162572":227,"d1d50cfe":227,"272e7d0d":227,"f92596ee":227,"68831ea9":227,"9713d076":227,"fd098272":227,"6ee788a7":227,"8249641d":227,"45b0968f":227,"6a9bb182":227,"1f1afd4f":227,"25fb8826":227,"0dc5da58":227,"2874a625":227,"e61ae828":227,"f7ac3883":227,"ccd01528":227,"dab8cf68":227,"00f2a9cb":227,"916fe082":227,"b64dba8e":227,"c3bb30ce":227,"86219c70":227,"601990d8":227,"5c662c19":227,"d2a5d2fd":227,"89d220c2":227,"3e10c9cb":227,"5500a3e8":227,"3c0e87ac":227,"a891461f":227,"9666b973":227,"653b27c7":227,"83b37fd6":227,"4d852788":227,"e43a9448":227,"3542b748":227,"379c53ab":227,"e396d80d":227,"7da61f27":227,"dc874a97":227,"85a220de":227,"40a7cdd2":227,"ac033c7b":227,"87759976":227,"f7ffcbb8":227,"5728f934":227,"00b26865":227,"c333337d":227,"815c56bc":227,"5bd61a68":227,"8582c5cf":227,"0c353665":227,"231e8700":227,"1f9fbd85":227,"43f24679":227,"a1c0dfc4":227,"78f71162":227,"4b27a9a4":227,"163f4d19":227,"1d043d5a":227,"b2f82e06":227,"a246cdab":227,"117c7f0b":227,"0d21cf99":227,"14e6fe14":227,"37ec5e73":227,"bfff7913":227,"f8636899":227,"37724339":227,"d45d9727":227,"ee5ff2a3":227,"44322dfd":227,"295e4d1d":227,"8cf6570a":227,"403064a0":227,"312af46e":227,"b5a9f8c3":227,"fcbc0ae8":227,"2ff6b6a8":227,"66a71cc1":227,"bf4b58e4":227,"5b0b43e6":227,"b5474d69":227,"5a938eeb":227,"4fe0dedf":227,"951fc6d0":227,"61892a4c":227,"f096219e":227,"a3f0a6ec":227,"01051f84":227,"4df3f62e":227,"c881a53e":227,"80c1c8b1":227,"cf52acd8":227,"a63cb4ce":227,"d3b3492b":227,"7580cfa4":227,"22a96386":227,"5c672b50":227,"5df16440":227,"b666e56d":227,"8db378ff":227,"784d6375":227,"4541bf85":227,"a6b13f20":227,"2459c882":227,"3df97186":227,"ef0490de":227,"e0f47ced":227,"309bbf54":227,"cc537772":227,"6618390c":227,"99cc0813":227,"dc32c4e1":227,"239c636e":227,"6ee160ff":227,"c55d40ca":227,"22c177a8":227,"00ae883f":227,"f416ee62":227,"0d2b182d":227,"320754c3":227,"232b2f64":227,"3171b6e7":227,"3b25460f":227,"d2064756":227,"aa7e370d":227,"f995eeab":227,"4006e709":227,"0dedf63e":227,"a9d5374b":227,"4321f02d":227,"089b3f8f":227,"7698d0dc":227,"784414ce":227,"2df3efdb":227,"d0f1b7bd":227,"e7799883":227,"4f9456cf":227,"6e260ee8":227,"f4f84279":227,"b0950de5":227,"6f873999":227,"1f4e0e22":227,"60d69311":227,"3b09f1de":227,"b371f44a":227,"8b6180ff":227,"a8edfe84":227,"2ed19b1e":227,"959e16ea":227,"02f76c64":227,"5c6d1f33":227,"b4801cae":227,"8819ac24":227,"dbbf7f69":227,"dfe4a061":227,"c2bf7d51":227,"781afef6":227,"de9229a0":227,"99a5feef":227,"f6266388":227,"e64fd39c":227,"e1b3ce36":227,"625fa164":227,"0c6ae551":227,"e8f4c1dd":227,"cede8b8c":227,"ad95ff4a":227,"893a99c5":227,"d8bf32b5":227,"0eb42efe":227,"03c4ab87":227,"4e3d3af7":227,"3a4803a8":227,"f7a7de5d":227,"d4e56c3e":227,"0c045c2d":227,"8efd4801":227,"7eb8f268":227,"20236d3e":227,"36ae8cd8":227,"3ddd5391":227,"07f69c6d":227,"2254f0f5":227,"ea282e84":227,"6653c83b":227,"c896052c":227,"287ecd1c":227,"f9376d3e":227,"07a94e8c":227,"bb017b49":227,"c3c2fd05":227,"f8c97147":227,"c2526ff3":227,"cc386067":227,"a22ffd8f":227,"3cd28a4d":227,"44a12c31":227,"45a961ca":227,"5ca978fd":227,"668e601b":227,"7552d86c":227,"02ebf3b6":227,"bb17a968":227,"4abcb85d":227,"cba26072":227,"2a718dcc":227,"c6a9a8e1":227,"88854fd0":227,"8dc27d2a":227,"41d7f05d":227,"2b851827":227,"9f428a03":227,"4d504d96":227,"0533ece1":227,"bcee2ef3":227,"0afba00c":227,"04ff8100":227,"6c00d8d6":227,"ac9a02bc":227,"acfe69ed":227,"426603ff":227,"2db2f252":227,"2e84193b":227,"c55683c9":227,"51233daf":227,"02791635":227,"be081247":227,"37b52fe4":227,"61ad1519":227,"819c4185":227,"ba69b06b":227,"7d2a2cb4":227,"4f62491c":227,"70b4c438":227,"71ed93db":227,"c92efaa8":227,"c241ac7e":227,"62a45672":227,"210e507a":227,"ac6e268b":227,"742238e8":227,"5cc47d1b":227,"678b846f":227,"b4bd39d8":227,"b4cdbe5d":227,"fa0386f3":227,"b95d0f17":227,"cee9c347":227
1601327350649,"d5d94481":228,"ffe48500":228,"c7a45a33":228,"faffe099":228,"e99490cd":228,"3b830769":228,"583f0305":228,"1557c50a":228,"7800e7ce":228,"77869ff0":228,"4b8f7b16":228,"89f75690":228,"cb363e2f":228,"cd802f02":228,"d3cca7eb":228,"e866a899":228,"5690e712":228,"0b92d2a9":228,"070bed95":228,"67e5d108":228,"3d37b94b":228,"842c97c2":228,"c4cef92b":228,"0eecdc5b":228,"b7e495ea":228,"45ec63c0":228,"0ddfde2c":228,"a8b41774":228,"81f0da2d":228,"1fcc8ba4":228,"75a9c117":228,"12ba54ec":228,"be391c1a":228,"249e80ab":228,"f52a3d94":228,"eb74d3dd":228,"3bcbc28d":228,"3c0455e7":228,"df203c79":228,"df1e1ac0":228,"491708eb":228,"e421caaa":228,"2d2ecf27":228,"d38a4953":228,"eba5efdd":228,"a5463f93":228,"c85ac4f8":228,"bc253f4f":228,"0d9d2bf8":228,"846b7f11":228,"d3411467":228,"1df0ce7f":228,"a08171d0":228,"c8bc5677":228,"dfca0518":228,"b9a21017":228,"e47705d3":228,"3cae4115":228,"0ccf4731":228,"c7c6782d":228,"54346574":228,"b12cbf87":228,"81942d9b":228,"699b90c1":228,"d9b5a7a8":228,"1e7914d2":228,"e5d8fdb2":228,"3412ab75":228,"bcac5daf":228,"62d028cc":228,"0af2cf39":228,"37d8a5b7":228,"d5ab81c4":228,"2ecde685":228,"f0bd52d3":228,"dcc20f76":228,"666a8ef0":228,"c5b609f1":228,"4dc5849a":228,"d605c755":228,"8a8c1d67":228,"cc6b3306":228,"8c2dfd9a":228,"f11267b9":228,"a483b15e":228,"f80ab49d":228,"95eaed39":228,"a5ba0ebb":228,"f53362a9":228,"1901ef7e":228,"960c2e6b":228,"3515e999":228,"d11f8f1b":228,"9d9eb027":228,"325f9a29":228,"503aafe5":228,"27491297":228,"d041ea86":228,"1eda11b2":228,"fc442678":228
1601327351510,"080d5d42":228,"5d03f5dc":228,"f0a01341":228,"1ee4d9f9":228,"0d6e45e7":228,"0da97151":228,"e829038c":228,"4987cfb5":228,"ba90687c":228,"77f2cf92":228,"037e2be4":228,"9e7dbd20":228,"0c086273":228,"ac13c3b0":228,"b4d9c57f":228,"5d53c964":228,"8ee9cc91":228,"4cc0af91":228,"55f6a2ba":228,"9559ea96":228,"9cb044bf":228,"16b25add":228,"80ee333e":228,"3b329af2":228,"1cd662bf":228,"72992b35":228,"47589344":228,"593b1533":228,"e9f6e5ce":228,"ed6bead5":228,"96f594b9":228,"94dfcfc5":228,"8301986e":228,"830ecfec":228,"a8bae791":228,"312009ee":228,"c98759fd":228,"e8b6d676":228,"45ee5840":228,"76f04033":228,"43480b19":228,"fd955858":228,"69798d15":228,"efea71fa":228,"fb3aa867":228,"c9cf710b":228,"fcacdeb3":228,"0ea055ed":228,"e3b1bdf8":228,"644b45fb":228,"18c73816":228,"e491161e":228,"b5087677":228,"16f60bed":228,"cb0c3481":228,"7664512c":228,"df9a53b8":228,"f6c27b2b":228,"945f6c24":228,"f1daea7e":228,"b8fb90e3":228,"56227e35":228,"0d6bf22a":228,"b87321d0":228,"43205b5d":228,"8982905a":228,"f6fe1ad7":228,"230064fa":228,"764e0abb":228,"bba6d88e":228,"ea3479ec":228,"32266fa3":228,"50b090c3":228,"8be24763":228,"eb4800b2":228,"6e0ce9dc":228,"87d9bec4":228,"e30dfa0c":228,"6da34174":228,"bfb849fa":228,"0a10b423":228,"9ef7cee7":228,"49f1a0d1":228,"5f04aa76":228,"ba297382":228,"0287db2a":228,"96abe4a9":228,"753b10b1":228,"cf14bd99":228,"782022f4":228,"322e833f":228,"ab3619e4":228,"106006ad":228,"c8237be9":228,"1416e8f5":228,"dde2eed5":228,"a208caa8":228,"16605353":228,"77b39e15":228,"f1726edb":228,"92b72493":228,"d3e58903":228,"4481c4be":228,"7954891b":228,"4afd60a9":228,"d44c0ea3":228,"68f87858":228,"533bac6b":228,"41634dba":228,"43fd1327":228,"113e7f4b":228,"590ce3d3":228,"1802d7ce":228,"0a49914b":228,"5d3f5cad":228,"cf347cba":228,"fc0c23f7":228,"641f9b9e":228,"c92edec5":228,"9f03c1e7":228,"06c24a8d":228,"5b09e53e":228,"da5bb0f7":228,"6d925c84":228,"50b23ab2":228,"edfa56d4":228,"8cce569a":228,"ce6401b6":228,"6f57824c":228,"28bd7aa1":228,"1d52fb0d":228,"cde0d748":228,"535ed444":228,"710f0d0e":228,"0905f1fb":228,"a20e529c":228,"1ae76fcc":228,"35b161d3":228,"344cd1a3":228,"77ea1236":228,"96d2a118":228,"23a0e41f":228,"b32a1080":228,"a2c4b591":228,"6dfa57be":228,"1854ce44":228,"f92b22f1":228,"ece12664":228,"36f4ecde":228,"568a0d58":228,"5fd569d2":228,"10c8fd03":228,"bd4ccb49":228,"e773d697":228,"7e8c11e7":228,"077eb15a":228,"5337c279":228,"8d256cb6":228,"7021c619":228,"32ae00db":228,"2f35e75f":228,"3eddf7c8":228,"77970f8b":228,"efd594d5":228,"4718294d":228,"5352cf45":228,"e0ffe8ff":228,"ae14d6b5":228,"721f5f42":228,"0b50bca6":228,"bf2ca266":228,"5d8d9641":228,"0de67c6c":228,"2311399f":228,"5e3ebf5e":228,"9f6ca218":228,"6213799d":228,"44cb1fd2":228,"baf19c25":228,"24a79a6e":228,"edde30af":228,"4d949e11":228,"df12f689":228,"1da10cbf":228,"832c48e4":228,"dc90a44c":228,"1ad7c45b":228,"5566c17c":228,"86a22252":228,"0000dece":228,"ce5efdbe":228,"58ace2b5":228,"d379fd96":228,"7b819458":228,"7f8024cd":228,"bf2defb2":228,"bc733a28":228,"30d32d34":228,"886c16d3":228,"e8d09b62":228,"3b3569f6":228,"b01ab62a":228,"76da16fa":228,"bffee581":228,"ae562513":228,"7b66dacd":228,"9ab137d7":228,"7191d1cd":228,"005354dd":228,"899c16eb":228,"41c76041":228,"6bb1fa99":228,"d73ff72e":228,"61c0ca91":228,"d2fda7be":228,"ce20ca3c":228,"1d2d958b":228,"81fb6a01":228,"7f5b27c8":228,"fb3444d9":228,"f05de640":228,"86a68967":228,"56cd4dca":228,"7f469f4c":228,"f92dedfc":228,"355d1489":228,"f96fc1af":228,"06713bac":228,"61aca924":228,"d97fb857":228,"59ff5ec6":228,"ef04e64e":228,"6e2d04de":228,"2fca1798":228,"05028839":228,"5488826c":228,"84fff5c1":228,"c649992d":228,"d5ad3ed6":228,"8e5f7187":228,"55ba7579":228,"b7769ca6":228,"9c27de51":228,"38a75b48":228,"1792bfa3":228,"426f1904":228,"07150038":228,"080fa362":228,"7b6945ad":228,"a40d08e1":228,"cec79bc2":228,"d2eff358":228,"e70aebb5":228,"a488b2f1":228,"4caa87d6":228,"f7076e21":228,"69e653b6":228,"98d2991b":228,"3b411d6a":228,"83826ef3":228,"595609d5":228,"b47f1b89":228,"8e6caf71":228,"9a3433b8":228,"b89112cb":228,"66736d5e":228
1601327351784,"30de89a7":228,"06aaa33f":228,"320c65bf":228,"1fa1e7c2":228,"646af2b9":228,"7c0f1ca9":228,"b2f820ac":228,"25d4f65d":228,"eddb6a2a":228,"ff8a00aa":228,"c146560b":228,"985068e7":228,"d543ba6f":228,"659389ad":228,"240c8679":228,"0718c3be":228,"8b503f7b":228,"87a8523c":228,"c416baa6":228,"ae350a07":228,"680a32a6":228,"83ba647d":228,"cb0bd6b7":228,"8e426e39":228,"51909df8":228,"e22b0973":228,"23646ff9":228,"3abb827b":228,"0c73c293":228,"88929b06":228,"08c4692e":228,"5b2479ef":228,"1d882c36":228,"eb62e8f2":228,"732d62ee":228,"d4b0751c":228,"5b01444b":228,"79995b62":228,"97160db8":228,"589f0d6e":228,"51b4016a":228,"46bf9112":228,"092ad3d6":228,"bf940089":228,"01f34f98":228,"1670b0d3":228,"ec97d63e":228,"94208a41":228,"2cbcad17":228,"4dccb5ca":228,"83268abf":228,"808bc372":228,"c792a7c1":228,"578c4c95":228,"c606b472":228,"5a7da061":228,"06a94514":228,"73c420df":228,"0700da70":228,"ff591765":228,"93f12198":228,"62e270e5":228,"66b1b6d7":228,"b062adc4":228,"4aae5133":228,"63a3af32":228,"3fec4b0b":228,"faa3de3e":228,"44983d13":228,"80999122":228,"72af9198":228,"e39e9552":228,"81c1b70d":228,"e72f0f82":228,"88374b72":228,"f1e86522":228,"fa03f48f":228,"5298dafa":228,"25f7f918":228,"c5311ebb":228,"105bb3f6":228,"58de5462":228,"f01c896d":228,"1f2670d0":228,"962c9c8f":228,"aec0bf28":228,"a017a323":228,"8801c469":228,"b6281f1a":228,"48c6df81":228,"5e165f43":228,"f8785b71":228,"ab4a411a":228,"d7a4b24c":228,"686d5c0b":228,"f15eb1c5":228,"71789493":228,"5ac72353":228,"d1b14d06":228,"f6c074a7":228,"ffd6849d":228,"962fca02":228,"75968179":228,"bc8bdc23":228,"a71f3f70":228,"1f7aa83c":228,"272e7d0d":228,"f92596ee":228,"68831ea9":228,"9713d076":228,"fd098272":228,"6ee788a7":228,"8249641d":228,"45b0968f":228,"6a9bb182":228,"1f1afd4f":228,"25fb8826":228,"0dc5da58":228,"2874a625":228,"e61ae828":228,"f7ac3883":228,"ccd01528":228,"dab8cf68":228,"00f2a9cb":228,"916fe082":228,"b64dba8e":228,"c3bb30ce":228,"86219c70":228,"601990d8":228,"5c662c19":228,"d2a5d2fd":228,"89d220c2":228,"3e10c9cb":228,"5500a3e8":228,"3c0e87ac":228,"a891461f":228,"a246cdab":228,"117c7f0b":228,"0d21cf99":228,"14e6fe14":228,"37ec5e73":228,"bfff7913":228,"f8636899":228,"37724339":228,"d45d9727":228,"ee5ff2a3":228,"44322dfd":228,"295e4d1d":228,"8cf6570a":228,"403064a0":228,"312af46e":228,"b5a9f8c3":228,"fcbc0ae8":228,"2ff6b6a8":228,"9666b973":228,"653b27c7":228,"83b37fd6":228,"4d852788":228,"e43a9448":228,"3542b748":228,"379c53ab":228,"e396d80d":228,"7da61f27":228,"dc874a97":228,"85a220de":228,"40a7cdd2":228,"ac033c7b":228,"87759976":228,"4df3f62e":228,"c881a53e":228,"80c1c8b1":228,"cf52acd8":228,"a63cb4ce":228,"d3b3492b":228,"7580cfa4":228,"22a96386":228,"5c672b50":228,"5df16440":228,"b666e56d":228,"8db378ff":228,"784d6375":228,"4541bf85":228,"a6b13f20":228,"2459c882":228,"3df97186":228,"ef0490de":228,"e0f47ced":228,"309bbf54":228,"cc537772":228,"f7ffcbb8":228,"5728f934":228,"00b26865":228,"c333337d":228,"815c56bc":228,"5bd61a68":228,"8582c5cf":228,"0c353665":228,"231e8700":228,"1f9fbd85":228,"43f24679":228,"a1c0dfc4":228,"78f71162":228,"4b27a9a4":228,"163f4d19":228,"1d043d5a":228,"b2f82e06":228,"5b0b43e6":228,"b5474d69":228,"5a938eeb":228,"fdfaf1ed":228,"ea981bed":228,"5e197575":228,"e587c4d0":228,"525b2635":228,"caa38a45":228,"a9987a58":228,"b6b8e5c7":228,"e82177d3":228,"89914b94":228,"04bdf5e1":228,"da8b42be":228,"3b0576bf":228,"9458934f":228,"1dcc489c":228,"945badf3":228,"1327775b":228,"bdd40125":228,"75fd47f7":228,"1c52a07e":228,"e70ccc25":228,"afd1494f":228,"ca6bffd3":228,"829c44a4":228,"e76e2617":228,"2b4fd52e":228,"57162572":228,"d1d50cfe":228,"66a71cc1":228,"bf4b58e4":228,"6618390c":228,"99cc0813":228,"dc32c4e1":228,"239c636e":228,"6ee160ff":228,"c55d40ca":228,"22c177a8":228,"00ae883f":228,"f416ee62":228,"0d2b182d":228,"320754c3":228,"232b2f64":228,"3171b6e7":228,"3b25460f":228,"d2064756":228,"a8edfe84":228,"2ed19b1e":228,"959e16ea":228,"02f76c64":228,"5c6d1f33":228,"b4801cae":228,"c3c2fd05":228,"4fe0dedf":228,"951fc6d0":228,"61892a4c":228,"f096219e":228,"a3f0a6ec":228,"01051f84":228,"aa7e370d":228,"f995eeab":228,"4006e709":228,"0dedf63e":228,"a9d5374b":228,"4321f02d":228,"089b3f8f":228,"7698d0dc":228,"784414ce":228,"2df3efdb":228,"d0f1b7bd":228,"e7799883":228,"4f9456cf":228,"6e260ee8":228,"f4f84279":228,"b0950de5":228,"6f873999":228,"1f4e0e22":228,"60d69311":228,"3b09f1de":228,"f8c97147":228,"c2526ff3":228,"cc386067":228,"a22ffd8f":228,"3cd28a4d":228,"44a12c31":228,"45a961ca":228,"5ca978fd":228,"668e601b":228,"7552d86c":228,"02ebf3b6":228,"bb17a968":228,"4abcb85d":228,"cba26072":228,"2a718dcc":228,"c6a9a8e1":228,"88854fd0":228,"8dc27d2a":228,"41d7f05d":228,"2b851827":228,"9f428a03":228,"4d504d96":228,"0533ece1":228,"bcee2ef3":228,"0afba00c":228,"04ff8100":228,"6c00d8d6":228,"ac9a02bc":228,"acfe69ed":228,"426603ff":228,"2db2f252":228,"2e84193b":228,"b371f44a":228,"8b6180ff":228,"8819ac24":228,"dbbf7f69":228,"dfe4a061":228,"c2bf7d51":228,"781afef6":228,"de9229a0":228,"99a5feef":228,"f6266388":228,"e64fd39c":228,"e1b3ce36":228,"625fa164":228,"0c6ae551":228,"e8f4c1dd":228,"cede8b8c":228,"ad95ff4a":228,"893a99c5":228,"d8bf32b5":228,"0eb42efe":228,"03c4ab87":228,"c55683c9":228,"51233daf":228,"02791635":228,"be081247":228,"5cc47d1b":228,"678b846f":228,"b4bd39d8":228,"b4cdbe5d":228,"fa0386f3":228,"b95d0f17":228,"cee9c347":228,"4e3d3af7":228,"3a4803a8":228,"f7a7de5d":228,"d4e56c3e":228,"0c045c2d":228,"8efd4801":228,"7eb8f268":228,"20236d3e":228,"36ae8cd8":228,"3ddd5391":228,"07f69c6d":228,"2254f0f5":228,"ea282e84":228,"6653c83b":228,"c896052c":228,"287ecd1c":228,"f9376d3e":228,"07a94e8c":228,"bb017b49":228,"37b52fe4":228,"61ad1519":228,"819c4185":228,"ba69b06b":228,"7d2a2cb4":228,"4f62491c":228,"70b4c438":228,"71ed93db":228,"c92efaa8":228,"c241ac7e":228,"62a45672":228,"210e507a":228,"ac6e268b":228,"742238e8":228
1601327352623,"7800e7ce":229,"77869ff0":229,"4b8f7b16":229,"89f75690":229,"cb363e2f":229,"cd802f02":229,"d3cca7eb":229,"e866a899":229,"5690e712":229,"0b92d2a9":229,"070bed95":229,"67e5d108":229,"3d37b94b":229,"842c97c2":229,"c4cef92b":229,"0eecdc5b":229,"b7e495ea":229,"45ec63c0":229,"0ddfde2c":229,"a8b41774":229,"81f0da2d":229,"1fcc8ba4":229,"75a9c117":229,"12ba54ec":229,"be391c1a":229,"37d8a5b7":229,"d5ab81c4":229,"2ecde685":229,"f0bd52d3":229,"dcc20f76":229,"666a8ef0":229,"c5b609f1":229,"4dc5849a":229,"d605c755":229,"8a8c1d67":229,"cc6b3306":229,"8c2dfd9a":229,"f11267b9":229,"a483b15e":229,"f80ab49d":229,"95eaed39":229,"a5ba0ebb":229,"f53362a9":229,"1901ef7e":229,"960c2e6b":229,"3515e999":229,"d11f8f1b":229,"9d9eb027":229,"325f9a29":229,"503aafe5":229,"d5d94481":229,"ffe48500":229,"c7a45a33":229,"faffe099":229,"e99490cd":229,"3b830769":229,"583f0305":229,"1557c50a":229,"249e80ab":229,"f52a3d94":229,"eb74d3dd":229,"3bcbc28d":229,"3c0455e7":229,"df203c79":229,"df1e1ac0":229,"491708eb":229,"e421caaa":229,"2d2ecf27":229,"d38a4953":229,"eba5efdd":229,"a5463f93":229,"c85ac4f8":229,"bc253f4f":229,"0d9d2bf8":229,"080d5d42":229,"5d03f5dc":229,"f0a01341":229,"1ee4d9f9":229,"0d6e45e7":229,"0da97151":229,"e829038c":229,"4987cfb5":229,"ba90687c":229,"77f2cf92":229,"037e2be4":229,"9e7dbd20":229,"0c086273":229,"ac13c3b0":229,"b4d9c57f":229,"5d53c964":229,"8ee9cc91":229,"18c73816":229,"e491161e":229,"b5087677":229,"16f60bed":229,"cb0c3481":229,"7664512c":229,"df9a53b8":229,"f6c27b2b":229,"945f6c24":229,"f1daea7e":229,"b8fb90e3":229,"56227e35":229,"0d6bf22a":229,"b87321d0":229,"43205b5d":229,"8982905a":229,"f6fe1ad7":229,"230064fa":229,"764e0abb":229,"bba6d88e":229,"ea3479ec":229,"32266fa3":229,"50b090c3":229,"8be24763":229,"eb4800b2":229,"6e0ce9dc":229,"87d9bec4":229,"846b7f11":229,"d3411467":229,"1df0ce7f":229,"a08171d0":229,"c8bc5677":229,"dfca0518":229,"b9a21017":229,"e47705d3":229,"3cae4115":229,"0ccf4731":229,"c7c6782d":229,"54346574":229,"b12cbf87":229,"81942d9b":229,"699b90c1":229,"d9b5a7a8":229,"1e7914d2":229,"e5d8fdb2":229,"3412ab75":229,"bcac5daf":229,"62d028cc":229,"0af2cf39":229,"27491297":229,"d041ea86":229,"1eda11b2":229,"fc442678":229,"e30dfa0c":229,"4cc0af91":229,"55f6a2ba":229,"9559ea96":229,"9cb044bf":229,"16b25add":229,"80ee333e":229,"3b329af2":229,"1cd662bf":229,"72992b35":229,"47589344":229,"593b1533":229,"e9f6e5ce":229,"ed6bead5":229,"96f594b9":229,"94dfcfc5":229,"8301986e":229,"830ecfec":229,"a8bae791":229,"312009ee":229,"c98759fd":229,"e8b6d676":229,"45ee5840":229,"76f04033":229,"43480b19":229,"fd955858":229,"69798d15":229,"efea71fa":229,"fb3aa867":229,"c9cf710b":229,"fcacdeb3":229,"0ea055ed":229,"e3b1bdf8":229,"644b45fb":229,"6da34174":229,"bfb849fa":229,"0a10b423":229,"9ef7cee7":229,"49f1a0d1":229,"5f04aa76":229,"ba297382":229,"0287db2a":229,"96abe4a9":229,"753b10b1":229,"cf14bd99":229,"782022f4":229,"322e833f":229,"ab3619e4":229,"106006ad":229,"c8237be9":229,"1416e8f5":229,"dde2eed5":229,"a208caa8":229
1601327353182,"590ce3d3":229,"1802d7ce":229,"0a49914b":229,"5d3f5cad":229,"cf347cba":229,"fc0c23f7":229,"641f9b9e":229,"c92edec5":229,"9f03c1e7":229,"5b09e53e":229,"da5bb0f7":229,"6d925c84":229,"50b23ab2":229,"edfa56d4":229,"899c16eb":229,"41c76041":229,"6bb1fa99":229,"d73ff72e":229,"61c0ca91":229,"d2fda7be":229,"ce20ca3c":229,"1d2d958b":229,"81fb6a01":229,"7f5b27c8":229,"fb3444d9":229,"f05de640":229,"86a68967":229,"56cd4dca":229,"7f469f4c":229,"f92dedfc":229,"355d1489":229,"f96fc1af":229,"06713bac":229,"61aca924":229,"005354dd":229,"3b3569f6":229,"b01ab62a":229,"76da16fa":229,"bffee581":229,"06c24a8d":229,"2f35e75f":229,"3eddf7c8":229,"77970f8b":229,"efd594d5":229,"4718294d":229,"5352cf45":229,"e0ffe8ff":229,"ae14d6b5":229,"721f5f42":229,"0b50bca6":229,"bf2ca266":229,"5d8d9641":229,"0de67c6c":229,"2311399f":229,"5e3ebf5e":229,"9f6ca218":229,"6213799d":229,"44cb1fd2":229,"baf19c25":229,"24a79a6e":229,"edde30af":229,"4d949e11":229,"df12f689":229,"1da10cbf":229,"832c48e4":229,"dc90a44c":229,"1ad7c45b":229,"5566c17c":229,"86a22252":229,"0000dece":229,"ce5efdbe":229,"58ace2b5":229,"d379fd96":229,"7b819458":229,"7f8024cd":229,"ae562513":229,"7b66dacd":229,"9ab137d7":229,"7191d1cd":229,"07150038":229,"080fa362":229,"7b6945ad":229,"a40d08e1":229,"10c8fd03":229,"bd4ccb49":229,"e773d697":229,"7e8c11e7":229,"077eb15a":229,"5337c279":229,"8d256cb6":229,"7021c619":229,"32ae00db":229,"bf2defb2":229,"bc733a28":229,"30d32d34":229,"886c16d3":229,"e8d09b62":229,"cec79bc2":229,"d2eff358":229,"16605353":229,"77b39e15":229,"f1726edb":229,"e70aebb5":229,"92b72493":229,"d3e58903":229,"4481c4be":229,"7954891b":229,"4afd60a9":229,"d44c0ea3":229,"68f87858":229,"533bac6b":229,"41634dba":229,"43fd1327":229,"113e7f4b":229,"8cce569a":229,"ce6401b6":229,"6f57824c":229,"28bd7aa1":229,"1d52fb0d":229,"cde0d748":229,"535ed444":229,"710f0d0e":229,"0905f1fb":229,"a20e529c":229,"1ae76fcc":229,"35b161d3":229,"344cd1a3":229,"77ea1236":229,"96d2a118":229,"23a0e41f":229,"b32a1080":229,"a2c4b591":229,"6dfa57be":229,"1854ce44":229,"f92b22f1":229,"ece12664":229,"36f4ecde":229,"568a0d58":229,"5fd569d2":229,"a488b2f1":229,"4caa87d6":229,"f7076e21":229,"69e653b6":229,"d97fb857":229,"59ff5ec6":229,"ef04e64e":229,"6e2d04de":229,"2fca1798":229,"05028839":229,"5488826c":229,"84fff5c1":229,"c649992d":229,"d5ad3ed6":229,"8e5f7187":229,"55ba7579":229,"b7769ca6":229,"9c27de51":229,"38a75b48":229,"1792bfa3":229,"426f1904":229,"7c0f1ca9":229,"b2f820ac":229,"25d4f65d":229,"eddb6a2a":229,"ff8a00aa":229,"c146560b":229,"985068e7":229,"d543ba6f":229,"98d2991b":229,"3b411d6a":229,"83826ef3":229,"595609d5":229,"b47f1b89":229,"8e6caf71":229,"9a3433b8":229,"b89112cb":229,"66736d5e":229,"30de89a7":229,"06aaa33f":229,"320c65bf":229,"1fa1e7c2":229,"646af2b9":229,"659389ad":229,"240c8679":229,"0718c3be":229,"8b503f7b":229,"87a8523c":229,"c416baa6":229,"ae350a07":229,"680a32a6":229,"83ba647d":229,"cb0bd6b7":229,"8e426e39":229,"51909df8":229,"e22b0973":229,"23646ff9":229,"3abb827b":229,"0c73c293":229,"88929b06":229,"08c4692e":229,"5b2479ef":229,"1d882c36":229,"eb62e8f2":229,"f1e86522":229,"fa03f48f":229,"5298dafa":229,"25f7f918":229,"c5311ebb":229,"105bb3f6":229,"58de5462":229,"f01c896d":229,"1f2670d0":229,"962c9c8f":229,"aec0bf28":229,"a017a323":229,"8801c469":229,"b6281f1a":229,"48c6df81":229,"5e165f43":229,"f8785b71":229,"ab4a411a":229,"d7a4b24c":229,"686d5c0b":229,"f15eb1c5":229,"71789493":229,"5ac72353":229,"d1b14d06":229,"f6c074a7":229,"ffd6849d":229,"962fca02":229,"75968179":229,"bc8bdc23":229,"a71f3f70":229,"1f7aa83c":229,"732d62ee":229,"d4b0751c":229,"5b01444b":229,"79995b62":229,"97160db8":229,"589f0d6e":229,"51b4016a":229,"46bf9112":229,"092ad3d6":229,"bf940089":229,"01f34f98":229,"1670b0d3":229,"ec97d63e":229,"94208a41":229,"2cbcad17":229,"4dccb5ca":229,"83268abf":229,"578c4c95":229,"808bc372":229,"c606b472":229,"c792a7c1":229,"5a7da061":229,"06a94514":229,"73c420df":229,"0700da70":229,"ff591765":229,"93f12198":229,"62e270e5":229,"66b1b6d7":229,"b062adc4":229,"4aae5133":229,"63a3af32":229,"3fec4b0b":229,"faa3de3e":229,"44983d13":229,"80999122":229,"72af9198":229,"e39e9552":229,"81c1b70d":229,"e72f0f82":229,"88374b72":229,"fdfaf1ed":229,"ea981bed":229,"5e197575":229,"e587c4d0":229,"525b2635":229,"caa38a45":229,"a9987a58":229,"b6b8e5c7":229,"e82177d3":229,"89914b94":229,"04bdf5e1":229,"da8b42be":229,"3b0576bf":229,"9458934f":229,"1dcc489c":229,"945badf3":229,"1327775b":229,"bdd40125":229,"75fd47f7":229,"1c52a07e":229,"e70ccc25":229,"afd1494f":229,"ca6bffd3":229,"829c44a4":229,"e76e2617":229,"2b4fd52e":229,"57162572":229,"d1d50cfe":229
1601327353725,"272e7d0d":229,"f92596ee":229,"68831ea9":229,"9713d076":229,"fd098272":229,"6ee788a7":229,"8249641d":229,"45b0968f":229,"6a9bb182":229,"1f1afd4f":229,"25fb8826":229,"0dc5da58":229,"2874a625":229,"e61ae828":229,"f7ac3883":229,"ccd01528":229,"dab8cf68":229,"00f2a9cb":229,"916fe082":229,"b64dba8e":229,"c3bb30ce":229,"86219c70":229,"601990d8":229,"5c662c19":229,"d2a5d2fd":229,"89d220c2":229,"3e10c9cb":229,"5500a3e8":229,"3c0e87ac":229,"a891461f":229,"a246cdab":229,"117c7f0b":229,"0d21cf99":229,"14e6fe14":229,"37ec5e73":229,"bfff7913":229,"f8636899":229,"37724339":229,"d45d9727":229,"ee5ff2a3":229,"44322dfd":229,"295e4d1d":229,"8cf6570a":229,"403064a0":229,"312af46e":229,"b5a9f8c3":229,"fcbc0ae8":229,"2ff6b6a8":229,"66a71cc1":229,"bf4b58e4":229,"9666b973":229,"653b27c7":229,"83b37fd6":229,"4d852788":229,"e43a9448":229,"3542b748":229,"379c53ab":229,"e396d80d":229,"7da61f27":229,"dc874a97":229,"85a220de":229,"40a7cdd2":229,"ac033c7b":229,"87759976":229,"4df3f62e":229,"c881a53e":229,"80c1c8b1":229,"cf52acd8":229,"a63cb4ce":229,"d3b3492b":229,"7580cfa4":229,"22a96386":229,"5c672b50":229,"5df16440":229,"b666e56d":229,"8db378ff":229,"784d6375":229,"4541bf85":229,"a6b13f20":229,"2459c882":229,"3df97186":229,"ef0490de":229,"e0f47ced":229,"309bbf54":229,"cc537772":229,"6618390c":229,"99cc0813":229,"dc32c4e1":229,"239c636e":229,"6ee160ff":229,"c55d40ca":229,"22c177a8":229,"00ae883f":229,"f416ee62":229,"0d2b182d":229,"320754c3":229,"232b2f64":229,"3171b6e7":229,"3b25460f":229,"f7ffcbb8":229,"5728f934":229,"00b26865":229,"c333337d":229,"815c56bc":229,"5bd61a68":229,"8582c5cf":229,"0c353665":229,"d2064756":229,"a8edfe84":229,"2ed19b1e":229,"959e16ea":229,"60d69311":229,"3b09f1de":229,"b371f44a":229,"8b6180ff":229,"8819ac24":229,"dbbf7f69":229,"dfe4a061":229,"c2bf7d51":229,"781afef6":229,"de9229a0":229,"231e8700":229,"1f9fbd85":229,"43f24679":229,"a1c0dfc4":229,"78f71162":229,"4b27a9a4":229,"163f4d19":229,"1d043d5a":229,"b2f82e06":229,"5b0b43e6":229,"b5474d69":229,"5a938eeb":229,"4fe0dedf":229,"951fc6d0":229,"61892a4c":229,"f096219e":229,"a3f0a6ec":229,"01051f84":229,"aa7e370d":229,"f995eeab":229,"4006e709":229,"0dedf63e":229,"a9d5374b":229,"4321f02d":229,"089b3f8f":229,"7698d0dc":229,"784414ce":229,"2df3efdb":229,"d0f1b7bd":229,"e7799883":229,"4f9456cf":229,"6e260ee8":229,"f4f84279":229,"b0950de5":229,"6f873999":229,"1f4e0e22":229,"02f76c64":229,"5c6d1f33":229,"b4801cae":229,"c3c2fd05":229,"f8c97147":229,"c2526ff3":229,"cc386067":229,"a22ffd8f":229,"3cd28a4d":229,"44a12c31":229,"45a961ca":229,"5ca978fd":229,"668e601b":229,"7552d86c":229,"02ebf3b6":229,"bb17a968":229,"4abcb85d":229,"cba26072":229,"2a718dcc":229,"c6a9a8e1":229,"88854fd0":229,"8dc27d2a":229,"41d7f05d":229,"2b851827":229,"9f428a03":229,"4d504d96":229,"0533ece1":229,"bcee2ef3":229,"0afba00c":229,"04ff8100":229,"6c00d8d6":229,"ac9a02bc":229,"acfe69ed":229,"426603ff":229,"2db2f252":229,"2e84193b":229,"c55683c9":229,"51233daf":229,"02791635":229,"be081247":229,"5cc47d1b":229,"678b846f":229,"b4bd39d8":229,"b4cdbe5d":229,"fa0386f3":229,"b95d0f17":229,"cee9c347":229,"99a5feef":229,"f6266388":229,"e64fd39c":229,"e1b3ce36":229,"625fa164":229,"0c6ae551":229,"e8f4c1dd":229,"cede8b8c":229,"ad95ff4a":229,"893a99c5":229,"d8bf32b5":229,"0eb42efe":229,"03c4ab87":229,"4e3d3af7":229,"3a4803a8":229,"f7a7de5d":229,"d4e56c3e":229,"0c045c2d":229,"8efd4801":229,"7eb8f268":229,"20236d3e":229,"36ae8cd8":229,"3ddd5391":229,"07f69c6d":229,"2254f0f5":229,"ea282e84":229,"6653c83b":229,"c896052c":229,"287ecd1c":229,"f9376d3e":229,"07a94e8c":229,"bb017b49":229,"37b52fe4":229,"61ad1519":229,"819c4185":229,"ba69b06b":229,"7d2a2cb4":229,"4f62491c":229,"70b4c438":229,"71ed93db":229,"c92efaa8":229,"c241ac7e":229,"62a45672":229,"210e507a":229,"ac6e268b":229,"742238e8":229
1601327354610,"7800e7ce":230,"77869ff0":230,"4b8f7b16":230,"89f75690":230,"cb363e2f":230,"cd802f02":230,"d3cca7eb":230,"e866a899":230,"5690e712":230,"0b92d2a9":230,"070bed95":230,"67e5d108":230,"3d37b94b":230,"842c97c2":230,"c4cef92b":230,"0eecdc5b":230,"b7e495ea":230,"45ec63c0":230,"0ddfde2c":230,"a8b41774":230,"81f0da2d":230,"1fcc8ba4":230,"75a9c117":230,"12ba54ec":230,"be391c1a":230,"37d8a5b7":230,"d5ab81c4":230,"2ecde685":230,"f0bd52d3":230,"dcc20f76":230,"666a8ef0":230,"c5b609f1":230,"4dc5849a":230,"d605c755":230,"8a8c1d67":230,"cc6b3306":230,"8c2dfd9a":230,"f11267b9":230,"a483b15e":230,"f80ab49d":230,"95eaed39":230,"a5ba0ebb":230,"f53362a9":230,"1901ef7e":230,"960c2e6b":230,"3515e999":230,"d11f8f1b":230,"9d9eb027":230,"325f9a29":230,"503aafe5":230,"080d5d42":230,"d5d94481":230,"ffe48500":230,"c7a45a33":230,"faffe099":230,"5d03f5dc":230,"f0a01341":230,"1ee4d9f9":230,"0d6e45e7":230,"0da97151":230,"e829038c":230,"4987cfb5":230,"ba90687c":230,"77f2cf92":230,"037e2be4":230,"9e7dbd20":230,"0c086273":230,"ac13c3b0":230,"b4d9c57f":230,"5d53c964":230,"8ee9cc91":230,"4cc0af91":230,"55f6a2ba":230,"9559ea96":230,"9cb044bf":230,"16b25add":230,"80ee333e":230,"3b329af2":230,"1cd662bf":230,"72992b35":230,"47589344":230,"593b1533":230,"e9f6e5ce":230,"ed6bead5":230,"96f594b9":230,"94dfcfc5":230,"8301986e":230,"830ecfec":230,"a8bae791":230,"312009ee":230,"c98759fd":230,"e99490cd":230,"3b830769":230,"583f0305":230,"1557c50a":230,"249e80ab":230,"f52a3d94":230,"eb74d3dd":230,"3bcbc28d":230,"3c0455e7":230,"df203c79":230,"df1e1ac0":230,"491708eb":230,"e421caaa":230,"2d2ecf27":230,"d38a4953":230,"eba5efdd":230,"a5463f93":230,"c85ac4f8":230,"bc253f4f":230,"0d9d2bf8":230,"846b7f11":230,"d3411467":230,"1df0ce7f":230,"a08171d0":230,"c8bc5677":230,"dfca0518":230,"b9a21017":230,"e47705d3":230,"3cae4115":230,"0ccf4731":230,"e8b6d676":230,"45ee5840":230,"76f04033":230,"43480b19":230,"fd955858":230,"69798d15":230,"efea71fa":230,"fb3aa867":230,"c9cf710b":230,"fcacdeb3":230,"0ea055ed":230,"e3b1bdf8":230,"644b45fb":230,"c7c6782d":230,"54346574":230,"b12cbf87":230,"81942d9b":230,"699b90c1":230,"d9b5a7a8":230,"1e7914d2":230,"e5d8fdb2":230,"3412ab75":230,"bcac5daf":230,"62d028cc":230,"0af2cf39":230,"27491297":230,"d041ea86":230,"1eda11b2":230,"fc442678":230,"18c73816":230,"e491161e":230,"b5087677":230,"16f60bed":230
1601327355072,"cb0c3481":230,"7664512c":230,"df9a53b8":230,"f6c27b2b":230,"945f6c24":230,"f1daea7e":230,"b8fb90e3":230,"56227e35":230,"0d6bf22a":230,"b87321d0":230,"43205b5d":230,"8982905a":230,"f6fe1ad7":230,"230064fa":230,"764e0abb":230,"bba6d88e":230,"ea3479ec":230,"32266fa3":230,"50b090c3":230,"8be24763":230,"eb4800b2":230,"6e0ce9dc":230,"87d9bec4":230,"e30dfa0c":230,"6da34174":230,"bfb849fa":230,"0a10b423":230,"9ef7cee7":230,"49f1a0d1":230,"5f04aa76":230,"ba297382":230,"0287db2a":230,"96abe4a9":230,"753b10b1":230,"cf14bd99":230,"782022f4":230,"322e833f":230,"ab3619e4":230,"106006ad":230,"c8237be9":230,"1416e8f5":230,"dde2eed5":230,"a208caa8":230,"16605353":230,"77b39e15":230,"f1726edb":230,"92b72493":230,"d3e58903":230,"4481c4be":230,"7954891b":230,"4afd60a9":230,"d44c0ea3":230,"68f87858":230,"533bac6b":230,"41634dba":230,"43fd1327":230,"113e7f4b":230,"8cce569a":230,"ce6401b6":230,"6f57824c":230,"28bd7aa1":230,"1d52fb0d":230,"cde0d748":230,"535ed444":230,"590ce3d3":230,"1802d7ce":230,"0a49914b":230,"5d3f5cad":230,"cf347cba":230,"fc0c23f7":230,"641f9b9e":230,"c92edec5":230,"9f03c1e7":230,"06c24a8d":230,"2f35e75f":230,"3eddf7c8":230,"77970f8b":230,"efd594d5":230,"4718294d":230,"5352cf45":230,"e0ffe8ff":230,"ae14d6b5":230,"721f5f42":230,"0b50bca6":230,"bf2ca266":230,"5d8d9641":230,"0de67c6c":230,"2311399f":230,"5e3ebf5e":230,"9f6ca218":230,"6213799d":230,"44cb1fd2":230,"baf19c25":230,"5b09e53e":230,"da5bb0f7":230,"6d925c84":230,"50b23ab2":230,"edfa56d4":230,"899c16eb":230,"41c76041":230,"6bb1fa99":230,"d73ff72e":230,"61c0ca91":230,"d2fda7be":230,"ce20ca3c":230,"710f0d0e":230,"0905f1fb":230,"a20e529c":230,"1ae76fcc":230,"35b161d3":230,"344cd1a3":230,"77ea1236":230,"96d2a118":230,"23a0e41f":230,"b32a1080":230,"a2c4b591":230,"6dfa57be":230,"1854ce44":230,"f92b22f1":230,"ece12664":230,"36f4ecde":230,"568a0d58":230,"5fd569d2":230,"10c8fd03":230,"bd4ccb49":230,"e773d697":230,"7e8c11e7":230,"077eb15a":230,"5337c279":230,"8d256cb6":230,"7021c619":230,"32ae00db":230,"bf2defb2":230,"bc733a28":230,"30d32d34":230,"886c16d3":230,"e8d09b62":230,"1d2d958b":230,"81fb6a01":230,"7f5b27c8":230,"fb3444d9":230,"f05de640":230,"86a68967":230,"56cd4dca":230,"7f469f4c":230,"f92dedfc":230,"355d1489":230,"f96fc1af":230,"06713bac":230,"61aca924":230,"d97fb857":230,"59ff5ec6":230,"ef04e64e":230,"6e2d04de":230,"2fca1798":230,"05028839":230,"5488826c":230,"84fff5c1":230,"c649992d":230,"d5ad3ed6":230,"8e5f7187":230,"55ba7579":230,"b7769ca6":230,"9c27de51":230,"38a75b48":230,"1792bfa3":230,"426f1904":230,"7c0f1ca9":230,"b2f820ac":230,"25d4f65d":230,"eddb6a2a":230,"ff8a00aa":230,"c146560b":230,"985068e7":230,"d543ba6f":230,"24a79a6e":230,"edde30af":230,"4d949e11":230,"df12f689":230,"1da10cbf":230,"832c48e4":230,"dc90a44c":230,"1ad7c45b":230,"5566c17c":230,"86a22252":230,"0000dece":230,"ce5efdbe":230,"58ace2b5":230,"d379fd96":230,"7b819458":230,"7f8024cd":230,"ae562513":230,"7b66dacd":230,"9ab137d7":230,"7191d1cd":230,"005354dd":230,"3b3569f6":230,"b01ab62a":230,"76da16fa":230,"bffee581":230,"07150038":230,"080fa362":230,"7b6945ad":230,"a40d08e1":230,"cec79bc2":230,"d2eff358":230,"e70aebb5":230,"a488b2f1":230,"4caa87d6":230,"f7076e21":230,"69e653b6":230,"98d2991b":230,"3b411d6a":230,"83826ef3":230,"595609d5":230,"b47f1b89":230,"8e6caf71":230,"9a3433b8":230,"b89112cb":230,"66736d5e":230,"30de89a7":230,"06aaa33f":230,"320c65bf":230,"1fa1e7c2":230,"646af2b9":230,"659389ad":230,"240c8679":230,"0718c3be":230,"8b503f7b":230,"87a8523c":230,"c416baa6":230,"ae350a07":230,"680a32a6":230,"83ba647d":230,"cb0bd6b7":230,"8e426e39":230,"51909df8":230,"e22b0973":230,"23646ff9":230,"3abb827b":230,"0c73c293":230,"88929b06":230,"08c4692e":230,"5b2479ef":230,"1d882c36":230,"eb62e8f2":230,"f1e86522":230,"fa03f48f":230,"5298dafa":230,"25f7f918":230,"c5311ebb":230,"105bb3f6":230,"58de5462":230,"f01c896d":230,"1f2670d0":230,"962c9c8f":230,"aec0bf28":230,"a017a323":230,"8801c469":230,"b6281f1a":230,"48c6df81":230,"5e165f43":230,"f8785b71":230,"ab4a411a":230,"d7a4b24c":230,"686d5c0b":230,"f15eb1c5":230,"71789493":230,"5ac72353":230,"d1b14d06":230,"f6c074a7":230,"ffd6849d":230,"962fca02":230,"75968179":230,"bc8bdc23":230,"a71f3f70":230,"1f7aa83c":230,"732d62ee":230,"d4b0751c":230,"5b01444b":230,"79995b62":230,"97160db8":230,"589f0d6e":230,"51b4016a":230,"46bf9112":230,"092ad3d6":230,"bf940089":230,"01f34f98":230,"1670b0d3":230,"ec97d63e":230,"808bc372":230,"94208a41":230,"c792a7c1":230,"2cbcad17":230,"5a7da061":230,"06a94514":230,"4dccb5ca":230,"83268abf":230,"73c420df":230,"0700da70":230,"578c4c95":230,"ff591765":230,"c606b472":230,"93f12198":230,"62e270e5":230,"66b1b6d7":230,"b062adc4":230,"4aae5133":230,"63a3af32":230,"3fec4b0b":230,"faa3de3e":230,"44983d13":230,"80999122":230,"72af9198":230,"e39e9552":230,"81c1b70d":230,"e72f0f82":230,"88374b72":230,"fdfaf1ed":230,"ea981bed":230,"5e197575":230,"e587c4d0":230,"525b2635":230,"caa38a45":230,"a9987a58":230,"b6b8e5c7":230
1601327355667,"e82177d3":230,"89914b94":230,"04bdf5e1":230,"da8b42be":230,"3b0576bf":230,"9458934f":230,"1dcc489c":230,"945badf3":230,"1327775b":230,"bdd40125":230,"75fd47f7":230,"1c52a07e":230,"e70ccc25":230,"afd1494f":230,"ca6bffd3":230,"829c44a4":230,"e76e2617":230,"2b4fd52e":230,"57162572":230,"d1d50cfe":230,"272e7d0d":230,"f92596ee":230,"68831ea9":230,"9713d076":230,"fd098272":230,"6ee788a7":230,"8249641d":230,"45b0968f":230,"6a9bb182":230,"1f1afd4f":230,"25fb8826":230,"0dc5da58":230,"2874a625":230,"e61ae828":230,"f7ac3883":230,"ccd01528":230,"dab8cf68":230,"00f2a9cb":230,"916fe082":230,"b64dba8e":230,"c3bb30ce":230,"86219c70":230,"601990d8":230,"5c662c19":230,"d2a5d2fd":230,"89d220c2":230,"3e10c9cb":230,"5500a3e8":230,"3c0e87ac":230,"a891461f":230,"a246cdab":230,"117c7f0b":230,"0d21cf99":230,"14e6fe14":230,"37ec5e73":230,"bfff7913":230,"f8636899":230,"37724339":230,"d45d9727":230,"ee5ff2a3":230,"44322dfd":230,"295e4d1d":230,"8cf6570a":230,"403064a0":230,"312af46e":230,"b5a9f8c3":230,"fcbc0ae8":230,"2ff6b6a8":230,"66a71cc1":230,"bf4b58e4":230,"f7ffcbb8":230,"5728f934":230,"00b26865":230,"c333337d":230,"815c56bc":230,"5bd61a68":230,"8582c5cf":230,"0c353665":230,"231e8700":230,"1f9fbd85":230,"43f24679":230,"a1c0dfc4":230,"78f71162":230,"4b27a9a4":230,"163f4d19":230,"1d043d5a":230,"b2f82e06":230,"5b0b43e6":230,"b5474d69":230,"5a938eeb":230,"4fe0dedf":230,"951fc6d0":230,"61892a4c":230,"f096219e":230,"9666b973":230,"653b27c7":230,"83b37fd6":230,"4d852788":230,"e43a9448":230,"3542b748":230,"379c53ab":230,"e396d80d":230,"7da61f27":230,"dc874a97":230,"85a220de":230,"40a7cdd2":230,"ac033c7b":230,"87759976":230,"4df3f62e":230,"c881a53e":230,"80c1c8b1":230,"cf52acd8":230,"a63cb4ce":230,"d3b3492b":230,"7580cfa4":230,"22a96386":230,"5c672b50":230,"5df16440":230,"b666e56d":230,"8db378ff":230,"784d6375":230,"4541bf85":230,"a6b13f20":230,"2459c882":230,"3df97186":230,"ef0490de":230,"e0f47ced":230,"309bbf54":230,"cc537772":230,"6618390c":230,"99cc0813":230,"dc32c4e1":230,"239c636e":230,"6ee160ff":230,"c55d40ca":230,"22c177a8":230,"00ae883f":230,"f416ee62":230,"0d2b182d":230,"320754c3":230,"232b2f64":230,"3171b6e7":230,"3b25460f":230,"d2064756":230,"a8edfe84":230,"2ed19b1e":230,"959e16ea":230,"02f76c64":230,"5c6d1f33":230,"b4801cae":230,"c3c2fd05":230,"f8c97147":230,"c2526ff3":230,"cc386067":230,"a22ffd8f":230,"a3f0a6ec":230,"01051f84":230,"aa7e370d":230,"f995eeab":230,"4006e709":230,"0dedf63e":230,"a9d5374b":230,"4321f02d":230,"089b3f8f":230,"7698d0dc":230,"784414ce":230,"2df3efdb":230,"d0f1b7bd":230,"e7799883":230,"4f9456cf":230,"6e260ee8":230,"f4f84279":230,"b0950de5":230,"6f873999":230,"1f4e0e22":230,"60d69311":230,"3b09f1de":230,"b371f44a":230,"8b6180ff":230,"8819ac24":230,"dbbf7f69":230,"3cd28a4d":230,"44a12c31":230,"45a961ca":230,"5ca978fd":230,"668e601b":230,"7552d86c":230,"02ebf3b6":230,"bb17a968":230,"4abcb85d":230,"cba26072":230,"2a718dcc":230,"c6a9a8e1":230,"88854fd0":230,"8dc27d2a":230,"41d7f05d":230,"2b851827":230,"9f428a03":230,"4d504d96":230,"0533ece1":230,"bcee2ef3":230,"0afba00c":230,"04ff8100":230,"6c00d8d6":230,"ac9a02bc":230,"acfe69ed":230,"426603ff":230,"2db2f252":230,"2e84193b":230,"c55683c9":230,"51233daf":230,"02791635":230,"be081247":230,"dfe4a061":230,"c2bf7d51":230,"781afef6":230,"de9229a0":230,"99a5feef":230,"f6266388":230,"e64fd39c":230,"e1b3ce36":230,"625fa164":230,"0c6ae551":230,"e8f4c1dd":230,"cede8b8c":230,"ad95ff4a":230,"893a99c5":230,"d8bf32b5":230,"0eb42efe":230,"03c4ab87":230,"4e3d3af7":230,"3a4803a8":230,"5cc47d1b":230,"678b846f":230,"b4bd39d8":230,"b4cdbe5d":230,"fa0386f3":230,"b95d0f17":230,"cee9c347":230,"f7a7de5d":230,"d4e56c3e":230,"0c045c2d":230,"8efd4801":230,"7eb8f268":230,"20236d3e":230,"36ae8cd8":230,"3ddd5391":230,"07f69c6d":230,"2254f0f5":230,"ea282e84":230,"6653c83b":230,"c896052c":230,"287ecd1c":230,"f9376d3e":230,"07a94e8c":230,"bb017b49":230,"37b52fe4":230,"61ad1519":230,"819c4185":230,"ba69b06b":230,"7d2a2cb4":230,"4f62491c":230,"70b4c438":230,"71ed93db":230,"c92efaa8":230,"c241ac7e":230,"62a45672":230,"210e507a":230,"ac6e268b":230,"742238e8":230
1601327357107,"7800e7ce":231,"77869ff0":231,"4b8f7b16":231,"89f75690":231,"cb363e2f":231,"cd802f02":231,"d3cca7eb":231,"e866a899":231,"5690e712":231,"0b92d2a9":231,"070bed95":231,"67e5d108":231,"3d37b94b":231,"842c97c2":231,"c4cef92b":231,"0eecdc5b":231,"d5d94481":231,"ffe48500":231,"c7a45a33":231,"faffe099":231,"e99490cd":231,"3b830769":231,"583f0305":231,"1557c50a":231,"249e80ab":231,"f52a3d94":231,"eb74d3dd":231,"3bcbc28d":231,"3c0455e7":231,"df203c79":231,"df1e1ac0":231,"491708eb":231,"e421caaa":231,"2d2ecf27":231,"d38a4953":231,"eba5efdd":231,"a5463f93":231,"c85ac4f8":231,"bc253f4f":231,"0d9d2bf8":231,"846b7f11":231,"d3411467":231,"1df0ce7f":231,"a08171d0":231,"c8bc5677":231,"dfca0518":231,"b9a21017":231,"b7e495ea":231,"45ec63c0":231,"0ddfde2c":231,"a8b41774":231,"81f0da2d":231,"1fcc8ba4":231,"75a9c117":231,"12ba54ec":231,"be391c1a":231,"37d8a5b7":231,"d5ab81c4":231,"2ecde685":231,"f0bd52d3":231,"dcc20f76":231,"666a8ef0":231,"c5b609f1":231,"4dc5849a":231,"d605c755":231,"8a8c1d67":231,"cc6b3306":231,"8c2dfd9a":231,"f11267b9":231,"a483b15e":231,"f80ab49d":231,"95eaed39":231,"a5ba0ebb":231,"f53362a9":231,"1901ef7e":231,"960c2e6b":231,"3515e999":231,"d11f8f1b":231,"9d9eb027":231,"325f9a29":231,"503aafe5":231,"e47705d3":231,"3cae4115":231,"0ccf4731":231,"c7c6782d":231,"54346574":231,"b12cbf87":231,"81942d9b":231,"699b90c1":231,"d9b5a7a8":231,"1e7914d2":231,"e5d8fdb2":231,"3412ab75":231,"bcac5daf":231,"62d028cc":231,"0af2cf39":231,"27491297":231,"d041ea86":231,"1eda11b2":231,"fc442678":231,"080d5d42":231,"5d03f5dc":231,"f0a01341":231,"1ee4d9f9":231,"0d6e45e7":231,"0da97151":231,"e829038c":231,"4987cfb5":231,"ba90687c":231,"77f2cf92":231,"037e2be4":231,"9e7dbd20":231,"0c086273":231,"ac13c3b0":231,"b4d9c57f":231,"5d53c964":231,"8ee9cc91":231,"4cc0af91":231,"55f6a2ba":231,"9559ea96":231,"9cb044bf":231,"16b25add":231,"80ee333e":231,"3b329af2":231,"1cd662bf":231,"72992b35":231,"47589344":231,"593b1533":231,"e9f6e5ce":231,"ed6bead5":231,"96f594b9":231,"94dfcfc5":231,"8301986e":231,"830ecfec":231,"a8bae791":231,"312009ee":231,"c98759fd":231,"e8b6d676":231,"45ee5840":231,"76f04033":231,"43480b19":231,"fd955858":231,"69798d15":231,"efea71fa":231,"fb3aa867":231,"c9cf710b":231,"fcacdeb3":231,"0ea055ed":231,"e3b1bdf8":231,"644b45fb":231,"18c73816":231,"e491161e":231,"b5087677":231,"16f60bed":231,"cb0c3481":231,"7664512c":231,"df9a53b8":231,"f6c27b2b":231,"945f6c24":231,"f1daea7e":231,"b8fb90e3":231,"56227e35":231,"0d6bf22a":231,"b87321d0":231,"43205b5d":231,"8982905a":231,"f6fe1ad7":231,"230064fa":231,"764e0abb":231,"bba6d88e":231,"ea3479ec":231,"32266fa3":231,"50b090c3":231,"8be24763":231,"eb4800b2":231,"6e0ce9dc":231,"87d9bec4":231,"e30dfa0c":231,"6da34174":231,"bfb849fa":231,"0a10b423":231,"9ef7cee7":231,"49f1a0d1":231,"5f04aa76":231,"ba297382":231,"0287db2a":231,"96abe4a9":231,"753b10b1":231,"cf14bd99":231,"782022f4":231,"322e833f":231,"ab3619e4":231,"106006ad":231,"c8237be9":231,"1416e8f5":231,"dde2eed5":231,"a208caa8":231,"16605353":231,"77b39e15":231,"f1726edb":231,"92b72493":231,"d3e58903":231,"4481c4be":231,"7954891b":231,"4afd60a9":231,"590ce3d3":231,"1802d7ce":231,"0a49914b":231,"5d3f5cad":231,"cf347cba":231,"fc0c23f7":231,"641f9b9e":231,"c92edec5":231,"9f03c1e7":231,"06c24a8d":231,"2f35e75f":231,"3eddf7c8":231,"d44c0ea3":231,"68f87858":231,"533bac6b":231,"41634dba":231,"43fd1327":231,"113e7f4b":231,"8cce569a":231,"ce6401b6":231,"6f57824c":231,"28bd7aa1":231,"1d52fb0d":231,"cde0d748":231,"535ed444":231,"710f0d0e":231,"0905f1fb":231,"a20e529c":231,"1ae76fcc":231,"35b161d3":231,"344cd1a3":231,"77ea1236":231,"96d2a118":231,"23a0e41f":231,"b32a1080":231,"a2c4b591":231,"6dfa57be":231,"1854ce44":231,"f92b22f1":231,"ece12664":231,"36f4ecde":231,"568a0d58":231,"5fd569d2":231,"10c8fd03":231,"bd4ccb49":231,"e773d697":231,"7e8c11e7":231,"077eb15a":231,"5337c279":231,"8d256cb6":231,"5b09e53e":231,"da5bb0f7":231,"6d925c84":231,"50b23ab2":231,"edfa56d4":231,"899c16eb":231,"41c76041":231,"6bb1fa99":231,"d73ff72e":231,"61c0ca91":231,"d2fda7be":231,"ce20ca3c":231,"1d2d958b":231,"81fb6a01":231,"7f5b27c8":231,"fb3444d9":231,"f05de640":231,"86a68967":231,"56cd4dca":231,"7f469f4c":231,"f92dedfc":231,"355d1489":231,"f96fc1af":231,"06713bac":231,"61aca924":231,"d97fb857":231,"59ff5ec6":231,"ef04e64e":231,"6e2d04de":231,"7021c619":231,"32ae00db":231,"bf2defb2":231,"bc733a28":231,"30d32d34":231,"886c16d3":231,"e8d09b62":231,"2fca1798":231,"05028839":231,"5488826c":231,"84fff5c1":231,"c649992d":231,"d5ad3ed6":231,"8e5f7187":231,"55ba7579":231,"b7769ca6":231,"9c27de51":231,"38a75b48":231,"1792bfa3":231,"426f1904":231,"7c0f1ca9":231,"b2f820ac":231,"25d4f65d":231,"eddb6a2a":231,"ff8a00aa":231,"c146560b":231,"985068e7":231,"d543ba6f":231,"77970f8b":231,"efd594d5":231,"4718294d":231,"5352cf45":231,"e0ffe8ff":231,"ae14d6b5":231,"721f5f42":231,"0b50bca6":231,"bf2ca266":231,"5d8d9641":231,"0de67c6c":231,"2311399f":231,"5e3ebf5e":231,"9f6ca218":231,"6213799d":231,"44cb1fd2":231,"baf19c25":231,"24a79a6e":231,"edde30af":231,"4d949e11":231,"df12f689":231,"1da10cbf":231,"832c48e4":231,"dc90a44c":231,"1ad7c45b":231,"5566c17c":231,"86a22252":231,"0000dece":231,"ce5efdbe":231,"58ace2b5":231,"d379fd96":231,"7b819458":231,"7f8024cd":231,"ae562513":231,"7b66dacd":231,"9ab137d7":231,"7191d1cd":231,"005354dd":231,"3b3569f6":231,"b01ab62a":231,"76da16fa":231,"bffee581":231,"07150038":231,"080fa362":231,"7b6945ad":231,"a40d08e1":231,"cec79bc2":231,"d2eff358":231,"e70aebb5":231,"a488b2f1":231,"4caa87d6":231,"f7076e21":231,"69e653b6":231,"98d2991b":231,"3b411d6a":231,"83826ef3":231,"595609d5":231,"b47f1b89":231,"8e6caf71":231,"9a3433b8":231,"b89112cb":231,"66736d5e":231,"30de89a7":231
1601327358782,"06aaa33f":231,"320c65bf":231,"1fa1e7c2":231,"646af2b9":231,"659389ad":231,"240c8679":231,"0718c3be":231,"8b503f7b":231,"87a8523c":231,"c416baa6":231,"ae350a07":231,"680a32a6":231,"83ba647d":231,"cb0bd6b7":231,"8e426e39":231,"51909df8":231,"e22b0973":231,"23646ff9":231,"3abb827b":231,"0c73c293":231,"88929b06":231,"08c4692e":231,"5b2479ef":231,"1d882c36":231,"eb62e8f2":231,"f1e86522":231,"fa03f48f":231,"5298dafa":231,"25f7f918":231,"c5311ebb":231,"105bb3f6":231,"58de5462":231,"f01c896d":231,"1f2670d0":231,"962c9c8f":231,"aec0bf28":231,"a017a323":231,"8801c469":231,"b6281f1a":231,"48c6df81":231,"5e165f43":231,"f8785b71":231,"ab4a411a":231,"d7a4b24c":231,"686d5c0b":231,"f15eb1c5":231,"71789493":231,"5ac72353":231,"d1b14d06":231,"f6c074a7":231,"ffd6849d":231,"962fca02":231,"75968179":231,"bc8bdc23":231,"a71f3f70":231,"1f7aa83c":231,"732d62ee":231,"d4b0751c":231,"5b01444b":231,"79995b62":231,"97160db8":231,"589f0d6e":231,"51b4016a":231,"46bf9112":231,"092ad3d6":231,"bf940089":231,"01f34f98":231,"808bc372":231,"1670b0d3":231,"c792a7c1":231,"ec97d63e":231,"5a7da061":231,"94208a41":231,"06a94514":231,"2cbcad17":231,"73c420df":231,"4dccb5ca":231,"0700da70":231,"83268abf":231,"ff591765":231,"578c4c95":231,"93f12198":231,"c606b472":231,"62e270e5":231,"66b1b6d7":231,"b062adc4":231,"4aae5133":231,"63a3af32":231,"3fec4b0b":231,"faa3de3e":231,"44983d13":231,"80999122":231,"72af9198":231,"e39e9552":231,"81c1b70d":231,"e72f0f82":231,"88374b72":231,"fdfaf1ed":231,"ea981bed":231,"5e197575":231,"e587c4d0":231,"525b2635":231,"caa38a45":231,"a9987a58":231,"b6b8e5c7":231,"e82177d3":231,"89914b94":231,"04bdf5e1":231,"da8b42be":231,"3b0576bf":231,"9458934f":231,"1dcc489c":231,"945badf3":231,"1327775b":231,"bdd40125":231,"75fd47f7":231,"1c52a07e":231,"e70ccc25":231,"afd1494f":231,"ca6bffd3":231,"829c44a4":231,"e76e2617":231,"2b4fd52e":231,"57162572":231,"d1d50cfe":231,"272e7d0d":231,"f92596ee":231,"68831ea9":231,"9713d076":231,"fd098272":231,"6ee788a7":231,"8249641d":231,"45b0968f":231,"6a9bb182":231,"1f1afd4f":231,"25fb8826":231,"0dc5da58":231,"2874a625":231,"e61ae828":231,"f7ac3883":231,"ccd01528":231,"dab8cf68":231,"00f2a9cb":231,"916fe082":231,"b64dba8e":231,"c3bb30ce":231,"86219c70":231,"601990d8":231,"5c662c19":231,"d2a5d2fd":231,"89d220c2":231,"3e10c9cb":231,"5500a3e8":231,"3c0e87ac":231,"a891461f":231,"a246cdab":231,"117c7f0b":231,"0d21cf99":231,"14e6fe14":231,"37ec5e73":231,"bfff7913":231,"9666b973":231,"653b27c7":231,"83b37fd6":231,"4d852788":231,"e43a9448":231,"3542b748":231,"379c53ab":231,"e396d80d":231,"7da61f27":231,"dc874a97":231,"85a220de":231,"40a7cdd2":231,"ac033c7b":231,"87759976":231,"4df3f62e":231,"c881a53e":231,"80c1c8b1":231,"cf52acd8":231,"a63cb4ce":231,"d3b3492b":231,"7580cfa4":231,"22a96386":231,"5c672b50":231,"5df16440":231,"b666e56d":231,"8db378ff":231,"784d6375":231,"4541bf85":231,"f7ffcbb8":231,"f8636899":231,"37724339":231,"d45d9727":231,"ee5ff2a3":231,"44322dfd":231,"295e4d1d":231,"8cf6570a":231,"403064a0":231,"312af46e":231,"b5a9f8c3":231,"fcbc0ae8":231,"2ff6b6a8":231,"66a71cc1":231,"bf4b58e4":231,"a6b13f20":231,"2459c882":231,"3df97186":231,"ef0490de":231,"e0f47ced":231,"309bbf54":231,"cc537772":231,"6618390c":231,"99cc0813":231,"dc32c4e1":231,"239c636e":231,"6ee160ff":231,"c55d40ca":231,"22c177a8":231,"00ae883f":231,"f416ee62":231,"0d2b182d":231,"320754c3":231,"232b2f64":231,"3171b6e7":231,"3b25460f":231,"d2064756":231,"5728f934":231,"00b26865":231,"c333337d":231,"815c56bc":231,"5bd61a68":231,"8582c5cf":231,"0c353665":231,"231e8700":231,"1f9fbd85":231,"43f24679":231,"a1c0dfc4":231,"78f71162":231,"4b27a9a4":231,"163f4d19":231,"1d043d5a":231,"b2f82e06":231,"5b0b43e6":231,"b5474d69":231,"5a938eeb":231,"4fe0dedf":231,"951fc6d0":231,"61892a4c":231,"f096219e":231,"a3f0a6ec":231,"01051f84":231,"aa7e370d":231,"f995eeab":231,"4006e709":231,"0dedf63e":231,"a9d5374b":231,"4321f02d":231,"089b3f8f":231,"7698d0dc":231,"784414ce":231,"2df3efdb":231,"d0f1b7bd":231,"a8edfe84":231,"2ed19b1e":231,"959e16ea":231,"02f76c64":231,"5c6d1f33":231,"b4801cae":231,"c3c2fd05":231,"f8c97147":231,"c2526ff3":231,"cc386067":231,"a22ffd8f":231,"3cd28a4d":231,"44a12c31":231,"45a961ca":231,"5ca978fd":231,"668e601b":231,"7552d86c":231,"02ebf3b6":231,"bb17a968":231,"4abcb85d":231,"cba26072":231,"e7799883":231,"4f9456cf":231,"6e260ee8":231,"f4f84279":231,"b0950de5":231,"6f873999":231,"1f4e0e22":231,"60d69311":231,"3b09f1de":231,"b371f44a":231,"8b6180ff":231,"8819ac24":231,"dbbf7f69":231,"dfe4a061":231,"c2bf7d51":231,"2a718dcc":231,"c6a9a8e1":231,"88854fd0":231,"8dc27d2a":231,"41d7f05d":231,"2b851827":231,"9f428a03":231,"4d504d96":231,"0533ece1":231,"bcee2ef3":231,"0afba00c":231,"04ff8100":231,"6c00d8d6":231,"ac9a02bc":231,"acfe69ed":231,"426603ff":231,"2db2f252":231,"2e84193b":231,"c55683c9":231,"51233daf":231,"02791635":231,"be081247":231,"5cc47d1b":231,"678b846f":231,"b4bd39d8":231,"b4cdbe5d":231,"fa0386f3":231,"b95d0f17":231,"cee9c347":231,"781afef6":231,"de9229a0":231,"99a5feef":231,"f6266388":231,"e64fd39c":231,"e1b3ce36":231,"625fa164":231,"0c6ae551":231,"e8f4c1dd":231,"cede8b8c":231,"ad95ff4a":231,"893a99c5":231,"d8bf32b5":231,"0eb42efe":231,"03c4ab87":231,"4e3d3af7":231,"3a4803a8":231,"f7a7de5d":231,"d4e56c3e":231,"0c045c2d":231,"8efd4801":231,"7eb8f268":231,"20236d3e":231,"36ae8cd8":231,"3ddd5391":231,"07f69c6d":231,"2254f0f5":231,"ea282e84":231,"6653c83b":231,"c896052c":231,"287ecd1c":231,"f9376d3e":231,"07a94e8c":231,"bb017b49":231,"37b52fe4":231,"61ad1519":231,"819c4185":231,"ba69b06b":231,"7d2a2cb4":231,"4f62491c":231,"70b4c438":231,"71ed93db":231,"c92efaa8":231,"c241ac7e":231,"62a45672":231,"210e507a":231,"ac6e268b":231,"742238e8":231
1601327359957,"7800e7ce":232,"77869ff0":232,"4b8f7b16":232,"89f75690":232,"cb363e2f":232,"cd802f02":232,"d3cca7eb":232,"e866a899":232,"5690e712":232,"0b92d2a9":232,"070bed95":232,"67e5d108":232,"3d37b94b":232,"842c97c2":232,"c4cef92b":232,"0eecdc5b":232,"b7e495ea":232,"45ec63c0":232,"0ddfde2c":232,"a8b41774":232,"81f0da2d":232,"1fcc8ba4":232,"75a9c117":232,"12ba54ec":232,"be391c1a":232,"37d8a5b7":232,"d5ab81c4":232,"2ecde685":232,"f0bd52d3":232,"dcc20f76":232,"666a8ef0":232,"c5b609f1":232,"4dc5849a":232,"d605c755":232,"8a8c1d67":232,"cc6b3306":232,"8c2dfd9a":232,"f11267b9":232,"a483b15e":232,"f80ab49d":232,"95eaed39":232,"a5ba0ebb":232,"f53362a9":232,"1901ef7e":232,"960c2e6b":232,"3515e999":232,"d11f8f1b":232,"9d9eb027":232,"325f9a29":232,"503aafe5":232,"080d5d42":232,"5d03f5dc":232,"f0a01341":232,"1ee4d9f9":232,"0d6e45e7":232,"0da97151":232,"e829038c":232,"4987cfb5":232,"ba90687c":232,"77f2cf92":232,"037e2be4":232,"9e7dbd20":232,"d5d94481":232,"ffe48500":232,"c7a45a33":232,"faffe099":232,"e99490cd":232,"3b830769":232,"583f0305":232,"1557c50a":232,"249e80ab":232,"f52a3d94":232,"eb74d3dd":232,"3bcbc28d":232,"3c0455e7":232,"0c086273":232,"ac13c3b0":232,"b4d9c57f":232,"5d53c964":232
1601327361003,"8ee9cc91":232,"4cc0af91":232,"55f6a2ba":232,"9559ea96":232,"9cb044bf":232,"16b25add":232,"80ee333e":232,"3b329af2":232,"1cd662bf":232,"72992b35":232,"47589344":232,"593b1533":232,"e9f6e5ce":232,"ed6bead5":232,"96f594b9":232,"94dfcfc5":232,"8301986e":232,"830ecfec":232,"a8bae791":232,"312009ee":232,"c98759fd":232,"e8b6d676":232,"45ee5840":232,"76f04033":232,"43480b19":232,"fd955858":232,"69798d15":232,"efea71fa":232,"fb3aa867":232,"c9cf710b":232,"fcacdeb3":232,"0ea055ed":232,"e3b1bdf8":232,"644b45fb":232,"df203c79":232,"df1e1ac0":232,"491708eb":232,"e421caaa":232,"2d2ecf27":232,"d38a4953":232,"eba5efdd":232,"a5463f93":232,"c85ac4f8":232,"bc253f4f":232,"0d9d2bf8":232,"846b7f11":232,"d3411467":232,"1df0ce7f":232,"a08171d0":232,"c8bc5677":232,"dfca0518":232,"b9a21017":232,"e47705d3":232,"3cae4115":232,"0ccf4731":232,"c7c6782d":232,"54346574":232,"b12cbf87":232,"81942d9b":232,"699b90c1":232,"d9b5a7a8":232,"1e7914d2":232,"e5d8fdb2":232,"3412ab75":232,"bcac5daf":232,"62d028cc":232,"0af2cf39":232,"27491297":232,"d041ea86":232,"1eda11b2":232,"fc442678":232,"18c73816":232,"e491161e":232,"b5087677":232,"16f60bed":232,"cb0c3481":232,"7664512c":232,"df9a53b8":232,"f6c27b2b":232,"945f6c24":232,"f1daea7e":232,"b8fb90e3":232,"56227e35":232,"0d6bf22a":232,"b87321d0":232,"43205b5d":232,"8982905a":232,"f6fe1ad7":232,"230064fa":232,"764e0abb":232,"bba6d88e":232,"ea3479ec":232,"32266fa3":232,"50b090c3":232,"8be24763":232,"eb4800b2":232,"6e0ce9dc":232,"87d9bec4":232,"e30dfa0c":232,"6da34174":232,"bfb849fa":232,"0a10b423":232,"9ef7cee7":232,"49f1a0d1":232,"5f04aa76":232,"ba297382":232,"0287db2a":232,"96abe4a9":232,"753b10b1":232,"cf14bd99":232,"782022f4":232,"322e833f":232,"ab3619e4":232,"106006ad":232,"c8237be9":232,"1416e8f5":232,"dde2eed5":232,"a208caa8":232,"16605353":232,"77b39e15":232,"f1726edb":232,"590ce3d3":232,"1802d7ce":232,"0a49914b":232,"5d3f5cad":232,"cf347cba":232,"fc0c23f7":232,"641f9b9e":232,"c92edec5":232,"9f03c1e7":232,"06c24a8d":232,"2f35e75f":232,"3eddf7c8":232,"77970f8b":232,"efd594d5":232,"4718294d":232,"5352cf45":232,"e0ffe8ff":232,"ae14d6b5":232,"721f5f42":232,"0b50bca6":232,"bf2ca266":232,"5d8d9641":232,"0de67c6c":232,"2311399f":232,"5e3ebf5e":232,"9f6ca218":232,"6213799d":232,"44cb1fd2":232,"baf19c25":232,"24a79a6e":232,"edde30af":232,"4d949e11":232,"df12f689":232,"1da10cbf":232,"832c48e4":232,"dc90a44c":232,"1ad7c45b":232,"92b72493":232,"d3e58903":232,"4481c4be":232,"7954891b":232,"4afd60a9":232,"d44c0ea3":232,"68f87858":232,"533bac6b":232,"41634dba":232,"43fd1327":232,"113e7f4b":232,"8cce569a":232,"ce6401b6":232,"6f57824c":232,"28bd7aa1":232,"1d52fb0d":232,"cde0d748":232,"535ed444":232,"710f0d0e":232,"0905f1fb":232,"a20e529c":232,"1ae76fcc":232,"35b161d3":232,"344cd1a3":232,"77ea1236":232,"96d2a118":232,"23a0e41f":232,"b32a1080":232,"a2c4b591":232,"6dfa57be":232,"1854ce44":232,"5566c17c":232,"86a22252":232,"0000dece":232,"ce5efdbe":232,"58ace2b5":232,"d379fd96":232,"7b819458":232,"7f8024cd":232,"ae562513":232,"7b66dacd":232,"9ab137d7":232,"7191d1cd":232,"005354dd":232,"f92b22f1":232,"ece12664":232,"36f4ecde":232,"568a0d58":232,"5fd569d2":232,"10c8fd03":232,"bd4ccb49":232,"e773d697":232,"7e8c11e7":232,"077eb15a":232,"5337c279":232,"8d256cb6":232,"7021c619":232,"32ae00db":232,"bf2defb2":232,"bc733a28":232,"30d32d34":232,"886c16d3":232,"e8d09b62":232
1601327361390,"5b09e53e":232,"da5bb0f7":232,"6d925c84":232,"50b23ab2":232,"edfa56d4":232,"899c16eb":232,"41c76041":232,"6bb1fa99":232,"d73ff72e":232,"61c0ca91":232,"d2fda7be":232,"ce20ca3c":232,"1d2d958b":232,"81fb6a01":232,"3b3569f6":232,"b01ab62a":232,"76da16fa":232,"bffee581":232,"07150038":232,"080fa362":232,"7b6945ad":232,"a40d08e1":232,"cec79bc2":232,"d2eff358":232,"7f5b27c8":232,"fb3444d9":232,"f05de640":232,"86a68967":232,"56cd4dca":232,"7f469f4c":232,"f92dedfc":232,"355d1489":232,"f96fc1af":232,"06713bac":232,"61aca924":232,"d97fb857":232,"59ff5ec6":232,"ef04e64e":232,"6e2d04de":232,"2fca1798":232,"05028839":232,"5488826c":232,"84fff5c1":232,"c649992d":232,"d5ad3ed6":232,"8e5f7187":232,"55ba7579":232,"b7769ca6":232,"9c27de51":232,"38a75b48":232,"1792bfa3":232,"426f1904":232,"7c0f1ca9":232,"b2f820ac":232,"25d4f65d":232,"eddb6a2a":232,"ff8a00aa":232,"c146560b":232,"985068e7":232,"d543ba6f":232,"e70aebb5":232,"a488b2f1":232,"4caa87d6":232,"f7076e21":232,"69e653b6":232,"98d2991b":232,"3b411d6a":232,"83826ef3":232,"595609d5":232,"b47f1b89":232,"8e6caf71":232,"9a3433b8":232,"b89112cb":232,"66736d5e":232,"30de89a7":232,"06aaa33f":232,"320c65bf":232,"1fa1e7c2":232,"646af2b9":232,"659389ad":232,"240c8679":232,"0718c3be":232,"8b503f7b":232,"87a8523c":232,"c416baa6":232,"ae350a07":232,"680a32a6":232,"83ba647d":232,"cb0bd6b7":232,"8e426e39":232,"51909df8":232,"e22b0973":232,"23646ff9":232,"3abb827b":232,"0c73c293":232,"88929b06":232,"08c4692e":232,"5b2479ef":232,"1d882c36":232,"eb62e8f2":232,"f1e86522":232,"fa03f48f":232,"5298dafa":232,"25f7f918":232,"c5311ebb":232,"105bb3f6":232,"58de5462":232,"f01c896d":232,"1f2670d0":232,"962c9c8f":232,"aec0bf28":232,"a017a323":232,"8801c469":232,"b6281f1a":232,"48c6df81":232,"5e165f43":232,"f8785b71":232,"ab4a411a":232,"d7a4b24c":232,"686d5c0b":232,"f15eb1c5":232,"71789493":232,"5ac72353":232,"d1b14d06":232,"f6c074a7":232,"ffd6849d":232,"962fca02":232,"75968179":232,"bc8bdc23":232,"a71f3f70":232,"1f7aa83c":232,"808bc372":232,"732d62ee":232,"c792a7c1":232,"d4b0751c":232,"5a7da061":232,"06a94514":232,"5b01444b":232,"73c420df":232,"79995b62":232,"0700da70":232,"97160db8":232,"ff591765":232,"589f0d6e":232,"272e7d0d":232,"f92596ee":232,"68831ea9":232,"9713d076":232,"fd098272":232,"6ee788a7":232,"8249641d":232,"45b0968f":232,"6a9bb182":232,"1f1afd4f":232,"25fb8826":232,"0dc5da58":232,"2874a625":232,"e61ae828":232,"f7ac3883":232,"ccd01528":232,"dab8cf68":232,"00f2a9cb":232,"916fe082":232,"b64dba8e":232,"c3bb30ce":232,"86219c70":232,"601990d8":232,"5c662c19":232,"d2a5d2fd":232,"89d220c2":232,"3e10c9cb":232,"5500a3e8":232,"3c0e87ac":232,"a891461f":232,"a246cdab":232,"117c7f0b":232,"0d21cf99":232,"14e6fe14":232,"37ec5e73":232,"bfff7913":232,"f8636899":232,"93f12198":232,"51b4016a":232,"46bf9112":232,"62e270e5":232,"66b1b6d7":232,"092ad3d6":232,"bf940089":232,"b062adc4":232,"4aae5133":232,"01f34f98":232,"63a3af32":232,"1670b0d3":232,"ec97d63e":232,"3fec4b0b":232,"faa3de3e":232,"94208a41":232,"2cbcad17":232,"44983d13":232,"80999122":232,"4dccb5ca":232,"72af9198":232,"83268abf":232,"e39e9552":232,"578c4c95":232,"c606b472":232,"81c1b70d":232,"e72f0f82":232,"88374b72":232,"fdfaf1ed":232,"ea981bed":232,"5e197575":232,"e587c4d0":232,"525b2635":232,"caa38a45":232,"a9987a58":232,"b6b8e5c7":232,"e82177d3":232,"89914b94":232,"04bdf5e1":232,"da8b42be":232,"3b0576bf":232,"9458934f":232,"1dcc489c":232,"945badf3":232,"1327775b":232,"bdd40125":232,"75fd47f7":232,"1c52a07e":232,"e70ccc25":232,"37724339":232,"d45d9727":232,"ee5ff2a3":232,"44322dfd":232,"295e4d1d":232,"8cf6570a":232,"403064a0":232,"312af46e":232,"b5a9f8c3":232,"fcbc0ae8":232,"2ff6b6a8":232,"66a71cc1":232,"bf4b58e4":232,"afd1494f":232,"ca6bffd3":232,"829c44a4":232,"e76e2617":232,"2b4fd52e":232,"57162572":232,"d1d50cfe":232,"9666b973":232,"653b27c7":232,"83b37fd6":232,"4d852788":232,"e43a9448":232,"3542b748":232,"379c53ab":232,"e396d80d":232,"7da61f27":232,"dc874a97":232,"85a220de":232,"40a7cdd2":232,"ac033c7b":232,"87759976":232,"4df3f62e":232,"c881a53e":232,"80c1c8b1":232,"cf52acd8":232,"a63cb4ce":232,"d3b3492b":232,"7580cfa4":232,"22a96386":232,"5c672b50":232,"5df16440":232,"b666e56d":232,"8db378ff":232,"784d6375":232,"4541bf85":232,"a6b13f20":232,"2459c882":232,"3df97186":232,"ef0490de":232,"e0f47ced":232,"309bbf54":232,"cc537772":232,"6618390c":232,"99cc0813":232,"dc32c4e1":232,"239c636e":232,"6ee160ff":232,"c55d40ca":232,"22c177a8":232,"00ae883f":232,"f416ee62":232,"0d2b182d":232,"320754c3":232,"232b2f64":232,"3171b6e7":232,"3b25460f":232,"d2064756":232,"f7ffcbb8":232,"5728f934":232,"00b26865":232,"c333337d":232,"815c56bc":232,"5bd61a68":232,"8582c5cf":232,"0c353665":232,"231e8700":232,"8b6180ff":232,"8819ac24":232,"dbbf7f69":232,"dfe4a061":232,"c2bf7d51":232,"781afef6":232,"de9229a0":232,"99a5feef":232,"f6266388":232,"e64fd39c":232,"1f9fbd85":232,"43f24679":232,"a1c0dfc4":232,"78f71162":232,"4b27a9a4":232,"163f4d19":232,"1d043d5a":232,"b2f82e06":232,"5b0b43e6":232,"b5474d69":232,"5a938eeb":232,"4fe0dedf":232,"951fc6d0":232,"61892a4c":232,"f096219e":232,"a3f0a6ec":232,"01051f84":232,"aa7e370d":232,"f995eeab":232,"4006e709":232,"0dedf63e":232,"a9d5374b":232,"4321f02d":232,"089b3f8f":232,"7698d0dc":232,"784414ce":232,"2df3efdb":232,"d0f1b7bd":232,"e7799883":232,"4f9456cf":232,"6e260ee8":232,"f4f84279":232,"b0950de5":232,"6f873999":232,"1f4e0e22":232,"60d69311":232,"3b09f1de":232,"b371f44a":232,"a8edfe84":232,"2ed19b1e":232,"959e16ea":232,"02f76c64":232,"5c6d1f33":232,"b4801cae":232,"c3c2fd05":232,"f8c97147":232,"c2526ff3":232,"cc386067":232,"a22ffd8f":232,"3cd28a4d":232,"44a12c31":232,"45a961ca":232,"5ca978fd":232,"668e601b":232,"7552d86c":232,"02ebf3b6":232,"bb17a968":232,"4abcb85d":232,"cba26072":232,"2a718dcc":232,"c6a9a8e1":232,"88854fd0":232,"8dc27d2a":232,"41d7f05d":232,"2b851827":232,"9f428a03":232,"4d504d96":232,"0533ece1":232,"bcee2ef3":232,"0afba00c":232,"04ff8100":232,"6c00d8d6":232,"e1b3ce36":232,"625fa164":232,"0c6ae551":232,"e8f4c1dd":232,"cede8b8c":232,"ad95ff4a":232,"893a99c5":232,"d8bf32b5":232,"0eb42efe":232,"03c4ab87":232,"4e3d3af7":232,"3a4803a8":232,"f7a7de5d":232,"d4e56c3e":232,"0c045c2d":232,"8efd4801":232,"7eb8f268":232,"20236d3e":232,"36ae8cd8":232,"3ddd5391":232,"07f69c6d":232,"2254f0f5":232,"ea282e84":232,"6653c83b":232,"c896052c":232,"287ecd1c":232,"f9376d3e":232,"07a94e8c":232,"bb017b49":232,"37b52fe4":232,"61ad1519":232,"819c4185":232,"ba69b06b":232,"7d2a2cb4":232,"4f62491c":232,"70b4c438":232,"71ed93db":232,"c92efaa8":232,"c241ac7e":232,"ac9a02bc":232,"acfe69ed":232,"426603ff":232,"2db2f252":232,"2e84193b":232,"c55683c9":232,"51233daf":232,"02791635":232,"be081247":232,"5cc47d1b":232,"678b846f":232,"b4bd39d8":232,"b4cdbe5d":232,"fa0386f3":232,"b95d0f17":232,"cee9c347":232,"62a45672":232,"210e507a":232,"ac6e268b":232,"742238e8":232,"7800e7ce":233,"77869ff0":233,"4b8f7b16":233,"89f75690":233,"cb363e2f":233,"cd802f02":233,"d3cca7eb":233,"e866a899":233,"5690e712":233,"0b92d2a9":233,"070bed95":233,"67e5d108":233,"3d37b94b":233,"842c97c2":233,"c4cef92b":233,"0eecdc5b":233,"b7e495ea":233,"45ec63c0":233,"0ddfde2c":233,"a8b41774":233,"81f0da2d":233,"1fcc8ba4":233,"75a9c117":233,"12ba54ec":233,"be391c1a":233,"37d8a5b7":233,"d5ab81c4":233,"2ecde685":233,"f0bd52d3":233,"dcc20f76":233,"666a8ef0":233,"c5b609f1":233,"4dc5849a":233,"d605c755":233,"d5d94481":233,"ffe48500":233,"c7a45a33":233,"8a8c1d67":233,"cc6b3306":233,"8c2dfd9a":233,"f11267b9":233,"a483b15e":233,"f80ab49d":233,"95eaed39":233,"a5ba0ebb":233,"f53362a9":233,"1901ef7e":233,"960c2e6b":233,"3515e999":233,"d11f8f1b":233,"9d9eb027":233,"325f9a29":233,"503aafe5":233,"080d5d42":233,"5d03f5dc":233,"f0a01341":233,"faffe099":233,"e99490cd":233,"3b830769":233,"583f0305":233,"1557c50a":233,"249e80ab":233,"f52a3d94":233,"eb74d3dd":233,"3bcbc28d":233,"3c0455e7":233,"df203c79":233,"df1e1ac0":233,"491708eb":233,"e421caaa":233,"2d2ecf27":233,"d38a4953":233,"eba5efdd":233,"a5463f93":233,"c85ac4f8":233,"bc253f4f":233,"0d9d2bf8":233,"846b7f11":233,"d3411467":233,"1df0ce7f":233,"a08171d0":233,"c8bc5677":233,"dfca0518":233,"b9a21017":233,"e47705d3":233,"3cae4115":233,"0ccf4731":233,"c7c6782d":233,"54346574":233,"b12cbf87":233,"81942d9b":233,"699b90c1":233,"d9b5a7a8":233,"1e7914d2":233,"18c73816":233,"e491161e":233,"e5d8fdb2":233,"3412ab75":233,"bcac5daf":233,"62d028cc":233,"0af2cf39":233,"27491297":233,"d041ea86":233,"1eda11b2":233,"fc442678":233,"b5087677":233,"16f60bed":233,"cb0c3481":233,"7664512c":233,"df9a53b8":233,"f6c27b2b":233,"945f6c24":233,"1ee4d9f9":233,"0d6e45e7":233,"0da97151":233,"e829038c":233,"4987cfb5":233,"ba90687c":233,"77f2cf92":233,"037e2be4":233,"9e7dbd20":233,"0c086273":233,"ac13c3b0":233,"b4d9c57f":233,"5d53c964":233,"8ee9cc91":233,"4cc0af91":233,"55f6a2ba":233,"9559ea96":233,"9cb044bf":233,"16b25add":233,"80ee333e":233,"3b329af2":233,"1cd662bf":233,"72992b35":233,"47589344":233,"593b1533":233,"e9f6e5ce":233,"ed6bead5":233,"96f594b9":233,"94dfcfc5":233,"8301986e":233,"830ecfec":233,"a8bae791":233,"312009ee":233,"c98759fd":233,"e8b6d676":233,"45ee5840":233,"f1daea7e":233,"b8fb90e3":233,"56227e35":233,"0d6bf22a":233,"b87321d0":233,"43205b5d":233,"8982905a":233,"f6fe1ad7":233,"230064fa":233,"764e0abb":233,"bba6d88e":233,"ea3479ec":233,"32266fa3":233,"50b090c3":233,"8be24763":233,"eb4800b2":233,"6e0ce9dc":233,"87d9bec4":233,"e30dfa0c":233,"6da34174":233,"bfb849fa":233,"0a10b423":233,"9ef7cee7":233,"49f1a0d1":233,"5f04aa76":233,"ba297382":233,"0287db2a":233,"96abe4a9":233,"753b10b1":233,"cf14bd99":233,"782022f4":233,"322e833f":233,"ab3619e4":233,"106006ad":233,"c8237be9":233,"1416e8f5":233,"76f04033":233,"43480b19":233,"fd955858":233,"69798d15":233,"efea71fa":233,"fb3aa867":233,"c9cf710b":233,"fcacdeb3":233,"0ea055ed":233,"e3b1bdf8":233,"644b45fb":233,"dde2eed5":233,"a208caa8":233,"16605353":233,"77b39e15":233,"f1726edb":233,"92b72493":233,"d3e58903":233,"4481c4be":233,"7954891b":233,"4afd60a9":233,"d44c0ea3":233,"68f87858":233,"533bac6b":233,"41634dba":233,"43fd1327":233,"113e7f4b":233,"8cce569a":233,"ce6401b6":233,"6f57824c":233,"28bd7aa1":233,"1d52fb0d":233,"cde0d748":233,"535ed444":233,"710f0d0e":233,"0905f1fb":233,"a20e529c":233,"1ae76fcc":233,"35b161d3":233,"344cd1a3":233,"77ea1236":233,"96d2a118":233,"23a0e41f":233,"b32a1080":233,"a2c4b591":233,"6dfa57be":233,"1854ce44":233,"f92b22f1":233,"ece12664":233,"36f4ecde":233,"568a0d58":233,"5fd569d2":233,"10c8fd03":233,"bd4ccb49":233,"e773d697":233,"7e8c11e7":233,"077eb15a":233,"5337c279":233,"8d256cb6":233,"7021c619":233,"32ae00db":233,"bf2defb2":233,"bc733a28":233,"30d32d34":233,"886c16d3":233,"e8d09b62":233,"590ce3d3":233,"1802d7ce":233,"0a49914b":233,"5d3f5cad":233,"cf347cba":233,"fc0c23f7":233,"5b09e53e":233,"da5bb0f7":233,"6d925c84":233,"50b23ab2":233,"edfa56d4":233,"7f8024cd":233,"ae562513":233,"7b66dacd":233,"9ab137d7":233,"7191d1cd":233,"005354dd":233,"641f9b9e":233,"c92edec5":233,"9f03c1e7":233,"06c24a8d":233,"2f35e75f":233,"3eddf7c8":233,"77970f8b":233,"efd594d5":233,"4718294d":233,"5352cf45":233,"e0ffe8ff":233,"ae14d6b5":233,"721f5f42":233,"0b50bca6":233,"bf2ca266":233,"5d8d9641":233,"0de67c6c":233,"2311399f":233,"5e3ebf5e":233,"9f6ca218":233,"6213799d":233,"44cb1fd2":233,"baf19c25":233,"24a79a6e":233,"edde30af":233,"4d949e11":233,"df12f689":233,"1da10cbf":233,"832c48e4":233,"dc90a44c":233,"1ad7c45b":233,"5566c17c":233,"86a22252":233,"0000dece":233,"ce5efdbe":233,"58ace2b5":233,"d379fd96":233,"7b819458":233,"3b3569f6":233,"b01ab62a":233,"899c16eb":233,"41c76041":233,"6bb1fa99":233,"d73ff72e":233,"61c0ca91":233,"d2fda7be":233,"ce20ca3c":233,"1d2d958b":233,"81fb6a01":233,"7f5b27c8":233,"fb3444d9":233,"f05de640":233,"86a68967":233,"56cd4dca":233,"7f469f4c":233,"f92dedfc":233,"355d1489":233,"f96fc1af":233,"06713bac":233,"61aca924":233,"d97fb857":233,"59ff5ec6":233,"ef04e64e":233,"6e2d04de":233,"2fca1798":233,"05028839":233,"5488826c":233,"84fff5c1":233,"c649992d":233,"d5ad3ed6":233,"8e5f7187":233,"55ba7579":233,"b7769ca6":233,"9c27de51":233,"38a75b48":233,"1792bfa3":233,"426f1904":233,"7c0f1ca9":233,"b2f820ac":233,"25d4f65d":233,"eddb6a2a":233,"ff8a00aa":233,"c146560b":233,"985068e7":233,"d543ba6f":233,"76da16fa":233,"bffee581":233,"07150038":233,"080fa362":233,"7b6945ad":233,"a40d08e1":233,"cec79bc2":233,"d2eff358":233,"e70aebb5":233,"a488b2f1":233,"4caa87d6":233,"f7076e21":233,"69e653b6":233,"98d2991b":233,"3b411d6a":233,"83826ef3":233,"595609d5":233,"b47f1b89":233,"8e6caf71":233,"9a3433b8":233,"b89112cb":233,"66736d5e":233,"30de89a7":233,"06aaa33f":233,"320c65bf":233,"1fa1e7c2":233,"646af2b9":233,"659389ad":233,"240c8679":233,"0718c3be":233,"8b503f7b":233,"87a8523c":233,"c416baa6":233,"ae350a07":233,"680a32a6":233,"83ba647d":233,"cb0bd6b7":233,"8e426e39":233,"51909df8":233,"e22b0973":233,"23646ff9":233,"3abb827b":233,"0c73c293":233,"88929b06":233,"08c4692e":233,"5b2479ef":233,"1d882c36":233,"eb62e8f2":233,"f1e86522":233,"fa03f48f":233,"5298dafa":233,"25f7f918":233,"c5311ebb":233,"105bb3f6":233,"58de5462":233,"f01c896d":233,"1f2670d0":233,"962c9c8f":233,"aec0bf28":233,"a017a323":233,"8801c469":233,"b6281f1a":233,"48c6df81":233,"5e165f43":233,"f8785b71":233,"ab4a411a":233,"d7a4b24c":233,"686d5c0b":233,"f15eb1c5":233,"71789493":233,"5ac72353":233,"d1b14d06":233,"f6c074a7":233,"ffd6849d":233,"962fca02":233,"75968179":233,"bc8bdc23":233,"a71f3f70":233,"1f7aa83c":233,"732d62ee":233,"d4b0751c":233,"5b01444b":233,"272e7d0d":233,"f92596ee":233,"68831ea9":233,"9713d076":233,"fd098272":233,"6ee788a7":233,"8249641d":233,"45b0968f":233,"6a9bb182":233,"1f1afd4f":233,"25fb8826":233,"0dc5da58":233,"2874a625":233,"e61ae828":233,"f7ac3883":233,"ccd01528":233,"dab8cf68":233,"00f2a9cb":233,"916fe082":233,"b64dba8e":233,"c3bb30ce":233,"86219c70":233,"601990d8":233,"5c662c19":233,"d2a5d2fd":233,"89d220c2":233,"3e10c9cb":233,"5500a3e8":233,"3c0e87ac":233,"a891461f":233,"a246cdab":233,"117c7f0b":233,"0d21cf99":233,"14e6fe14":233,"37ec5e73":233,"bfff7913":233,"f8636899":233,"37724339":233,"d45d9727":233,"ee5ff2a3":233,"44322dfd":233,"295e4d1d":233,"8cf6570a":233,"403064a0":233,"312af46e":233,"b5a9f8c3":233,"fcbc0ae8":233,"2ff6b6a8":233,"66a71cc1":233,"bf4b58e4":233,"9666b973":233,"653b27c7":233,"83b37fd6":233,"4d852788":233,"e43a9448":233,"945badf3":233,"1327775b":233,"bdd40125":233,"75fd47f7":233,"1c52a07e":233,"e70ccc25":233,"afd1494f":233,"ca6bffd3":233,"829c44a4":233,"e76e2617":233,"2b4fd52e":233,"57162572":233,"d1d50cfe":233,"79995b62":233,"97160db8":233,"808bc372":233,"589f0d6e":233,"51b4016a":233,"c792a7c1":233,"46bf9112":233,"5a7da061":233,"092ad3d6":233,"06a94514":233,"73c420df":233,"bf940089":233,"01f34f98":233,"0700da70":233,"1670b0d3":233,"ff591765":233,"ec97d63e":233,"93f12198":233,"94208a41":233,"62e270e5":233,"2cbcad17":233,"66b1b6d7":233,"4dccb5ca":233,"b062adc4":233,"83268abf":233,"4aae5133":233,"63a3af32":233,"578c4c95":233,"3fec4b0b":233,"c606b472":233,"faa3de3e":233,"44983d13":233,"80999122":233,"72af9198":233,"e39e9552":233,"81c1b70d":233,"e72f0f82":233,"88374b72":233,"fdfaf1ed":233,"ea981bed":233,"5e197575":233,"e587c4d0":233,"525b2635":233,"caa38a45":233,"a9987a58":233,"b6b8e5c7":233,"e82177d3":233,"89914b94":233
1601327362845,"04bdf5e1":233,"da8b42be":233,"3b0576bf":233,"9458934f":233,"1dcc489c":233,"3542b748":233,"379c53ab":233,"e396d80d":233,"7da61f27":233,"dc874a97":233,"85a220de":233,"40a7cdd2":233,"ac033c7b":233,"87759976":233,"4df3f62e":233,"c881a53e":233,"80c1c8b1":233,"cf52acd8":233,"a63cb4ce":233,"d3b3492b":233,"7580cfa4":233,"22a96386":233,"5c672b50":233,"5df16440":233,"b666e56d":233,"8db378ff":233,"784d6375":233,"4541bf85":233,"a6b13f20":233,"2459c882":233,"3df97186":233,"ef0490de":233,"e0f47ced":233,"309bbf54":233,"cc537772":233,"6618390c":233,"99cc0813":233,"dc32c4e1":233,"239c636e":233,"6ee160ff":233,"c55d40ca":233,"22c177a8":233,"00ae883f":233,"f416ee62":233,"0d2b182d":233,"320754c3":233,"232b2f64":233,"3171b6e7":233,"3b25460f":233,"d2064756":233,"f7ffcbb8":233,"5728f934":233,"00b26865":233,"c333337d":233,"815c56bc":233,"5bd61a68":233,"8582c5cf":233,"0c353665":233,"231e8700":233,"1f9fbd85":233,"43f24679":233,"a1c0dfc4":233,"78f71162":233,"4b27a9a4":233,"163f4d19":233,"1d043d5a":233,"b2f82e06":233,"5b0b43e6":233,"b5474d69":233,"5a938eeb":233,"4fe0dedf":233,"951fc6d0":233,"61892a4c":233,"f096219e":233,"a3f0a6ec":233,"01051f84":233,"aa7e370d":233,"f995eeab":233,"4006e709":233,"0dedf63e":233,"a9d5374b":233,"4321f02d":233,"089b3f8f":233,"7698d0dc":233,"784414ce":233,"2df3efdb":233,"d0f1b7bd":233,"e7799883":233,"4f9456cf":233,"6e260ee8":233,"f4f84279":233,"b0950de5":233,"6f873999":233,"1f4e0e22":233,"60d69311":233,"3b09f1de":233,"b371f44a":233,"8b6180ff":233,"8819ac24":233,"dbbf7f69":233,"a8edfe84":233,"2ed19b1e":233,"959e16ea":233,"02f76c64":233,"5c6d1f33":233,"b4801cae":233,"c3c2fd05":233,"f8c97147":233,"c2526ff3":233,"cc386067":233,"a22ffd8f":233,"3cd28a4d":233,"44a12c31":233,"45a961ca":233,"5ca978fd":233,"668e601b":233,"7552d86c":233,"02ebf3b6":233,"bb17a968":233,"4abcb85d":233,"cba26072":233,"2a718dcc":233,"c6a9a8e1":233,"dfe4a061":233,"c2bf7d51":233,"781afef6":233,"de9229a0":233,"99a5feef":233,"f6266388":233,"e64fd39c":233,"e1b3ce36":233,"625fa164":233,"0c6ae551":233,"e8f4c1dd":233,"cede8b8c":233,"ad95ff4a":233,"893a99c5":233,"d8bf32b5":233,"0eb42efe":233,"03c4ab87":233,"4e3d3af7":233,"3a4803a8":233,"f7a7de5d":233,"d4e56c3e":233,"0c045c2d":233,"8efd4801":233,"7eb8f268":233,"20236d3e":233,"36ae8cd8":233,"3ddd5391":233,"07f69c6d":233,"2254f0f5":233,"ea282e84":233,"6653c83b":233,"c896052c":233,"287ecd1c":233,"88854fd0":233,"8dc27d2a":233,"41d7f05d":233,"2b851827":233,"9f428a03":233,"4d504d96":233,"0533ece1":233,"bcee2ef3":233,"0afba00c":233,"04ff8100":233,"6c00d8d6":233,"ac9a02bc":233,"acfe69ed":233,"426603ff":233,"2db2f252":233,"2e84193b":233,"c55683c9":233,"51233daf":233,"02791635":233,"be081247":233,"5cc47d1b":233,"678b846f":233,"b4bd39d8":233,"b4cdbe5d":233,"fa0386f3":233,"b95d0f17":233,"cee9c347":233,"f9376d3e":233,"07a94e8c":233,"bb017b49":233,"37b52fe4":233,"61ad1519":233,"819c4185":233,"ba69b06b":233,"7d2a2cb4":233,"4f62491c":233,"70b4c438":233,"71ed93db":233,"c92efaa8":233,"c241ac7e":233,"62a45672":233,"210e507a":233,"ac6e268b":233,"742238e8":233,"7800e7ce":234,"77869ff0":234,"4b8f7b16":234,"89f75690":234,"cb363e2f":234,"cd802f02":234,"d3cca7eb":234,"e866a899":234,"5690e712":234,"0b92d2a9":234,"070bed95":234,"67e5d108":234,"3d37b94b":234,"842c97c2":234,"c4cef92b":234,"0eecdc5b":234,"b7e495ea":234,"45ec63c0":234,"0ddfde2c":234,"a8b41774":234,"81f0da2d":234,"1fcc8ba4":234,"75a9c117":234,"12ba54ec":234,"be391c1a":234,"37d8a5b7":234,"d5ab81c4":234,"2ecde685":234,"f0bd52d3":234,"dcc20f76":234,"666a8ef0":234,"c5b609f1":234,"4dc5849a":234,"d605c755":234,"8a8c1d67":234,"cc6b3306":234,"8c2dfd9a":234,"f11267b9":234,"a483b15e":234,"f80ab49d":234,"95eaed39":234,"a5ba0ebb":234,"f53362a9":234,"1901ef7e":234,"960c2e6b":234,"3515e999":234,"d11f8f1b":234,"9d9eb027":234,"325f9a29":234,"503aafe5":234,"d5d94481":234,"ffe48500":234,"c7a45a33":234,"faffe099":234,"e99490cd":234,"3b830769":234,"583f0305":234,"1557c50a":234,"249e80ab":234,"f52a3d94":234,"eb74d3dd":234,"3bcbc28d":234,"3c0455e7":234,"df203c79":234,"df1e1ac0":234,"491708eb":234,"e421caaa":234,"2d2ecf27":234,"d38a4953":234,"eba5efdd":234,"a5463f93":234,"c85ac4f8":234,"bc253f4f":234,"0d9d2bf8":234,"846b7f11":234,"d3411467":234,"1df0ce7f":234,"a08171d0":234,"c8bc5677":234,"dfca0518":234,"b9a21017":234,"e47705d3":234,"3cae4115":234,"0ccf4731":234,"c7c6782d":234,"54346574":234,"b12cbf87":234,"81942d9b":234,"699b90c1":234,"d9b5a7a8":234,"1e7914d2":234,"e5d8fdb2":234,"3412ab75":234,"bcac5daf":234,"62d028cc":234,"0af2cf39":234,"27491297":234,"d041ea86":234,"1eda11b2":234,"fc442678":234,"080d5d42":234,"5d03f5dc":234,"f0a01341":234,"1ee4d9f9":234,"0d6e45e7":234,"0da97151":234,"e829038c":234,"4987cfb5":234,"ba90687c":234,"77f2cf92":234,"037e2be4":234,"9e7dbd20":234,"0c086273":234,"ac13c3b0":234,"b4d9c57f":234,"5d53c964":234,"8ee9cc91":234,"4cc0af91":234,"55f6a2ba":234,"9559ea96":234,"9cb044bf":234,"16b25add":234,"80ee333e":234,"3b329af2":234,"1cd662bf":234,"72992b35":234,"47589344":234,"593b1533":234,"e9f6e5ce":234,"ed6bead5":234,"96f594b9":234,"94dfcfc5":234,"8301986e":234,"830ecfec":234,"18c73816":234,"e491161e":234,"b5087677":234,"16f60bed":234,"cb0c3481":234,"7664512c":234,"df9a53b8":234,"f6c27b2b":234,"945f6c24":234,"f1daea7e":234,"b8fb90e3":234,"56227e35":234,"0d6bf22a":234,"b87321d0":234,"43205b5d":234,"8982905a":234,"f6fe1ad7":234,"230064fa":234,"764e0abb":234,"bba6d88e":234,"ea3479ec":234,"32266fa3":234,"50b090c3":234,"8be24763":234,"eb4800b2":234,"6e0ce9dc":234,"87d9bec4":234,"e30dfa0c":234,"6da34174":234,"bfb849fa":234,"0a10b423":234,"9ef7cee7":234,"49f1a0d1":234,"5f04aa76":234,"a8bae791":234,"312009ee":234,"c98759fd":234,"e8b6d676":234,"45ee5840":234,"76f04033":234,"43480b19":234,"fd955858":234,"69798d15":234,"efea71fa":234,"fb3aa867":234,"c9cf710b":234,"fcacdeb3":234,"0ea055ed":234,"e3b1bdf8":234,"644b45fb":234,"ba297382":234,"0287db2a":234,"96abe4a9":234,"753b10b1":234,"cf14bd99":234,"782022f4":234,"322e833f":234,"ab3619e4":234,"106006ad":234,"c8237be9":234,"1416e8f5":234,"dde2eed5":234,"a208caa8":234,"16605353":234,"77b39e15":234,"f1726edb":234,"92b72493":234,"d3e58903":234,"4481c4be":234,"7954891b":234,"4afd60a9":234,"d44c0ea3":234,"68f87858":234,"533bac6b":234,"41634dba":234,"43fd1327":234,"113e7f4b":234,"8cce569a":234,"ce6401b6":234,"6f57824c":234,"28bd7aa1":234,"1d52fb0d":234,"cde0d748":234,"535ed444":234,"710f0d0e":234,"0905f1fb":234,"a20e529c":234,"1ae76fcc":234,"35b161d3":234,"344cd1a3":234,"77ea1236":234,"96d2a118":234,"23a0e41f":234,"b32a1080":234,"a2c4b591":234,"6dfa57be":234,"1854ce44":234,"f92b22f1":234,"ece12664":234,"36f4ecde":234,"568a0d58":234,"5fd569d2":234,"10c8fd03":234,"bd4ccb49":234,"e773d697":234,"7e8c11e7":234,"077eb15a":234,"5337c279":234,"8d256cb6":234,"7021c619":234,"32ae00db":234,"bf2defb2":234,"bc733a28":234,"30d32d34":234,"886c16d3":234,"e8d09b62":234,"1ad7c45b":234,"5566c17c":234,"86a22252":234,"0000dece":234,"ce5efdbe":234,"58ace2b5":234,"d379fd96":234,"7b819458":234,"7f8024cd":234,"ae562513":234,"7b66dacd":234,"9ab137d7":234,"7191d1cd":234,"005354dd":234,"590ce3d3":234,"1802d7ce":234,"0a49914b":234,"5d3f5cad":234,"cf347cba":234,"fc0c23f7":234,"641f9b9e":234,"c92edec5":234,"9f03c1e7":234,"06c24a8d":234,"2f35e75f":234,"3eddf7c8":234,"77970f8b":234,"efd594d5":234,"4718294d":234,"5352cf45":234,"e0ffe8ff":234,"ae14d6b5":234,"721f5f42":234,"0b50bca6":234,"bf2ca266":234,"5d8d9641":234,"0de67c6c":234,"2311399f":234,"5e3ebf5e":234,"9f6ca218":234,"6213799d":234,"44cb1fd2":234,"baf19c25":234,"24a79a6e":234,"edde30af":234,"4d949e11":234,"df12f689":234,"1da10cbf":234,"832c48e4":234,"dc90a44c":234,"5b09e53e":234,"da5bb0f7":234,"6d925c84":234,"50b23ab2":234,"edfa56d4":234,"899c16eb":234,"41c76041":234,"6bb1fa99":234,"d73ff72e":234,"61c0ca91":234,"d2fda7be":234,"ce20ca3c":234,"1d2d958b":234,"81fb6a01":234,"7f5b27c8":234,"fb3444d9":234,"f05de640":234,"86a68967":234,"56cd4dca":234,"7f469f4c":234,"f92dedfc":234,"355d1489":234,"f96fc1af":234,"06713bac":234,"61aca924":234,"d97fb857":234,"59ff5ec6":234,"ef04e64e":234,"6e2d04de":234,"2fca1798":234,"05028839":234,"5488826c":234,"84fff5c1":234,"c649992d":234,"d5ad3ed6":234,"8e5f7187":234,"55ba7579":234,"b7769ca6":234,"9c27de51":234,"38a75b48":234,"1792bfa3":234,"426f1904":234,"7c0f1ca9":234,"b2f820ac":234,"25d4f65d":234,"eddb6a2a":234,"ff8a00aa":234,"c146560b":234,"985068e7":234,"d543ba6f":234,"f1e86522":234,"fa03f48f":234,"5298dafa":234,"25f7f918":234,"c5311ebb":234,"105bb3f6":234,"58de5462":234,"f01c896d":234,"1f2670d0":234,"962c9c8f":234,"aec0bf28":234,"a017a323":234,"8801c469":234,"8b503f7b":234,"87a8523c":234,"c416baa6":234,"ae350a07":234,"680a32a6":234,"83ba647d":234,"cb0bd6b7":234,"8e426e39":234,"51909df8":234,"e22b0973":234,"23646ff9":234,"3abb827b":234,"0c73c293":234,"88929b06":234,"08c4692e":234,"5b2479ef":234,"1d882c36":234,"eb62e8f2":234,"3b3569f6":234,"b01ab62a":234,"76da16fa":234,"bffee581":234,"07150038":234,"080fa362":234,"7b6945ad":234,"a40d08e1":234,"cec79bc2":234,"d2eff358":234,"e70aebb5":234,"a488b2f1":234,"4caa87d6":234,"f7076e21":234,"69e653b6":234,"98d2991b":234,"3b411d6a":234,"83826ef3":234,"595609d5":234,"b47f1b89":234,"8e6caf71":234,"9a3433b8":234,"b89112cb":234,"66736d5e":234,"30de89a7":234,"06aaa33f":234,"320c65bf":234,"1fa1e7c2":234,"646af2b9":234,"659389ad":234,"240c8679":234,"0718c3be":234,"272e7d0d":234,"f92596ee":234,"68831ea9":234,"9713d076":234,"fd098272":234,"6ee788a7":234,"8249641d":234,"45b0968f":234,"6a9bb182":234,"1f1afd4f":234,"25fb8826":234,"0dc5da58":234,"2874a625":234,"e61ae828":234,"f7ac3883":234,"ccd01528":234,"dab8cf68":234,"00f2a9cb":234,"916fe082":234,"b64dba8e":234,"c3bb30ce":234,"86219c70":234,"601990d8":234,"5c662c19":234,"d2a5d2fd":234,"89d220c2":234,"3e10c9cb":234,"5500a3e8":234,"3c0e87ac":234,"a891461f":234,"a246cdab":234,"117c7f0b":234,"0d21cf99":234,"14e6fe14":234,"37ec5e73":234,"bfff7913":234,"f8636899":234,"b6281f1a":234,"48c6df81":234,"5e165f43":234,"f8785b71":234,"ab4a411a":234,"d7a4b24c":234,"686d5c0b":234,"f15eb1c5":234,"71789493":234,"5ac72353":234,"d1b14d06":234,"f6c074a7":234,"ffd6849d":234,"962fca02":234,"75968179":234,"808bc372":234,"c792a7c1":234,"bc8bdc23":234,"5a7da061":234,"a71f3f70":234,"06a94514":234,"1f7aa83c":234,"73c420df":234,"732d62ee":234,"d4b0751c":234,"0700da70":234,"ff591765":234,"5b01444b":234,"93f12198":234,"79995b62":234,"97160db8":234,"62e270e5":234,"589f0d6e":234,"66b1b6d7":234,"51b4016a":234,"b062adc4":234,"4aae5133":234,"46bf9112":234,"092ad3d6":234,"63a3af32":234,"3fec4b0b":234,"bf940089":234,"01f34f98":234,"faa3de3e":234,"44983d13":234,"1670b0d3":234,"80999122":234,"ec97d63e":234,"94208a41":234,"72af9198":234,"37724339":234,"e39e9552":234,"2cbcad17":234,"81c1b70d":234,"4dccb5ca":234,"e72f0f82":234,"83268abf":234,"578c4c95":234,"88374b72":234,"fdfaf1ed":234,"c606b472":234,"ea981bed":234,"5e197575":234,"e587c4d0":234,"525b2635":234,"caa38a45":234,"a9987a58":234,"b6b8e5c7":234,"e82177d3":234,"89914b94":234,"04bdf5e1":234,"da8b42be":234,"3b0576bf":234,"9458934f":234,"1dcc489c":234,"945badf3":234,"1327775b":234,"bdd40125":234,"75fd47f7":234,"1c52a07e":234,"e70ccc25":234,"afd1494f":234,"ca6bffd3":234,"829c44a4":234,"e76e2617":234,"d45d9727":234,"ee5ff2a3":234,"44322dfd":234,"295e4d1d":234,"8cf6570a":234,"403064a0":234,"312af46e":234,"b5a9f8c3":234,"fcbc0ae8":234,"2ff6b6a8":234,"66a71cc1":234,"bf4b58e4":234,"2b4fd52e":234,"57162572":234,"d1d50cfe":234,"9666b973":234,"653b27c7":234,"83b37fd6":234,"4d852788":234,"e43a9448":234,"3542b748":234,"379c53ab":234,"e396d80d":234,"7da61f27":234,"dc874a97":234,"85a220de":234,"40a7cdd2":234,"ac033c7b":234,"87759976":234,"4df3f62e":234,"c881a53e":234,"80c1c8b1":234,"cf52acd8":234,"a63cb4ce":234,"d3b3492b":234,"7580cfa4":234,"22a96386":234,"5c672b50":234,"5df16440":234,"b666e56d":234,"8db378ff":234,"784d6375":234,"4541bf85":234,"a6b13f20":234,"2459c882":234,"3df97186":234,"ef0490de":234,"e0f47ced":234,"309bbf54":234,"cc537772":234,"6618390c":234,"99cc0813":234,"dc32c4e1":234,"239c636e":234,"6ee160ff":234,"c55d40ca":234,"22c177a8":234,"00ae883f":234,"f416ee62":234,"0d2b182d":234,"320754c3":234,"232b2f64":234,"3171b6e7":234,"3b25460f":234,"d2064756":234,"f7ffcbb8":234,"5728f934":234,"00b26865":234,"c333337d":234,"815c56bc":234,"5bd61a68":234,"8582c5cf":234,"0c353665":234,"231e8700":234,"1f9fbd85":234,"43f24679":234,"a1c0dfc4":234,"78f71162":234,"4b27a9a4":234,"163f4d19":234,"1d043d5a":234,"b2f82e06":234,"5b0b43e6":234,"b5474d69":234,"5a938eeb":234,"4fe0dedf":234,"951fc6d0":234,"61892a4c":234,"f096219e":234,"a3f0a6ec":234,"01051f84":234,"aa7e370d":234,"f995eeab":234,"4006e709":234,"0dedf63e":234,"a9d5374b":234,"4321f02d":234,"089b3f8f":234,"7698d0dc":234,"784414ce":234,"2df3efdb":234,"d0f1b7bd":234,"e7799883":234,"4f9456cf":234,"6e260ee8":234,"f4f84279":234,"b0950de5":234,"6f873999":234,"1f4e0e22":234,"60d69311":234,"3b09f1de":234,"b371f44a":234,"8b6180ff":234,"8819ac24":234,"dbbf7f69":234,"a8edfe84":234,"2ed19b1e":234,"959e16ea":234,"02f76c64":234,"5c6d1f33":234,"b4801cae":234,"c3c2fd05":234,"f8c97147":234,"c2526ff3":234,"cc386067":234,"a22ffd8f":234,"3cd28a4d":234,"44a12c31":234,"45a961ca":234,"5ca978fd":234,"668e601b":234,"7552d86c":234,"02ebf3b6":234,"bb17a968":234,"4abcb85d":234,"dfe4a061":234,"c2bf7d51":234,"781afef6":234,"de9229a0":234,"99a5feef":234,"f6266388":234,"e64fd39c":234,"e1b3ce36":234,"625fa164":234,"0c6ae551":234,"e8f4c1dd":234,"cede8b8c":234,"ad95ff4a":234,"893a99c5":234,"d8bf32b5":234,"0eb42efe":234,"03c4ab87":234,"4e3d3af7":234,"3a4803a8":234,"f7a7de5d":234,"d4e56c3e":234,"0c045c2d":234,"cba26072":234,"2a718dcc":234,"c6a9a8e1":234,"88854fd0":234,"8dc27d2a":234,"41d7f05d":234,"2b851827":234,"9f428a03":234,"4d504d96":234,"0533ece1":234,"bcee2ef3":234,"0afba00c":234,"04ff8100":234,"6c00d8d6":234,"ac9a02bc":234,"acfe69ed":234,"426603ff":234,"2db2f252":234,"2e84193b":234,"c55683c9":234,"51233daf":234,"02791635":234,"be081247":234,"5cc47d1b":234,"678b846f":234,"b4bd39d8":234,"b4cdbe5d":234,"fa0386f3":234,"b95d0f17":234,"cee9c347":234,"8efd4801":234,"7eb8f268":234,"20236d3e":234,"36ae8cd8":234,"3ddd5391":234,"07f69c6d":234,"2254f0f5":234,"ea282e84":234,"6653c83b":234,"c896052c":234,"287ecd1c":234,"f9376d3e":234,"07a94e8c":234,"bb017b49":234,"37b52fe4":234,"61ad1519":234,"819c4185":234,"ba69b06b":234,"7d2a2cb4":234,"4f62491c":234,"70b4c438":234,"71ed93db":234,"c92efaa8":234,"c241ac7e":234,"62a45672":234,"210e507a":234,"ac6e268b":234,"742238e8":234
1601327363251,"7800e7ce":235,"77869ff0":235,"4b8f7b16":235,"89f75690":235,"cb363e2f":235,"cd802f02":235,"d3cca7eb":235,"e866a899":235,"5690e712":235,"0b92d2a9":235,"070bed95":235,"67e5d108":235,"d5d94481":235,"ffe48500":235,"c7a45a33":235,"faffe099":235,"e99490cd":235,"3b830769":235,"583f0305":235,"1557c50a":235,"249e80ab":235,"f52a3d94":235,"eb74d3dd":235,"3bcbc28d":235,"3c0455e7":235,"df203c79":235,"df1e1ac0":235,"491708eb":235,"e421caaa":235,"2d2ecf27":235,"d38a4953":235,"eba5efdd":235,"a5463f93":235,"c85ac4f8":235,"bc253f4f":235,"0d9d2bf8":235,"846b7f11":235,"d3411467":235,"1df0ce7f":235,"a08171d0":235,"c8bc5677":235,"dfca0518":235,"b9a21017":235,"e47705d3":235,"3cae4115":235,"0ccf4731":235,"c7c6782d":235,"54346574":235,"b12cbf87":235,"81942d9b":235,"699b90c1":235,"d9b5a7a8":235,"3d37b94b":235,"842c97c2":235,"c4cef92b":235,"0eecdc5b":235,"b7e495ea":235,"45ec63c0":235,"0ddfde2c":235,"a8b41774":235,"81f0da2d":235,"1fcc8ba4":235,"75a9c117":235,"12ba54ec":235,"be391c1a":235,"37d8a5b7":235,"d5ab81c4":235,"2ecde685":235,"f0bd52d3":235,"dcc20f76":235,"666a8ef0":235,"c5b609f1":235,"4dc5849a":235,"d605c755":235,"8a8c1d67":235,"cc6b3306":235,"8c2dfd9a":235,"f11267b9":235,"a483b15e":235,"f80ab49d":235,"95eaed39":235,"a5ba0ebb":235,"f53362a9":235,"1901ef7e":235,"960c2e6b":235,"1e7914d2":235,"e5d8fdb2":235,"3412ab75":235,"bcac5daf":235,"62d028cc":235,"0af2cf39":235,"27491297":235,"d041ea86":235,"1eda11b2":235,"fc442678":235,"3515e999":235,"d11f8f1b":235,"9d9eb027":235,"325f9a29":235,"503aafe5":235,"080d5d42":235,"5d03f5dc":235,"f0a01341":235,"1ee4d9f9":235,"0d6e45e7":235,"0da97151":235,"e829038c":235,"4987cfb5":235,"ba90687c":235,"77f2cf92":235,"037e2be4":235,"9e7dbd20":235,"0c086273":235,"ac13c3b0":235,"b4d9c57f":235,"5d53c964":235,"8ee9cc91":235,"4cc0af91":235,"55f6a2ba":235,"9559ea96":235,"9cb044bf":235,"16b25add":235,"80ee333e":235,"3b329af2":235,"1cd662bf":235,"72992b35":235,"47589344":235,"593b1533":235,"e9f6e5ce":235,"ed6bead5":235,"96f594b9":235,"94dfcfc5":235,"8301986e":235,"830ecfec":235,"a8bae791":235,"312009ee":235,"c98759fd":235,"e8b6d676":235,"45ee5840":235,"76f04033":235,"43480b19":235,"fd955858":235,"69798d15":235,"efea71fa":235,"fb3aa867":235,"c9cf710b":235,"fcacdeb3":235,"0ea055ed":235,"e3b1bdf8":235,"644b45fb":235,"18c73816":235,"e491161e":235,"b5087677":235,"16f60bed":235,"cb0c3481":235,"7664512c":235,"df9a53b8":235,"f6c27b2b":235,"945f6c24":235,"f1daea7e":235,"b8fb90e3":235,"56227e35":235,"0d6bf22a":235,"b87321d0":235,"43205b5d":235,"8982905a":235,"f6fe1ad7":235,"230064fa":235,"764e0abb":235,"bba6d88e":235,"ea3479ec":235,"32266fa3":235,"50b090c3":235,"8be24763":235,"eb4800b2":235,"6e0ce9dc":235,"87d9bec4":235,"e30dfa0c":235,"6da34174":235,"bfb849fa":235,"0a10b423":235,"9ef7cee7":235,"49f1a0d1":235,"5f04aa76":235,"ba297382":235,"0287db2a":235,"96abe4a9":235,"753b10b1":235,"cf14bd99":235,"782022f4":235,"322e833f":235,"ab3619e4":235,"106006ad":235,"c8237be9":235,"1416e8f5":235,"dde2eed5":235,"a208caa8":235,"16605353":235,"77b39e15":235,"f1726edb":235
1601327363933,"92b72493":235,"d3e58903":235,"4481c4be":235,"7954891b":235,"4afd60a9":235,"d44c0ea3":235,"68f87858":235,"533bac6b":235,"41634dba":235,"43fd1327":235,"113e7f4b":235,"8cce569a":235,"ce6401b6":235,"6f57824c":235,"28bd7aa1":235,"1d52fb0d":235,"cde0d748":235,"535ed444":235,"710f0d0e":235,"0905f1fb":235,"a20e529c":235,"1ae76fcc":235,"35b161d3":235,"344cd1a3":235,"77ea1236":235,"96d2a118":235,"23a0e41f":235,"b32a1080":235,"a2c4b591":235,"6dfa57be":235,"1854ce44":235,"f92b22f1":235,"ece12664":235,"36f4ecde":235,"568a0d58":235,"5fd569d2":235,"10c8fd03":235,"bd4ccb49":235,"e773d697":235,"7e8c11e7":235,"077eb15a":235,"5337c279":235,"8d256cb6":235,"7021c619":235,"32ae00db":235,"bf2defb2":235,"bc733a28":235,"30d32d34":235,"886c16d3":235,"e8d09b62":235,"590ce3d3":235,"1802d7ce":235,"0a49914b":235,"5d3f5cad":235,"cf347cba":235,"fc0c23f7":235,"641f9b9e":235,"c92edec5":235,"9f03c1e7":235,"06c24a8d":235,"2f35e75f":235,"3eddf7c8":235,"77970f8b":235,"efd594d5":235,"4718294d":235,"5352cf45":235,"e0ffe8ff":235,"ae14d6b5":235,"721f5f42":235,"0b50bca6":235,"bf2ca266":235,"5d8d9641":235,"0de67c6c":235,"2311399f":235,"5e3ebf5e":235,"9f6ca218":235,"6213799d":235,"44cb1fd2":235,"baf19c25":235,"24a79a6e":235,"edde30af":235,"4d949e11":235,"df12f689":235,"1da10cbf":235,"832c48e4":235,"dc90a44c":235,"1ad7c45b":235,"5566c17c":235,"86a22252":235,"0000dece":235,"ce5efdbe":235,"58ace2b5":235,"d379fd96":235,"7b819458":235,"7f8024cd":235,"ae562513":235,"7b66dacd":235,"9ab137d7":235,"7191d1cd":235,"005354dd":235,"5b09e53e":235,"da5bb0f7":235,"6d925c84":235,"50b23ab2":235,"edfa56d4":235,"899c16eb":235,"41c76041":235,"6bb1fa99":235,"d73ff72e":235,"61c0ca91":235,"d2fda7be":235,"ce20ca3c":235,"1d2d958b":235,"81fb6a01":235,"7f5b27c8":235,"fb3444d9":235,"f05de640":235,"86a68967":235,"56cd4dca":235,"7f469f4c":235,"f92dedfc":235,"355d1489":235,"f96fc1af":235,"06713bac":235,"61aca924":235,"d97fb857":235,"59ff5ec6":235,"ef04e64e":235,"6e2d04de":235,"2fca1798":235,"05028839":235,"5488826c":235,"84fff5c1":235,"c649992d":235,"d5ad3ed6":235,"8e5f7187":235,"55ba7579":235,"b7769ca6":235,"9c27de51":235,"38a75b48":235,"1792bfa3":235,"426f1904":235,"7c0f1ca9":235,"b2f820ac":235,"25d4f65d":235,"eddb6a2a":235,"ff8a00aa":235,"c146560b":235,"985068e7":235,"d543ba6f":235,"3b3569f6":235,"b01ab62a":235,"76da16fa":235,"bffee581":235,"07150038":235,"080fa362":235,"7b6945ad":235,"a40d08e1":235,"cec79bc2":235,"d2eff358":235,"e70aebb5":235,"a488b2f1":235,"4caa87d6":235,"f7076e21":235,"69e653b6":235,"98d2991b":235,"3b411d6a":235,"83826ef3":235,"595609d5":235,"b47f1b89":235,"8e6caf71":235,"9a3433b8":235,"b89112cb":235,"66736d5e":235,"30de89a7":235,"06aaa33f":235,"320c65bf":235,"1fa1e7c2":235,"646af2b9":235,"659389ad":235,"240c8679":235,"0718c3be":235,"8b503f7b":235,"87a8523c":235,"c416baa6":235,"ae350a07":235,"680a32a6":235,"83ba647d":235,"cb0bd6b7":235,"8e426e39":235,"51909df8":235,"e22b0973":235,"23646ff9":235,"3abb827b":235,"0c73c293":235,"88929b06":235,"08c4692e":235,"5b2479ef":235,"1d882c36":235,"eb62e8f2":235,"f1e86522":235,"fa03f48f":235,"5298dafa":235,"25f7f918":235,"c5311ebb":235,"105bb3f6":235,"58de5462":235,"f01c896d":235,"1f2670d0":235,"962c9c8f":235,"aec0bf28":235,"a017a323":235,"8801c469":235,"b6281f1a":235,"48c6df81":235,"272e7d0d":235,"f92596ee":235,"68831ea9":235,"9713d076":235,"fd098272":235,"6ee788a7":235,"8249641d":235,"45b0968f":235,"6a9bb182":235,"5e165f43":235,"f8785b71":235,"ab4a411a":235,"d7a4b24c":235,"686d5c0b":235,"f15eb1c5":235,"71789493":235,"5ac72353":235,"d1b14d06":235,"f6c074a7":235,"ffd6849d":235,"962fca02":235,"75968179":235,"bc8bdc23":235,"a71f3f70":235,"1f7aa83c":235,"732d62ee":235,"d4b0751c":235,"5b01444b":235,"79995b62":235,"97160db8":235,"589f0d6e":235,"51b4016a":235,"46bf9112":235,"092ad3d6":235,"808bc372":235,"bf940089":235,"c792a7c1":235,"01f34f98":235,"1670b0d3":235,"5a7da061":235,"06a94514":235,"ec97d63e":235,"94208a41":235,"73c420df":235,"0700da70":235,"2cbcad17":235,"ff591765":235,"4dccb5ca":235,"83268abf":235,"93f12198":235,"1f1afd4f":235,"25fb8826":235,"0dc5da58":235,"2874a625":235,"e61ae828":235,"f7ac3883":235,"ccd01528":235,"dab8cf68":235,"00f2a9cb":235,"916fe082":235,"b64dba8e":235,"c3bb30ce":235,"86219c70":235,"601990d8":235,"5c662c19":235,"d2a5d2fd":235,"89d220c2":235,"3e10c9cb":235,"5500a3e8":235,"3c0e87ac":235,"a891461f":235,"a246cdab":235,"117c7f0b":235,"0d21cf99":235,"14e6fe14":235,"37ec5e73":235,"bfff7913":235,"f8636899":235,"37724339":235,"d45d9727":235,"ee5ff2a3":235,"44322dfd":235,"295e4d1d":235,"578c4c95":235,"62e270e5":235,"66b1b6d7":235,"c606b472":235,"b062adc4":235,"4aae5133":235,"63a3af32":235,"3fec4b0b":235,"faa3de3e":235,"44983d13":235,"80999122":235,"72af9198":235,"e39e9552":235,"81c1b70d":235,"e72f0f82":235,"88374b72":235,"fdfaf1ed":235,"ea981bed":235,"5e197575":235,"e587c4d0":235,"525b2635":235,"caa38a45":235,"a9987a58":235,"b6b8e5c7":235,"e82177d3":235,"89914b94":235,"04bdf5e1":235,"da8b42be":235,"3b0576bf":235,"9458934f":235,"1dcc489c":235,"945badf3":235,"1327775b":235,"bdd40125":235,"75fd47f7":235,"1c52a07e":235,"e70ccc25":235,"afd1494f":235,"ca6bffd3":235,"8cf6570a":235,"403064a0":235,"312af46e":235,"b5a9f8c3":235,"fcbc0ae8":235,"2ff6b6a8":235,"66a71cc1":235,"bf4b58e4":235,"829c44a4":235,"e76e2617":235,"2b4fd52e":235,"57162572":235,"d1d50cfe":235,"9666b973":235,"653b27c7":235,"83b37fd6":235,"4d852788":235,"e43a9448":235,"3542b748":235,"379c53ab":235,"e396d80d":235,"7da61f27":235,"dc874a97":235,"85a220de":235,"40a7cdd2":235,"ac033c7b":235,"87759976":235,"4df3f62e":235,"c881a53e":235,"80c1c8b1":235,"cf52acd8":235,"a63cb4ce":235,"d3b3492b":235,"7580cfa4":235,"22a96386":235,"5c672b50":235,"5df16440":235,"b666e56d":235,"8db378ff":235,"784d6375":235,"4541bf85":235,"a6b13f20":235,"2459c882":235,"3df97186":235,"ef0490de":235,"e0f47ced":235,"309bbf54":235,"cc537772":235,"6618390c":235,"99cc0813":235,"dc32c4e1":235,"239c636e":235,"6ee160ff":235,"c55d40ca":235,"22c177a8":235,"00ae883f":235,"f416ee62":235,"0d2b182d":235,"320754c3":235,"232b2f64":235,"3171b6e7":235,"3b25460f":235,"d2064756":235,"f7ffcbb8":235,"5728f934":235,"00b26865":235,"c333337d":235,"815c56bc":235,"5bd61a68":235,"8582c5cf":235,"0c353665":235,"231e8700":235,"1f9fbd85":235,"43f24679":235,"a1c0dfc4":235,"78f71162":235,"4b27a9a4":235,"163f4d19":235,"1d043d5a":235,"b2f82e06":235,"5b0b43e6":235,"b5474d69":235,"5a938eeb":235,"4fe0dedf":235,"951fc6d0":235,"61892a4c":235,"f096219e":235,"a3f0a6ec":235,"01051f84":235,"aa7e370d":235,"f995eeab":235,"4006e709":235,"0dedf63e":235,"a9d5374b":235,"4321f02d":235,"089b3f8f":235,"7698d0dc":235,"784414ce":235,"2df3efdb":235,"d0f1b7bd":235,"e7799883":235,"4f9456cf":235,"6e260ee8":235,"f4f84279":235,"b0950de5":235,"6f873999":235,"1f4e0e22":235,"60d69311":235,"3b09f1de":235,"b371f44a":235,"8b6180ff":235,"8819ac24":235,"dbbf7f69":235,"a8edfe84":235,"2ed19b1e":235,"959e16ea":235,"02f76c64":235,"5c6d1f33":235,"b4801cae":235,"c3c2fd05":235,"f8c97147":235,"c2526ff3":235
1601327364488,"cc386067":235,"a22ffd8f":235,"3cd28a4d":235,"44a12c31":235,"45a961ca":235,"5ca978fd":235,"668e601b":235,"7552d86c":235,"02ebf3b6":235,"bb17a968":235,"4abcb85d":235,"cba26072":235,"2a718dcc":235,"c6a9a8e1":235,"88854fd0":235,"8dc27d2a":235,"41d7f05d":235,"2b851827":235,"9f428a03":235,"4d504d96":235,"0533ece1":235,"bcee2ef3":235,"0afba00c":235,"04ff8100":235,"6c00d8d6":235,"ac9a02bc":235,"acfe69ed":235,"426603ff":235,"2db2f252":235,"2e84193b":235,"c55683c9":235,"51233daf":235,"02791635":235,"dfe4a061":235,"c2bf7d51":235,"781afef6":235,"de9229a0":235,"99a5feef":235,"f6266388":235,"e64fd39c":235,"e1b3ce36":235,"625fa164":235,"0c6ae551":235,"e8f4c1dd":235,"cede8b8c":235,"ad95ff4a":235,"893a99c5":235,"d8bf32b5":235,"0eb42efe":235,"03c4ab87":235,"4e3d3af7":235,"3a4803a8":235,"f7a7de5d":235,"d4e56c3e":235,"0c045c2d":235,"8efd4801":235,"7eb8f268":235,"20236d3e":235,"36ae8cd8":235,"3ddd5391":235,"07f69c6d":235,"2254f0f5":235,"ea282e84":235,"6653c83b":235,"c896052c":235,"be081247":235,"5cc47d1b":235,"678b846f":235,"b4bd39d8":235,"b4cdbe5d":235,"fa0386f3":235,"b95d0f17":235,"cee9c347":235,"287ecd1c":235,"f9376d3e":235,"07a94e8c":235,"bb017b49":235,"37b52fe4":235,"61ad1519":235,"819c4185":235,"ba69b06b":235,"7d2a2cb4":235,"4f62491c":235,"70b4c438":235,"71ed93db":235,"c92efaa8":235,"c241ac7e":235,"62a45672":235,"210e507a":235,"ac6e268b":235,"742238e8":235,"7800e7ce":236,"77869ff0":236,"4b8f7b16":236,"89f75690":236,"cb363e2f":236,"cd802f02":236,"d3cca7eb":236,"e866a899":236,"5690e712":236,"0b92d2a9":236,"070bed95":236,"67e5d108":236,"3d37b94b":236,"842c97c2":236,"c4cef92b":236,"0eecdc5b":236,"b7e495ea":236,"45ec63c0":236,"0ddfde2c":236,"a8b41774":236,"81f0da2d":236,"d5d94481":236,"ffe48500":236,"c7a45a33":236,"faffe099":236,"e99490cd":236,"3b830769":236,"583f0305":236,"1557c50a":236,"249e80ab":236,"f52a3d94":236,"eb74d3dd":236,"3bcbc28d":236,"3c0455e7":236,"df203c79":236,"df1e1ac0":236,"491708eb":236,"e421caaa":236,"2d2ecf27":236,"d38a4953":236,"eba5efdd":236,"a5463f93":236,"c85ac4f8":236,"bc253f4f":236,"0d9d2bf8":236,"846b7f11":236,"d3411467":236,"1df0ce7f":236,"a08171d0":236,"c8bc5677":236,"dfca0518":236,"b9a21017":236,"e47705d3":236,"3cae4115":236,"0ccf4731":236,"c7c6782d":236,"54346574":236,"b12cbf87":236,"81942d9b":236,"699b90c1":236,"d9b5a7a8":236,"1e7914d2":236,"e5d8fdb2":236,"3412ab75":236,"bcac5daf":236,"62d028cc":236,"0af2cf39":236,"27491297":236,"d041ea86":236,"1eda11b2":236,"fc442678":236,"1fcc8ba4":236,"75a9c117":236,"12ba54ec":236,"be391c1a":236,"37d8a5b7":236,"d5ab81c4":236,"2ecde685":236,"f0bd52d3":236,"dcc20f76":236,"666a8ef0":236,"c5b609f1":236,"4dc5849a":236,"d605c755":236,"8a8c1d67":236,"cc6b3306":236,"8c2dfd9a":236,"f11267b9":236,"a483b15e":236,"f80ab49d":236,"95eaed39":236,"a5ba0ebb":236,"f53362a9":236,"1901ef7e":236,"960c2e6b":236,"3515e999":236,"d11f8f1b":236,"9d9eb027":236,"325f9a29":236,"503aafe5":236,"080d5d42":236,"5d03f5dc":236,"f0a01341":236,"1ee4d9f9":236,"0d6e45e7":236,"0da97151":236,"e829038c":236,"4987cfb5":236,"ba90687c":236,"77f2cf92":236,"037e2be4":236,"9e7dbd20":236,"0c086273":236,"ac13c3b0":236,"b4d9c57f":236,"5d53c964":236,"8ee9cc91":236,"4cc0af91":236,"55f6a2ba":236,"9559ea96":236,"9cb044bf":236,"16b25add":236,"80ee333e":236,"3b329af2":236,"1cd662bf":236,"72992b35":236,"47589344":236,"593b1533":236,"e9f6e5ce":236,"ed6bead5":236,"96f594b9":236,"94dfcfc5":236,"8301986e":236,"830ecfec":236,"a8bae791":236,"312009ee":236,"c98759fd":236,"e8b6d676":236,"45ee5840":236,"76f04033":236,"43480b19":236,"fd955858":236,"69798d15":236,"efea71fa":236,"fb3aa867":236,"c9cf710b":236,"fcacdeb3":236,"0ea055ed":236,"e3b1bdf8":236,"644b45fb":236
1601327365269,"18c73816":236,"e491161e":236,"b5087677":236,"16f60bed":236,"cb0c3481":236,"7664512c":236,"df9a53b8":236,"f6c27b2b":236,"945f6c24":236,"f1daea7e":236,"b8fb90e3":236,"56227e35":236,"0d6bf22a":236,"b87321d0":236,"43205b5d":236,"8982905a":236,"f6fe1ad7":236,"230064fa":236,"764e0abb":236,"bba6d88e":236,"ea3479ec":236,"32266fa3":236,"50b090c3":236,"8be24763":236,"eb4800b2":236,"6e0ce9dc":236,"87d9bec4":236,"e30dfa0c":236,"6da34174":236,"bfb849fa":236,"0a10b423":236,"9ef7cee7":236,"49f1a0d1":236,"5f04aa76":236,"ba297382":236,"0287db2a":236,"96abe4a9":236,"753b10b1":236,"cf14bd99":236,"782022f4":236,"322e833f":236,"ab3619e4":236,"106006ad":236,"c8237be9":236,"1416e8f5":236,"dde2eed5":236,"a208caa8":236,"16605353":236,"77b39e15":236,"f1726edb":236,"92b72493":236,"d3e58903":236,"4481c4be":236,"7954891b":236,"4afd60a9":236,"590ce3d3":236,"1802d7ce":236,"0a49914b":236,"5d3f5cad":236,"cf347cba":236,"fc0c23f7":236,"641f9b9e":236,"c92edec5":236,"9f03c1e7":236,"06c24a8d":236,"2f35e75f":236,"3eddf7c8":236,"77970f8b":236,"efd594d5":236,"d44c0ea3":236,"68f87858":236,"533bac6b":236,"41634dba":236,"43fd1327":236,"113e7f4b":236,"8cce569a":236,"ce6401b6":236,"6f57824c":236,"28bd7aa1":236,"1d52fb0d":236,"cde0d748":236,"535ed444":236,"710f0d0e":236,"0905f1fb":236,"a20e529c":236,"1ae76fcc":236,"35b161d3":236,"344cd1a3":236,"77ea1236":236,"96d2a118":236,"23a0e41f":236,"b32a1080":236,"a2c4b591":236,"6dfa57be":236,"1854ce44":236,"f92b22f1":236,"ece12664":236,"36f4ecde":236,"568a0d58":236,"5fd569d2":236,"10c8fd03":236,"bd4ccb49":236,"e773d697":236,"7e8c11e7":236,"077eb15a":236,"5337c279":236,"8d256cb6":236,"7021c619":236,"32ae00db":236,"bf2defb2":236,"bc733a28":236,"30d32d34":236,"886c16d3":236,"e8d09b62":236,"5b09e53e":236,"da5bb0f7":236,"6d925c84":236,"50b23ab2":236,"edfa56d4":236,"899c16eb":236,"41c76041":236,"6bb1fa99":236,"d73ff72e":236,"61c0ca91":236,"d2fda7be":236,"ce20ca3c":236,"1d2d958b":236,"81fb6a01":236,"7f5b27c8":236,"fb3444d9":236,"f05de640":236,"86a68967":236,"56cd4dca":236,"7f469f4c":236,"f92dedfc":236,"355d1489":236,"f96fc1af":236,"06713bac":236,"61aca924":236,"d97fb857":236,"59ff5ec6":236,"ef04e64e":236,"6e2d04de":236,"2fca1798":236,"05028839":236,"5488826c":236,"84fff5c1":236,"c649992d":236,"d5ad3ed6":236,"8e5f7187":236,"4718294d":236,"5352cf45":236,"e0ffe8ff":236,"ae14d6b5":236,"721f5f42":236,"0b50bca6":236,"bf2ca266":236,"5d8d9641":236,"0de67c6c":236,"2311399f":236,"5e3ebf5e":236,"9f6ca218":236,"6213799d":236,"44cb1fd2":236,"baf19c25":236,"24a79a6e":236,"edde30af":236,"4d949e11":236,"df12f689":236,"1da10cbf":236,"832c48e4":236,"dc90a44c":236,"1ad7c45b":236,"5566c17c":236,"86a22252":236,"0000dece":236,"ce5efdbe":236,"58ace2b5":236,"d379fd96":236,"7b819458":236,"7f8024cd":236,"ae562513":236,"7b66dacd":236,"9ab137d7":236,"7191d1cd":236,"005354dd":236,"3b3569f6":236,"b01ab62a":236,"76da16fa":236,"bffee581":236,"07150038":236,"080fa362":236,"7b6945ad":236,"a40d08e1":236,"cec79bc2":236,"d2eff358":236,"e70aebb5":236,"a488b2f1":236,"4caa87d6":236,"f7076e21":236,"69e653b6":236,"98d2991b":236,"3b411d6a":236,"83826ef3":236,"595609d5":236,"b47f1b89":236,"8e6caf71":236,"9a3433b8":236,"b89112cb":236,"66736d5e":236,"30de89a7":236,"55ba7579":236,"b7769ca6":236,"9c27de51":236,"38a75b48":236,"1792bfa3":236,"426f1904":236,"7c0f1ca9":236,"b2f820ac":236,"25d4f65d":236,"eddb6a2a":236,"ff8a00aa":236,"c146560b":236,"985068e7":236,"d543ba6f":236,"06aaa33f":236,"320c65bf":236,"1fa1e7c2":236,"646af2b9":236,"659389ad":236,"240c8679":236,"0718c3be":236,"8b503f7b":236,"87a8523c":236,"c416baa6":236,"ae350a07":236,"680a32a6":236,"83ba647d":236,"cb0bd6b7":236,"8e426e39":236,"51909df8":236,"e22b0973":236,"23646ff9":236,"3abb827b":236,"0c73c293":236,"88929b06":236,"08c4692e":236,"5b2479ef":236,"1d882c36":236,"eb62e8f2":236,"f1e86522":236,"fa03f48f":236,"5298dafa":236,"25f7f918":236,"c5311ebb":236,"105bb3f6":236,"58de5462":236,"f01c896d":236,"1f2670d0":236,"962c9c8f":236,"aec0bf28":236,"a017a323":236,"8801c469":236,"b6281f1a":236,"48c6df81":236,"5e165f43":236,"f8785b71":236,"ab4a411a":236,"d7a4b24c":236,"686d5c0b":236,"f15eb1c5":236,"71789493":236,"5ac72353":236,"d1b14d06":236,"f6c074a7":236,"ffd6849d":236,"962fca02":236,"75968179":236,"bc8bdc23":236,"a71f3f70":236,"1f7aa83c":236,"732d62ee":236,"d4b0751c":236,"5b01444b":236,"79995b62":236,"97160db8":236,"589f0d6e":236,"51b4016a":236,"46bf9112":236,"092ad3d6":236,"bf940089":236,"808bc372":236,"01f34f98":236,"c792a7c1":236,"1670b0d3":236,"ec97d63e":236,"5a7da061":236,"06a94514":236,"94208a41":236,"2cbcad17":236,"73c420df":236,"0700da70":236,"4dccb5ca":236,"83268abf":236,"ff591765":236,"93f12198":236,"578c4c95":236,"c606b472":236,"62e270e5":236,"66b1b6d7":236,"b062adc4":236,"4aae5133":236,"63a3af32":236,"3fec4b0b":236,"faa3de3e":236,"44983d13":236,"80999122":236,"72af9198":236,"e39e9552":236,"81c1b70d":236,"e72f0f82":236,"88374b72":236,"fdfaf1ed":236,"ea981bed":236,"5e197575":236,"e587c4d0":236,"525b2635":236,"caa38a45":236,"a9987a58":236,"b6b8e5c7":236,"e82177d3":236,"89914b94":236,"04bdf5e1":236,"da8b42be":236,"3b0576bf":236,"9458934f":236,"1dcc489c":236,"945badf3":236,"1327775b":236,"bdd40125":236,"75fd47f7":236,"1c52a07e":236,"e70ccc25":236,"afd1494f":236,"ca6bffd3":236,"829c44a4":236,"e76e2617":236,"2b4fd52e":236,"57162572":236,"d1d50cfe":236,"9666b973":236,"653b27c7":236,"83b37fd6":236,"4d852788":236,"e43a9448":236,"3542b748":236,"379c53ab":236,"e396d80d":236,"7da61f27":236,"dc874a97":236,"85a220de":236,"40a7cdd2":236,"ac033c7b":236,"87759976":236,"4df3f62e":236,"c881a53e":236,"80c1c8b1":236,"cf52acd8":236,"a63cb4ce":236,"d3b3492b":236,"7580cfa4":236,"22a96386":236,"5c672b50":236,"5df16440":236,"b666e56d":236,"8db378ff":236,"784d6375":236,"4541bf85":236,"272e7d0d":236,"f92596ee":236,"68831ea9":236,"9713d076":236,"fd098272":236,"6ee788a7":236,"8249641d":236,"45b0968f":236,"6a9bb182":236,"1f1afd4f":236,"25fb8826":236,"0dc5da58":236,"2874a625":236,"e61ae828":236,"f7ac3883":236,"ccd01528":236,"dab8cf68":236,"00f2a9cb":236,"916fe082":236,"b64dba8e":236,"c3bb30ce":236,"86219c70":236,"601990d8":236,"5c662c19":236,"d2a5d2fd":236,"a6b13f20":236,"2459c882":236,"3df97186":236,"ef0490de":236,"e0f47ced":236,"309bbf54":236,"cc537772":236,"6618390c":236,"99cc0813":236,"dc32c4e1":236,"239c636e":236,"6ee160ff":236,"c55d40ca":236,"22c177a8":236,"00ae883f":236,"f416ee62":236,"0d2b182d":236,"320754c3":236,"232b2f64":236,"3171b6e7":236,"3b25460f":236,"d2064756":236,"89d220c2":236,"3e10c9cb":236,"5500a3e8":236,"3c0e87ac":236,"a891461f":236,"a246cdab":236,"117c7f0b":236,"0d21cf99":236,"14e6fe14":236,"37ec5e73":236,"bfff7913":236,"f8636899":236,"37724339":236,"d45d9727":236,"ee5ff2a3":236,"44322dfd":236,"295e4d1d":236,"8cf6570a":236,"403064a0":236,"312af46e":236,"b5a9f8c3":236,"fcbc0ae8":236,"2ff6b6a8":236,"66a71cc1":236,"bf4b58e4":236
1601327365680,"f7ffcbb8":236,"5728f934":236,"00b26865":236,"c333337d":236,"815c56bc":236,"5bd61a68":236,"8582c5cf":236,"0c353665":236,"231e8700":236,"1f9fbd85":236,"43f24679":236,"a1c0dfc4":236,"78f71162":236,"4b27a9a4":236,"163f4d19":236,"1d043d5a":236,"b2f82e06":236,"5b0b43e6":236,"b5474d69":236,"5a938eeb":236,"4fe0dedf":236,"951fc6d0":236,"61892a4c":236,"f096219e":236,"a3f0a6ec":236,"01051f84":236,"aa7e370d":236,"f995eeab":236,"4006e709":236,"0dedf63e":236,"a9d5374b":236,"4321f02d":236,"089b3f8f":236,"7698d0dc":236,"784414ce":236,"2df3efdb":236,"d0f1b7bd":236,"e7799883":236,"4f9456cf":236,"6e260ee8":236,"f4f84279":236,"b0950de5":236,"6f873999":236,"1f4e0e22":236,"60d69311":236,"3b09f1de":236,"b371f44a":236,"8b6180ff":236,"8819ac24":236,"dbbf7f69":236,"a8edfe84":236,"2ed19b1e":236,"dfe4a061":236,"c2bf7d51":236,"781afef6":236,"de9229a0":236,"99a5feef":236,"f6266388":236,"e64fd39c":236,"e1b3ce36":236,"625fa164":236,"0c6ae551":236,"e8f4c1dd":236,"cede8b8c":236,"ad95ff4a":236,"893a99c5":236,"d8bf32b5":236,"0eb42efe":236,"03c4ab87":236,"4e3d3af7":236,"3a4803a8":236,"f7a7de5d":236,"d4e56c3e":236,"0c045c2d":236,"8efd4801":236,"7eb8f268":236,"959e16ea":236,"02f76c64":236,"5c6d1f33":236,"b4801cae":236,"c3c2fd05":236,"f8c97147":236,"c2526ff3":236,"cc386067":236,"a22ffd8f":236,"3cd28a4d":236,"44a12c31":236,"45a961ca":236,"5ca978fd":236,"668e601b":236,"7552d86c":236,"02ebf3b6":236,"bb17a968":236,"4abcb85d":236,"cba26072":236,"2a718dcc":236,"c6a9a8e1":236,"88854fd0":236,"8dc27d2a":236,"41d7f05d":236,"2b851827":236,"9f428a03":236,"4d504d96":236,"0533ece1":236,"bcee2ef3":236,"0afba00c":236,"04ff8100":236,"6c00d8d6":236,"ac9a02bc":236,"acfe69ed":236,"20236d3e":236,"36ae8cd8":236,"3ddd5391":236,"07f69c6d":236,"2254f0f5":236,"ea282e84":236,"6653c83b":236,"c896052c":236,"287ecd1c":236,"f9376d3e":236,"07a94e8c":236,"bb017b49":236,"37b52fe4":236,"61ad1519":236,"819c4185":236,"ba69b06b":236,"7d2a2cb4":236,"4f62491c":236,"70b4c438":236,"71ed93db":236,"c92efaa8":236,"c241ac7e":236,"62a45672":236,"210e507a":236,"ac6e268b":236,"742238e8":236,"426603ff":236,"2db2f252":236,"2e84193b":236,"c55683c9":236,"51233daf":236,"02791635":236,"be081247":236,"5cc47d1b":236,"678b846f":236,"b4bd39d8":236,"b4cdbe5d":236,"fa0386f3":236,"b95d0f17":236,"cee9c347":236,"7800e7ce":237,"77869ff0":237,"4b8f7b16":237,"89f75690":237,"cb363e2f":237,"cd802f02":237,"d3cca7eb":237,"e866a899":237,"5690e712":237,"0b92d2a9":237,"070bed95":237,"67e5d108":237,"3d37b94b":237,"842c97c2":237,"c4cef92b":237,"0eecdc5b":237,"b7e495ea":237,"45ec63c0":237,"0ddfde2c":237,"a8b41774":237,"81f0da2d":237
1601327366334,"1fcc8ba4":237,"75a9c117":237,"12ba54ec":237,"be391c1a":237,"37d8a5b7":237,"d5ab81c4":237,"2ecde685":237,"f0bd52d3":237,"dcc20f76":237,"666a8ef0":237,"c5b609f1":237,"4dc5849a":237,"d605c755":237,"8a8c1d67":237,"cc6b3306":237,"8c2dfd9a":237,"f11267b9":237,"a483b15e":237,"f80ab49d":237,"95eaed39":237,"a5ba0ebb":237,"f53362a9":237,"1901ef7e":237,"960c2e6b":237,"3515e999":237,"d11f8f1b":237,"9d9eb027":237,"325f9a29":237,"503aafe5":237,"080d5d42":237,"5d03f5dc":237,"f0a01341":237,"1ee4d9f9":237,"0d6e45e7":237,"0da97151":237,"e829038c":237,"4987cfb5":237,"ba90687c":237,"77f2cf92":237,"037e2be4":237,"9e7dbd20":237,"0c086273":237,"ac13c3b0":237,"b4d9c57f":237,"5d53c964":237,"8ee9cc91":237,"4cc0af91":237,"55f6a2ba":237,"9559ea96":237,"9cb044bf":237,"16b25add":237,"80ee333e":237,"3b329af2":237,"1cd662bf":237,"72992b35":237,"47589344":237,"d5d94481":237,"ffe48500":237,"c7a45a33":237,"faffe099":237,"e99490cd":237,"3b830769":237,"583f0305":237,"1557c50a":237,"249e80ab":237,"f52a3d94":237,"eb74d3dd":237,"3bcbc28d":237,"3c0455e7":237,"df203c79":237,"df1e1ac0":237,"491708eb":237,"e421caaa":237,"593b1533":237,"e9f6e5ce":237,"ed6bead5":237,"96f594b9":237,"94dfcfc5":237,"8301986e":237,"830ecfec":237,"a8bae791":237,"312009ee":237,"c98759fd":237,"e8b6d676":237,"45ee5840":237,"76f04033":237,"43480b19":237,"fd955858":237,"69798d15":237,"efea71fa":237,"fb3aa867":237,"c9cf710b":237,"fcacdeb3":237,"0ea055ed":237,"e3b1bdf8":237,"644b45fb":237,"2d2ecf27":237,"d38a4953":237,"eba5efdd":237,"a5463f93":237,"c85ac4f8":237,"bc253f4f":237,"0d9d2bf8":237,"846b7f11":237,"d3411467":237,"1df0ce7f":237,"a08171d0":237,"c8bc5677":237,"dfca0518":237,"b9a21017":237,"e47705d3":237,"3cae4115":237,"0ccf4731":237,"c7c6782d":237,"54346574":237,"b12cbf87":237,"81942d9b":237,"699b90c1":237,"d9b5a7a8":237,"1e7914d2":237,"e5d8fdb2":237,"3412ab75":237,"bcac5daf":237,"62d028cc":237,"0af2cf39":237,"27491297":237,"d041ea86":237,"1eda11b2":237,"fc442678":237,"18c73816":237,"e491161e":237,"b5087677":237,"16f60bed":237,"cb0c3481":237,"7664512c":237,"df9a53b8":237,"f6c27b2b":237,"945f6c24":237,"f1daea7e":237,"b8fb90e3":237,"56227e35":237,"0d6bf22a":237,"b87321d0":237,"43205b5d":237,"8982905a":237,"f6fe1ad7":237,"230064fa":237,"764e0abb":237,"bba6d88e":237,"ea3479ec":237,"32266fa3":237,"50b090c3":237,"8be24763":237,"eb4800b2":237,"6e0ce9dc":237,"87d9bec4":237,"e30dfa0c":237,"6da34174":237,"bfb849fa":237,"0a10b423":237,"9ef7cee7":237,"49f1a0d1":237,"5f04aa76":237,"ba297382":237,"0287db2a":237,"96abe4a9":237,"753b10b1":237,"cf14bd99":237,"782022f4":237,"322e833f":237,"ab3619e4":237,"106006ad":237,"c8237be9":237,"1416e8f5":237,"dde2eed5":237,"a208caa8":237,"16605353":237,"77b39e15":237,"f1726edb":237,"590ce3d3":237,"1802d7ce":237,"0a49914b":237,"5d3f5cad":237,"cf347cba":237,"fc0c23f7":237,"641f9b9e":237,"c92edec5":237,"92b72493":237,"d3e58903":237,"4481c4be":237,"7954891b":237,"4afd60a9":237,"9f03c1e7":237,"06c24a8d":237,"2f35e75f":237,"3eddf7c8":237,"77970f8b":237,"efd594d5":237,"4718294d":237,"5352cf45":237,"e0ffe8ff":237,"ae14d6b5":237,"721f5f42":237,"0b50bca6":237,"bf2ca266":237,"5d8d9641":237,"0de67c6c":237,"2311399f":237,"5e3ebf5e":237,"9f6ca218":237,"6213799d":237,"44cb1fd2":237,"baf19c25":237,"24a79a6e":237,"edde30af":237,"4d949e11":237,"df12f689":237,"1da10cbf":237,"832c48e4":237,"dc90a44c":237,"1ad7c45b":237,"5566c17c":237,"86a22252":237,"0000dece":237,"ce5efdbe":237,"58ace2b5":237,"d379fd96":237,"7b819458":237,"7f8024cd":237,"ae562513":237,"7b66dacd":237,"d44c0ea3":237,"68f87858":237,"533bac6b":237,"41634dba":237,"43fd1327":237,"113e7f4b":237,"8cce569a":237,"ce6401b6":237,"6f57824c":237,"28bd7aa1":237,"1d52fb0d":237,"cde0d748":237,"535ed444":237,"710f0d0e":237,"0905f1fb":237,"a20e529c":237,"1ae76fcc":237,"35b161d3":237,"344cd1a3":237,"77ea1236":237,"96d2a118":237,"23a0e41f":237,"b32a1080":237,"a2c4b591":237,"6dfa57be":237,"1854ce44":237,"f92b22f1":237,"ece12664":237,"36f4ecde":237,"568a0d58":237,"5fd569d2":237,"10c8fd03":237,"bd4ccb49":237,"e773d697":237,"7e8c11e7":237,"077eb15a":237,"5337c279":237,"8d256cb6":237,"9ab137d7":237,"7191d1cd":237,"005354dd":237,"7021c619":237,"32ae00db":237,"bf2defb2":237,"bc733a28":237,"30d32d34":237,"886c16d3":237,"e8d09b62":237,"5b09e53e":237,"da5bb0f7":237,"6d925c84":237,"50b23ab2":237,"edfa56d4":237,"899c16eb":237,"41c76041":237,"6bb1fa99":237,"d73ff72e":237,"61c0ca91":237,"d2fda7be":237,"ce20ca3c":237,"1d2d958b":237,"81fb6a01":237,"7f5b27c8":237,"fb3444d9":237,"f05de640":237,"86a68967":237,"56cd4dca":237,"7f469f4c":237,"f92dedfc":237,"355d1489":237,"f96fc1af":237,"06713bac":237,"61aca924":237,"d97fb857":237,"59ff5ec6":237,"ef04e64e":237,"6e2d04de":237,"2fca1798":237,"05028839":237,"5488826c":237,"84fff5c1":237
1601327366945,"c649992d":237,"d5ad3ed6":237,"8e5f7187":237,"55ba7579":237,"b7769ca6":237,"9c27de51":237,"38a75b48":237,"1792bfa3":237,"426f1904":237,"7c0f1ca9":237,"b2f820ac":237,"25d4f65d":237,"eddb6a2a":237,"ff8a00aa":237,"c146560b":237,"985068e7":237,"d543ba6f":237,"3b3569f6":237,"b01ab62a":237,"76da16fa":237,"bffee581":237,"07150038":237,"080fa362":237,"7b6945ad":237,"a40d08e1":237,"cec79bc2":237,"d2eff358":237,"e70aebb5":237,"a488b2f1":237,"4caa87d6":237,"f7076e21":237,"69e653b6":237,"98d2991b":237,"3b411d6a":237,"83826ef3":237,"595609d5":237,"b47f1b89":237,"8e6caf71":237,"9a3433b8":237,"b89112cb":237,"66736d5e":237,"30de89a7":237,"06aaa33f":237,"320c65bf":237,"1fa1e7c2":237,"646af2b9":237,"659389ad":237,"240c8679":237,"0718c3be":237,"8b503f7b":237,"87a8523c":237,"c416baa6":237,"ae350a07":237,"680a32a6":237,"83ba647d":237,"cb0bd6b7":237,"8e426e39":237,"51909df8":237,"e22b0973":237,"23646ff9":237,"3abb827b":237,"0c73c293":237,"88929b06":237,"08c4692e":237,"5b2479ef":237,"1d882c36":237,"eb62e8f2":237,"f1e86522":237,"fa03f48f":237,"5298dafa":237,"25f7f918":237,"c5311ebb":237,"105bb3f6":237,"58de5462":237,"f01c896d":237,"1f2670d0":237,"962c9c8f":237,"aec0bf28":237,"a017a323":237,"8801c469":237,"b6281f1a":237,"48c6df81":237,"5e165f43":237,"f8785b71":237,"ab4a411a":237,"d7a4b24c":237,"686d5c0b":237,"f15eb1c5":237,"71789493":237,"5ac72353":237,"d1b14d06":237,"f6c074a7":237,"ffd6849d":237,"962fca02":237,"75968179":237,"bc8bdc23":237,"a71f3f70":237,"1f7aa83c":237,"732d62ee":237,"d4b0751c":237,"5b01444b":237,"79995b62":237,"97160db8":237,"589f0d6e":237,"51b4016a":237,"46bf9112":237,"092ad3d6":237,"bf940089":237,"01f34f98":237,"808bc372":237,"1670b0d3":237,"c792a7c1":237,"ec97d63e":237,"5a7da061":237,"94208a41":237,"2cbcad17":237,"06a94514":237,"73c420df":237,"4dccb5ca":237,"0700da70":237,"83268abf":237,"ff591765":237,"578c4c95":237,"93f12198":237,"c606b472":237,"62e270e5":237,"66b1b6d7":237,"b062adc4":237,"4aae5133":237,"63a3af32":237,"3fec4b0b":237,"faa3de3e":237,"44983d13":237,"80999122":237,"72af9198":237,"e39e9552":237,"81c1b70d":237,"e72f0f82":237,"88374b72":237,"fdfaf1ed":237,"ea981bed":237,"5e197575":237,"e587c4d0":237,"525b2635":237,"caa38a45":237,"a9987a58":237,"b6b8e5c7":237,"e82177d3":237,"89914b94":237,"04bdf5e1":237,"da8b42be":237,"3b0576bf":237,"9458934f":237,"1dcc489c":237,"945badf3":237,"1327775b":237,"bdd40125":237,"75fd47f7":237,"9666b973":237,"653b27c7":237,"83b37fd6":237,"4d852788":237,"e43a9448":237,"3542b748":237,"379c53ab":237,"e396d80d":237,"7da61f27":237,"dc874a97":237,"85a220de":237,"1c52a07e":237,"e70ccc25":237,"afd1494f":237,"ca6bffd3":237,"829c44a4":237,"e76e2617":237,"2b4fd52e":237,"57162572":237,"d1d50cfe":237,"40a7cdd2":237,"ac033c7b":237,"87759976":237,"4df3f62e":237,"c881a53e":237,"80c1c8b1":237,"cf52acd8":237,"a63cb4ce":237,"d3b3492b":237,"7580cfa4":237,"22a96386":237,"5c672b50":237,"5df16440":237,"b666e56d":237,"8db378ff":237,"784d6375":237,"4541bf85":237,"a6b13f20":237,"2459c882":237,"3df97186":237,"ef0490de":237,"e0f47ced":237,"309bbf54":237,"cc537772":237,"6618390c":237,"99cc0813":237,"dc32c4e1":237,"239c636e":237,"6ee160ff":237,"c55d40ca":237,"22c177a8":237,"00ae883f":237,"f416ee62":237,"0d2b182d":237,"320754c3":237,"232b2f64":237,"3171b6e7":237,"3b25460f":237,"d2064756":237,"272e7d0d":237,"f92596ee":237,"68831ea9":237,"9713d076":237,"fd098272":237,"6ee788a7":237,"8249641d":237,"45b0968f":237,"6a9bb182":237,"1f1afd4f":237,"25fb8826":237,"0dc5da58":237,"2874a625":237,"e61ae828":237,"f7ac3883":237,"ccd01528":237,"dab8cf68":237,"00f2a9cb":237,"916fe082":237,"b64dba8e":237,"c3bb30ce":237,"86219c70":237,"601990d8":237,"5c662c19":237,"d2a5d2fd":237,"89d220c2":237,"3e10c9cb":237,"5500a3e8":237,"3c0e87ac":237,"a891461f":237,"a246cdab":237,"117c7f0b":237,"0d21cf99":237,"14e6fe14":237,"37ec5e73":237,"bfff7913":237,"f8636899":237,"37724339":237,"d45d9727":237,"ee5ff2a3":237,"44322dfd":237,"295e4d1d":237,"8cf6570a":237,"403064a0":237,"312af46e":237,"b5a9f8c3":237,"fcbc0ae8":237,"2ff6b6a8":237,"66a71cc1":237,"bf4b58e4":237,"f7ffcbb8":237,"5728f934":237,"00b26865":237,"c333337d":237,"815c56bc":237,"5bd61a68":237,"8582c5cf":237,"0c353665":237,"231e8700":237,"1f9fbd85":237,"43f24679":237,"a1c0dfc4":237,"78f71162":237,"4b27a9a4":237,"163f4d19":237,"1d043d5a":237,"b2f82e06":237,"5b0b43e6":237,"b5474d69":237,"5a938eeb":237,"4fe0dedf":237,"951fc6d0":237,"61892a4c":237,"f096219e":237,"a3f0a6ec":237,"01051f84":237,"aa7e370d":237,"f995eeab":237,"4006e709":237,"0dedf63e":237,"a9d5374b":237,"4321f02d":237,"089b3f8f":237,"7698d0dc":237,"784414ce":237,"2df3efdb":237,"d0f1b7bd":237,"e7799883":237,"4f9456cf":237,"6e260ee8":237,"f4f84279":237,"b0950de5":237,"6f873999":237,"1f4e0e22":237,"60d69311":237,"3b09f1de":237,"b371f44a":237,"8b6180ff":237,"8819ac24":237,"dbbf7f69":237,"a8edfe84":237,"2ed19b1e":237,"959e16ea":237,"02f76c64":237,"5c6d1f33":237,"b4801cae":237,"c3c2fd05":237,"f8c97147":237,"c2526ff3":237,"cc386067":237,"a22ffd8f":237,"3cd28a4d":237,"44a12c31":237,"45a961ca":237,"5ca978fd":237,"668e601b":237,"7552d86c":237,"02ebf3b6":237,"bb17a968":237,"4abcb85d":237,"cba26072":237,"2a718dcc":237,"c6a9a8e1":237,"88854fd0":237,"8dc27d2a":237,"41d7f05d":237,"2b851827":237,"9f428a03":237,"4d504d96":237,"0533ece1":237,"bcee2ef3":237,"0afba00c":237,"04ff8100":237,"6c00d8d6":237,"ac9a02bc":237,"dfe4a061":237,"c2bf7d51":237,"781afef6":237,"de9229a0":237,"99a5feef":237,"f6266388":237,"e64fd39c":237,"e1b3ce36":237,"625fa164":237,"0c6ae551":237,"e8f4c1dd":237,"cede8b8c":237,"ad95ff4a":237,"893a99c5":237,"d8bf32b5":237,"0eb42efe":237,"03c4ab87":237,"4e3d3af7":237,"3a4803a8":237,"f7a7de5d":237,"d4e56c3e":237,"0c045c2d":237,"8efd4801":237,"7eb8f268":237,"20236d3e":237,"36ae8cd8":237,"acfe69ed":237,"426603ff":237,"2db2f252":237,"2e84193b":237,"c55683c9":237,"51233daf":237,"02791635":237,"be081247":237,"5cc47d1b":237,"678b846f":237,"b4bd39d8":237,"b4cdbe5d":237,"fa0386f3":237,"b95d0f17":237,"cee9c347":237,"3ddd5391":237,"07f69c6d":237,"2254f0f5":237,"ea282e84":237,"6653c83b":237,"c896052c":237,"287ecd1c":237,"f9376d3e":237,"07a94e8c":237,"bb017b49":237,"37b52fe4":237,"61ad1519":237,"819c4185":237,"ba69b06b":237,"7d2a2cb4":237,"4f62491c":237,"70b4c438":237,"71ed93db":237,"c92efaa8":237,"c241ac7e":237,"62a45672":237,"210e507a":237,"ac6e268b":237,"742238e8":237
1601327367176,"7800e7ce":238,"77869ff0":238,"4b8f7b16":238,"89f75690":238,"cb363e2f":238,"cd802f02":238,"d3cca7eb":238,"e866a899":238,"5690e712":238,"0b92d2a9":238,"070bed95":238,"67e5d108":238,"3d37b94b":238,"842c97c2":238,"c4cef92b":238,"0eecdc5b":238,"b7e495ea":238,"45ec63c0":238,"0ddfde2c":238,"a8b41774":238,"81f0da2d":238,"1fcc8ba4":238,"75a9c117":238,"12ba54ec":238,"be391c1a":238,"37d8a5b7":238,"d5ab81c4":238,"2ecde685":238,"f0bd52d3":238,"dcc20f76":238,"666a8ef0":238,"c5b609f1":238,"4dc5849a":238,"d605c755":238,"8a8c1d67":238,"cc6b3306":238,"8c2dfd9a":238,"f11267b9":238,"a483b15e":238,"f80ab49d":238,"95eaed39":238,"a5ba0ebb":238,"f53362a9":238,"1901ef7e":238,"960c2e6b":238,"3515e999":238,"d11f8f1b":238,"9d9eb027":238,"325f9a29":238,"503aafe5":238,"d5d94481":238,"ffe48500":238,"080d5d42":238,"5d03f5dc":238,"f0a01341":238,"1ee4d9f9":238,"0d6e45e7":238,"0da97151":238,"e829038c":238,"4987cfb5":238,"ba90687c":238,"77f2cf92":238,"037e2be4":238,"9e7dbd20":238,"0c086273":238,"ac13c3b0":238,"b4d9c57f":238,"5d53c964":238,"8ee9cc91":238,"4cc0af91":238,"55f6a2ba":238,"9559ea96":238,"9cb044bf":238,"16b25add":238,"80ee333e":238,"c7a45a33":238,"faffe099":238,"e99490cd":238,"3b830769":238,"583f0305":238,"1557c50a":238,"249e80ab":238,"f52a3d94":238,"eb74d3dd":238,"3bcbc28d":238,"3c0455e7":238,"df203c79":238,"df1e1ac0":238,"491708eb":238,"e421caaa":238,"2d2ecf27":238,"d38a4953":238,"eba5efdd":238,"a5463f93":238,"c85ac4f8":238,"bc253f4f":238,"0d9d2bf8":238,"846b7f11":238,"d3411467":238,"1df0ce7f":238,"a08171d0":238,"c8bc5677":238,"dfca0518":238,"b9a21017":238,"e47705d3":238,"3cae4115":238,"0ccf4731":238,"c7c6782d":238,"54346574":238,"b12cbf87":238,"81942d9b":238,"699b90c1":238,"d9b5a7a8":238
1601327368120,"1e7914d2":238,"e5d8fdb2":238,"3412ab75":238,"bcac5daf":238,"62d028cc":238,"0af2cf39":238,"27491297":238,"d041ea86":238,"1eda11b2":238,"fc442678":238,"3b329af2":238,"1cd662bf":238,"72992b35":238,"47589344":238,"593b1533":238,"e9f6e5ce":238,"ed6bead5":238,"96f594b9":238,"94dfcfc5":238,"8301986e":238,"830ecfec":238,"a8bae791":238,"312009ee":238,"c98759fd":238,"e8b6d676":238,"45ee5840":238,"76f04033":238,"43480b19":238,"fd955858":238,"69798d15":238,"efea71fa":238,"fb3aa867":238,"c9cf710b":238,"fcacdeb3":238,"0ea055ed":238,"e3b1bdf8":238,"644b45fb":238,"18c73816":238,"e491161e":238,"b5087677":238,"16f60bed":238,"cb0c3481":238,"7664512c":238,"df9a53b8":238,"f6c27b2b":238,"945f6c24":238,"f1daea7e":238,"b8fb90e3":238,"56227e35":238,"0d6bf22a":238,"b87321d0":238,"43205b5d":238,"8982905a":238,"f6fe1ad7":238,"230064fa":238,"764e0abb":238,"bba6d88e":238,"ea3479ec":238,"32266fa3":238,"50b090c3":238,"8be24763":238,"eb4800b2":238,"6e0ce9dc":238,"87d9bec4":238,"e30dfa0c":238,"6da34174":238,"bfb849fa":238,"0a10b423":238,"9ef7cee7":238,"49f1a0d1":238,"5f04aa76":238,"ba297382":238,"0287db2a":238,"96abe4a9":238,"753b10b1":238,"cf14bd99":238,"782022f4":238,"322e833f":238,"ab3619e4":238,"106006ad":238,"c8237be9":238,"1416e8f5":238,"dde2eed5":238,"a208caa8":238,"16605353":238,"77b39e15":238,"f1726edb":238,"92b72493":238,"d3e58903":238,"4481c4be":238,"7954891b":238,"590ce3d3":238,"1802d7ce":238,"0a49914b":238,"5d3f5cad":238,"cf347cba":238,"4afd60a9":238,"d44c0ea3":238,"68f87858":238,"533bac6b":238,"41634dba":238,"43fd1327":238,"113e7f4b":238,"8cce569a":238,"ce6401b6":238,"6f57824c":238,"28bd7aa1":238,"1d52fb0d":238,"cde0d748":238,"535ed444":238,"710f0d0e":238,"0905f1fb":238,"a20e529c":238,"1ae76fcc":238,"35b161d3":238,"344cd1a3":238,"77ea1236":238,"96d2a118":238,"23a0e41f":238,"b32a1080":238,"a2c4b591":238,"6dfa57be":238,"1854ce44":238,"f92b22f1":238,"ece12664":238,"36f4ecde":238,"568a0d58":238,"5fd569d2":238,"10c8fd03":238,"bd4ccb49":238,"e773d697":238,"7e8c11e7":238,"fc0c23f7":238,"641f9b9e":238,"c92edec5":238,"9f03c1e7":238,"06c24a8d":238,"2f35e75f":238,"3eddf7c8":238,"77970f8b":238,"efd594d5":238,"4718294d":238,"5352cf45":238,"e0ffe8ff":238,"ae14d6b5":238,"721f5f42":238,"0b50bca6":238,"bf2ca266":238,"5d8d9641":238,"0de67c6c":238,"2311399f":238,"5e3ebf5e":238,"9f6ca218":238,"6213799d":238,"44cb1fd2":238,"baf19c25":238,"24a79a6e":238,"edde30af":238,"4d949e11":238,"df12f689":238,"1da10cbf":238,"832c48e4":238,"dc90a44c":238,"1ad7c45b":238,"5566c17c":238,"86a22252":238,"0000dece":238,"ce5efdbe":238,"58ace2b5":238,"d379fd96":238,"077eb15a":238,"5337c279":238,"8d256cb6":238,"7021c619":238,"32ae00db":238,"bf2defb2":238,"bc733a28":238,"30d32d34":238,"886c16d3":238,"e8d09b62":238,"5b09e53e":238,"da5bb0f7":238,"6d925c84":238,"50b23ab2":238,"edfa56d4":238,"899c16eb":238,"41c76041":238,"6bb1fa99":238,"d73ff72e":238,"61c0ca91":238,"d2fda7be":238,"ce20ca3c":238,"1d2d958b":238,"81fb6a01":238,"7f5b27c8":238,"fb3444d9":238,"f05de640":238,"86a68967":238,"56cd4dca":238,"7f469f4c":238,"f92dedfc":238,"355d1489":238,"f96fc1af":238,"06713bac":238,"61aca924":238,"d97fb857":238,"59ff5ec6":238,"ef04e64e":238,"6e2d04de":238,"2fca1798":238,"05028839":238,"7b819458":238,"7f8024cd":238,"ae562513":238,"7b66dacd":238,"9ab137d7":238,"7191d1cd":238,"005354dd":238,"3b3569f6":238,"b01ab62a":238,"76da16fa":238,"bffee581":238,"07150038":238,"080fa362":238,"7b6945ad":238,"a40d08e1":238,"cec79bc2":238,"d2eff358":238,"e70aebb5":238,"a488b2f1":238,"4caa87d6":238,"f7076e21":238,"69e653b6":238,"98d2991b":238,"3b411d6a":238,"83826ef3":238,"595609d5":238,"b47f1b89":238,"8e6caf71":238,"9a3433b8":238,"5488826c":238,"84fff5c1":238,"c649992d":238,"d5ad3ed6":238,"8e5f7187":238,"55ba7579":238,"b7769ca6":238,"9c27de51":238,"38a75b48":238,"1792bfa3":238,"426f1904":238,"7c0f1ca9":238,"b2f820ac":238,"25d4f65d":238,"eddb6a2a":238,"ff8a00aa":238,"c146560b":238,"985068e7":238,"d543ba6f":238,"b89112cb":238,"66736d5e":238,"30de89a7":238,"06aaa33f":238,"320c65bf":238,"1fa1e7c2":238,"646af2b9":238,"659389ad":238,"240c8679":238,"0718c3be":238,"8b503f7b":238,"87a8523c":238,"c416baa6":238,"ae350a07":238,"680a32a6":238,"83ba647d":238,"cb0bd6b7":238,"8e426e39":238,"51909df8":238,"e22b0973":238,"23646ff9":238,"3abb827b":238,"0c73c293":238,"88929b06":238,"08c4692e":238,"5b2479ef":238,"1d882c36":238,"eb62e8f2":238
1601327368613,"f1e86522":238,"fa03f48f":238,"5298dafa":238,"25f7f918":238,"c5311ebb":238,"105bb3f6":238,"58de5462":238,"f01c896d":238,"1f2670d0":238,"962c9c8f":238,"aec0bf28":238,"a017a323":238,"8801c469":238,"b6281f1a":238,"48c6df81":238,"5e165f43":238,"f8785b71":238,"ab4a411a":238,"d7a4b24c":238,"686d5c0b":238,"f15eb1c5":238,"71789493":238,"5ac72353":238,"d1b14d06":238,"f6c074a7":238,"ffd6849d":238,"962fca02":238,"75968179":238,"bc8bdc23":238,"a71f3f70":238,"1f7aa83c":238,"732d62ee":238,"d4b0751c":238,"5b01444b":238,"79995b62":238,"97160db8":238,"589f0d6e":238,"51b4016a":238,"46bf9112":238,"092ad3d6":238,"bf940089":238,"808bc372":238,"01f34f98":238,"c792a7c1":238,"1670b0d3":238,"5a7da061":238,"ec97d63e":238,"94208a41":238,"06a94514":238,"73c420df":238,"2cbcad17":238,"0700da70":238,"4dccb5ca":238,"ff591765":238,"83268abf":238,"578c4c95":238,"93f12198":238,"c606b472":238,"62e270e5":238,"66b1b6d7":238,"b062adc4":238,"4aae5133":238,"63a3af32":238,"3fec4b0b":238,"faa3de3e":238,"44983d13":238,"80999122":238,"72af9198":238,"e39e9552":238,"81c1b70d":238,"e72f0f82":238,"88374b72":238,"fdfaf1ed":238,"ea981bed":238,"5e197575":238,"e587c4d0":238,"525b2635":238,"caa38a45":238,"a9987a58":238,"b6b8e5c7":238,"e82177d3":238,"89914b94":238,"04bdf5e1":238,"da8b42be":238,"3b0576bf":238,"9458934f":238,"1dcc489c":238,"945badf3":238,"1327775b":238,"bdd40125":238,"75fd47f7":238,"1c52a07e":238,"e70ccc25":238,"afd1494f":238,"ca6bffd3":238,"829c44a4":238,"e76e2617":238,"2b4fd52e":238,"57162572":238,"d1d50cfe":238,"9666b973":238,"653b27c7":238,"83b37fd6":238,"4d852788":238,"e43a9448":238,"3542b748":238,"379c53ab":238,"e396d80d":238,"7da61f27":238,"dc874a97":238,"85a220de":238,"40a7cdd2":238,"ac033c7b":238,"87759976":238,"4df3f62e":238,"c881a53e":238,"80c1c8b1":238,"272e7d0d":238,"f92596ee":238,"68831ea9":238,"9713d076":238,"fd098272":238,"6ee788a7":238,"8249641d":238,"45b0968f":238,"6a9bb182":238,"1f1afd4f":238,"25fb8826":238,"0dc5da58":238,"2874a625":238,"e61ae828":238,"f7ac3883":238,"ccd01528":238,"dab8cf68":238,"00f2a9cb":238,"916fe082":238,"b64dba8e":238,"c3bb30ce":238,"86219c70":238,"601990d8":238,"cf52acd8":238,"a63cb4ce":238,"d3b3492b":238,"7580cfa4":238,"22a96386":238,"5c672b50":238,"5df16440":238,"b666e56d":238,"8db378ff":238,"784d6375":238,"4541bf85":238,"a6b13f20":238,"2459c882":238,"3df97186":238,"ef0490de":238,"e0f47ced":238,"309bbf54":238,"cc537772":238,"6618390c":238,"99cc0813":238,"dc32c4e1":238,"239c636e":238,"6ee160ff":238,"c55d40ca":238,"22c177a8":238,"00ae883f":238,"f416ee62":238,"0d2b182d":238,"320754c3":238,"232b2f64":238,"3171b6e7":238,"3b25460f":238,"d2064756":238,"5c662c19":238,"d2a5d2fd":238,"89d220c2":238,"3e10c9cb":238,"5500a3e8":238,"3c0e87ac":238,"a891461f":238,"a246cdab":238,"117c7f0b":238,"0d21cf99":238,"14e6fe14":238,"37ec5e73":238,"bfff7913":238,"f8636899":238,"37724339":238,"d45d9727":238,"ee5ff2a3":238,"44322dfd":238,"295e4d1d":238,"8cf6570a":238,"403064a0":238,"312af46e":238,"b5a9f8c3":238,"fcbc0ae8":238,"2ff6b6a8":238,"66a71cc1":238,"bf4b58e4":238,"f7ffcbb8":238,"5728f934":238,"00b26865":238,"c333337d":238,"815c56bc":238,"5bd61a68":238,"8582c5cf":238,"0c353665":238,"231e8700":238,"1f9fbd85":238,"43f24679":238,"a1c0dfc4":238,"78f71162":238,"4b27a9a4":238,"163f4d19":238,"1d043d5a":238,"b2f82e06":238,"5b0b43e6":238,"b5474d69":238,"5a938eeb":238,"4fe0dedf":238,"951fc6d0":238,"61892a4c":238,"f096219e":238,"a3f0a6ec":238,"01051f84":238,"aa7e370d":238,"f995eeab":238,"4006e709":238,"0dedf63e":238,"a9d5374b":238,"4321f02d":238,"089b3f8f":238,"7698d0dc":238,"784414ce":238,"2df3efdb":238,"d0f1b7bd":238,"e7799883":238,"4f9456cf":238,"6e260ee8":238,"f4f84279":238,"b0950de5":238,"6f873999":238,"1f4e0e22":238,"60d69311":238,"3b09f1de":238,"b371f44a":238,"8b6180ff":238,"8819ac24":238,"dbbf7f69":238,"a8edfe84":238,"dfe4a061":238,"c2bf7d51":238,"781afef6":238,"de9229a0":238,"99a5feef":238,"f6266388":238,"e64fd39c":238,"e1b3ce36":238,"625fa164":238,"0c6ae551":238,"e8f4c1dd":238,"cede8b8c":238,"ad95ff4a":238,"893a99c5":238,"d8bf32b5":238,"0eb42efe":238,"03c4ab87":238,"2ed19b1e":238,"959e16ea":238,"02f76c64":238,"5c6d1f33":238,"b4801cae":238,"c3c2fd05":238,"f8c97147":238,"c2526ff3":238,"cc386067":238,"a22ffd8f":238,"3cd28a4d":238,"44a12c31":238,"45a961ca":238,"5ca978fd":238,"668e601b":238,"7552d86c":238,"02ebf3b6":238,"bb17a968":238,"4abcb85d":238,"cba26072":238,"2a718dcc":238,"c6a9a8e1":238,"88854fd0":238,"8dc27d2a":238,"41d7f05d":238,"2b851827":238,"9f428a03":238,"4d504d96":238,"4e3d3af7":238,"3a4803a8":238,"f7a7de5d":238,"d4e56c3e":238,"0c045c2d":238,"8efd4801":238,"7eb8f268":238,"20236d3e":238,"36ae8cd8":238,"3ddd5391":238,"07f69c6d":238,"2254f0f5":238,"ea282e84":238,"6653c83b":238,"c896052c":238,"287ecd1c":238,"f9376d3e":238,"07a94e8c":238,"bb017b49":238,"37b52fe4":238,"61ad1519":238,"819c4185":238,"ba69b06b":238,"7d2a2cb4":238,"4f62491c":238,"70b4c438":238,"71ed93db":238,"c92efaa8":238,"c241ac7e":238,"62a45672":238,"210e507a":238,"ac6e268b":238,"0533ece1":238,"bcee2ef3":238,"0afba00c":238,"04ff8100":238,"6c00d8d6":238,"ac9a02bc":238,"acfe69ed":238,"426603ff":238,"2db2f252":238,"2e84193b":238,"c55683c9":238,"51233daf":238,"02791635":238,"be081247":238,"5cc47d1b":238,"678b846f":238,"b4bd39d8":238,"b4cdbe5d":238,"fa0386f3":238,"b95d0f17":238,"cee9c347":238,"742238e8":238
1601327369241,"7800e7ce":239,"77869ff0":239,"4b8f7b16":239,"89f75690":239,"cb363e2f":239,"cd802f02":239,"d3cca7eb":239,"e866a899":239,"5690e712":239,"0b92d2a9":239,"070bed95":239,"67e5d108":239,"3d37b94b":239,"842c97c2":239,"c4cef92b":239,"0eecdc5b":239,"b7e495ea":239,"45ec63c0":239,"0ddfde2c":239,"a8b41774":239,"81f0da2d":239,"1fcc8ba4":239,"75a9c117":239,"12ba54ec":239,"be391c1a":239,"37d8a5b7":239,"d5ab81c4":239,"2ecde685":239,"f0bd52d3":239,"dcc20f76":239,"666a8ef0":239,"c5b609f1":239,"4dc5849a":239,"d605c755":239,"8a8c1d67":239,"cc6b3306":239,"8c2dfd9a":239,"f11267b9":239,"a483b15e":239,"f80ab49d":239,"95eaed39":239,"a5ba0ebb":239,"f53362a9":239,"1901ef7e":239,"960c2e6b":239,"3515e999":239,"d11f8f1b":239,"9d9eb027":239,"325f9a29":239,"503aafe5":239,"d5d94481":239,"ffe48500":239,"c7a45a33":239,"faffe099":239,"e99490cd":239,"3b830769":239,"583f0305":239,"1557c50a":239,"249e80ab":239,"f52a3d94":239,"eb74d3dd":239,"3bcbc28d":239,"3c0455e7":239,"df203c79":239,"df1e1ac0":239,"491708eb":239,"e421caaa":239,"2d2ecf27":239,"d38a4953":239,"eba5efdd":239,"a5463f93":239,"c85ac4f8":239,"bc253f4f":239,"0d9d2bf8":239,"846b7f11":239,"d3411467":239,"1df0ce7f":239,"a08171d0":239,"c8bc5677":239,"dfca0518":239,"b9a21017":239,"e47705d3":239,"3cae4115":239,"0ccf4731":239,"c7c6782d":239,"54346574":239,"b12cbf87":239,"81942d9b":239,"699b90c1":239,"d9b5a7a8":239,"1e7914d2":239,"e5d8fdb2":239,"3412ab75":239,"bcac5daf":239,"62d028cc":239,"0af2cf39":239,"18c73816":239,"e491161e":239,"b5087677":239,"16f60bed":239,"cb0c3481":239,"7664512c":239,"df9a53b8":239,"080d5d42":239,"5d03f5dc":239,"f0a01341":239,"1ee4d9f9":239,"0d6e45e7":239,"0da97151":239,"e829038c":239,"4987cfb5":239,"ba90687c":239,"77f2cf92":239,"037e2be4":239,"9e7dbd20":239,"0c086273":239,"ac13c3b0":239,"b4d9c57f":239,"5d53c964":239,"8ee9cc91":239,"4cc0af91":239,"55f6a2ba":239,"9559ea96":239,"9cb044bf":239,"16b25add":239,"80ee333e":239,"3b329af2":239,"1cd662bf":239,"72992b35":239,"47589344":239,"593b1533":239,"e9f6e5ce":239,"ed6bead5":239,"96f594b9":239,"94dfcfc5":239,"8301986e":239,"830ecfec":239,"a8bae791":239,"312009ee":239,"f6c27b2b":239,"945f6c24":239,"f1daea7e":239,"b8fb90e3":239,"56227e35":239,"0d6bf22a":239,"b87321d0":239,"43205b5d":239,"8982905a":239,"f6fe1ad7":239,"230064fa":239,"764e0abb":239,"bba6d88e":239,"ea3479ec":239,"32266fa3":239,"27491297":239,"d041ea86":239,"1eda11b2":239,"fc442678":239,"50b090c3":239,"8be24763":239,"eb4800b2":239,"6e0ce9dc":239,"87d9bec4":239,"e30dfa0c":239,"6da34174":239,"bfb849fa":239,"0a10b423":239,"9ef7cee7":239,"49f1a0d1":239,"5f04aa76":239,"ba297382":239,"0287db2a":239,"96abe4a9":239,"753b10b1":239,"cf14bd99":239,"782022f4":239,"322e833f":239,"c98759fd":239,"e8b6d676":239,"45ee5840":239,"76f04033":239,"43480b19":239,"fd955858":239,"69798d15":239,"efea71fa":239,"fb3aa867":239,"c9cf710b":239,"fcacdeb3":239,"0ea055ed":239,"e3b1bdf8":239,"644b45fb":239,"ab3619e4":239,"106006ad":239,"c8237be9":239,"1416e8f5":239,"dde2eed5":239,"a208caa8":239,"16605353":239,"77b39e15":239,"f1726edb":239
1601327369724,"590ce3d3":239,"1802d7ce":239,"0a49914b":239,"5d3f5cad":239,"cf347cba":239,"fc0c23f7":239,"641f9b9e":239,"c92edec5":239,"9f03c1e7":239,"06c24a8d":239,"2f35e75f":239,"3eddf7c8":239,"77970f8b":239,"efd594d5":239,"4718294d":239,"5352cf45":239,"e0ffe8ff":239,"ae14d6b5":239,"721f5f42":239,"0b50bca6":239,"bf2ca266":239,"5d8d9641":239,"0de67c6c":239,"2311399f":239,"5e3ebf5e":239,"9f6ca218":239,"6213799d":239,"44cb1fd2":239,"baf19c25":239,"24a79a6e":239,"edde30af":239,"4d949e11":239,"df12f689":239,"1da10cbf":239,"832c48e4":239,"dc90a44c":239,"1ad7c45b":239,"5566c17c":239,"86a22252":239,"0000dece":239,"ce5efdbe":239,"58ace2b5":239,"d379fd96":239,"7b819458":239,"7f8024cd":239,"ae562513":239,"7b66dacd":239,"9ab137d7":239,"7191d1cd":239,"005354dd":239,"92b72493":239,"d3e58903":239,"4481c4be":239,"7954891b":239,"4afd60a9":239,"d44c0ea3":239,"68f87858":239,"bc733a28":239,"30d32d34":239,"886c16d3":239,"e8d09b62":239,"533bac6b":239,"41634dba":239,"43fd1327":239,"113e7f4b":239,"8cce569a":239,"ce6401b6":239,"6f57824c":239,"28bd7aa1":239,"1d52fb0d":239,"cde0d748":239,"535ed444":239,"710f0d0e":239,"0905f1fb":239,"a20e529c":239,"1ae76fcc":239,"35b161d3":239,"344cd1a3":239,"77ea1236":239,"96d2a118":239,"23a0e41f":239,"b32a1080":239,"a2c4b591":239,"6dfa57be":239,"1854ce44":239,"f92b22f1":239,"ece12664":239,"36f4ecde":239,"568a0d58":239,"5fd569d2":239,"10c8fd03":239,"bd4ccb49":239,"e773d697":239,"7e8c11e7":239,"077eb15a":239,"5337c279":239,"8d256cb6":239,"7021c619":239,"32ae00db":239,"bf2defb2":239,"5b09e53e":239,"da5bb0f7":239,"6d925c84":239,"50b23ab2":239,"edfa56d4":239,"899c16eb":239,"41c76041":239,"6bb1fa99":239,"d73ff72e":239,"61c0ca91":239,"d2fda7be":239,"ce20ca3c":239,"1d2d958b":239,"81fb6a01":239,"7f5b27c8":239,"fb3444d9":239,"f05de640":239,"86a68967":239,"56cd4dca":239,"7f469f4c":239,"f92dedfc":239,"3b3569f6":239,"b01ab62a":239,"76da16fa":239,"bffee581":239,"355d1489":239,"f96fc1af":239,"06713bac":239,"61aca924":239,"d97fb857":239,"59ff5ec6":239,"ef04e64e":239,"6e2d04de":239,"2fca1798":239,"05028839":239,"5488826c":239,"84fff5c1":239,"c649992d":239,"d5ad3ed6":239,"8e5f7187":239,"55ba7579":239,"b7769ca6":239,"9c27de51":239,"38a75b48":239,"1792bfa3":239,"426f1904":239,"7c0f1ca9":239,"b2f820ac":239,"25d4f65d":239,"eddb6a2a":239,"ff8a00aa":239,"c146560b":239,"985068e7":239,"d543ba6f":239,"07150038":239,"080fa362":239,"7b6945ad":239,"a40d08e1":239,"cec79bc2":239,"d2eff358":239,"e70aebb5":239,"a488b2f1":239,"4caa87d6":239,"f7076e21":239,"69e653b6":239,"98d2991b":239,"3b411d6a":239,"83826ef3":239,"595609d5":239,"b47f1b89":239,"8e6caf71":239,"9a3433b8":239,"b89112cb":239,"66736d5e":239,"30de89a7":239,"06aaa33f":239,"320c65bf":239,"1fa1e7c2":239,"646af2b9":239,"659389ad":239,"240c8679":239,"0718c3be":239,"8b503f7b":239,"87a8523c":239,"c416baa6":239,"ae350a07":239,"680a32a6":239,"83ba647d":239,"cb0bd6b7":239,"8e426e39":239,"51909df8":239,"e22b0973":239,"23646ff9":239,"3abb827b":239,"0c73c293":239,"88929b06":239,"08c4692e":239,"5b2479ef":239,"1d882c36":239,"eb62e8f2":239,"f1e86522":239,"fa03f48f":239,"5298dafa":239,"25f7f918":239,"c5311ebb":239,"105bb3f6":239,"58de5462":239,"f01c896d":239,"1f2670d0":239,"962c9c8f":239,"aec0bf28":239,"a017a323":239,"8801c469":239,"b6281f1a":239,"48c6df81":239,"5e165f43":239,"f8785b71":239,"ab4a411a":239,"d7a4b24c":239,"686d5c0b":239,"f15eb1c5":239,"71789493":239,"5ac72353":239,"d1b14d06":239,"f6c074a7":239,"ffd6849d":239,"962fca02":239,"75968179":239,"bc8bdc23":239,"a71f3f70":239,"1f7aa83c":239,"732d62ee":239,"d4b0751c":239,"5b01444b":239,"79995b62":239,"97160db8":239,"589f0d6e":239,"51b4016a":239,"46bf9112":239,"092ad3d6":239,"bf940089":239,"01f34f98":239,"1670b0d3":239,"808bc372":239,"c792a7c1":239,"ec97d63e":239
1601327370310,"5a7da061":239,"94208a41":239,"2cbcad17":239,"06a94514":239,"73c420df":239,"4dccb5ca":239,"0700da70":239,"83268abf":239,"578c4c95":239,"ff591765":239,"93f12198":239,"c606b472":239,"62e270e5":239,"66b1b6d7":239,"b062adc4":239,"4aae5133":239,"63a3af32":239,"3fec4b0b":239,"faa3de3e":239,"44983d13":239,"80999122":239,"72af9198":239,"e39e9552":239,"81c1b70d":239,"e72f0f82":239,"88374b72":239,"fdfaf1ed":239,"ea981bed":239,"5e197575":239,"e587c4d0":239,"525b2635":239,"caa38a45":239,"a9987a58":239,"b6b8e5c7":239,"e82177d3":239,"89914b94":239,"04bdf5e1":239,"da8b42be":239,"3b0576bf":239,"9458934f":239,"1dcc489c":239,"945badf3":239,"1327775b":239,"bdd40125":239,"75fd47f7":239,"9666b973":239,"653b27c7":239,"83b37fd6":239,"1c52a07e":239,"e70ccc25":239,"afd1494f":239,"ca6bffd3":239,"829c44a4":239,"e76e2617":239,"2b4fd52e":239,"57162572":239,"d1d50cfe":239,"272e7d0d":239,"f92596ee":239,"68831ea9":239,"9713d076":239,"fd098272":239,"6ee788a7":239,"8249641d":239,"45b0968f":239,"6a9bb182":239,"1f1afd4f":239,"25fb8826":239,"0dc5da58":239,"2874a625":239,"e61ae828":239,"f7ac3883":239,"ccd01528":239,"dab8cf68":239,"00f2a9cb":239,"916fe082":239,"b64dba8e":239,"c3bb30ce":239,"86219c70":239,"601990d8":239,"5c662c19":239,"d2a5d2fd":239,"89d220c2":239,"3e10c9cb":239,"f7ffcbb8":239,"5728f934":239,"00b26865":239,"c333337d":239,"815c56bc":239,"5bd61a68":239,"8582c5cf":239,"0c353665":239,"231e8700":239,"1f9fbd85":239,"43f24679":239,"a1c0dfc4":239,"78f71162":239,"4b27a9a4":239,"163f4d19":239,"1d043d5a":239,"b2f82e06":239,"5b0b43e6":239,"b5474d69":239,"4d852788":239,"e43a9448":239,"3542b748":239,"379c53ab":239,"e396d80d":239,"7da61f27":239,"dc874a97":239,"85a220de":239,"40a7cdd2":239,"ac033c7b":239,"87759976":239,"4df3f62e":239,"c881a53e":239,"80c1c8b1":239,"cf52acd8":239,"a63cb4ce":239,"d3b3492b":239,"7580cfa4":239,"22a96386":239,"5c672b50":239,"5df16440":239,"b666e56d":239,"8db378ff":239,"784d6375":239,"4541bf85":239,"a6b13f20":239,"2459c882":239,"3df97186":239,"ef0490de":239,"e0f47ced":239,"309bbf54":239,"cc537772":239,"6618390c":239,"99cc0813":239,"dc32c4e1":239,"5a938eeb":239,"4fe0dedf":239,"951fc6d0":239,"61892a4c":239,"f096219e":239,"5500a3e8":239,"3c0e87ac":239,"a891461f":239,"a246cdab":239,"117c7f0b":239,"0d21cf99":239,"14e6fe14":239,"37ec5e73":239,"bfff7913":239,"f8636899":239,"37724339":239,"d45d9727":239,"ee5ff2a3":239,"44322dfd":239,"295e4d1d":239,"8cf6570a":239,"403064a0":239,"312af46e":239,"b5a9f8c3":239,"fcbc0ae8":239,"2ff6b6a8":239,"66a71cc1":239,"bf4b58e4":239,"a3f0a6ec":239,"01051f84":239,"aa7e370d":239,"f995eeab":239,"4006e709":239,"0dedf63e":239,"a9d5374b":239,"4321f02d":239,"089b3f8f":239,"7698d0dc":239,"784414ce":239,"2df3efdb":239,"d0f1b7bd":239,"e7799883":239,"4f9456cf":239,"6e260ee8":239,"f4f84279":239,"b0950de5":239,"6f873999":239,"1f4e0e22":239,"60d69311":239,"3b09f1de":239,"b371f44a":239,"8b6180ff":239,"8819ac24":239,"dbbf7f69":239,"239c636e":239,"6ee160ff":239,"c55d40ca":239,"22c177a8":239,"00ae883f":239,"f416ee62":239,"0d2b182d":239,"320754c3":239,"232b2f64":239,"3171b6e7":239,"3b25460f":239,"d2064756":239,"dfe4a061":239,"a8edfe84":239,"2ed19b1e":239,"959e16ea":239,"02f76c64":239,"5c6d1f33":239,"b4801cae":239,"c3c2fd05":239,"f8c97147":239,"c2526ff3":239,"cc386067":239,"a22ffd8f":239,"c2bf7d51":239,"781afef6":239,"de9229a0":239,"99a5feef":239,"f6266388":239,"e64fd39c":239,"e1b3ce36":239,"625fa164":239,"0c6ae551":239,"e8f4c1dd":239,"cede8b8c":239,"ad95ff4a":239,"893a99c5":239,"d8bf32b5":239,"0eb42efe":239,"03c4ab87":239,"4e3d3af7":239,"3a4803a8":239,"f7a7de5d":239,"d4e56c3e":239,"0c045c2d":239,"8efd4801":239,"7eb8f268":239,"20236d3e":239,"36ae8cd8":239,"3ddd5391":239,"07f69c6d":239,"2254f0f5":239,"ea282e84":239,"6653c83b":239,"c896052c":239,"287ecd1c":239,"f9376d3e":239,"07a94e8c":239,"bb017b49":239,"37b52fe4":239,"61ad1519":239,"819c4185":239,"ba69b06b":239,"7d2a2cb4":239,"4f62491c":239,"70b4c438":239,"3cd28a4d":239,"44a12c31":239,"45a961ca":239,"5ca978fd":239,"668e601b":239,"7552d86c":239,"02ebf3b6":239,"bb17a968":239,"4abcb85d":239,"cba26072":239,"2a718dcc":239,"c6a9a8e1":239,"88854fd0":239,"8dc27d2a":239,"41d7f05d":239,"2b851827":239,"9f428a03":239,"4d504d96":239,"0533ece1":239,"bcee2ef3":239,"0afba00c":239,"04ff8100":239,"6c00d8d6":239,"ac9a02bc":239,"acfe69ed":239,"426603ff":239,"2db2f252":239,"2e84193b":239,"c55683c9":239,"51233daf":239,"02791635":239,"be081247":239,"5cc47d1b":239,"678b846f":239,"b4bd39d8":239,"b4cdbe5d":239,"fa0386f3":239,"b95d0f17":239,"71ed93db":239,"c92efaa8":239,"c241ac7e":239,"62a45672":239,"210e507a":239,"ac6e268b":239,"742238e8":239,"cee9c347":239
1601327370851,"d5d94481":240,"ffe48500":240,"c7a45a33":240,"7800e7ce":240,"77869ff0":240,"4b8f7b16":240,"89f75690":240,"cb363e2f":240,"cd802f02":240,"d3cca7eb":240,"e866a899":240,"5690e712":240,"0b92d2a9":240,"070bed95":240,"67e5d108":240,"3d37b94b":240,"842c97c2":240,"c4cef92b":240,"0eecdc5b":240,"b7e495ea":240,"45ec63c0":240,"0ddfde2c":240,"a8b41774":240,"81f0da2d":240,"1fcc8ba4":240,"75a9c117":240,"12ba54ec":240,"be391c1a":240,"37d8a5b7":240,"d5ab81c4":240,"2ecde685":240,"f0bd52d3":240,"dcc20f76":240,"666a8ef0":240,"c5b609f1":240,"4dc5849a":240,"faffe099":240,"e99490cd":240,"3b830769":240,"583f0305":240,"1557c50a":240,"249e80ab":240,"f52a3d94":240,"eb74d3dd":240,"3bcbc28d":240,"3c0455e7":240,"df203c79":240,"df1e1ac0":240,"491708eb":240,"e421caaa":240,"2d2ecf27":240,"d38a4953":240,"eba5efdd":240,"a5463f93":240,"c85ac4f8":240,"bc253f4f":240,"0d9d2bf8":240,"846b7f11":240,"d3411467":240,"1df0ce7f":240,"a08171d0":240,"c8bc5677":240,"dfca0518":240,"b9a21017":240,"e47705d3":240,"3cae4115":240,"0ccf4731":240,"c7c6782d":240,"54346574":240,"b12cbf87":240,"d605c755":240,"8a8c1d67":240,"cc6b3306":240,"8c2dfd9a":240,"f11267b9":240,"a483b15e":240,"f80ab49d":240,"95eaed39":240,"a5ba0ebb":240,"f53362a9":240,"1901ef7e":240,"960c2e6b":240,"3515e999":240,"d11f8f1b":240,"9d9eb027":240,"325f9a29":240,"503aafe5":240,"81942d9b":240,"699b90c1":240,"d9b5a7a8":240,"1e7914d2":240,"e5d8fdb2":240,"3412ab75":240,"bcac5daf":240,"62d028cc":240,"0af2cf39":240,"27491297":240,"d041ea86":240,"1eda11b2":240,"fc442678":240,"080d5d42":240,"5d03f5dc":240,"f0a01341":240,"1ee4d9f9":240,"0d6e45e7":240,"0da97151":240,"e829038c":240,"4987cfb5":240,"ba90687c":240,"77f2cf92":240,"037e2be4":240,"9e7dbd20":240,"0c086273":240,"ac13c3b0":240,"b4d9c57f":240,"5d53c964":240,"8ee9cc91":240,"4cc0af91":240,"55f6a2ba":240,"9559ea96":240,"9cb044bf":240,"16b25add":240,"80ee333e":240,"3b329af2":240,"1cd662bf":240,"72992b35":240,"47589344":240,"593b1533":240,"e9f6e5ce":240,"ed6bead5":240,"96f594b9":240,"94dfcfc5":240,"8301986e":240,"830ecfec":240,"a8bae791":240,"312009ee":240,"c98759fd":240,"e8b6d676":240,"45ee5840":240,"76f04033":240,"43480b19":240,"fd955858":240,"69798d15":240,"efea71fa":240,"fb3aa867":240,"c9cf710b":240,"fcacdeb3":240,"0ea055ed":240,"e3b1bdf8":240,"644b45fb":240,"18c73816":240,"e491161e":240,"b5087677":240,"16f60bed":240,"cb0c3481":240,"7664512c":240,"df9a53b8":240,"f6c27b2b":240,"945f6c24":240,"f1daea7e":240,"b8fb90e3":240,"56227e35":240,"0d6bf22a":240,"b87321d0":240,"43205b5d":240,"8982905a":240,"f6fe1ad7":240,"230064fa":240,"764e0abb":240,"bba6d88e":240,"ea3479ec":240,"32266fa3":240,"50b090c3":240,"8be24763":240,"eb4800b2":240,"6e0ce9dc":240,"87d9bec4":240,"e30dfa0c":240,"6da34174":240,"bfb849fa":240,"0a10b423":240,"9ef7cee7":240,"49f1a0d1":240,"5f04aa76":240,"ba297382":240,"0287db2a":240,"96abe4a9":240,"753b10b1":240,"cf14bd99":240,"782022f4":240,"322e833f":240,"ab3619e4":240,"106006ad":240,"c8237be9":240,"1416e8f5":240,"dde2eed5":240,"a208caa8":240,"16605353":240,"77b39e15":240,"f1726edb":240,"92b72493":240,"d3e58903":240,"4481c4be":240,"7954891b":240,"4afd60a9":240,"d44c0ea3":240,"68f87858":240,"533bac6b":240,"41634dba":240,"43fd1327":240,"113e7f4b":240,"8cce569a":240,"ce6401b6":240,"6f57824c":240,"28bd7aa1":240,"1d52fb0d":240
1601327371469,"590ce3d3":240,"1802d7ce":240,"0a49914b":240,"5d3f5cad":240,"cf347cba":240,"fc0c23f7":240,"641f9b9e":240,"c92edec5":240,"9f03c1e7":240,"06c24a8d":240,"2f35e75f":240,"3eddf7c8":240,"77970f8b":240,"efd594d5":240,"4718294d":240,"5352cf45":240,"e0ffe8ff":240,"ae14d6b5":240,"721f5f42":240,"0b50bca6":240,"bf2ca266":240,"5d8d9641":240,"0de67c6c":240,"2311399f":240,"5e3ebf5e":240,"9f6ca218":240,"6213799d":240,"44cb1fd2":240,"baf19c25":240,"24a79a6e":240,"edde30af":240,"4d949e11":240,"df12f689":240,"1da10cbf":240,"832c48e4":240,"dc90a44c":240,"1ad7c45b":240,"5566c17c":240,"86a22252":240,"0000dece":240,"ce5efdbe":240,"58ace2b5":240,"d379fd96":240,"7b819458":240,"7f8024cd":240,"ae562513":240,"7b66dacd":240,"9ab137d7":240,"7191d1cd":240,"005354dd":240,"cde0d748":240,"535ed444":240,"710f0d0e":240,"0905f1fb":240,"a20e529c":240,"1ae76fcc":240,"35b161d3":240,"344cd1a3":240,"77ea1236":240,"96d2a118":240,"23a0e41f":240,"b32a1080":240,"a2c4b591":240,"6dfa57be":240,"1854ce44":240,"f92b22f1":240,"ece12664":240,"36f4ecde":240,"568a0d58":240,"5fd569d2":240,"10c8fd03":240,"bd4ccb49":240,"e773d697":240,"7e8c11e7":240,"077eb15a":240,"5337c279":240,"8d256cb6":240,"7021c619":240,"32ae00db":240,"bf2defb2":240,"bc733a28":240,"30d32d34":240,"886c16d3":240,"e8d09b62":240,"5b09e53e":240,"da5bb0f7":240,"6d925c84":240,"50b23ab2":240,"edfa56d4":240,"899c16eb":240,"41c76041":240,"6bb1fa99":240,"d73ff72e":240,"61c0ca91":240,"d2fda7be":240,"ce20ca3c":240,"1d2d958b":240,"81fb6a01":240,"7f5b27c8":240,"fb3444d9":240,"f05de640":240,"86a68967":240,"56cd4dca":240,"7f469f4c":240,"f92dedfc":240,"355d1489":240,"f96fc1af":240,"06713bac":240,"3b3569f6":240,"b01ab62a":240,"76da16fa":240,"bffee581":240,"07150038":240,"080fa362":240,"7b6945ad":240,"a40d08e1":240,"cec79bc2":240,"d2eff358":240,"61aca924":240,"d97fb857":240,"59ff5ec6":240,"ef04e64e":240,"6e2d04de":240,"2fca1798":240,"05028839":240,"5488826c":240,"84fff5c1":240,"c649992d":240,"d5ad3ed6":240,"8e5f7187":240,"55ba7579":240,"b7769ca6":240,"9c27de51":240,"38a75b48":240,"1792bfa3":240,"426f1904":240,"7c0f1ca9":240,"b2f820ac":240,"25d4f65d":240,"eddb6a2a":240,"ff8a00aa":240,"c146560b":240,"985068e7":240,"d543ba6f":240,"eb62e8f2":240,"f1e86522":240,"fa03f48f":240,"5298dafa":240,"25f7f918":240,"c5311ebb":240,"105bb3f6":240,"58de5462":240,"f01c896d":240,"1f2670d0":240,"e70aebb5":240,"a488b2f1":240,"4caa87d6":240,"f7076e21":240,"69e653b6":240,"98d2991b":240,"3b411d6a":240,"83826ef3":240,"595609d5":240,"b47f1b89":240,"8e6caf71":240,"9a3433b8":240,"b89112cb":240,"66736d5e":240,"30de89a7":240,"06aaa33f":240,"320c65bf":240,"1fa1e7c2":240,"646af2b9":240,"659389ad":240,"240c8679":240,"0718c3be":240,"8b503f7b":240,"87a8523c":240,"c416baa6":240,"ae350a07":240,"680a32a6":240,"83ba647d":240,"cb0bd6b7":240,"8e426e39":240,"51909df8":240,"e22b0973":240,"23646ff9":240,"3abb827b":240,"0c73c293":240,"88929b06":240,"08c4692e":240,"5b2479ef":240,"1d882c36":240,"962c9c8f":240,"aec0bf28":240,"a017a323":240,"8801c469":240,"b6281f1a":240,"48c6df81":240,"5e165f43":240,"f8785b71":240,"ab4a411a":240,"d7a4b24c":240,"686d5c0b":240,"f15eb1c5":240,"71789493":240,"5ac72353":240,"d1b14d06":240,"f6c074a7":240,"ffd6849d":240,"962fca02":240,"75968179":240,"bc8bdc23":240,"a71f3f70":240,"1f7aa83c":240,"732d62ee":240,"d4b0751c":240,"5b01444b":240,"79995b62":240,"97160db8":240,"589f0d6e":240,"51b4016a":240,"46bf9112":240,"092ad3d6":240,"bf940089":240,"808bc372":240,"01f34f98":240,"c792a7c1":240,"1670b0d3":240,"5a7da061":240,"06a94514":240,"ec97d63e":240,"73c420df":240,"94208a41":240,"0700da70":240,"2cbcad17":240,"4dccb5ca":240,"ff591765":240,"93f12198":240,"83268abf":240,"62e270e5":240,"578c4c95":240,"c606b472":240,"66b1b6d7":240,"b062adc4":240,"4aae5133":240,"63a3af32":240,"3fec4b0b":240,"faa3de3e":240,"44983d13":240,"80999122":240,"72af9198":240,"e39e9552":240,"81c1b70d":240,"e72f0f82":240,"88374b72":240,"fdfaf1ed":240,"ea981bed":240,"5e197575":240,"e587c4d0":240,"525b2635":240,"caa38a45":240,"a9987a58":240,"b6b8e5c7":240,"e82177d3":240,"89914b94":240,"9666b973":240,"653b27c7":240,"83b37fd6":240,"4d852788":240,"e43a9448":240,"3542b748":240,"04bdf5e1":240,"da8b42be":240,"3b0576bf":240,"9458934f":240,"1dcc489c":240,"945badf3":240,"1327775b":240,"bdd40125":240,"75fd47f7":240,"1c52a07e":240,"e70ccc25":240,"afd1494f":240,"ca6bffd3":240,"829c44a4":240,"e76e2617":240,"2b4fd52e":240,"57162572":240,"d1d50cfe":240,"272e7d0d":240,"f92596ee":240,"68831ea9":240,"9713d076":240,"fd098272":240,"6ee788a7":240,"8249641d":240,"45b0968f":240,"6a9bb182":240,"1f1afd4f":240,"25fb8826":240,"0dc5da58":240,"2874a625":240,"e61ae828":240,"f7ac3883":240,"ccd01528":240,"dab8cf68":240,"00f2a9cb":240,"916fe082":240,"b64dba8e":240,"c3bb30ce":240,"86219c70":240,"601990d8":240,"5c662c19":240,"d2a5d2fd":240,"89d220c2":240,"3e10c9cb":240,"5500a3e8":240,"3c0e87ac":240,"f7ffcbb8":240,"5728f934":240,"00b26865":240,"c333337d":240,"815c56bc":240,"5bd61a68":240,"8582c5cf":240,"0c353665":240,"231e8700":240,"1f9fbd85":240,"43f24679":240,"a1c0dfc4":240,"78f71162":240,"4b27a9a4":240,"163f4d19":240,"1d043d5a":240,"b2f82e06":240,"5b0b43e6":240,"b5474d69":240,"5a938eeb":240,"4fe0dedf":240,"951fc6d0":240,"379c53ab":240,"e396d80d":240,"7da61f27":240,"dc874a97":240,"85a220de":240,"40a7cdd2":240,"ac033c7b":240,"87759976":240,"4df3f62e":240,"c881a53e":240,"80c1c8b1":240,"cf52acd8":240,"a63cb4ce":240,"d3b3492b":240,"7580cfa4":240,"22a96386":240,"5c672b50":240,"5df16440":240,"b666e56d":240,"8db378ff":240,"784d6375":240,"4541bf85":240,"a6b13f20":240,"2459c882":240,"3df97186":240,"ef0490de":240,"e0f47ced":240,"309bbf54":240,"cc537772":240,"6618390c":240,"99cc0813":240,"dc32c4e1":240,"239c636e":240,"6ee160ff":240,"c55d40ca":240,"22c177a8":240,"00ae883f":240,"61892a4c":240,"f096219e":240,"a891461f":240,"a246cdab":240,"117c7f0b":240,"0d21cf99":240,"14e6fe14":240,"37ec5e73":240,"bfff7913":240,"f8636899":240,"37724339":240,"d45d9727":240,"ee5ff2a3":240,"44322dfd":240,"295e4d1d":240,"8cf6570a":240,"403064a0":240,"312af46e":240,"b5a9f8c3":240,"fcbc0ae8":240,"2ff6b6a8":240,"66a71cc1":240,"bf4b58e4":240,"a3f0a6ec":240,"01051f84":240,"aa7e370d":240
1601327371957,"f416ee62":240,"0d2b182d":240,"320754c3":240,"232b2f64":240,"3171b6e7":240,"3b25460f":240,"d2064756":240,"f995eeab":240,"4006e709":240,"0dedf63e":240,"a9d5374b":240,"4321f02d":240,"089b3f8f":240,"7698d0dc":240,"784414ce":240,"2df3efdb":240,"d0f1b7bd":240,"e7799883":240,"4f9456cf":240,"6e260ee8":240,"a8edfe84":240,"2ed19b1e":240,"959e16ea":240,"02f76c64":240,"5c6d1f33":240,"b4801cae":240,"c3c2fd05":240,"f8c97147":240,"c2526ff3":240,"cc386067":240,"a22ffd8f":240,"f4f84279":240,"b0950de5":240,"6f873999":240,"1f4e0e22":240,"60d69311":240,"3b09f1de":240,"b371f44a":240,"8b6180ff":240,"8819ac24":240,"dbbf7f69":240,"3cd28a4d":240,"44a12c31":240,"45a961ca":240,"5ca978fd":240,"668e601b":240,"7552d86c":240,"02ebf3b6":240,"bb17a968":240,"4abcb85d":240,"cba26072":240,"2a718dcc":240,"c6a9a8e1":240,"88854fd0":240,"8dc27d2a":240,"41d7f05d":240,"2b851827":240,"9f428a03":240,"4d504d96":240,"0533ece1":240,"bcee2ef3":240,"0afba00c":240,"04ff8100":240,"6c00d8d6":240,"ac9a02bc":240,"acfe69ed":240,"426603ff":240,"2db2f252":240,"2e84193b":240,"c55683c9":240,"51233daf":240,"02791635":240,"be081247":240,"5cc47d1b":240,"678b846f":240,"b4bd39d8":240,"b4cdbe5d":240,"fa0386f3":240,"b95d0f17":240,"cee9c347":240,"dfe4a061":240,"c2bf7d51":240,"781afef6":240,"de9229a0":240,"99a5feef":240,"f6266388":240,"e64fd39c":240,"e1b3ce36":240,"625fa164":240,"0c6ae551":240,"e8f4c1dd":240,"cede8b8c":240,"ad95ff4a":240,"893a99c5":240,"d8bf32b5":240,"0eb42efe":240,"03c4ab87":240,"4e3d3af7":240,"3a4803a8":240,"f7a7de5d":240,"d4e56c3e":240,"0c045c2d":240,"8efd4801":240,"7eb8f268":240,"20236d3e":240,"36ae8cd8":240,"3ddd5391":240,"07f69c6d":240,"2254f0f5":240,"ea282e84":240,"6653c83b":240,"c896052c":240,"287ecd1c":240,"f9376d3e":240,"07a94e8c":240,"bb017b49":240,"37b52fe4":240,"61ad1519":240,"819c4185":240,"ba69b06b":240,"7d2a2cb4":240,"4f62491c":240,"70b4c438":240,"71ed93db":240,"c92efaa8":240,"c241ac7e":240,"62a45672":240,"210e507a":240,"ac6e268b":240,"742238e8":240
1601327372394,"7800e7ce":241,"77869ff0":241,"4b8f7b16":241,"89f75690":241,"cb363e2f":241,"cd802f02":241,"d3cca7eb":241,"e866a899":241,"5690e712":241,"0b92d2a9":241,"070bed95":241,"67e5d108":241,"3d37b94b":241,"842c97c2":241,"c4cef92b":241,"0eecdc5b":241,"b7e495ea":241,"45ec63c0":241,"0ddfde2c":241,"a8b41774":241,"81f0da2d":241,"1fcc8ba4":241,"75a9c117":241,"12ba54ec":241,"be391c1a":241,"37d8a5b7":241,"d5ab81c4":241,"2ecde685":241,"f0bd52d3":241,"dcc20f76":241,"666a8ef0":241,"c5b609f1":241,"4dc5849a":241,"d605c755":241,"8a8c1d67":241,"cc6b3306":241,"8c2dfd9a":241,"f11267b9":241,"a483b15e":241,"f80ab49d":241,"95eaed39":241,"a5ba0ebb":241,"f53362a9":241,"1901ef7e":241,"960c2e6b":241,"3515e999":241,"d11f8f1b":241,"9d9eb027":241,"325f9a29":241,"503aafe5":241,"080d5d42":241,"5d03f5dc":241,"f0a01341":241,"1ee4d9f9":241,"0d6e45e7":241,"0da97151":241,"e829038c":241,"4987cfb5":241,"ba90687c":241,"77f2cf92":241,"037e2be4":241,"9e7dbd20":241,"0c086273":241,"ac13c3b0":241,"b4d9c57f":241,"5d53c964":241,"8ee9cc91":241,"4cc0af91":241,"55f6a2ba":241,"9559ea96":241,"9cb044bf":241,"16b25add":241,"80ee333e":241,"3b329af2":241,"1cd662bf":241,"d5d94481":241,"ffe48500":241,"c7a45a33":241,"faffe099":241,"e99490cd":241,"3b830769":241,"583f0305":241,"1557c50a":241,"249e80ab":241,"f52a3d94":241,"eb74d3dd":241,"3bcbc28d":241,"3c0455e7":241,"df203c79":241,"df1e1ac0":241,"491708eb":241,"e421caaa":241,"2d2ecf27":241,"d38a4953":241,"eba5efdd":241,"a5463f93":241,"c85ac4f8":241,"bc253f4f":241,"0d9d2bf8":241,"846b7f11":241,"d3411467":241,"1df0ce7f":241,"a08171d0":241,"72992b35":241,"47589344":241,"593b1533":241,"e9f6e5ce":241,"ed6bead5":241,"96f594b9":241,"94dfcfc5":241,"8301986e":241,"830ecfec":241,"a8bae791":241,"312009ee":241,"c98759fd":241,"e8b6d676":241,"45ee5840":241,"76f04033":241,"43480b19":241,"fd955858":241,"69798d15":241,"efea71fa":241,"fb3aa867":241,"c9cf710b":241,"fcacdeb3":241,"0ea055ed":241,"e3b1bdf8":241,"644b45fb":241,"c8bc5677":241,"dfca0518":241,"b9a21017":241,"e47705d3":241,"3cae4115":241,"0ccf4731":241,"c7c6782d":241,"54346574":241,"b12cbf87":241,"81942d9b":241,"699b90c1":241,"d9b5a7a8":241,"1e7914d2":241,"e5d8fdb2":241,"3412ab75":241,"bcac5daf":241,"62d028cc":241,"0af2cf39":241,"27491297":241,"d041ea86":241,"1eda11b2":241,"fc442678":241,"18c73816":241,"e491161e":241,"b5087677":241,"16f60bed":241,"cb0c3481":241,"7664512c":241,"df9a53b8":241,"f6c27b2b":241,"945f6c24":241,"f1daea7e":241,"b8fb90e3":241,"56227e35":241,"0d6bf22a":241,"b87321d0":241,"43205b5d":241,"8982905a":241,"f6fe1ad7":241,"230064fa":241,"764e0abb":241,"bba6d88e":241,"ea3479ec":241,"32266fa3":241,"50b090c3":241,"8be24763":241,"eb4800b2":241,"6e0ce9dc":241,"87d9bec4":241,"e30dfa0c":241,"6da34174":241,"bfb849fa":241,"0a10b423":241,"9ef7cee7":241,"49f1a0d1":241,"5f04aa76":241,"ba297382":241,"0287db2a":241,"96abe4a9":241,"753b10b1":241,"cf14bd99":241,"782022f4":241,"322e833f":241,"ab3619e4":241,"106006ad":241,"c8237be9":241,"1416e8f5":241,"dde2eed5":241,"a208caa8":241,"16605353":241,"77b39e15":241,"f1726edb":241,"590ce3d3":241,"1802d7ce":241,"0a49914b":241,"5d3f5cad":241,"cf347cba":241,"fc0c23f7":241,"641f9b9e":241,"c92edec5":241,"9f03c1e7":241,"06c24a8d":241,"2f35e75f":241,"3eddf7c8":241,"77970f8b":241,"efd594d5":241,"4718294d":241,"5352cf45":241,"e0ffe8ff":241,"ae14d6b5":241,"721f5f42":241,"0b50bca6":241,"bf2ca266":241,"5d8d9641":241,"0de67c6c":241,"92b72493":241,"d3e58903":241,"4481c4be":241,"7954891b":241,"4afd60a9":241,"d44c0ea3":241,"68f87858":241,"533bac6b":241,"41634dba":241,"43fd1327":241,"113e7f4b":241,"8cce569a":241,"ce6401b6":241,"6f57824c":241,"28bd7aa1":241,"1d52fb0d":241,"cde0d748":241,"535ed444":241,"710f0d0e":241
1601327372594,"2311399f":241,"5e3ebf5e":241,"9f6ca218":241,"6213799d":241,"44cb1fd2":241,"baf19c25":241,"24a79a6e":241,"edde30af":241,"4d949e11":241,"df12f689":241,"1da10cbf":241,"832c48e4":241,"dc90a44c":241,"1ad7c45b":241,"5566c17c":241,"86a22252":241,"0000dece":241,"ce5efdbe":241,"58ace2b5":241,"d379fd96":241,"7b819458":241,"7f8024cd":241,"ae562513":241,"7b66dacd":241,"9ab137d7":241,"7191d1cd":241,"005354dd":241,"0905f1fb":241,"a20e529c":241,"1ae76fcc":241,"35b161d3":241,"344cd1a3":241,"77ea1236":241,"96d2a118":241,"23a0e41f":241,"b32a1080":241,"a2c4b591":241,"6dfa57be":241,"1854ce44":241,"f92b22f1":241,"ece12664":241,"36f4ecde":241,"568a0d58":241,"5fd569d2":241,"10c8fd03":241,"bd4ccb49":241,"e773d697":241,"7e8c11e7":241,"077eb15a":241,"5337c279":241,"8d256cb6":241,"7021c619":241,"32ae00db":241,"bf2defb2":241,"bc733a28":241,"30d32d34":241,"886c16d3":241,"e8d09b62":241,"5b09e53e":241,"da5bb0f7":241,"6d925c84":241,"50b23ab2":241,"edfa56d4":241,"899c16eb":241,"41c76041":241,"6bb1fa99":241,"d73ff72e":241,"61c0ca91":241,"d2fda7be":241,"ce20ca3c":241,"1d2d958b":241,"81fb6a01":241,"7f5b27c8":241,"fb3444d9":241,"f05de640":241,"86a68967":241,"56cd4dca":241,"7f469f4c":241,"f92dedfc":241,"355d1489":241,"f96fc1af":241,"06713bac":241,"61aca924":241,"d97fb857":241,"59ff5ec6":241,"3b3569f6":241,"b01ab62a":241,"76da16fa":241,"bffee581":241,"07150038":241,"080fa362":241,"7b6945ad":241,"a40d08e1":241,"cec79bc2":241,"d2eff358":241,"e70aebb5":241,"ef04e64e":241,"6e2d04de":241,"2fca1798":241,"05028839":241,"5488826c":241,"84fff5c1":241,"c649992d":241,"d5ad3ed6":241,"8e5f7187":241,"55ba7579":241,"b7769ca6":241,"9c27de51":241,"38a75b48":241,"1792bfa3":241,"426f1904":241,"7c0f1ca9":241,"b2f820ac":241,"25d4f65d":241,"eddb6a2a":241,"ff8a00aa":241,"c146560b":241,"985068e7":241,"d543ba6f":241,"a488b2f1":241,"4caa87d6":241,"f7076e21":241,"69e653b6":241,"98d2991b":241,"3b411d6a":241,"83826ef3":241,"595609d5":241,"b47f1b89":241,"8e6caf71":241,"9a3433b8":241,"b89112cb":241,"66736d5e":241,"30de89a7":241,"06aaa33f":241,"320c65bf":241,"1fa1e7c2":241,"646af2b9":241,"659389ad":241,"240c8679":241,"0718c3be":241,"8b503f7b":241,"87a8523c":241,"c416baa6":241,"ae350a07":241,"680a32a6":241,"83ba647d":241,"cb0bd6b7":241,"8e426e39":241,"51909df8":241,"e22b0973":241,"23646ff9":241,"3abb827b":241,"0c73c293":241,"88929b06":241,"08c4692e":241,"5b2479ef":241,"1d882c36":241,"eb62e8f2":241,"f1e86522":241,"fa03f48f":241,"5298dafa":241,"25f7f918":241,"c5311ebb":241,"105bb3f6":241,"58de5462":241,"f01c896d":241,"1f2670d0":241,"962c9c8f":241,"aec0bf28":241,"a017a323":241,"8801c469":241,"b6281f1a":241,"48c6df81":241,"5e165f43":241,"f8785b71":241,"ab4a411a":241,"d7a4b24c":241,"686d5c0b":241,"f15eb1c5":241,"71789493":241,"5ac72353":241,"d1b14d06":241,"f6c074a7":241,"ffd6849d":241,"962fca02":241,"75968179":241,"bc8bdc23":241,"a71f3f70":241,"1f7aa83c":241,"732d62ee":241,"d4b0751c":241,"5b01444b":241,"79995b62":241,"97160db8":241,"589f0d6e":241,"808bc372":241,"51b4016a":241,"c792a7c1":241,"5a7da061":241,"46bf9112":241,"06a94514":241,"092ad3d6":241,"bf940089":241,"73c420df":241,"01f34f98":241,"0700da70":241,"ff591765":241,"1670b0d3":241,"93f12198":241,"ec97d63e":241,"94208a41":241,"62e270e5":241,"2cbcad17":241,"66b1b6d7":241,"b062adc4":241,"4dccb5ca":241,"4aae5133":241,"83268abf":241,"63a3af32":241,"578c4c95":241,"c606b472":241,"3fec4b0b":241,"faa3de3e":241,"44983d13":241,"80999122":241,"72af9198":241,"e39e9552":241,"81c1b70d":241,"e72f0f82":241,"88374b72":241,"fdfaf1ed":241,"ea981bed":241,"5e197575":241,"e587c4d0":241,"525b2635":241,"caa38a45":241,"a9987a58":241,"b6b8e5c7":241,"e82177d3":241,"89914b94":241,"04bdf5e1":241,"da8b42be":241,"3b0576bf":241,"9458934f":241,"1dcc489c":241,"945badf3":241,"1327775b":241,"bdd40125":241,"75fd47f7":241,"1c52a07e":241,"9666b973":241,"653b27c7":241,"83b37fd6":241,"4d852788":241,"e43a9448":241,"3542b748":241,"e70ccc25":241,"afd1494f":241,"ca6bffd3":241,"829c44a4":241,"e76e2617":241,"2b4fd52e":241,"57162572":241,"d1d50cfe":241,"272e7d0d":241,"f92596ee":241,"68831ea9":241,"9713d076":241,"fd098272":241,"6ee788a7":241,"8249641d":241,"45b0968f":241,"6a9bb182":241,"1f1afd4f":241,"25fb8826":241,"0dc5da58":241,"2874a625":241,"e61ae828":241,"f7ac3883":241,"ccd01528":241,"dab8cf68":241,"00f2a9cb":241,"916fe082":241,"b64dba8e":241,"c3bb30ce":241,"86219c70":241,"601990d8":241,"5c662c19":241,"d2a5d2fd":241,"89d220c2":241,"3e10c9cb":241,"f7ffcbb8":241,"5728f934":241,"00b26865":241,"c333337d":241,"815c56bc":241,"5bd61a68":241,"8582c5cf":241,"0c353665":241,"231e8700":241,"1f9fbd85":241,"43f24679":241,"a1c0dfc4":241,"78f71162":241,"4b27a9a4":241,"163f4d19":241,"1d043d5a":241,"b2f82e06":241,"5b0b43e6":241,"b5474d69":241,"5a938eeb":241,"4fe0dedf":241,"951fc6d0":241,"61892a4c":241,"f096219e":241,"a3f0a6ec":241,"01051f84":241,"aa7e370d":241,"f995eeab":241,"4006e709":241,"379c53ab":241,"e396d80d":241,"7da61f27":241,"dc874a97":241,"85a220de":241,"40a7cdd2":241,"ac033c7b":241,"87759976":241,"4df3f62e":241,"c881a53e":241,"80c1c8b1":241,"cf52acd8":241,"a63cb4ce":241,"d3b3492b":241,"7580cfa4":241,"22a96386":241,"5c672b50":241,"5df16440":241,"b666e56d":241,"8db378ff":241,"784d6375":241,"4541bf85":241,"a6b13f20":241,"2459c882":241,"3df97186":241,"ef0490de":241,"e0f47ced":241,"309bbf54":241,"cc537772":241,"6618390c":241,"99cc0813":241,"dc32c4e1":241,"239c636e":241,"6ee160ff":241,"c55d40ca":241,"22c177a8":241,"00ae883f":241,"f416ee62":241,"0dedf63e":241,"a9d5374b":241,"5500a3e8":241,"3c0e87ac":241,"a891461f":241,"a246cdab":241,"117c7f0b":241,"0d21cf99":241,"14e6fe14":241,"37ec5e73":241,"bfff7913":241,"f8636899":241,"37724339":241,"d45d9727":241,"ee5ff2a3":241,"44322dfd":241,"295e4d1d":241,"8cf6570a":241,"403064a0":241,"312af46e":241,"b5a9f8c3":241,"fcbc0ae8":241,"2ff6b6a8":241,"66a71cc1":241,"bf4b58e4":241,"4321f02d":241,"089b3f8f":241,"7698d0dc":241,"784414ce":241,"2df3efdb":241,"d0f1b7bd":241,"e7799883":241,"4f9456cf":241,"6e260ee8":241,"f4f84279":241,"b0950de5":241,"6f873999":241,"1f4e0e22":241,"60d69311":241,"3b09f1de":241,"b371f44a":241,"8b6180ff":241,"8819ac24":241,"dbbf7f69":241,"0d2b182d":241,"320754c3":241,"232b2f64":241,"3171b6e7":241,"3b25460f":241,"d2064756":241
1601327373603,"dfe4a061":241,"c2bf7d51":241,"781afef6":241,"de9229a0":241,"99a5feef":241,"f6266388":241,"e64fd39c":241,"e1b3ce36":241,"625fa164":241,"0c6ae551":241,"e8f4c1dd":241,"cede8b8c":241,"ad95ff4a":241,"893a99c5":241,"d8bf32b5":241,"a8edfe84":241,"2ed19b1e":241,"959e16ea":241,"02f76c64":241,"5c6d1f33":241,"b4801cae":241,"c3c2fd05":241,"f8c97147":241,"c2526ff3":241,"cc386067":241,"a22ffd8f":241,"3cd28a4d":241,"44a12c31":241,"45a961ca":241,"5ca978fd":241,"668e601b":241,"7552d86c":241,"02ebf3b6":241,"bb17a968":241,"4abcb85d":241,"cba26072":241,"0eb42efe":241,"03c4ab87":241,"4e3d3af7":241,"3a4803a8":241,"f7a7de5d":241,"d4e56c3e":241,"0c045c2d":241,"8efd4801":241,"7eb8f268":241,"20236d3e":241,"36ae8cd8":241,"3ddd5391":241,"07f69c6d":241,"2254f0f5":241,"ea282e84":241,"6653c83b":241,"c896052c":241,"287ecd1c":241,"f9376d3e":241,"07a94e8c":241,"bb017b49":241,"37b52fe4":241,"61ad1519":241,"819c4185":241,"ba69b06b":241,"7d2a2cb4":241,"4f62491c":241,"70b4c438":241,"71ed93db":241,"c92efaa8":241,"c241ac7e":241,"62a45672":241,"210e507a":241,"ac6e268b":241,"742238e8":241,"2a718dcc":241,"c6a9a8e1":241,"88854fd0":241,"8dc27d2a":241,"41d7f05d":241,"2b851827":241,"9f428a03":241,"4d504d96":241,"0533ece1":241,"bcee2ef3":241,"0afba00c":241,"04ff8100":241,"6c00d8d6":241,"ac9a02bc":241,"acfe69ed":241,"426603ff":241,"2db2f252":241,"2e84193b":241,"c55683c9":241,"51233daf":241,"02791635":241,"be081247":241,"5cc47d1b":241,"678b846f":241,"b4bd39d8":241,"b4cdbe5d":241,"fa0386f3":241,"b95d0f17":241,"cee9c347":241,"7800e7ce":242,"77869ff0":242,"4b8f7b16":242,"89f75690":242,"cb363e2f":242,"cd802f02":242,"d3cca7eb":242,"e866a899":242,"5690e712":242,"0b92d2a9":242,"070bed95":242,"67e5d108":242,"3d37b94b":242,"842c97c2":242,"c4cef92b":242,"0eecdc5b":242,"b7e495ea":242,"45ec63c0":242,"0ddfde2c":242,"a8b41774":242,"81f0da2d":242,"1fcc8ba4":242,"75a9c117":242,"12ba54ec":242,"be391c1a":242,"37d8a5b7":242,"d5ab81c4":242,"2ecde685":242,"f0bd52d3":242,"dcc20f76":242,"666a8ef0":242,"c5b609f1":242,"4dc5849a":242,"d605c755":242,"8a8c1d67":242,"cc6b3306":242,"8c2dfd9a":242,"f11267b9":242,"a483b15e":242,"f80ab49d":242,"95eaed39":242,"a5ba0ebb":242,"f53362a9":242,"1901ef7e":242,"960c2e6b":242,"3515e999":242,"d11f8f1b":242,"9d9eb027":242,"325f9a29":242,"503aafe5":242
1601327374894,"d5d94481":242,"ffe48500":242,"c7a45a33":242,"faffe099":242,"e99490cd":242,"3b830769":242,"583f0305":242,"1557c50a":242,"249e80ab":242,"f52a3d94":242,"eb74d3dd":242,"3bcbc28d":242,"3c0455e7":242,"df203c79":242,"df1e1ac0":242,"491708eb":242,"e421caaa":242,"2d2ecf27":242,"d38a4953":242,"eba5efdd":242,"a5463f93":242,"c85ac4f8":242,"bc253f4f":242,"0d9d2bf8":242,"846b7f11":242,"d3411467":242,"1df0ce7f":242,"a08171d0":242,"c8bc5677":242,"dfca0518":242,"b9a21017":242,"e47705d3":242,"3cae4115":242,"0ccf4731":242,"c7c6782d":242,"54346574":242,"b12cbf87":242,"81942d9b":242,"699b90c1":242,"d9b5a7a8":242,"1e7914d2":242,"e5d8fdb2":242,"3412ab75":242,"bcac5daf":242,"62d028cc":242,"0af2cf39":242,"27491297":242,"d041ea86":242,"1eda11b2":242,"fc442678":242,"080d5d42":242,"5d03f5dc":242,"f0a01341":242,"1ee4d9f9":242,"0d6e45e7":242,"0da97151":242,"e829038c":242,"4987cfb5":242,"ba90687c":242,"77f2cf92":242,"037e2be4":242,"9e7dbd20":242,"0c086273":242,"ac13c3b0":242,"b4d9c57f":242,"5d53c964":242,"8ee9cc91":242,"4cc0af91":242,"55f6a2ba":242,"9559ea96":242,"9cb044bf":242,"16b25add":242,"80ee333e":242,"3b329af2":242,"1cd662bf":242,"72992b35":242,"47589344":242,"593b1533":242,"e9f6e5ce":242,"ed6bead5":242,"96f594b9":242,"94dfcfc5":242,"8301986e":242,"830ecfec":242,"a8bae791":242,"312009ee":242,"c98759fd":242,"e8b6d676":242,"45ee5840":242,"76f04033":242,"43480b19":242,"fd955858":242,"69798d15":242,"efea71fa":242,"fb3aa867":242,"c9cf710b":242,"fcacdeb3":242,"0ea055ed":242,"e3b1bdf8":242,"644b45fb":242,"18c73816":242,"e491161e":242,"b5087677":242,"16f60bed":242,"cb0c3481":242,"7664512c":242,"df9a53b8":242,"f6c27b2b":242,"945f6c24":242,"f1daea7e":242,"b8fb90e3":242,"56227e35":242,"0d6bf22a":242,"b87321d0":242,"43205b5d":242,"8982905a":242,"f6fe1ad7":242,"230064fa":242,"764e0abb":242,"bba6d88e":242,"ea3479ec":242,"32266fa3":242,"50b090c3":242,"8be24763":242,"eb4800b2":242,"6e0ce9dc":242,"87d9bec4":242,"e30dfa0c":242,"6da34174":242
1601327375293,"bfb849fa":242,"0a10b423":242,"9ef7cee7":242,"49f1a0d1":242,"5f04aa76":242,"ba297382":242,"0287db2a":242,"96abe4a9":242,"753b10b1":242,"cf14bd99":242,"782022f4":242,"322e833f":242,"ab3619e4":242,"106006ad":242,"c8237be9":242,"1416e8f5":242,"dde2eed5":242,"a208caa8":242,"16605353":242,"77b39e15":242,"f1726edb":242,"92b72493":242,"d3e58903":242,"4481c4be":242,"7954891b":242,"4afd60a9":242,"d44c0ea3":242,"68f87858":242,"533bac6b":242,"41634dba":242,"43fd1327":242,"113e7f4b":242,"8cce569a":242,"ce6401b6":242,"6f57824c":242,"28bd7aa1":242,"1d52fb0d":242,"cde0d748":242,"535ed444":242,"710f0d0e":242,"0905f1fb":242,"a20e529c":242,"1ae76fcc":242,"35b161d3":242,"344cd1a3":242,"77ea1236":242,"96d2a118":242,"23a0e41f":242,"b32a1080":242,"a2c4b591":242,"6dfa57be":242,"1854ce44":242,"f92b22f1":242,"ece12664":242,"36f4ecde":242,"568a0d58":242,"5fd569d2":242,"10c8fd03":242,"bd4ccb49":242,"e773d697":242,"7e8c11e7":242,"077eb15a":242,"5337c279":242,"8d256cb6":242,"7021c619":242,"32ae00db":242,"bf2defb2":242,"bc733a28":242,"30d32d34":242,"886c16d3":242,"e8d09b62":242,"590ce3d3":242,"1802d7ce":242,"0a49914b":242,"5d3f5cad":242,"cf347cba":242,"fc0c23f7":242,"641f9b9e":242,"c92edec5":242,"9f03c1e7":242,"06c24a8d":242,"2f35e75f":242,"3eddf7c8":242,"77970f8b":242,"efd594d5":242,"4718294d":242,"5352cf45":242,"e0ffe8ff":242,"ae14d6b5":242,"721f5f42":242,"0b50bca6":242,"bf2ca266":242,"5d8d9641":242,"0de67c6c":242,"2311399f":242,"5e3ebf5e":242,"9f6ca218":242,"6213799d":242,"44cb1fd2":242,"baf19c25":242,"24a79a6e":242,"edde30af":242,"4d949e11":242,"df12f689":242,"1da10cbf":242,"832c48e4":242,"dc90a44c":242,"1ad7c45b":242,"5566c17c":242,"86a22252":242,"0000dece":242,"ce5efdbe":242,"58ace2b5":242,"d379fd96":242,"7b819458":242,"7f8024cd":242,"ae562513":242,"7b66dacd":242,"9ab137d7":242,"7191d1cd":242,"005354dd":242,"5b09e53e":242,"da5bb0f7":242,"6d925c84":242,"50b23ab2":242,"edfa56d4":242,"899c16eb":242,"41c76041":242,"6bb1fa99":242,"d73ff72e":242,"61c0ca91":242,"d2fda7be":242,"ce20ca3c":242,"1d2d958b":242,"81fb6a01":242,"7f5b27c8":242,"fb3444d9":242,"f05de640":242,"86a68967":242,"56cd4dca":242,"7f469f4c":242,"f92dedfc":242,"355d1489":242,"f96fc1af":242,"06713bac":242,"61aca924":242,"d97fb857":242,"59ff5ec6":242,"ef04e64e":242,"6e2d04de":242,"2fca1798":242,"05028839":242,"5488826c":242,"84fff5c1":242,"c649992d":242,"d5ad3ed6":242,"8e5f7187":242,"55ba7579":242,"b7769ca6":242,"9c27de51":242,"38a75b48":242,"1792bfa3":242,"426f1904":242,"7c0f1ca9":242,"3b3569f6":242,"b01ab62a":242,"76da16fa":242,"bffee581":242,"07150038":242,"080fa362":242,"7b6945ad":242,"a40d08e1":242,"cec79bc2":242,"d2eff358":242,"e70aebb5":242,"a488b2f1":242,"4caa87d6":242,"f7076e21":242,"69e653b6":242,"98d2991b":242,"3b411d6a":242,"83826ef3":242,"595609d5":242,"b47f1b89":242,"b2f820ac":242,"25d4f65d":242,"eddb6a2a":242,"ff8a00aa":242,"c146560b":242,"985068e7":242,"d543ba6f":242,"8e6caf71":242,"9a3433b8":242,"b89112cb":242,"66736d5e":242,"30de89a7":242,"06aaa33f":242,"320c65bf":242,"1fa1e7c2":242,"646af2b9":242,"659389ad":242,"240c8679":242,"0718c3be":242,"8b503f7b":242,"87a8523c":242,"c416baa6":242,"ae350a07":242,"680a32a6":242,"83ba647d":242,"cb0bd6b7":242,"8e426e39":242,"51909df8":242,"e22b0973":242,"23646ff9":242,"3abb827b":242,"0c73c293":242,"88929b06":242,"08c4692e":242,"5b2479ef":242,"1d882c36":242,"eb62e8f2":242,"f1e86522":242,"fa03f48f":242,"5298dafa":242,"25f7f918":242,"c5311ebb":242,"105bb3f6":242,"58de5462":242,"f01c896d":242,"1f2670d0":242,"962c9c8f":242,"aec0bf28":242,"a017a323":242,"8801c469":242,"b6281f1a":242,"48c6df81":242,"5e165f43":242,"f8785b71":242,"ab4a411a":242,"d7a4b24c":242,"686d5c0b":242,"f15eb1c5":242,"71789493":242,"272e7d0d":242,"f92596ee":242,"68831ea9":242,"9713d076":242,"fd098272":242,"6ee788a7":242,"8249641d":242,"5ac72353":242,"d1b14d06":242,"f6c074a7":242,"ffd6849d":242,"962fca02":242,"75968179":242,"bc8bdc23":242,"a71f3f70":242,"1f7aa83c":242,"732d62ee":242,"d4b0751c":242,"5b01444b":242,"79995b62":242,"97160db8":242,"589f0d6e":242,"51b4016a":242,"46bf9112":242,"092ad3d6":242,"bf940089":242,"808bc372":242,"01f34f98":242,"1670b0d3":242,"c792a7c1":242,"ec97d63e":242,"5a7da061":242,"94208a41":242,"06a94514":242,"2cbcad17":242,"73c420df":242,"4dccb5ca":242,"0700da70":242,"ff591765":242,"83268abf":242,"93f12198":242,"578c4c95":242,"62e270e5":242,"c606b472":242,"66b1b6d7":242,"b062adc4":242,"4aae5133":242,"63a3af32":242,"3fec4b0b":242,"faa3de3e":242,"44983d13":242,"80999122":242,"72af9198":242,"45b0968f":242,"6a9bb182":242,"1f1afd4f":242,"25fb8826":242,"0dc5da58":242,"2874a625":242,"e61ae828":242,"f7ac3883":242,"ccd01528":242,"dab8cf68":242,"00f2a9cb":242,"916fe082":242,"b64dba8e":242,"c3bb30ce":242
1601327376476,"e39e9552":242,"81c1b70d":242,"e72f0f82":242,"88374b72":242,"fdfaf1ed":242,"ea981bed":242,"5e197575":242,"e587c4d0":242,"525b2635":242,"caa38a45":242,"a9987a58":242,"b6b8e5c7":242,"e82177d3":242,"89914b94":242,"04bdf5e1":242,"da8b42be":242,"3b0576bf":242,"9458934f":242,"1dcc489c":242,"945badf3":242,"1327775b":242,"bdd40125":242,"75fd47f7":242,"1c52a07e":242,"e70ccc25":242,"afd1494f":242,"ca6bffd3":242,"829c44a4":242,"e76e2617":242,"2b4fd52e":242,"57162572":242,"d1d50cfe":242,"9666b973":242,"653b27c7":242,"83b37fd6":242,"4d852788":242,"e43a9448":242,"3542b748":242,"379c53ab":242,"e396d80d":242,"7da61f27":242,"dc874a97":242,"85a220de":242,"40a7cdd2":242,"ac033c7b":242,"87759976":242,"4df3f62e":242,"c881a53e":242,"80c1c8b1":242,"cf52acd8":242,"a63cb4ce":242,"d3b3492b":242,"7580cfa4":242,"22a96386":242,"5c672b50":242,"5df16440":242,"b666e56d":242,"8db378ff":242,"784d6375":242,"4541bf85":242,"a6b13f20":242,"2459c882":242,"3df97186":242,"ef0490de":242,"e0f47ced":242,"309bbf54":242,"cc537772":242,"6618390c":242,"99cc0813":242,"dc32c4e1":242,"239c636e":242,"6ee160ff":242,"c55d40ca":242,"22c177a8":242,"00ae883f":242,"f416ee62":242,"0d2b182d":242,"320754c3":242,"232b2f64":242,"3171b6e7":242,"3b25460f":242,"d2064756":242,"f7ffcbb8":242,"5728f934":242,"00b26865":242,"c333337d":242,"815c56bc":242,"5bd61a68":242,"8582c5cf":242,"0c353665":242,"231e8700":242,"1f9fbd85":242,"43f24679":242,"a1c0dfc4":242,"78f71162":242,"4b27a9a4":242,"163f4d19":242,"1d043d5a":242,"b2f82e06":242,"5b0b43e6":242,"37724339":242,"d45d9727":242,"ee5ff2a3":242,"44322dfd":242,"295e4d1d":242,"8cf6570a":242,"403064a0":242,"312af46e":242,"b5a9f8c3":242,"fcbc0ae8":242,"2ff6b6a8":242,"66a71cc1":242,"bf4b58e4":242,"86219c70":242,"601990d8":242,"5c662c19":242,"d2a5d2fd":242,"89d220c2":242,"3e10c9cb":242,"5500a3e8":242,"3c0e87ac":242,"a891461f":242,"a246cdab":242,"117c7f0b":242,"0d21cf99":242,"14e6fe14":242,"37ec5e73":242,"bfff7913":242,"f8636899":242,"b5474d69":242,"5a938eeb":242,"4fe0dedf":242,"951fc6d0":242,"61892a4c":242,"f096219e":242,"a3f0a6ec":242,"01051f84":242,"aa7e370d":242,"f995eeab":242,"4006e709":242,"0dedf63e":242,"a9d5374b":242,"4321f02d":242,"089b3f8f":242,"7698d0dc":242,"784414ce":242,"2df3efdb":242,"d0f1b7bd":242,"e7799883":242,"4f9456cf":242,"6e260ee8":242,"f4f84279":242,"b0950de5":242,"6f873999":242,"1f4e0e22":242,"60d69311":242,"3b09f1de":242,"b371f44a":242,"8b6180ff":242,"8819ac24":242,"dbbf7f69":242,"dfe4a061":242,"c2bf7d51":242,"781afef6":242,"de9229a0":242,"99a5feef":242,"f6266388":242,"e64fd39c":242,"e1b3ce36":242,"625fa164":242,"0c6ae551":242,"e8f4c1dd":242,"cede8b8c":242,"ad95ff4a":242,"a8edfe84":242,"2ed19b1e":242,"959e16ea":242,"02f76c64":242,"5c6d1f33":242,"b4801cae":242,"c3c2fd05":242,"f8c97147":242,"c2526ff3":242,"cc386067":242,"a22ffd8f":242,"3cd28a4d":242,"44a12c31":242,"45a961ca":242,"5ca978fd":242,"668e601b":242,"7552d86c":242,"02ebf3b6":242,"bb17a968":242,"4abcb85d":242,"cba26072":242,"2a718dcc":242,"c6a9a8e1":242,"88854fd0":242,"8dc27d2a":242,"41d7f05d":242,"2b851827":242,"9f428a03":242,"4d504d96":242,"0533ece1":242,"bcee2ef3":242,"0afba00c":242,"04ff8100":242,"6c00d8d6":242,"ac9a02bc":242,"acfe69ed":242,"426603ff":242,"2db2f252":242,"2e84193b":242,"c55683c9":242,"51233daf":242,"02791635":242,"be081247":242,"5cc47d1b":242,"678b846f":242,"b4bd39d8":242,"b4cdbe5d":242,"fa0386f3":242,"b95d0f17":242,"cee9c347":242,"893a99c5":242,"d8bf32b5":242,"0eb42efe":242,"03c4ab87":242,"4e3d3af7":242,"3a4803a8":242,"f7a7de5d":242,"d4e56c3e":242,"0c045c2d":242,"8efd4801":242,"7eb8f268":242,"20236d3e":242,"36ae8cd8":242,"3ddd5391":242,"07f69c6d":242,"2254f0f5":242,"ea282e84":242,"6653c83b":242,"c896052c":242,"287ecd1c":242,"f9376d3e":242,"07a94e8c":242,"bb017b49":242,"37b52fe4":242,"61ad1519":242,"819c4185":242,"ba69b06b":242,"7d2a2cb4":242,"4f62491c":242,"70b4c438":242,"71ed93db":242,"c92efaa8":242,"c241ac7e":242,"62a45672":242,"210e507a":242,"ac6e268b":242,"742238e8":242
1601327377021,"7800e7ce":243,"77869ff0":243,"4b8f7b16":243,"89f75690":243,"cb363e2f":243,"cd802f02":243,"d3cca7eb":243,"e866a899":243,"5690e712":243,"0b92d2a9":243,"070bed95":243,"67e5d108":243,"d5d94481":243,"ffe48500":243,"c7a45a33":243,"faffe099":243,"e99490cd":243,"3b830769":243,"583f0305":243,"1557c50a":243,"249e80ab":243,"f52a3d94":243,"eb74d3dd":243,"3bcbc28d":243,"3c0455e7":243,"df203c79":243,"df1e1ac0":243,"491708eb":243,"e421caaa":243,"2d2ecf27":243,"d38a4953":243,"eba5efdd":243,"a5463f93":243,"c85ac4f8":243,"3d37b94b":243,"842c97c2":243,"c4cef92b":243,"0eecdc5b":243,"b7e495ea":243,"45ec63c0":243,"0ddfde2c":243,"a8b41774":243,"81f0da2d":243,"1fcc8ba4":243,"75a9c117":243,"12ba54ec":243,"be391c1a":243,"37d8a5b7":243,"d5ab81c4":243,"2ecde685":243,"f0bd52d3":243,"dcc20f76":243,"666a8ef0":243,"c5b609f1":243,"4dc5849a":243,"d605c755":243,"8a8c1d67":243,"cc6b3306":243,"8c2dfd9a":243,"f11267b9":243,"a483b15e":243,"f80ab49d":243,"95eaed39":243,"a5ba0ebb":243,"f53362a9":243,"1901ef7e":243,"960c2e6b":243,"3515e999":243,"d11f8f1b":243,"9d9eb027":243,"325f9a29":243,"bc253f4f":243,"0d9d2bf8":243,"846b7f11":243,"d3411467":243,"1df0ce7f":243,"a08171d0":243,"c8bc5677":243,"dfca0518":243,"b9a21017":243,"e47705d3":243,"3cae4115":243,"0ccf4731":243,"c7c6782d":243,"54346574":243,"b12cbf87":243,"81942d9b":243,"699b90c1":243,"d9b5a7a8":243,"1e7914d2":243,"e5d8fdb2":243,"3412ab75":243,"bcac5daf":243,"62d028cc":243,"0af2cf39":243,"27491297":243,"d041ea86":243,"1eda11b2":243,"503aafe5":243,"fc442678":243,"080d5d42":243,"5d03f5dc":243,"f0a01341":243,"1ee4d9f9":243,"0d6e45e7":243,"0da97151":243,"e829038c":243,"4987cfb5":243,"ba90687c":243,"77f2cf92":243,"037e2be4":243,"9e7dbd20":243,"0c086273":243,"ac13c3b0":243,"b4d9c57f":243,"5d53c964":243,"8ee9cc91":243,"4cc0af91":243,"55f6a2ba":243,"9559ea96":243,"9cb044bf":243,"16b25add":243,"80ee333e":243,"3b329af2":243,"1cd662bf":243,"72992b35":243,"47589344":243,"593b1533":243,"e9f6e5ce":243,"ed6bead5":243,"96f594b9":243,"94dfcfc5":243,"8301986e":243,"830ecfec":243,"a8bae791":243,"312009ee":243,"c98759fd":243,"e8b6d676":243,"45ee5840":243,"76f04033":243,"43480b19":243,"fd955858":243,"69798d15":243,"efea71fa":243,"fb3aa867":243,"c9cf710b":243,"fcacdeb3":243,"0ea055ed":243,"e3b1bdf8":243,"644b45fb":243,"18c73816":243,"e491161e":243,"b5087677":243,"16f60bed":243,"cb0c3481":243,"7664512c":243,"df9a53b8":243,"f6c27b2b":243,"945f6c24":243,"f1daea7e":243,"b8fb90e3":243,"56227e35":243,"0d6bf22a":243,"b87321d0":243,"43205b5d":243,"8982905a":243,"f6fe1ad7":243,"230064fa":243,"764e0abb":243,"bba6d88e":243,"ea3479ec":243,"32266fa3":243,"50b090c3":243,"8be24763":243,"eb4800b2":243,"6e0ce9dc":243,"87d9bec4":243,"e30dfa0c":243,"6da34174":243,"bfb849fa":243,"0a10b423":243,"9ef7cee7":243,"49f1a0d1":243,"5f04aa76":243,"ba297382":243,"0287db2a":243,"96abe4a9":243,"753b10b1":243,"cf14bd99":243,"782022f4":243,"322e833f":243,"ab3619e4":243,"106006ad":243,"c8237be9":243,"1416e8f5":243,"dde2eed5":243,"a208caa8":243,"16605353":243,"77b39e15":243,"f1726edb":243,"590ce3d3":243,"1802d7ce":243,"0a49914b":243,"5d3f5cad":243,"92b72493":243,"d3e58903":243,"4481c4be":243,"7954891b":243,"4afd60a9":243,"d44c0ea3":243,"68f87858":243,"533bac6b":243,"41634dba":243,"43fd1327":243,"113e7f4b":243,"8cce569a":243,"ce6401b6":243,"6f57824c":243,"28bd7aa1":243,"1d52fb0d":243,"cde0d748":243,"535ed444":243,"710f0d0e":243,"0905f1fb":243,"a20e529c":243,"1ae76fcc":243,"35b161d3":243,"344cd1a3":243,"77ea1236":243,"96d2a118":243,"23a0e41f":243,"b32a1080":243,"a2c4b591":243,"6dfa57be":243,"1854ce44":243,"f92b22f1":243,"ece12664":243,"36f4ecde":243,"5b09e53e":243,"da5bb0f7":243,"6d925c84":243,"50b23ab2":243,"cf347cba":243,"fc0c23f7":243,"641f9b9e":243,"c92edec5":243,"9f03c1e7":243,"06c24a8d":243,"2f35e75f":243,"3eddf7c8":243,"77970f8b":243,"efd594d5":243,"4718294d":243,"5352cf45":243,"e0ffe8ff":243,"ae14d6b5":243,"721f5f42":243,"0b50bca6":243,"bf2ca266":243,"5d8d9641":243,"0de67c6c":243,"2311399f":243,"5e3ebf5e":243,"9f6ca218":243,"6213799d":243,"44cb1fd2":243,"baf19c25":243,"24a79a6e":243,"edde30af":243,"4d949e11":243,"df12f689":243,"1da10cbf":243,"832c48e4":243,"dc90a44c":243,"1ad7c45b":243,"5566c17c":243,"86a22252":243,"0000dece":243,"ce5efdbe":243,"58ace2b5":243,"edfa56d4":243,"899c16eb":243,"41c76041":243,"6bb1fa99":243,"d73ff72e":243,"61c0ca91":243,"d2fda7be":243,"ce20ca3c":243,"1d2d958b":243,"81fb6a01":243,"7f5b27c8":243,"fb3444d9":243,"f05de640":243,"86a68967":243,"56cd4dca":243,"568a0d58":243,"5fd569d2":243,"10c8fd03":243,"bd4ccb49":243,"e773d697":243,"7e8c11e7":243,"077eb15a":243,"5337c279":243,"8d256cb6":243,"7021c619":243,"32ae00db":243,"bf2defb2":243,"bc733a28":243,"30d32d34":243,"886c16d3":243,"e8d09b62":243,"7f469f4c":243,"f92dedfc":243,"355d1489":243,"f96fc1af":243,"06713bac":243,"61aca924":243,"d97fb857":243,"59ff5ec6":243,"ef04e64e":243,"6e2d04de":243,"2fca1798":243,"05028839":243,"5488826c":243,"84fff5c1":243,"c649992d":243,"d5ad3ed6":243,"8e5f7187":243,"55ba7579":243,"d379fd96":243,"7b819458":243,"7f8024cd":243,"ae562513":243,"7b66dacd":243,"9ab137d7":243,"7191d1cd":243,"005354dd":243,"b7769ca6":243,"9c27de51":243,"38a75b48":243,"1792bfa3":243,"426f1904":243,"7c0f1ca9":243,"b2f820ac":243,"25d4f65d":243,"eddb6a2a":243,"ff8a00aa":243,"c146560b":243,"985068e7":243,"d543ba6f":243,"3b3569f6":243,"b01ab62a":243,"76da16fa":243,"bffee581":243,"07150038":243,"080fa362":243,"7b6945ad":243,"a40d08e1":243,"cec79bc2":243,"d2eff358":243,"e70aebb5":243,"a488b2f1":243,"4caa87d6":243,"f7076e21":243,"69e653b6":243,"98d2991b":243,"3b411d6a":243,"83826ef3":243,"595609d5":243,"b47f1b89":243,"8e6caf71":243,"9a3433b8":243,"b89112cb":243,"66736d5e":243,"30de89a7":243,"06aaa33f":243,"320c65bf":243,"1fa1e7c2":243,"646af2b9":243,"659389ad":243,"240c8679":243,"0718c3be":243,"8b503f7b":243,"87a8523c":243,"c416baa6":243,"ae350a07":243,"680a32a6":243,"83ba647d":243,"cb0bd6b7":243,"8e426e39":243,"51909df8":243,"e22b0973":243,"23646ff9":243,"3abb827b":243,"0c73c293":243,"88929b06":243,"08c4692e":243,"5b2479ef":243,"1d882c36":243,"eb62e8f2":243,"f1e86522":243,"fa03f48f":243,"5298dafa":243,"25f7f918":243,"c5311ebb":243,"105bb3f6":243,"58de5462":243,"f01c896d":243,"1f2670d0":243,"962c9c8f":243,"aec0bf28":243,"a017a323":243,"8801c469":243,"b6281f1a":243,"48c6df81":243,"5e165f43":243,"f8785b71":243,"ab4a411a":243,"d7a4b24c":243,"686d5c0b":243,"f15eb1c5":243,"71789493":243,"5ac72353":243,"d1b14d06":243,"f6c074a7":243,"ffd6849d":243,"962fca02":243,"75968179":243,"bc8bdc23":243,"a71f3f70":243,"1f7aa83c":243,"732d62ee":243,"d4b0751c":243
1601327377636,"272e7d0d":243,"f92596ee":243,"68831ea9":243,"9713d076":243,"fd098272":243,"6ee788a7":243,"8249641d":243,"45b0968f":243,"6a9bb182":243,"1f1afd4f":243,"25fb8826":243,"0dc5da58":243,"2874a625":243,"5b01444b":243,"79995b62":243,"97160db8":243,"589f0d6e":243,"51b4016a":243,"46bf9112":243,"092ad3d6":243,"bf940089":243,"01f34f98":243,"1670b0d3":243,"ec97d63e":243,"94208a41":243,"2cbcad17":243,"808bc372":243,"4dccb5ca":243,"83268abf":243,"c792a7c1":243,"578c4c95":243,"5a7da061":243,"06a94514":243,"c606b472":243,"73c420df":243,"0700da70":243,"ff591765":243,"93f12198":243,"62e270e5":243,"66b1b6d7":243,"b062adc4":243,"4aae5133":243,"63a3af32":243,"3fec4b0b":243,"faa3de3e":243,"44983d13":243,"80999122":243,"72af9198":243,"e39e9552":243,"81c1b70d":243,"e72f0f82":243,"88374b72":243,"fdfaf1ed":243,"e61ae828":243,"f7ac3883":243,"ccd01528":243,"dab8cf68":243,"00f2a9cb":243,"916fe082":243,"b64dba8e":243,"c3bb30ce":243,"86219c70":243,"601990d8":243,"5c662c19":243,"d2a5d2fd":243,"89d220c2":243,"3e10c9cb":243,"5500a3e8":243,"3c0e87ac":243,"a891461f":243,"a246cdab":243,"117c7f0b":243,"0d21cf99":243,"14e6fe14":243,"37ec5e73":243,"bfff7913":243,"f8636899":243,"37724339":243,"d45d9727":243,"ee5ff2a3":243,"44322dfd":243,"295e4d1d":243,"8cf6570a":243,"403064a0":243,"312af46e":243,"b5a9f8c3":243,"fcbc0ae8":243,"ea981bed":243,"5e197575":243,"e587c4d0":243,"525b2635":243,"caa38a45":243,"a9987a58":243,"b6b8e5c7":243,"e82177d3":243,"89914b94":243,"04bdf5e1":243,"da8b42be":243,"3b0576bf":243,"9458934f":243,"1dcc489c":243,"945badf3":243,"1327775b":243,"bdd40125":243,"75fd47f7":243,"1c52a07e":243,"e70ccc25":243,"afd1494f":243,"ca6bffd3":243,"829c44a4":243,"e76e2617":243,"2b4fd52e":243,"57162572":243,"d1d50cfe":243,"2ff6b6a8":243,"66a71cc1":243,"bf4b58e4":243,"f7ffcbb8":243,"5728f934":243,"00b26865":243,"c333337d":243,"815c56bc":243,"5bd61a68":243,"784d6375":243,"4541bf85":243,"a6b13f20":243,"2459c882":243,"3df97186":243,"ef0490de":243,"e0f47ced":243,"309bbf54":243,"cc537772":243,"6618390c":243,"99cc0813":243,"dc32c4e1":243,"239c636e":243,"6ee160ff":243,"c55d40ca":243,"22c177a8":243,"00ae883f":243,"f416ee62":243,"0d2b182d":243,"320754c3":243,"232b2f64":243,"3171b6e7":243,"3b25460f":243,"d2064756":243,"9666b973":243,"653b27c7":243,"83b37fd6":243,"4d852788":243,"e43a9448":243,"3542b748":243,"379c53ab":243,"e396d80d":243,"7da61f27":243,"dc874a97":243,"85a220de":243,"40a7cdd2":243,"ac033c7b":243,"87759976":243,"4df3f62e":243,"c881a53e":243,"80c1c8b1":243,"cf52acd8":243,"a63cb4ce":243,"d3b3492b":243,"7580cfa4":243,"22a96386":243,"5c672b50":243,"5df16440":243,"b666e56d":243,"8db378ff":243,"8582c5cf":243,"0c353665":243,"231e8700":243,"1f9fbd85":243,"43f24679":243,"a1c0dfc4":243,"78f71162":243,"4b27a9a4":243,"163f4d19":243,"1d043d5a":243,"b2f82e06":243,"5b0b43e6":243,"b5474d69":243,"5a938eeb":243,"4fe0dedf":243,"951fc6d0":243,"61892a4c":243,"f096219e":243,"a3f0a6ec":243,"01051f84":243,"aa7e370d":243,"f995eeab":243,"4006e709":243,"0dedf63e":243,"a9d5374b":243,"4321f02d":243,"089b3f8f":243,"7698d0dc":243,"784414ce":243,"2df3efdb":243,"d0f1b7bd":243,"e7799883":243,"4f9456cf":243,"6e260ee8":243,"f4f84279":243,"b0950de5":243,"6f873999":243,"1f4e0e22":243,"60d69311":243,"3b09f1de":243,"b371f44a":243,"8b6180ff":243,"8819ac24":243,"dbbf7f69":243,"dfe4a061":243,"c2bf7d51":243,"a8edfe84":243,"2ed19b1e":243,"959e16ea":243,"02f76c64":243,"5c6d1f33":243,"b4801cae":243,"c3c2fd05":243,"f8c97147":243,"c2526ff3":243,"cc386067":243,"a22ffd8f":243,"3cd28a4d":243,"44a12c31":243,"45a961ca":243,"5ca978fd":243,"668e601b":243,"7552d86c":243,"02ebf3b6":243,"bb17a968":243,"4abcb85d":243,"781afef6":243,"de9229a0":243,"99a5feef":243,"f6266388":243,"e64fd39c":243,"e1b3ce36":243,"625fa164":243,"0c6ae551":243,"e8f4c1dd":243,"cede8b8c":243,"ad95ff4a":243,"893a99c5":243,"d8bf32b5":243,"0eb42efe":243,"03c4ab87":243,"4e3d3af7":243,"3a4803a8":243,"f7a7de5d":243,"d4e56c3e":243,"0c045c2d":243,"8efd4801":243,"7eb8f268":243,"20236d3e":243,"36ae8cd8":243,"3ddd5391":243,"07f69c6d":243,"2254f0f5":243,"ea282e84":243,"6653c83b":243,"c896052c":243,"cba26072":243,"2a718dcc":243,"c6a9a8e1":243,"88854fd0":243,"8dc27d2a":243,"41d7f05d":243,"2b851827":243,"9f428a03":243,"4d504d96":243,"0533ece1":243,"bcee2ef3":243,"0afba00c":243,"04ff8100":243,"6c00d8d6":243,"ac9a02bc":243,"acfe69ed":243,"426603ff":243,"2db2f252":243,"2e84193b":243,"c55683c9":243,"51233daf":243,"02791635":243,"be081247":243,"5cc47d1b":243,"678b846f":243,"b4bd39d8":243,"b4cdbe5d":243,"fa0386f3":243,"b95d0f17":243,"cee9c347":243,"287ecd1c":243,"f9376d3e":243,"07a94e8c":243,"bb017b49":243,"37b52fe4":243,"61ad1519":243,"819c4185":243,"ba69b06b":243,"7d2a2cb4":243,"4f62491c":243,"70b4c438":243,"71ed93db":243,"c92efaa8":243,"c241ac7e":243,"62a45672":243,"210e507a":243,"ac6e268b":243,"742238e8":243,"7800e7ce":244,"77869ff0":244,"4b8f7b16":244,"89f75690":244,"cb363e2f":244,"cd802f02":244,"d3cca7eb":244,"e866a899":244,"5690e712":244,"0b92d2a9":244,"070bed95":244,"67e5d108":244,"3d37b94b":244,"842c97c2":244,"c4cef92b":244,"0eecdc5b":244,"b7e495ea":244,"45ec63c0":244,"0ddfde2c":244,"a8b41774":244,"81f0da2d":244,"1fcc8ba4":244,"75a9c117":244,"12ba54ec":244,"be391c1a":244,"37d8a5b7":244,"d5ab81c4":244,"2ecde685":244,"f0bd52d3":244,"dcc20f76":244,"666a8ef0":244,"c5b609f1":244,"4dc5849a":244,"d605c755":244,"8a8c1d67":244,"cc6b3306":244,"8c2dfd9a":244,"f11267b9":244,"a483b15e":244,"f80ab49d":244,"95eaed39":244,"a5ba0ebb":244,"f53362a9":244,"1901ef7e":244,"960c2e6b":244,"3515e999":244,"d11f8f1b":244,"9d9eb027":244,"325f9a29":244,"503aafe5":244,"d5d94481":244,"ffe48500":244,"c7a45a33":244,"faffe099":244,"e99490cd":244,"3b830769":244,"583f0305":244,"1557c50a":244,"249e80ab":244,"f52a3d94":244,"eb74d3dd":244,"3bcbc28d":244,"3c0455e7":244,"df203c79":244,"df1e1ac0":244,"491708eb":244,"e421caaa":244,"2d2ecf27":244,"d38a4953":244,"eba5efdd":244,"a5463f93":244,"c85ac4f8":244,"bc253f4f":244,"0d9d2bf8":244,"846b7f11":244,"d3411467":244,"1df0ce7f":244,"a08171d0":244,"c8bc5677":244,"dfca0518":244,"b9a21017":244,"e47705d3":244,"3cae4115":244,"0ccf4731":244,"c7c6782d":244,"54346574":244,"b12cbf87":244,"81942d9b":244,"699b90c1":244,"d9b5a7a8":244,"1e7914d2":244,"e5d8fdb2":244,"3412ab75":244,"bcac5daf":244,"18c73816":244,"e491161e":244,"b5087677":244,"16f60bed":244,"080d5d42":244,"5d03f5dc":244,"f0a01341":244,"1ee4d9f9":244,"0d6e45e7":244,"0da97151":244,"e829038c":244,"4987cfb5":244,"ba90687c":244,"77f2cf92":244,"037e2be4":244,"9e7dbd20":244,"0c086273":244,"ac13c3b0":244,"b4d9c57f":244,"5d53c964":244,"8ee9cc91":244,"4cc0af91":244,"55f6a2ba":244,"9559ea96":244,"9cb044bf":244,"16b25add":244,"80ee333e":244,"3b329af2":244,"cb0c3481":244,"7664512c":244,"df9a53b8":244,"f6c27b2b":244,"945f6c24":244,"f1daea7e":244,"b8fb90e3":244,"56227e35":244,"0d6bf22a":244,"b87321d0":244,"62d028cc":244,"0af2cf39":244,"27491297":244,"d041ea86":244,"1eda11b2":244,"fc442678":244,"43205b5d":244,"8982905a":244,"f6fe1ad7":244,"230064fa":244,"764e0abb":244,"bba6d88e":244,"ea3479ec":244,"32266fa3":244,"50b090c3":244,"8be24763":244,"eb4800b2":244,"6e0ce9dc":244,"87d9bec4":244,"e30dfa0c":244,"6da34174":244,"bfb849fa":244,"0a10b423":244,"9ef7cee7":244,"49f1a0d1":244,"5f04aa76":244,"ba297382":244,"0287db2a":244,"96abe4a9":244,"753b10b1":244,"cf14bd99":244,"782022f4":244,"322e833f":244,"ab3619e4":244,"1cd662bf":244,"72992b35":244,"47589344":244,"593b1533":244,"e9f6e5ce":244,"ed6bead5":244,"96f594b9":244,"94dfcfc5":244,"8301986e":244,"830ecfec":244,"a8bae791":244,"312009ee":244,"c98759fd":244,"e8b6d676":244,"45ee5840":244,"76f04033":244,"43480b19":244,"fd955858":244,"69798d15":244,"efea71fa":244,"fb3aa867":244,"c9cf710b":244,"fcacdeb3":244,"0ea055ed":244,"e3b1bdf8":244,"644b45fb":244,"106006ad":244,"c8237be9":244,"1416e8f5":244,"dde2eed5":244,"a208caa8":244,"16605353":244,"77b39e15":244,"f1726edb":244,"92b72493":244,"d3e58903":244,"4481c4be":244,"7954891b":244,"4afd60a9":244,"d44c0ea3":244,"68f87858":244,"533bac6b":244,"41634dba":244,"43fd1327":244,"113e7f4b":244,"8cce569a":244,"ce6401b6":244,"6f57824c":244,"28bd7aa1":244,"1d52fb0d":244,"cde0d748":244,"535ed444":244,"710f0d0e":244,"0905f1fb":244,"a20e529c":244,"1ae76fcc":244,"35b161d3":244,"344cd1a3":244,"77ea1236":244,"96d2a118":244,"23a0e41f":244,"b32a1080":244,"a2c4b591":244,"6dfa57be":244,"1854ce44":244,"f92b22f1":244,"ece12664":244,"36f4ecde":244,"568a0d58":244,"5fd569d2":244,"10c8fd03":244,"bd4ccb49":244,"e773d697":244,"7e8c11e7":244,"077eb15a":244
1601327378251,"590ce3d3":244,"1802d7ce":244,"0a49914b":244,"5d3f5cad":244,"cf347cba":244,"fc0c23f7":244,"641f9b9e":244,"c92edec5":244,"9f03c1e7":244,"06c24a8d":244,"2f35e75f":244,"3eddf7c8":244,"77970f8b":244,"efd594d5":244,"4718294d":244,"5352cf45":244,"e0ffe8ff":244,"5337c279":244,"8d256cb6":244,"7021c619":244,"32ae00db":244,"5b09e53e":244,"da5bb0f7":244,"6d925c84":244,"50b23ab2":244,"edfa56d4":244,"899c16eb":244,"41c76041":244,"6bb1fa99":244,"d73ff72e":244,"61c0ca91":244,"d2fda7be":244,"ce20ca3c":244,"1d2d958b":244,"81fb6a01":244,"7f5b27c8":244,"fb3444d9":244,"f05de640":244,"86a68967":244,"56cd4dca":244,"7f469f4c":244,"f92dedfc":244,"355d1489":244,"f96fc1af":244,"06713bac":244,"61aca924":244,"d97fb857":244,"59ff5ec6":244,"ef04e64e":244,"ae14d6b5":244,"721f5f42":244,"0b50bca6":244,"bf2ca266":244,"5d8d9641":244,"0de67c6c":244,"2311399f":244,"5e3ebf5e":244,"9f6ca218":244,"6213799d":244,"44cb1fd2":244,"baf19c25":244,"24a79a6e":244,"edde30af":244,"4d949e11":244,"df12f689":244,"1da10cbf":244,"832c48e4":244,"dc90a44c":244,"1ad7c45b":244,"5566c17c":244,"86a22252":244,"0000dece":244,"ce5efdbe":244,"58ace2b5":244,"d379fd96":244,"7b819458":244,"7f8024cd":244,"ae562513":244,"7b66dacd":244,"9ab137d7":244,"7191d1cd":244,"005354dd":244,"3b3569f6":244,"b01ab62a":244,"76da16fa":244,"bffee581":244,"07150038":244,"080fa362":244,"7b6945ad":244,"a40d08e1":244,"cec79bc2":244,"d2eff358":244,"e70aebb5":244,"a488b2f1":244,"4caa87d6":244,"f7076e21":244,"6e2d04de":244,"2fca1798":244,"05028839":244,"5488826c":244,"84fff5c1":244,"c649992d":244,"d5ad3ed6":244,"8e5f7187":244,"55ba7579":244,"b7769ca6":244,"9c27de51":244,"38a75b48":244,"1792bfa3":244,"426f1904":244,"7c0f1ca9":244,"b2f820ac":244,"25d4f65d":244,"eddb6a2a":244,"ff8a00aa":244,"c146560b":244,"985068e7":244,"d543ba6f":244,"69e653b6":244,"98d2991b":244,"3b411d6a":244,"83826ef3":244,"595609d5":244,"b47f1b89":244,"8e6caf71":244,"9a3433b8":244,"b89112cb":244,"66736d5e":244,"30de89a7":244,"06aaa33f":244,"320c65bf":244,"1fa1e7c2":244,"646af2b9":244,"659389ad":244,"240c8679":244,"0718c3be":244,"8b503f7b":244,"87a8523c":244,"c416baa6":244,"ae350a07":244,"680a32a6":244,"83ba647d":244,"cb0bd6b7":244,"8e426e39":244,"51909df8":244,"e22b0973":244,"23646ff9":244,"3abb827b":244,"0c73c293":244,"88929b06":244,"08c4692e":244,"5b2479ef":244,"1d882c36":244,"eb62e8f2":244,"f1e86522":244,"fa03f48f":244,"5298dafa":244,"25f7f918":244,"c5311ebb":244,"105bb3f6":244,"58de5462":244,"f01c896d":244,"1f2670d0":244,"962c9c8f":244,"aec0bf28":244,"a017a323":244,"8801c469":244,"b6281f1a":244,"48c6df81":244,"5e165f43":244,"f8785b71":244,"ab4a411a":244,"d7a4b24c":244,"bf2defb2":244,"bc733a28":244,"30d32d34":244,"886c16d3":244,"e8d09b62":244,"686d5c0b":244,"f15eb1c5":244,"71789493":244,"5ac72353":244,"d1b14d06":244,"f6c074a7":244,"ffd6849d":244,"962fca02":244,"75968179":244,"bc8bdc23":244,"a71f3f70":244,"1f7aa83c":244,"732d62ee":244,"d4b0751c":244,"5b01444b":244,"79995b62":244,"97160db8":244,"589f0d6e":244,"51b4016a":244,"46bf9112":244,"092ad3d6":244,"bf940089":244,"01f34f98":244,"1670b0d3":244,"ec97d63e":244,"94208a41":244,"2cbcad17":244,"4dccb5ca":244,"83268abf":244,"808bc372":244,"578c4c95":244,"c792a7c1":244,"5a7da061":244,"c606b472":244,"06a94514":244,"73c420df":244,"0700da70":244,"ff591765":244,"93f12198":244,"62e270e5":244,"66b1b6d7":244,"b062adc4":244,"4aae5133":244,"63a3af32":244,"3fec4b0b":244,"faa3de3e":244,"44983d13":244,"80999122":244,"72af9198":244,"e39e9552":244,"81c1b70d":244,"e72f0f82":244,"88374b72":244,"fdfaf1ed":244,"ea981bed":244,"5e197575":244,"e587c4d0":244,"525b2635":244,"caa38a45":244,"a9987a58":244,"b6b8e5c7":244,"e82177d3":244,"89914b94":244,"04bdf5e1":244,"da8b42be":244,"3b0576bf":244,"9458934f":244,"1dcc489c":244,"945badf3":244,"1327775b":244,"bdd40125":244,"75fd47f7":244,"1c52a07e":244,"e70ccc25":244,"afd1494f":244,"ca6bffd3":244,"829c44a4":244,"e76e2617":244,"2b4fd52e":244,"57162572":244,"d1d50cfe":244,"9666b973":244,"653b27c7":244,"272e7d0d":244,"f92596ee":244,"68831ea9":244,"9713d076":244,"fd098272":244,"6ee788a7":244,"8249641d":244,"45b0968f":244,"6a9bb182":244,"1f1afd4f":244,"25fb8826":244,"0dc5da58":244,"2874a625":244,"e61ae828":244,"f7ac3883":244,"ccd01528":244,"dab8cf68":244,"00f2a9cb":244,"83b37fd6":244,"4d852788":244,"e43a9448":244,"3542b748":244,"379c53ab":244,"e396d80d":244,"7da61f27":244,"dc874a97":244,"85a220de":244,"40a7cdd2":244,"ac033c7b":244,"87759976":244,"4df3f62e":244,"c881a53e":244,"80c1c8b1":244,"cf52acd8":244,"a63cb4ce":244,"d3b3492b":244,"916fe082":244,"b64dba8e":244,"c3bb30ce":244,"86219c70":244,"601990d8":244,"5c662c19":244,"d2a5d2fd":244,"89d220c2":244,"3e10c9cb":244,"5500a3e8":244,"3c0e87ac":244,"a891461f":244,"a246cdab":244,"117c7f0b":244,"0d21cf99":244,"14e6fe14":244,"37ec5e73":244,"bfff7913":244,"f8636899":244,"37724339":244,"d45d9727":244,"ee5ff2a3":244,"44322dfd":244,"295e4d1d":244,"8cf6570a":244,"7580cfa4":244,"22a96386":244,"5c672b50":244,"5df16440":244,"b666e56d":244,"8db378ff":244,"784d6375":244,"4541bf85":244,"a6b13f20":244,"2459c882":244,"3df97186":244,"ef0490de":244,"e0f47ced":244,"309bbf54":244,"cc537772":244,"6618390c":244,"99cc0813":244,"dc32c4e1":244,"239c636e":244,"6ee160ff":244,"c55d40ca":244,"22c177a8":244,"00ae883f":244,"f416ee62":244,"0d2b182d":244,"320754c3":244,"232b2f64":244,"3171b6e7":244,"403064a0":244,"312af46e":244,"b5a9f8c3":244,"fcbc0ae8":244,"2ff6b6a8":244,"66a71cc1":244,"bf4b58e4":244,"3b25460f":244,"d2064756":244,"f7ffcbb8":244,"5728f934":244,"00b26865":244,"c333337d":244,"815c56bc":244,"5bd61a68":244,"8582c5cf":244,"0c353665":244,"231e8700":244,"1f9fbd85":244,"43f24679":244,"a1c0dfc4":244,"78f71162":244,"4b27a9a4":244,"163f4d19":244,"1d043d5a":244,"b2f82e06":244,"5b0b43e6":244,"b5474d69":244,"5a938eeb":244,"4fe0dedf":244,"951fc6d0":244,"61892a4c":244,"f096219e":244,"a3f0a6ec":244,"01051f84":244,"aa7e370d":244,"f995eeab":244,"4006e709":244,"0dedf63e":244,"a9d5374b":244,"4321f02d":244,"089b3f8f":244,"7698d0dc":244,"784414ce":244,"2df3efdb":244,"d0f1b7bd":244,"e7799883":244,"4f9456cf":244,"6e260ee8":244,"f4f84279":244,"b0950de5":244,"6f873999":244,"1f4e0e22":244,"60d69311":244,"3b09f1de":244,"b371f44a":244,"8b6180ff":244,"8819ac24":244,"dbbf7f69":244,"dfe4a061":244,"c2bf7d51":244,"781afef6":244,"de9229a0":244,"99a5feef":244,"f6266388":244,"e64fd39c":244,"e1b3ce36":244,"625fa164":244,"0c6ae551":244,"e8f4c1dd":244,"cede8b8c":244,"ad95ff4a":244,"893a99c5":244,"d8bf32b5":244,"0eb42efe":244,"03c4ab87":244,"4e3d3af7":244,"3a4803a8":244,"f7a7de5d":244,"d4e56c3e":244,"0c045c2d":244,"8efd4801":244,"7eb8f268":244,"20236d3e":244,"36ae8cd8":244,"3ddd5391":244,"a8edfe84":244,"2ed19b1e":244,"959e16ea":244,"02f76c64":244,"5c6d1f33":244,"b4801cae":244,"c3c2fd05":244,"f8c97147":244,"c2526ff3":244,"cc386067":244,"a22ffd8f":244,"3cd28a4d":244,"44a12c31":244,"45a961ca":244,"5ca978fd":244,"668e601b":244,"7552d86c":244,"02ebf3b6":244,"bb17a968":244,"4abcb85d":244,"cba26072":244,"2a718dcc":244,"c6a9a8e1":244,"88854fd0":244,"8dc27d2a":244,"41d7f05d":244,"2b851827":244,"9f428a03":244,"4d504d96":244,"0533ece1":244,"bcee2ef3":244
1601327378859,"07f69c6d":244,"2254f0f5":244,"ea282e84":244,"6653c83b":244,"c896052c":244,"287ecd1c":244,"f9376d3e":244,"07a94e8c":244,"bb017b49":244,"37b52fe4":244,"61ad1519":244,"819c4185":244,"ba69b06b":244,"7d2a2cb4":244,"4f62491c":244,"70b4c438":244,"71ed93db":244,"c92efaa8":244,"c241ac7e":244,"62a45672":244,"210e507a":244,"ac6e268b":244,"742238e8":244,"0afba00c":244,"04ff8100":244,"6c00d8d6":244,"ac9a02bc":244,"acfe69ed":244,"426603ff":244,"2db2f252":244,"2e84193b":244,"c55683c9":244,"51233daf":244,"02791635":244,"be081247":244,"5cc47d1b":244,"678b846f":244,"b4bd39d8":244,"b4cdbe5d":244,"fa0386f3":244,"b95d0f17":244,"cee9c347":244,"7800e7ce":245,"77869ff0":245,"4b8f7b16":245,"89f75690":245,"cb363e2f":245,"cd802f02":245,"d3cca7eb":245,"e866a899":245,"5690e712":245,"0b92d2a9":245,"070bed95":245,"67e5d108":245,"3d37b94b":245,"842c97c2":245,"c4cef92b":245,"0eecdc5b":245,"b7e495ea":245,"45ec63c0":245,"0ddfde2c":245,"a8b41774":245,"81f0da2d":245,"1fcc8ba4":245,"75a9c117":245,"12ba54ec":245,"be391c1a":245,"37d8a5b7":245,"d5ab81c4":245,"2ecde685":245,"f0bd52d3":245,"dcc20f76":245,"666a8ef0":245,"c5b609f1":245,"4dc5849a":245,"d605c755":245,"8a8c1d67":245,"cc6b3306":245,"8c2dfd9a":245,"f11267b9":245,"a483b15e":245,"d5d94481":245,"ffe48500":245,"c7a45a33":245,"faffe099":245,"e99490cd":245,"3b830769":245,"583f0305":245,"1557c50a":245,"249e80ab":245,"f52a3d94":245,"eb74d3dd":245,"3bcbc28d":245,"3c0455e7":245,"df203c79":245,"df1e1ac0":245,"491708eb":245,"e421caaa":245,"2d2ecf27":245,"d38a4953":245,"eba5efdd":245,"a5463f93":245,"c85ac4f8":245,"f80ab49d":245,"95eaed39":245,"a5ba0ebb":245,"f53362a9":245,"1901ef7e":245,"960c2e6b":245,"3515e999":245,"d11f8f1b":245,"9d9eb027":245,"325f9a29":245,"503aafe5":245,"bc253f4f":245,"0d9d2bf8":245,"846b7f11":245,"d3411467":245,"1df0ce7f":245,"a08171d0":245,"c8bc5677":245,"dfca0518":245,"b9a21017":245,"e47705d3":245,"3cae4115":245,"0ccf4731":245,"c7c6782d":245,"54346574":245,"b12cbf87":245,"81942d9b":245,"699b90c1":245,"d9b5a7a8":245,"1e7914d2":245,"e5d8fdb2":245,"3412ab75":245,"bcac5daf":245,"62d028cc":245,"0af2cf39":245,"27491297":245,"d041ea86":245,"1eda11b2":245,"fc442678":245
1601327379388,"080d5d42":245,"5d03f5dc":245,"f0a01341":245,"1ee4d9f9":245,"0d6e45e7":245,"0da97151":245,"e829038c":245,"4987cfb5":245,"ba90687c":245,"77f2cf92":245,"037e2be4":245,"9e7dbd20":245,"0c086273":245,"ac13c3b0":245,"b4d9c57f":245,"5d53c964":245,"8ee9cc91":245,"4cc0af91":245,"55f6a2ba":245,"9559ea96":245,"9cb044bf":245,"16b25add":245,"80ee333e":245,"3b329af2":245,"1cd662bf":245,"72992b35":245,"47589344":245,"593b1533":245,"e9f6e5ce":245,"ed6bead5":245,"96f594b9":245,"94dfcfc5":245,"8301986e":245,"830ecfec":245,"a8bae791":245,"312009ee":245,"c98759fd":245,"e8b6d676":245,"45ee5840":245,"76f04033":245,"43480b19":245,"fd955858":245,"69798d15":245,"efea71fa":245,"fb3aa867":245,"c9cf710b":245,"fcacdeb3":245,"0ea055ed":245,"e3b1bdf8":245,"644b45fb":245,"18c73816":245,"e491161e":245,"b5087677":245,"16f60bed":245,"cb0c3481":245,"7664512c":245,"df9a53b8":245,"f6c27b2b":245,"945f6c24":245,"f1daea7e":245,"b8fb90e3":245,"56227e35":245,"0d6bf22a":245,"b87321d0":245,"43205b5d":245,"8982905a":245,"f6fe1ad7":245,"230064fa":245,"764e0abb":245,"bba6d88e":245,"ea3479ec":245,"32266fa3":245,"50b090c3":245,"8be24763":245,"eb4800b2":245,"6e0ce9dc":245,"87d9bec4":245,"e30dfa0c":245,"6da34174":245,"bfb849fa":245,"0a10b423":245,"9ef7cee7":245,"49f1a0d1":245,"5f04aa76":245,"ba297382":245,"0287db2a":245,"96abe4a9":245,"753b10b1":245,"cf14bd99":245,"782022f4":245,"322e833f":245,"ab3619e4":245,"106006ad":245,"c8237be9":245,"1416e8f5":245,"dde2eed5":245,"a208caa8":245,"16605353":245,"77b39e15":245,"f1726edb":245,"92b72493":245,"d3e58903":245,"4481c4be":245,"7954891b":245,"4afd60a9":245,"d44c0ea3":245,"68f87858":245,"533bac6b":245,"41634dba":245,"43fd1327":245,"113e7f4b":245,"8cce569a":245,"ce6401b6":245,"6f57824c":245,"28bd7aa1":245,"1d52fb0d":245,"cde0d748":245,"590ce3d3":245,"1802d7ce":245,"0a49914b":245,"5d3f5cad":245,"cf347cba":245,"fc0c23f7":245,"641f9b9e":245,"c92edec5":245,"9f03c1e7":245,"06c24a8d":245,"2f35e75f":245,"3eddf7c8":245,"77970f8b":245,"efd594d5":245,"4718294d":245,"5352cf45":245,"e0ffe8ff":245,"ae14d6b5":245,"721f5f42":245,"0b50bca6":245,"5b09e53e":245,"da5bb0f7":245,"6d925c84":245,"50b23ab2":245,"edfa56d4":245,"899c16eb":245,"535ed444":245,"710f0d0e":245,"0905f1fb":245,"a20e529c":245,"1ae76fcc":245,"35b161d3":245,"344cd1a3":245,"77ea1236":245,"96d2a118":245,"23a0e41f":245,"b32a1080":245,"a2c4b591":245,"6dfa57be":245,"1854ce44":245,"f92b22f1":245,"ece12664":245,"36f4ecde":245,"568a0d58":245,"5fd569d2":245,"10c8fd03":245,"bd4ccb49":245,"e773d697":245,"7e8c11e7":245,"077eb15a":245,"5337c279":245,"8d256cb6":245,"7021c619":245,"32ae00db":245,"bf2defb2":245,"bc733a28":245,"30d32d34":245,"886c16d3":245,"e8d09b62":245,"41c76041":245,"6bb1fa99":245,"d73ff72e":245,"61c0ca91":245,"d2fda7be":245,"ce20ca3c":245,"1d2d958b":245,"81fb6a01":245,"7f5b27c8":245,"fb3444d9":245,"f05de640":245,"86a68967":245,"56cd4dca":245,"7f469f4c":245,"f92dedfc":245,"355d1489":245,"f96fc1af":245,"06713bac":245,"61aca924":245,"d97fb857":245,"59ff5ec6":245,"ef04e64e":245,"bf2ca266":245,"5d8d9641":245,"0de67c6c":245,"2311399f":245,"5e3ebf5e":245,"9f6ca218":245,"6213799d":245,"44cb1fd2":245,"baf19c25":245,"24a79a6e":245,"edde30af":245,"4d949e11":245,"df12f689":245,"1da10cbf":245,"832c48e4":245,"dc90a44c":245,"1ad7c45b":245,"5566c17c":245,"86a22252":245,"0000dece":245,"ce5efdbe":245,"58ace2b5":245,"d379fd96":245,"7b819458":245,"7f8024cd":245,"ae562513":245,"7b66dacd":245,"9ab137d7":245,"7191d1cd":245,"005354dd":245,"6e2d04de":245,"2fca1798":245,"05028839":245,"5488826c":245,"84fff5c1":245,"c649992d":245,"d5ad3ed6":245,"8e5f7187":245,"55ba7579":245,"b7769ca6":245,"9c27de51":245,"38a75b48":245,"1792bfa3":245,"426f1904":245,"7c0f1ca9":245,"b2f820ac":245,"25d4f65d":245,"eddb6a2a":245,"ff8a00aa":245,"c146560b":245,"985068e7":245,"d543ba6f":245,"3b3569f6":245,"b01ab62a":245,"76da16fa":245,"bffee581":245,"07150038":245,"080fa362":245,"7b6945ad":245,"a40d08e1":245,"cec79bc2":245,"d2eff358":245,"e70aebb5":245,"a488b2f1":245,"4caa87d6":245,"f7076e21":245,"69e653b6":245,"98d2991b":245,"3b411d6a":245,"83826ef3":245,"595609d5":245,"b47f1b89":245,"8e6caf71":245,"9a3433b8":245,"b89112cb":245,"66736d5e":245,"30de89a7":245,"06aaa33f":245,"320c65bf":245,"1fa1e7c2":245,"646af2b9":245,"659389ad":245,"240c8679":245,"0718c3be":245,"8b503f7b":245,"87a8523c":245,"c416baa6":245,"ae350a07":245,"680a32a6":245,"83ba647d":245,"cb0bd6b7":245,"8e426e39":245,"51909df8":245,"e22b0973":245,"23646ff9":245,"3abb827b":245,"0c73c293":245,"88929b06":245,"08c4692e":245,"5b2479ef":245,"1d882c36":245,"eb62e8f2":245
1601327379690,"f1e86522":245,"fa03f48f":245,"5298dafa":245,"25f7f918":245,"c5311ebb":245,"105bb3f6":245,"58de5462":245,"f01c896d":245,"1f2670d0":245,"962c9c8f":245,"aec0bf28":245,"a017a323":245,"8801c469":245,"b6281f1a":245,"48c6df81":245,"5e165f43":245,"f8785b71":245,"ab4a411a":245,"d7a4b24c":245,"686d5c0b":245,"f15eb1c5":245,"71789493":245,"5ac72353":245,"d1b14d06":245,"f6c074a7":245,"ffd6849d":245,"962fca02":245,"75968179":245,"bc8bdc23":245,"a71f3f70":245,"1f7aa83c":245,"732d62ee":245,"d4b0751c":245,"5b01444b":245,"79995b62":245,"97160db8":245,"589f0d6e":245,"51b4016a":245,"46bf9112":245,"092ad3d6":245,"bf940089":245,"01f34f98":245,"1670b0d3":245,"ec97d63e":245,"94208a41":245,"2cbcad17":245,"4dccb5ca":245,"83268abf":245,"578c4c95":245,"c606b472":245,"808bc372":245,"c792a7c1":245,"5a7da061":245,"06a94514":245,"73c420df":245,"0700da70":245,"ff591765":245,"93f12198":245,"62e270e5":245,"66b1b6d7":245,"b062adc4":245,"4aae5133":245,"63a3af32":245,"3fec4b0b":245,"faa3de3e":245,"44983d13":245,"80999122":245,"72af9198":245,"e39e9552":245,"81c1b70d":245,"e72f0f82":245,"88374b72":245,"fdfaf1ed":245,"ea981bed":245,"5e197575":245,"e587c4d0":245,"525b2635":245,"caa38a45":245,"a9987a58":245,"b6b8e5c7":245,"e82177d3":245,"89914b94":245,"04bdf5e1":245,"da8b42be":245,"3b0576bf":245,"9458934f":245,"1dcc489c":245,"945badf3":245,"1327775b":245,"bdd40125":245,"75fd47f7":245,"1c52a07e":245,"e70ccc25":245,"afd1494f":245,"ca6bffd3":245,"829c44a4":245,"e76e2617":245,"9666b973":245,"653b27c7":245,"83b37fd6":245,"272e7d0d":245,"f92596ee":245,"68831ea9":245,"9713d076":245,"fd098272":245,"6ee788a7":245,"8249641d":245,"45b0968f":245,"6a9bb182":245,"1f1afd4f":245,"25fb8826":245,"0dc5da58":245,"2874a625":245,"e61ae828":245,"f7ac3883":245,"ccd01528":245,"dab8cf68":245,"00f2a9cb":245,"916fe082":245,"b64dba8e":245,"c3bb30ce":245,"86219c70":245,"601990d8":245,"5c662c19":245,"d2a5d2fd":245,"89d220c2":245,"3e10c9cb":245,"5500a3e8":245,"3c0e87ac":245,"2b4fd52e":245,"57162572":245,"d1d50cfe":245,"f7ffcbb8":245,"5728f934":245,"00b26865":245,"c333337d":245,"815c56bc":245,"5bd61a68":245,"8582c5cf":245,"0c353665":245,"231e8700":245,"1f9fbd85":245,"43f24679":245,"a1c0dfc4":245,"78f71162":245,"4b27a9a4":245,"163f4d19":245,"1d043d5a":245,"b2f82e06":245,"4d852788":245,"e43a9448":245,"3542b748":245,"379c53ab":245,"e396d80d":245,"7da61f27":245,"dc874a97":245,"85a220de":245,"40a7cdd2":245,"ac033c7b":245,"87759976":245,"4df3f62e":245,"c881a53e":245,"80c1c8b1":245,"cf52acd8":245,"a63cb4ce":245,"d3b3492b":245,"7580cfa4":245,"22a96386":245,"5c672b50":245,"5df16440":245,"b666e56d":245,"8db378ff":245,"784d6375":245,"4541bf85":245,"a6b13f20":245,"2459c882":245,"3df97186":245,"ef0490de":245,"e0f47ced":245,"309bbf54":245,"cc537772":245,"6618390c":245,"99cc0813":245,"5b0b43e6":245,"b5474d69":245,"5a938eeb":245,"a891461f":245,"a246cdab":245,"117c7f0b":245,"0d21cf99":245,"14e6fe14":245,"37ec5e73":245,"bfff7913":245,"f8636899":245,"37724339":245,"d45d9727":245,"ee5ff2a3":245,"44322dfd":245,"295e4d1d":245,"8cf6570a":245,"403064a0":245,"312af46e":245,"b5a9f8c3":245,"fcbc0ae8":245,"2ff6b6a8":245,"66a71cc1":245,"bf4b58e4":245,"4fe0dedf":245,"951fc6d0":245,"61892a4c":245,"f096219e":245,"a3f0a6ec":245,"01051f84":245,"aa7e370d":245,"f995eeab":245,"4006e709":245,"0dedf63e":245,"a9d5374b":245,"4321f02d":245,"089b3f8f":245,"7698d0dc":245,"784414ce":245,"2df3efdb":245,"d0f1b7bd":245,"e7799883":245,"4f9456cf":245,"6e260ee8":245,"f4f84279":245,"b0950de5":245,"6f873999":245,"1f4e0e22":245,"60d69311":245,"3b09f1de":245,"b371f44a":245,"8b6180ff":245,"dc32c4e1":245,"239c636e":245,"6ee160ff":245,"c55d40ca":245,"22c177a8":245,"00ae883f":245,"f416ee62":245,"0d2b182d":245,"320754c3":245,"232b2f64":245,"3171b6e7":245,"3b25460f":245,"d2064756":245,"8819ac24":245,"dbbf7f69":245,"dfe4a061":245,"c2bf7d51":245,"781afef6":245,"de9229a0":245,"99a5feef":245,"f6266388":245,"e64fd39c":245,"e1b3ce36":245,"625fa164":245,"0c6ae551":245,"e8f4c1dd":245,"a8edfe84":245,"2ed19b1e":245,"959e16ea":245,"02f76c64":245,"5c6d1f33":245,"b4801cae":245,"c3c2fd05":245,"f8c97147":245,"c2526ff3":245,"cc386067":245,"a22ffd8f":245,"3cd28a4d":245,"44a12c31":245,"cede8b8c":245,"ad95ff4a":245,"893a99c5":245,"d8bf32b5":245,"0eb42efe":245,"03c4ab87":245,"4e3d3af7":245,"3a4803a8":245,"f7a7de5d":245,"d4e56c3e":245,"0c045c2d":245,"8efd4801":245,"7eb8f268":245,"20236d3e":245,"36ae8cd8":245,"3ddd5391":245,"07f69c6d":245,"2254f0f5":245,"ea282e84":245,"6653c83b":245,"c896052c":245,"287ecd1c":245,"f9376d3e":245,"07a94e8c":245,"bb017b49":245,"37b52fe4":245,"61ad1519":245,"819c4185":245,"ba69b06b":245,"7d2a2cb4":245,"4f62491c":245,"70b4c438":245,"71ed93db":245,"c92efaa8":245,"c241ac7e":245,"62a45672":245,"210e507a":245,"ac6e268b":245,"742238e8":245,"45a961ca":245,"5ca978fd":245,"668e601b":245,"7552d86c":245,"02ebf3b6":245,"bb17a968":245,"4abcb85d":245,"cba26072":245,"2a718dcc":245,"c6a9a8e1":245,"88854fd0":245,"8dc27d2a":245,"41d7f05d":245,"2b851827":245,"9f428a03":245,"4d504d96":245,"0533ece1":245,"bcee2ef3":245,"0afba00c":245,"04ff8100":245,"6c00d8d6":245,"ac9a02bc":245,"acfe69ed":245,"426603ff":245,"2db2f252":245,"2e84193b":245,"c55683c9":245,"51233daf":245,"02791635":245,"be081247":245,"5cc47d1b":245,"678b846f":245,"b4bd39d8":245,"b4cdbe5d":245,"fa0386f3":245,"b95d0f17":245,"cee9c347":245
1601327380388,"7800e7ce":246,"77869ff0":246,"4b8f7b16":246,"89f75690":246,"cb363e2f":246,"cd802f02":246,"d3cca7eb":246,"e866a899":246,"5690e712":246,"0b92d2a9":246,"070bed95":246,"67e5d108":246,"3d37b94b":246,"842c97c2":246,"c4cef92b":246,"0eecdc5b":246,"b7e495ea":246,"45ec63c0":246,"0ddfde2c":246,"a8b41774":246,"81f0da2d":246,"1fcc8ba4":246,"75a9c117":246,"12ba54ec":246,"be391c1a":246,"37d8a5b7":246,"d5ab81c4":246,"2ecde685":246,"f0bd52d3":246,"dcc20f76":246,"666a8ef0":246,"c5b609f1":246,"4dc5849a":246,"d605c755":246,"8a8c1d67":246,"cc6b3306":246,"8c2dfd9a":246,"f11267b9":246,"a483b15e":246,"f80ab49d":246,"95eaed39":246,"a5ba0ebb":246,"f53362a9":246,"1901ef7e":246,"960c2e6b":246,"3515e999":246,"d11f8f1b":246,"9d9eb027":246,"325f9a29":246,"503aafe5":246,"080d5d42":246,"5d03f5dc":246,"f0a01341":246,"1ee4d9f9":246,"0d6e45e7":246,"0da97151":246,"e829038c":246,"4987cfb5":246,"ba90687c":246,"77f2cf92":246,"037e2be4":246,"9e7dbd20":246,"0c086273":246,"ac13c3b0":246,"b4d9c57f":246,"5d53c964":246,"8ee9cc91":246,"4cc0af91":246,"55f6a2ba":246,"9559ea96":246,"9cb044bf":246,"16b25add":246,"80ee333e":246,"3b329af2":246,"1cd662bf":246,"72992b35":246,"47589344":246,"593b1533":246,"e9f6e5ce":246,"ed6bead5":246,"96f594b9":246,"94dfcfc5":246,"d5d94481":246,"ffe48500":246,"c7a45a33":246,"faffe099":246,"e99490cd":246,"3b830769":246,"583f0305":246,"1557c50a":246,"249e80ab":246,"f52a3d94":246,"eb74d3dd":246,"3bcbc28d":246,"3c0455e7":246,"df203c79":246,"df1e1ac0":246,"491708eb":246,"e421caaa":246,"2d2ecf27":246,"d38a4953":246,"eba5efdd":246,"a5463f93":246,"c85ac4f8":246,"bc253f4f":246,"0d9d2bf8":246,"846b7f11":246,"d3411467":246,"1df0ce7f":246,"a08171d0":246,"c8bc5677":246,"dfca0518":246,"b9a21017":246,"8301986e":246,"830ecfec":246,"a8bae791":246,"312009ee":246,"c98759fd":246,"e8b6d676":246,"45ee5840":246,"76f04033":246,"43480b19":246,"fd955858":246,"69798d15":246,"efea71fa":246,"fb3aa867":246,"c9cf710b":246,"fcacdeb3":246,"0ea055ed":246,"e3b1bdf8":246,"644b45fb":246,"e47705d3":246,"3cae4115":246,"0ccf4731":246,"c7c6782d":246,"54346574":246,"b12cbf87":246,"81942d9b":246,"699b90c1":246,"d9b5a7a8":246,"1e7914d2":246,"e5d8fdb2":246,"3412ab75":246,"bcac5daf":246,"62d028cc":246,"0af2cf39":246,"27491297":246,"d041ea86":246,"1eda11b2":246,"fc442678":246,"18c73816":246,"e491161e":246,"b5087677":246,"16f60bed":246,"cb0c3481":246,"7664512c":246,"df9a53b8":246,"f6c27b2b":246,"945f6c24":246,"f1daea7e":246,"b8fb90e3":246,"56227e35":246,"0d6bf22a":246,"b87321d0":246,"43205b5d":246,"8982905a":246,"f6fe1ad7":246,"230064fa":246,"764e0abb":246,"bba6d88e":246,"ea3479ec":246,"32266fa3":246,"50b090c3":246,"8be24763":246,"eb4800b2":246,"6e0ce9dc":246,"87d9bec4":246,"e30dfa0c":246,"6da34174":246,"bfb849fa":246,"0a10b423":246,"9ef7cee7":246,"49f1a0d1":246,"5f04aa76":246,"ba297382":246,"0287db2a":246
1601327381138,"96abe4a9":246,"753b10b1":246,"cf14bd99":246,"782022f4":246,"322e833f":246,"ab3619e4":246,"106006ad":246,"c8237be9":246,"1416e8f5":246,"dde2eed5":246,"a208caa8":246,"16605353":246,"77b39e15":246,"f1726edb":246,"92b72493":246,"d3e58903":246,"4481c4be":246,"7954891b":246,"4afd60a9":246,"d44c0ea3":246,"68f87858":246,"533bac6b":246,"41634dba":246,"43fd1327":246,"113e7f4b":246,"8cce569a":246,"ce6401b6":246,"6f57824c":246,"28bd7aa1":246,"1d52fb0d":246,"cde0d748":246,"535ed444":246,"710f0d0e":246,"0905f1fb":246,"a20e529c":246,"1ae76fcc":246,"35b161d3":246,"344cd1a3":246,"77ea1236":246,"96d2a118":246,"23a0e41f":246,"b32a1080":246,"a2c4b591":246,"6dfa57be":246,"1854ce44":246,"f92b22f1":246,"ece12664":246,"590ce3d3":246,"1802d7ce":246,"0a49914b":246,"5d3f5cad":246,"cf347cba":246,"fc0c23f7":246,"641f9b9e":246,"c92edec5":246,"9f03c1e7":246,"06c24a8d":246,"2f35e75f":246,"3eddf7c8":246,"77970f8b":246,"efd594d5":246,"4718294d":246,"5352cf45":246,"e0ffe8ff":246,"ae14d6b5":246,"721f5f42":246,"0b50bca6":246,"bf2ca266":246,"5d8d9641":246,"0de67c6c":246,"2311399f":246,"5e3ebf5e":246,"9f6ca218":246,"6213799d":246,"44cb1fd2":246,"baf19c25":246,"24a79a6e":246,"edde30af":246,"4d949e11":246,"df12f689":246,"1da10cbf":246,"832c48e4":246,"dc90a44c":246,"36f4ecde":246,"568a0d58":246,"5fd569d2":246,"10c8fd03":246,"bd4ccb49":246,"e773d697":246,"7e8c11e7":246,"077eb15a":246,"5337c279":246,"8d256cb6":246,"7021c619":246,"32ae00db":246,"bf2defb2":246,"bc733a28":246,"30d32d34":246,"886c16d3":246,"e8d09b62":246,"5b09e53e":246,"da5bb0f7":246,"6d925c84":246,"50b23ab2":246,"edfa56d4":246,"899c16eb":246,"41c76041":246,"6bb1fa99":246,"d73ff72e":246,"61c0ca91":246,"d2fda7be":246,"ce20ca3c":246,"1d2d958b":246,"81fb6a01":246,"7f5b27c8":246,"fb3444d9":246,"f05de640":246,"86a68967":246,"56cd4dca":246,"7f469f4c":246,"f92dedfc":246,"355d1489":246,"f96fc1af":246,"06713bac":246,"1ad7c45b":246,"5566c17c":246,"86a22252":246,"0000dece":246,"ce5efdbe":246,"58ace2b5":246,"d379fd96":246,"7b819458":246,"7f8024cd":246,"ae562513":246,"7b66dacd":246,"9ab137d7":246,"7191d1cd":246,"005354dd":246,"3b3569f6":246,"b01ab62a":246,"76da16fa":246,"bffee581":246,"07150038":246,"080fa362":246,"7b6945ad":246,"a40d08e1":246,"cec79bc2":246,"d2eff358":246,"e70aebb5":246,"a488b2f1":246,"4caa87d6":246,"61aca924":246,"d97fb857":246,"59ff5ec6":246,"ef04e64e":246,"6e2d04de":246,"2fca1798":246,"05028839":246,"5488826c":246,"84fff5c1":246,"c649992d":246,"d5ad3ed6":246,"8e5f7187":246,"55ba7579":246,"b7769ca6":246,"9c27de51":246,"38a75b48":246,"1792bfa3":246,"426f1904":246,"7c0f1ca9":246,"b2f820ac":246,"25d4f65d":246,"eddb6a2a":246,"ff8a00aa":246,"c146560b":246,"985068e7":246,"d543ba6f":246,"f7076e21":246,"69e653b6":246,"98d2991b":246,"3b411d6a":246,"83826ef3":246,"595609d5":246,"b47f1b89":246,"8e6caf71":246,"9a3433b8":246,"b89112cb":246,"66736d5e":246,"30de89a7":246,"06aaa33f":246,"320c65bf":246,"1fa1e7c2":246,"646af2b9":246,"659389ad":246,"240c8679":246,"0718c3be":246,"8b503f7b":246,"87a8523c":246,"c416baa6":246,"ae350a07":246,"680a32a6":246,"83ba647d":246,"cb0bd6b7":246,"8e426e39":246,"51909df8":246,"e22b0973":246,"23646ff9":246,"3abb827b":246,"0c73c293":246,"88929b06":246,"08c4692e":246,"5b2479ef":246,"1d882c36":246,"eb62e8f2":246,"f1e86522":246,"fa03f48f":246,"5298dafa":246,"25f7f918":246,"c5311ebb":246,"105bb3f6":246,"58de5462":246,"f01c896d":246,"1f2670d0":246,"962c9c8f":246,"aec0bf28":246,"a017a323":246,"8801c469":246,"b6281f1a":246,"48c6df81":246,"5e165f43":246,"f8785b71":246,"ab4a411a":246,"d7a4b24c":246,"686d5c0b":246,"f15eb1c5":246,"71789493":246,"5ac72353":246,"d1b14d06":246,"f6c074a7":246,"ffd6849d":246,"962fca02":246,"75968179":246,"bc8bdc23":246,"a71f3f70":246,"1f7aa83c":246,"732d62ee":246,"d4b0751c":246,"5b01444b":246,"79995b62":246,"97160db8":246,"589f0d6e":246,"51b4016a":246,"46bf9112":246,"092ad3d6":246,"bf940089":246,"01f34f98":246,"1670b0d3":246,"ec97d63e":246,"94208a41":246,"2cbcad17":246,"4dccb5ca":246,"83268abf":246,"578c4c95":246,"c606b472":246,"808bc372":246,"c792a7c1":246,"5a7da061":246,"06a94514":246,"73c420df":246,"0700da70":246,"ff591765":246,"93f12198":246,"62e270e5":246,"66b1b6d7":246,"b062adc4":246,"4aae5133":246,"63a3af32":246,"3fec4b0b":246,"faa3de3e":246,"44983d13":246,"80999122":246,"72af9198":246,"e39e9552":246,"81c1b70d":246,"e72f0f82":246,"88374b72":246,"fdfaf1ed":246,"ea981bed":246,"5e197575":246,"e587c4d0":246,"525b2635":246,"caa38a45":246,"a9987a58":246,"b6b8e5c7":246,"e82177d3":246,"89914b94":246,"04bdf5e1":246,"da8b42be":246,"3b0576bf":246,"9458934f":246,"1dcc489c":246,"945badf3":246,"1327775b":246,"bdd40125":246,"75fd47f7":246,"1c52a07e":246,"e70ccc25":246,"afd1494f":246,"ca6bffd3":246,"829c44a4":246,"e76e2617":246,"2b4fd52e":246,"57162572":246,"d1d50cfe":246
1601327381821,"272e7d0d":246,"f92596ee":246,"68831ea9":246,"9713d076":246,"fd098272":246,"6ee788a7":246,"8249641d":246,"45b0968f":246,"6a9bb182":246,"1f1afd4f":246,"25fb8826":246,"0dc5da58":246,"2874a625":246,"e61ae828":246,"f7ac3883":246,"ccd01528":246,"dab8cf68":246,"00f2a9cb":246,"916fe082":246,"b64dba8e":246,"c3bb30ce":246,"86219c70":246,"601990d8":246,"5c662c19":246,"d2a5d2fd":246,"89d220c2":246,"3e10c9cb":246,"5500a3e8":246,"3c0e87ac":246,"a891461f":246,"a246cdab":246,"117c7f0b":246,"0d21cf99":246,"14e6fe14":246,"37ec5e73":246,"bfff7913":246,"f8636899":246,"37724339":246,"d45d9727":246,"ee5ff2a3":246,"44322dfd":246,"295e4d1d":246,"8cf6570a":246,"403064a0":246,"312af46e":246,"b5a9f8c3":246,"fcbc0ae8":246,"2ff6b6a8":246,"66a71cc1":246,"bf4b58e4":246,"9666b973":246,"653b27c7":246,"83b37fd6":246,"4d852788":246,"e43a9448":246,"3542b748":246,"379c53ab":246,"e396d80d":246,"7da61f27":246,"dc874a97":246,"85a220de":246,"40a7cdd2":246,"ac033c7b":246,"87759976":246,"4df3f62e":246,"c881a53e":246,"80c1c8b1":246,"cf52acd8":246,"a63cb4ce":246,"d3b3492b":246,"7580cfa4":246,"22a96386":246,"5c672b50":246,"5df16440":246,"b666e56d":246,"8db378ff":246,"784d6375":246,"4541bf85":246,"a6b13f20":246,"2459c882":246,"3df97186":246,"ef0490de":246,"e0f47ced":246,"309bbf54":246,"cc537772":246,"6618390c":246,"99cc0813":246,"dc32c4e1":246,"239c636e":246,"6ee160ff":246,"c55d40ca":246,"22c177a8":246,"00ae883f":246,"f416ee62":246,"0d2b182d":246,"320754c3":246,"232b2f64":246,"3171b6e7":246,"3b25460f":246,"d2064756":246,"f7ffcbb8":246,"5728f934":246,"00b26865":246,"c333337d":246,"815c56bc":246,"5bd61a68":246,"8582c5cf":246,"0c353665":246,"231e8700":246,"1f9fbd85":246,"43f24679":246,"a1c0dfc4":246,"78f71162":246,"4b27a9a4":246,"163f4d19":246,"1d043d5a":246,"b2f82e06":246,"5b0b43e6":246,"b5474d69":246,"5a938eeb":246,"4fe0dedf":246,"951fc6d0":246,"61892a4c":246,"f096219e":246,"a3f0a6ec":246,"01051f84":246,"aa7e370d":246,"f995eeab":246,"4006e709":246,"0dedf63e":246,"a9d5374b":246,"4321f02d":246,"089b3f8f":246,"7698d0dc":246,"784414ce":246,"2df3efdb":246,"d0f1b7bd":246,"e7799883":246,"4f9456cf":246,"6e260ee8":246,"f4f84279":246,"b0950de5":246,"6f873999":246,"1f4e0e22":246,"60d69311":246,"3b09f1de":246,"b371f44a":246,"8b6180ff":246,"8819ac24":246,"dbbf7f69":246,"dfe4a061":246,"c2bf7d51":246,"781afef6":246,"de9229a0":246,"99a5feef":246,"f6266388":246,"e64fd39c":246,"e1b3ce36":246,"625fa164":246,"0c6ae551":246,"e8f4c1dd":246,"a8edfe84":246,"2ed19b1e":246,"959e16ea":246,"02f76c64":246,"5c6d1f33":246,"b4801cae":246,"c3c2fd05":246,"f8c97147":246,"c2526ff3":246,"cc386067":246,"a22ffd8f":246,"3cd28a4d":246,"44a12c31":246,"45a961ca":246,"5ca978fd":246,"668e601b":246,"7552d86c":246,"02ebf3b6":246,"bb17a968":246,"4abcb85d":246,"cba26072":246,"2a718dcc":246,"c6a9a8e1":246,"88854fd0":246,"8dc27d2a":246,"41d7f05d":246,"2b851827":246,"9f428a03":246,"cede8b8c":246,"ad95ff4a":246,"893a99c5":246,"d8bf32b5":246,"0eb42efe":246,"03c4ab87":246,"4e3d3af7":246,"3a4803a8":246,"f7a7de5d":246,"d4e56c3e":246,"0c045c2d":246,"8efd4801":246,"7eb8f268":246,"20236d3e":246,"36ae8cd8":246,"3ddd5391":246,"07f69c6d":246,"2254f0f5":246,"ea282e84":246,"6653c83b":246,"c896052c":246,"287ecd1c":246,"f9376d3e":246,"07a94e8c":246,"bb017b49":246,"37b52fe4":246,"61ad1519":246,"819c4185":246,"ba69b06b":246,"7d2a2cb4":246,"4f62491c":246,"70b4c438":246,"71ed93db":246,"c92efaa8":246,"c241ac7e":246,"62a45672":246,"4d504d96":246,"0533ece1":246,"bcee2ef3":246,"0afba00c":246,"04ff8100":246,"6c00d8d6":246,"ac9a02bc":246,"acfe69ed":246,"426603ff":246,"2db2f252":246,"2e84193b":246,"c55683c9":246,"51233daf":246,"02791635":246,"be081247":246,"5cc47d1b":246,"678b846f":246,"b4bd39d8":246,"b4cdbe5d":246,"fa0386f3":246,"b95d0f17":246,"cee9c347":246,"210e507a":246,"ac6e268b":246,"742238e8":246
1601327382379,"7800e7ce":247,"77869ff0":247,"4b8f7b16":247,"89f75690":247,"cb363e2f":247,"cd802f02":247,"d3cca7eb":247,"e866a899":247,"5690e712":247,"0b92d2a9":247,"070bed95":247,"67e5d108":247,"3d37b94b":247,"842c97c2":247,"c4cef92b":247,"0eecdc5b":247,"b7e495ea":247,"45ec63c0":247,"0ddfde2c":247,"a8b41774":247,"81f0da2d":247,"1fcc8ba4":247,"75a9c117":247,"12ba54ec":247,"be391c1a":247,"37d8a5b7":247,"d5ab81c4":247,"2ecde685":247,"f0bd52d3":247,"dcc20f76":247,"666a8ef0":247,"c5b609f1":247,"4dc5849a":247,"d605c755":247,"8a8c1d67":247,"cc6b3306":247,"8c2dfd9a":247,"f11267b9":247,"a483b15e":247,"f80ab49d":247,"95eaed39":247,"a5ba0ebb":247,"f53362a9":247,"1901ef7e":247,"960c2e6b":247,"3515e999":247,"d11f8f1b":247,"9d9eb027":247,"325f9a29":247,"503aafe5":247,"d5d94481":247,"ffe48500":247,"c7a45a33":247,"faffe099":247,"e99490cd":247,"3b830769":247,"583f0305":247,"1557c50a":247,"249e80ab":247,"f52a3d94":247,"eb74d3dd":247,"3bcbc28d":247,"3c0455e7":247,"df203c79":247,"df1e1ac0":247,"491708eb":247,"e421caaa":247,"2d2ecf27":247,"d38a4953":247,"eba5efdd":247,"a5463f93":247,"c85ac4f8":247,"bc253f4f":247,"0d9d2bf8":247,"846b7f11":247,"d3411467":247,"1df0ce7f":247,"a08171d0":247,"c8bc5677":247,"dfca0518":247,"b9a21017":247,"e47705d3":247,"3cae4115":247,"0ccf4731":247,"c7c6782d":247,"54346574":247,"b12cbf87":247,"81942d9b":247,"699b90c1":247,"d9b5a7a8":247,"1e7914d2":247,"e5d8fdb2":247,"3412ab75":247,"bcac5daf":247,"62d028cc":247,"0af2cf39":247,"27491297":247,"d041ea86":247,"1eda11b2":247,"18c73816":247,"e491161e":247,"b5087677":247,"16f60bed":247,"cb0c3481":247,"7664512c":247,"df9a53b8":247,"f6c27b2b":247,"945f6c24":247,"f1daea7e":247,"b8fb90e3":247,"56227e35":247,"0d6bf22a":247,"b87321d0":247,"080d5d42":247,"5d03f5dc":247,"f0a01341":247,"1ee4d9f9":247,"0d6e45e7":247,"0da97151":247,"e829038c":247,"4987cfb5":247,"ba90687c":247,"77f2cf92":247,"037e2be4":247,"9e7dbd20":247,"0c086273":247,"ac13c3b0":247,"b4d9c57f":247,"5d53c964":247,"8ee9cc91":247,"4cc0af91":247,"55f6a2ba":247,"9559ea96":247,"9cb044bf":247,"16b25add":247,"80ee333e":247,"3b329af2":247,"1cd662bf":247,"72992b35":247,"47589344":247,"593b1533":247,"e9f6e5ce":247,"ed6bead5":247,"43205b5d":247,"8982905a":247,"f6fe1ad7":247,"230064fa":247,"764e0abb":247,"bba6d88e":247,"ea3479ec":247,"32266fa3":247,"fc442678":247,"50b090c3":247,"8be24763":247,"eb4800b2":247,"6e0ce9dc":247,"87d9bec4":247,"e30dfa0c":247,"6da34174":247,"bfb849fa":247,"0a10b423":247,"9ef7cee7":247,"49f1a0d1":247,"5f04aa76":247,"ba297382":247,"0287db2a":247,"96abe4a9":247,"753b10b1":247,"cf14bd99":247,"782022f4":247,"322e833f":247,"ab3619e4":247,"106006ad":247,"c8237be9":247,"1416e8f5":247,"dde2eed5":247,"a208caa8":247,"96f594b9":247,"94dfcfc5":247,"8301986e":247,"830ecfec":247,"a8bae791":247,"312009ee":247,"c98759fd":247,"e8b6d676":247,"45ee5840":247,"76f04033":247,"43480b19":247,"fd955858":247,"69798d15":247,"efea71fa":247,"fb3aa867":247,"c9cf710b":247,"fcacdeb3":247,"0ea055ed":247,"e3b1bdf8":247,"644b45fb":247,"16605353":247,"77b39e15":247,"f1726edb":247,"92b72493":247,"d3e58903":247,"4481c4be":247,"7954891b":247,"4afd60a9":247,"d44c0ea3":247,"68f87858":247,"533bac6b":247,"41634dba":247,"43fd1327":247,"113e7f4b":247,"8cce569a":247,"ce6401b6":247,"6f57824c":247,"28bd7aa1":247,"1d52fb0d":247,"cde0d748":247,"535ed444":247,"710f0d0e":247,"0905f1fb":247,"a20e529c":247,"1ae76fcc":247,"35b161d3":247,"344cd1a3":247,"77ea1236":247,"96d2a118":247,"23a0e41f":247,"b32a1080":247,"a2c4b591":247,"6dfa57be":247,"1854ce44":247,"f92b22f1":247,"ece12664":247,"36f4ecde":247,"568a0d58":247,"5fd569d2":247,"10c8fd03":247,"bd4ccb49":247,"e773d697":247,"7e8c11e7":247,"077eb15a":247,"5337c279":247,"8d256cb6":247,"7021c619":247,"32ae00db":247,"bf2defb2":247,"bc733a28":247,"30d32d34":247,"886c16d3":247,"e8d09b62":247,"590ce3d3":247,"1802d7ce":247,"0a49914b":247,"5d3f5cad":247,"cf347cba":247,"fc0c23f7":247,"641f9b9e":247,"c92edec5":247,"9f03c1e7":247,"06c24a8d":247,"2f35e75f":247,"3eddf7c8":247,"77970f8b":247,"efd594d5":247,"4718294d":247,"5352cf45":247,"e0ffe8ff":247,"ae14d6b5":247
1601327382939,"5b09e53e":247,"da5bb0f7":247,"6d925c84":247,"50b23ab2":247,"edfa56d4":247,"899c16eb":247,"41c76041":247,"6bb1fa99":247,"d73ff72e":247,"61c0ca91":247,"d2fda7be":247,"ce20ca3c":247,"1d2d958b":247,"81fb6a01":247,"7f5b27c8":247,"fb3444d9":247,"f05de640":247,"86a68967":247,"56cd4dca":247,"7f469f4c":247,"f92dedfc":247,"355d1489":247,"721f5f42":247,"0b50bca6":247,"bf2ca266":247,"5d8d9641":247,"0de67c6c":247,"2311399f":247,"5e3ebf5e":247,"9f6ca218":247,"6213799d":247,"44cb1fd2":247,"baf19c25":247,"24a79a6e":247,"edde30af":247,"4d949e11":247,"df12f689":247,"1da10cbf":247,"832c48e4":247,"dc90a44c":247,"1ad7c45b":247,"5566c17c":247,"86a22252":247,"0000dece":247,"ce5efdbe":247,"58ace2b5":247,"d379fd96":247,"7b819458":247,"7f8024cd":247,"ae562513":247,"7b66dacd":247,"9ab137d7":247,"7191d1cd":247,"005354dd":247,"f96fc1af":247,"06713bac":247,"61aca924":247,"d97fb857":247,"59ff5ec6":247,"ef04e64e":247,"6e2d04de":247,"2fca1798":247,"05028839":247,"5488826c":247,"84fff5c1":247,"c649992d":247,"d5ad3ed6":247,"8e5f7187":247,"55ba7579":247,"b7769ca6":247,"9c27de51":247,"38a75b48":247,"1792bfa3":247,"426f1904":247,"7c0f1ca9":247,"b2f820ac":247,"25d4f65d":247,"eddb6a2a":247,"ff8a00aa":247,"c146560b":247,"985068e7":247,"d543ba6f":247,"3b3569f6":247,"b01ab62a":247,"76da16fa":247,"bffee581":247,"07150038":247,"080fa362":247,"7b6945ad":247,"a40d08e1":247,"cec79bc2":247,"d2eff358":247,"e70aebb5":247,"a488b2f1":247,"4caa87d6":247,"f7076e21":247,"69e653b6":247,"98d2991b":247,"3b411d6a":247,"83826ef3":247,"595609d5":247,"b47f1b89":247,"8e6caf71":247,"9a3433b8":247,"b89112cb":247,"66736d5e":247,"30de89a7":247,"06aaa33f":247,"320c65bf":247,"1fa1e7c2":247,"646af2b9":247,"659389ad":247,"240c8679":247,"0718c3be":247,"8b503f7b":247,"87a8523c":247,"c416baa6":247,"ae350a07":247,"680a32a6":247,"83ba647d":247,"cb0bd6b7":247,"8e426e39":247,"51909df8":247,"e22b0973":247,"23646ff9":247,"3abb827b":247,"0c73c293":247,"88929b06":247,"08c4692e":247,"5b2479ef":247,"1d882c36":247,"eb62e8f2":247,"f1e86522":247,"fa03f48f":247,"5298dafa":247,"25f7f918":247,"c5311ebb":247,"105bb3f6":247,"58de5462":247,"f01c896d":247,"1f2670d0":247,"962c9c8f":247,"aec0bf28":247,"a017a323":247,"8801c469":247,"b6281f1a":247,"48c6df81":247,"5e165f43":247,"f8785b71":247,"ab4a411a":247,"d7a4b24c":247,"686d5c0b":247,"f15eb1c5":247,"71789493":247,"5ac72353":247,"d1b14d06":247,"f6c074a7":247,"ffd6849d":247,"962fca02":247,"75968179":247,"bc8bdc23":247,"a71f3f70":247,"1f7aa83c":247,"732d62ee":247,"d4b0751c":247,"5b01444b":247,"79995b62":247,"97160db8":247,"589f0d6e":247,"51b4016a":247,"46bf9112":247,"092ad3d6":247,"bf940089":247,"01f34f98":247,"1670b0d3":247,"ec97d63e":247,"94208a41":247,"2cbcad17":247,"808bc372":247,"4dccb5ca":247,"c792a7c1":247,"83268abf":247,"5a7da061":247,"578c4c95":247,"c606b472":247,"06a94514":247,"73c420df":247,"0700da70":247,"ff591765":247,"93f12198":247,"62e270e5":247,"66b1b6d7":247,"b062adc4":247,"4aae5133":247,"63a3af32":247,"3fec4b0b":247,"faa3de3e":247,"44983d13":247,"80999122":247,"72af9198":247,"e39e9552":247,"81c1b70d":247,"e72f0f82":247,"88374b72":247,"fdfaf1ed":247,"ea981bed":247,"5e197575":247,"e587c4d0":247,"525b2635":247,"caa38a45":247,"a9987a58":247,"b6b8e5c7":247,"e82177d3":247,"89914b94":247,"04bdf5e1":247,"da8b42be":247,"3b0576bf":247,"9458934f":247,"1dcc489c":247,"9666b973":247,"653b27c7":247,"83b37fd6":247,"4d852788":247,"e43a9448":247,"3542b748":247,"379c53ab":247,"e396d80d":247,"7da61f27":247,"dc874a97":247,"85a220de":247,"40a7cdd2":247,"ac033c7b":247,"87759976":247,"4df3f62e":247,"c881a53e":247,"945badf3":247,"1327775b":247,"bdd40125":247,"75fd47f7":247,"1c52a07e":247,"e70ccc25":247,"afd1494f":247,"ca6bffd3":247,"829c44a4":247,"e76e2617":247,"2b4fd52e":247,"57162572":247,"d1d50cfe":247,"80c1c8b1":247,"cf52acd8":247,"a63cb4ce":247,"d3b3492b":247,"7580cfa4":247,"22a96386":247,"5c672b50":247,"5df16440":247,"b666e56d":247,"8db378ff":247,"784d6375":247,"4541bf85":247,"a6b13f20":247,"2459c882":247,"3df97186":247,"ef0490de":247,"e0f47ced":247,"309bbf54":247,"cc537772":247,"6618390c":247,"99cc0813":247,"dc32c4e1":247,"239c636e":247,"6ee160ff":247,"c55d40ca":247,"22c177a8":247,"00ae883f":247,"f416ee62":247,"0d2b182d":247,"272e7d0d":247,"f92596ee":247,"68831ea9":247,"9713d076":247,"fd098272":247,"6ee788a7":247,"8249641d":247,"45b0968f":247,"6a9bb182":247,"1f1afd4f":247,"25fb8826":247,"0dc5da58":247,"2874a625":247,"e61ae828":247,"f7ac3883":247,"ccd01528":247,"dab8cf68":247,"00f2a9cb":247,"320754c3":247,"232b2f64":247,"3171b6e7":247,"3b25460f":247,"d2064756":247,"916fe082":247,"b64dba8e":247,"c3bb30ce":247,"86219c70":247,"601990d8":247,"5c662c19":247,"d2a5d2fd":247,"89d220c2":247,"3e10c9cb":247,"5500a3e8":247,"3c0e87ac":247,"a891461f":247,"a246cdab":247,"117c7f0b":247,"0d21cf99":247,"14e6fe14":247,"37ec5e73":247,"bfff7913":247,"f8636899":247,"37724339":247,"d45d9727":247,"ee5ff2a3":247,"44322dfd":247,"295e4d1d":247,"8cf6570a":247,"403064a0":247,"312af46e":247,"b5a9f8c3":247,"fcbc0ae8":247,"2ff6b6a8":247,"66a71cc1":247,"bf4b58e4":247
1601327383540,"f7ffcbb8":247,"5728f934":247,"00b26865":247,"c333337d":247,"815c56bc":247,"5bd61a68":247,"8582c5cf":247,"0c353665":247,"231e8700":247,"1f9fbd85":247,"43f24679":247,"a1c0dfc4":247,"78f71162":247,"4b27a9a4":247,"163f4d19":247,"1d043d5a":247,"b2f82e06":247,"5b0b43e6":247,"b5474d69":247,"5a938eeb":247,"4fe0dedf":247,"951fc6d0":247,"61892a4c":247,"f096219e":247,"a3f0a6ec":247,"01051f84":247,"aa7e370d":247,"f995eeab":247,"4006e709":247,"0dedf63e":247,"a9d5374b":247,"4321f02d":247,"089b3f8f":247,"7698d0dc":247,"a8edfe84":247,"784414ce":247,"2df3efdb":247,"d0f1b7bd":247,"e7799883":247,"4f9456cf":247,"6e260ee8":247,"f4f84279":247,"b0950de5":247,"6f873999":247,"1f4e0e22":247,"60d69311":247,"3b09f1de":247,"b371f44a":247,"8b6180ff":247,"8819ac24":247,"dbbf7f69":247,"dfe4a061":247,"c2bf7d51":247,"781afef6":247,"de9229a0":247,"99a5feef":247,"f6266388":247,"e64fd39c":247,"e1b3ce36":247,"625fa164":247,"0c6ae551":247,"e8f4c1dd":247,"cede8b8c":247,"ad95ff4a":247,"893a99c5":247,"d8bf32b5":247,"0eb42efe":247,"03c4ab87":247,"4e3d3af7":247,"3a4803a8":247,"f7a7de5d":247,"d4e56c3e":247,"0c045c2d":247,"8efd4801":247,"7eb8f268":247,"20236d3e":247,"36ae8cd8":247,"3ddd5391":247,"07f69c6d":247,"2ed19b1e":247,"959e16ea":247,"02f76c64":247,"5c6d1f33":247,"b4801cae":247,"c3c2fd05":247,"f8c97147":247,"c2526ff3":247,"cc386067":247,"a22ffd8f":247,"3cd28a4d":247,"44a12c31":247,"45a961ca":247,"5ca978fd":247,"668e601b":247,"7552d86c":247,"02ebf3b6":247,"bb17a968":247,"4abcb85d":247,"cba26072":247,"2a718dcc":247,"c6a9a8e1":247,"88854fd0":247,"8dc27d2a":247,"41d7f05d":247,"2b851827":247,"9f428a03":247,"4d504d96":247,"0533ece1":247,"bcee2ef3":247,"0afba00c":247,"04ff8100":247,"6c00d8d6":247,"ac9a02bc":247,"acfe69ed":247,"426603ff":247,"2db2f252":247,"2e84193b":247,"c55683c9":247,"51233daf":247,"02791635":247,"be081247":247,"5cc47d1b":247,"678b846f":247,"b4bd39d8":247,"b4cdbe5d":247,"fa0386f3":247,"b95d0f17":247,"cee9c347":247,"2254f0f5":247,"ea282e84":247,"6653c83b":247,"c896052c":247,"287ecd1c":247,"f9376d3e":247,"07a94e8c":247,"bb017b49":247,"37b52fe4":247,"61ad1519":247,"819c4185":247,"ba69b06b":247,"7d2a2cb4":247,"4f62491c":247,"70b4c438":247,"71ed93db":247,"c92efaa8":247,"c241ac7e":247,"62a45672":247,"210e507a":247,"ac6e268b":247,"742238e8":247
1601327383936,"7800e7ce":248,"77869ff0":248,"4b8f7b16":248,"89f75690":248,"cb363e2f":248,"cd802f02":248,"d3cca7eb":248,"e866a899":248,"5690e712":248,"0b92d2a9":248,"070bed95":248,"67e5d108":248,"3d37b94b":248,"842c97c2":248,"c4cef92b":248,"0eecdc5b":248,"b7e495ea":248,"45ec63c0":248,"0ddfde2c":248,"a8b41774":248,"81f0da2d":248,"1fcc8ba4":248,"75a9c117":248,"12ba54ec":248,"be391c1a":248,"37d8a5b7":248,"d5ab81c4":248,"2ecde685":248,"f0bd52d3":248,"dcc20f76":248,"666a8ef0":248,"c5b609f1":248,"4dc5849a":248,"d605c755":248,"8a8c1d67":248,"cc6b3306":248,"8c2dfd9a":248,"f11267b9":248,"a483b15e":248,"f80ab49d":248,"95eaed39":248,"a5ba0ebb":248,"f53362a9":248,"1901ef7e":248,"960c2e6b":248,"3515e999":248,"d11f8f1b":248,"9d9eb027":248,"325f9a29":248,"503aafe5":248,"080d5d42":248,"5d03f5dc":248,"f0a01341":248,"1ee4d9f9":248,"0d6e45e7":248,"0da97151":248,"e829038c":248,"4987cfb5":248,"ba90687c":248,"77f2cf92":248,"037e2be4":248,"9e7dbd20":248,"0c086273":248,"ac13c3b0":248,"b4d9c57f":248,"5d53c964":248,"d5d94481":248,"ffe48500":248,"c7a45a33":248,"faffe099":248,"e99490cd":248,"3b830769":248,"583f0305":248,"1557c50a":248,"249e80ab":248,"f52a3d94":248,"eb74d3dd":248,"3bcbc28d":248,"3c0455e7":248,"df203c79":248,"df1e1ac0":248,"491708eb":248,"e421caaa":248,"2d2ecf27":248,"d38a4953":248,"eba5efdd":248,"a5463f93":248,"c85ac4f8":248,"bc253f4f":248,"0d9d2bf8":248,"846b7f11":248,"d3411467":248,"1df0ce7f":248,"a08171d0":248,"c8bc5677":248,"dfca0518":248,"b9a21017":248,"e47705d3":248,"3cae4115":248,"0ccf4731":248,"c7c6782d":248,"54346574":248,"b12cbf87":248,"81942d9b":248,"699b90c1":248,"d9b5a7a8":248,"1e7914d2":248,"e5d8fdb2":248,"3412ab75":248,"bcac5daf":248,"62d028cc":248,"0af2cf39":248,"27491297":248,"d041ea86":248,"1eda11b2":248,"fc442678":248,"8ee9cc91":248,"4cc0af91":248,"55f6a2ba":248,"9559ea96":248,"9cb044bf":248,"16b25add":248,"80ee333e":248,"3b329af2":248,"1cd662bf":248,"72992b35":248,"47589344":248,"593b1533":248,"e9f6e5ce":248,"ed6bead5":248,"96f594b9":248,"94dfcfc5":248,"8301986e":248,"830ecfec":248,"a8bae791":248,"312009ee":248,"c98759fd":248,"e8b6d676":248,"45ee5840":248,"76f04033":248,"43480b19":248,"fd955858":248,"69798d15":248,"efea71fa":248,"fb3aa867":248,"c9cf710b":248,"fcacdeb3":248,"0ea055ed":248,"e3b1bdf8":248,"644b45fb":248,"18c73816":248,"e491161e":248,"b5087677":248,"16f60bed":248,"cb0c3481":248,"7664512c":248,"df9a53b8":248,"f6c27b2b":248,"945f6c24":248,"f1daea7e":248,"b8fb90e3":248,"56227e35":248,"0d6bf22a":248,"b87321d0":248,"43205b5d":248,"8982905a":248,"f6fe1ad7":248,"230064fa":248,"764e0abb":248,"bba6d88e":248,"ea3479ec":248,"32266fa3":248,"50b090c3":248,"8be24763":248,"eb4800b2":248,"6e0ce9dc":248,"87d9bec4":248,"e30dfa0c":248,"6da34174":248,"bfb849fa":248,"0a10b423":248,"9ef7cee7":248,"49f1a0d1":248,"5f04aa76":248,"ba297382":248,"0287db2a":248,"96abe4a9":248,"753b10b1":248,"cf14bd99":248,"782022f4":248,"322e833f":248,"ab3619e4":248,"106006ad":248,"c8237be9":248,"1416e8f5":248,"dde2eed5":248,"a208caa8":248,"16605353":248,"77b39e15":248,"f1726edb":248,"590ce3d3":248,"1802d7ce":248,"0a49914b":248,"5d3f5cad":248,"cf347cba":248,"fc0c23f7":248,"641f9b9e":248,"c92edec5":248,"9f03c1e7":248,"06c24a8d":248,"2f35e75f":248,"3eddf7c8":248,"77970f8b":248,"efd594d5":248,"4718294d":248,"5352cf45":248,"e0ffe8ff":248,"ae14d6b5":248,"721f5f42":248,"0b50bca6":248,"bf2ca266":248,"5d8d9641":248,"0de67c6c":248,"2311399f":248,"5e3ebf5e":248,"9f6ca218":248,"6213799d":248,"44cb1fd2":248,"baf19c25":248,"24a79a6e":248,"edde30af":248,"4d949e11":248,"df12f689":248,"1da10cbf":248,"832c48e4":248,"dc90a44c":248,"1ad7c45b":248,"5566c17c":248,"86a22252":248,"0000dece":248,"ce5efdbe":248,"58ace2b5":248,"d379fd96":248,"7b819458":248,"7f8024cd":248,"ae562513":248,"7b66dacd":248,"9ab137d7":248,"7191d1cd":248,"005354dd":248,"92b72493":248,"d3e58903":248,"4481c4be":248,"7954891b":248,"4afd60a9":248,"d44c0ea3":248,"68f87858":248,"533bac6b":248,"41634dba":248,"43fd1327":248,"113e7f4b":248,"8cce569a":248,"ce6401b6":248,"6f57824c":248,"28bd7aa1":248,"1d52fb0d":248,"cde0d748":248,"535ed444":248,"710f0d0e":248,"0905f1fb":248,"a20e529c":248,"1ae76fcc":248,"35b161d3":248,"344cd1a3":248,"77ea1236":248,"96d2a118":248,"23a0e41f":248,"b32a1080":248,"a2c4b591":248,"6dfa57be":248,"1854ce44":248,"f92b22f1":248,"ece12664":248,"36f4ecde":248
1601327384564,"5b09e53e":248,"da5bb0f7":248,"6d925c84":248,"50b23ab2":248,"edfa56d4":248,"899c16eb":248,"41c76041":248,"6bb1fa99":248,"d73ff72e":248,"61c0ca91":248,"d2fda7be":248,"ce20ca3c":248,"1d2d958b":248,"81fb6a01":248,"7f5b27c8":248,"fb3444d9":248,"f05de640":248,"86a68967":248,"568a0d58":248,"5fd569d2":248,"10c8fd03":248,"bd4ccb49":248,"e773d697":248,"7e8c11e7":248,"077eb15a":248,"5337c279":248,"8d256cb6":248,"7021c619":248,"32ae00db":248,"bf2defb2":248,"bc733a28":248,"30d32d34":248,"886c16d3":248,"e8d09b62":248,"56cd4dca":248,"7f469f4c":248,"f92dedfc":248,"355d1489":248,"f96fc1af":248,"06713bac":248,"61aca924":248,"d97fb857":248,"59ff5ec6":248,"ef04e64e":248,"6e2d04de":248,"2fca1798":248,"05028839":248,"5488826c":248,"84fff5c1":248,"c649992d":248,"d5ad3ed6":248,"8e5f7187":248,"55ba7579":248,"b7769ca6":248,"9c27de51":248,"38a75b48":248,"1792bfa3":248,"426f1904":248,"7c0f1ca9":248,"b2f820ac":248,"25d4f65d":248,"eddb6a2a":248,"ff8a00aa":248,"c146560b":248,"985068e7":248,"d543ba6f":248,"3b3569f6":248,"b01ab62a":248,"76da16fa":248,"bffee581":248,"07150038":248,"080fa362":248,"7b6945ad":248,"a40d08e1":248,"cec79bc2":248,"d2eff358":248,"e70aebb5":248,"a488b2f1":248,"4caa87d6":248,"f7076e21":248,"69e653b6":248,"98d2991b":248,"3b411d6a":248,"83826ef3":248,"595609d5":248,"b47f1b89":248,"8e6caf71":248,"9a3433b8":248,"b89112cb":248,"66736d5e":248,"30de89a7":248,"06aaa33f":248,"320c65bf":248,"1fa1e7c2":248,"646af2b9":248,"659389ad":248,"240c8679":248,"0718c3be":248,"8b503f7b":248,"87a8523c":248,"c416baa6":248,"ae350a07":248,"680a32a6":248,"83ba647d":248,"cb0bd6b7":248,"8e426e39":248,"51909df8":248,"e22b0973":248,"23646ff9":248,"3abb827b":248,"0c73c293":248,"88929b06":248,"08c4692e":248,"5b2479ef":248,"1d882c36":248,"eb62e8f2":248,"f1e86522":248,"fa03f48f":248,"5298dafa":248,"25f7f918":248,"c5311ebb":248,"105bb3f6":248,"58de5462":248,"f01c896d":248,"1f2670d0":248,"962c9c8f":248,"aec0bf28":248,"a017a323":248,"8801c469":248,"b6281f1a":248,"48c6df81":248,"5e165f43":248,"f8785b71":248,"ab4a411a":248,"d7a4b24c":248,"686d5c0b":248,"f15eb1c5":248,"71789493":248,"5ac72353":248,"d1b14d06":248,"f6c074a7":248,"ffd6849d":248,"962fca02":248,"75968179":248,"bc8bdc23":248,"a71f3f70":248,"1f7aa83c":248,"732d62ee":248,"d4b0751c":248,"5b01444b":248,"79995b62":248,"97160db8":248,"589f0d6e":248,"51b4016a":248,"46bf9112":248,"092ad3d6":248,"bf940089":248,"01f34f98":248,"1670b0d3":248,"ec97d63e":248,"94208a41":248,"2cbcad17":248,"4dccb5ca":248,"83268abf":248,"578c4c95":248,"c606b472":248,"808bc372":248,"c792a7c1":248,"5a7da061":248,"06a94514":248,"73c420df":248,"0700da70":248,"ff591765":248,"93f12198":248,"62e270e5":248,"66b1b6d7":248,"b062adc4":248,"4aae5133":248,"63a3af32":248,"3fec4b0b":248,"faa3de3e":248,"44983d13":248,"80999122":248,"72af9198":248,"e39e9552":248,"9666b973":248,"653b27c7":248,"83b37fd6":248,"81c1b70d":248,"e72f0f82":248,"88374b72":248,"fdfaf1ed":248,"ea981bed":248,"5e197575":248,"e587c4d0":248,"525b2635":248,"caa38a45":248,"a9987a58":248,"b6b8e5c7":248,"e82177d3":248,"89914b94":248,"04bdf5e1":248,"da8b42be":248,"3b0576bf":248,"9458934f":248,"1dcc489c":248,"945badf3":248,"1327775b":248,"bdd40125":248,"75fd47f7":248,"1c52a07e":248,"e70ccc25":248,"afd1494f":248,"ca6bffd3":248,"829c44a4":248,"e76e2617":248,"2b4fd52e":248,"57162572":248,"d1d50cfe":248,"4d852788":248,"e43a9448":248,"3542b748":248,"379c53ab":248,"e396d80d":248,"7da61f27":248,"dc874a97":248,"85a220de":248,"40a7cdd2":248,"ac033c7b":248,"87759976":248,"4df3f62e":248,"c881a53e":248,"80c1c8b1":248,"cf52acd8":248,"a63cb4ce":248,"d3b3492b":248,"7580cfa4":248,"22a96386":248,"5c672b50":248,"5df16440":248,"272e7d0d":248,"f92596ee":248,"68831ea9":248,"b666e56d":248,"8db378ff":248,"784d6375":248,"4541bf85":248,"a6b13f20":248,"2459c882":248,"3df97186":248,"ef0490de":248,"e0f47ced":248,"309bbf54":248,"cc537772":248,"6618390c":248,"99cc0813":248,"dc32c4e1":248,"239c636e":248,"6ee160ff":248,"c55d40ca":248,"22c177a8":248,"00ae883f":248,"f416ee62":248,"0d2b182d":248,"320754c3":248,"232b2f64":248,"3171b6e7":248,"3b25460f":248,"d2064756":248,"9713d076":248,"fd098272":248,"6ee788a7":248,"8249641d":248,"45b0968f":248,"6a9bb182":248,"1f1afd4f":248,"25fb8826":248,"0dc5da58":248,"2874a625":248,"e61ae828":248,"f7ac3883":248,"ccd01528":248,"dab8cf68":248,"00f2a9cb":248,"916fe082":248,"b64dba8e":248,"c3bb30ce":248,"86219c70":248,"601990d8":248,"5c662c19":248,"d2a5d2fd":248,"89d220c2":248,"3e10c9cb":248,"5500a3e8":248,"3c0e87ac":248,"a891461f":248,"a246cdab":248,"117c7f0b":248,"0d21cf99":248,"14e6fe14":248,"37ec5e73":248,"bfff7913":248,"f8636899":248,"37724339":248,"d45d9727":248,"ee5ff2a3":248,"44322dfd":248,"295e4d1d":248,"8cf6570a":248,"403064a0":248,"312af46e":248,"b5a9f8c3":248,"fcbc0ae8":248,"2ff6b6a8":248,"66a71cc1":248,"bf4b58e4":248,"f7ffcbb8":248,"5728f934":248,"00b26865":248,"c333337d":248,"815c56bc":248,"5bd61a68":248,"8582c5cf":248,"0c353665":248,"231e8700":248,"1f9fbd85":248,"43f24679":248,"a1c0dfc4":248,"78f71162":248,"4b27a9a4":248,"163f4d19":248,"1d043d5a":248,"b2f82e06":248,"5b0b43e6":248,"b5474d69":248,"5a938eeb":248,"4fe0dedf":248,"951fc6d0":248,"61892a4c":248,"f096219e":248,"a3f0a6ec":248,"01051f84":248,"aa7e370d":248,"f995eeab":248,"4006e709":248,"0dedf63e":248,"a9d5374b":248,"4321f02d":248,"089b3f8f":248,"7698d0dc":248,"784414ce":248,"2df3efdb":248,"d0f1b7bd":248,"e7799883":248,"4f9456cf":248,"6e260ee8":248,"f4f84279":248,"b0950de5":248,"6f873999":248,"1f4e0e22":248,"60d69311":248,"3b09f1de":248,"b371f44a":248,"8b6180ff":248,"8819ac24":248,"dbbf7f69":248,"dfe4a061":248,"c2bf7d51":248,"781afef6":248,"de9229a0":248,"99a5feef":248,"f6266388":248,"a8edfe84":248,"2ed19b1e":248,"959e16ea":248,"02f76c64":248,"5c6d1f33":248,"b4801cae":248,"c3c2fd05":248,"f8c97147":248,"c2526ff3":248,"cc386067":248,"a22ffd8f":248,"3cd28a4d":248,"44a12c31":248,"45a961ca":248,"5ca978fd":248,"668e601b":248,"7552d86c":248,"02ebf3b6":248,"bb17a968":248,"4abcb85d":248,"e64fd39c":248,"e1b3ce36":248,"625fa164":248,"0c6ae551":248,"e8f4c1dd":248,"cede8b8c":248,"ad95ff4a":248,"893a99c5":248,"d8bf32b5":248,"0eb42efe":248,"03c4ab87":248,"4e3d3af7":248,"3a4803a8":248,"f7a7de5d":248,"d4e56c3e":248,"0c045c2d":248,"8efd4801":248,"7eb8f268":248,"20236d3e":248,"36ae8cd8":248,"3ddd5391":248,"07f69c6d":248,"2254f0f5":248,"ea282e84":248,"6653c83b":248,"c896052c":248,"287ecd1c":248,"f9376d3e":248,"07a94e8c":248,"bb017b49":248,"37b52fe4":248,"61ad1519":248,"819c4185":248,"ba69b06b":248,"7d2a2cb4":248,"cba26072":248,"2a718dcc":248,"c6a9a8e1":248,"88854fd0":248,"8dc27d2a":248,"41d7f05d":248,"2b851827":248,"9f428a03":248,"4d504d96":248,"0533ece1":248,"bcee2ef3":248,"0afba00c":248,"04ff8100":248,"6c00d8d6":248,"ac9a02bc":248,"acfe69ed":248,"426603ff":248,"2db2f252":248,"2e84193b":248,"c55683c9":248,"51233daf":248,"02791635":248,"be081247":248,"5cc47d1b":248,"678b846f":248,"b4bd39d8":248,"b4cdbe5d":248,"fa0386f3":248,"b95d0f17":248,"cee9c347":248
1601327384964,"4f62491c":248,"70b4c438":248,"71ed93db":248,"c92efaa8":248,"c241ac7e":248,"62a45672":248,"210e507a":248,"ac6e268b":248,"742238e8":248,"7800e7ce":249,"77869ff0":249,"4b8f7b16":249,"89f75690":249,"cb363e2f":249,"cd802f02":249,"d3cca7eb":249,"e866a899":249,"5690e712":249,"0b92d2a9":249,"070bed95":249,"67e5d108":249,"3d37b94b":249,"842c97c2":249,"c4cef92b":249,"0eecdc5b":249,"b7e495ea":249,"45ec63c0":249,"0ddfde2c":249,"a8b41774":249,"81f0da2d":249,"1fcc8ba4":249,"75a9c117":249,"12ba54ec":249,"be391c1a":249,"37d8a5b7":249,"d5ab81c4":249,"2ecde685":249,"f0bd52d3":249,"dcc20f76":249,"666a8ef0":249,"c5b609f1":249,"4dc5849a":249,"d605c755":249,"8a8c1d67":249,"cc6b3306":249,"8c2dfd9a":249,"f11267b9":249,"a483b15e":249,"f80ab49d":249,"95eaed39":249,"a5ba0ebb":249,"f53362a9":249,"1901ef7e":249,"960c2e6b":249,"3515e999":249,"d11f8f1b":249,"9d9eb027":249,"325f9a29":249,"503aafe5":249,"080d5d42":249,"5d03f5dc":249,"f0a01341":249,"1ee4d9f9":249,"0d6e45e7":249,"0da97151":249,"e829038c":249,"4987cfb5":249,"ba90687c":249,"77f2cf92":249,"037e2be4":249,"9e7dbd20":249,"0c086273":249,"ac13c3b0":249,"b4d9c57f":249,"5d53c964":249,"8ee9cc91":249,"4cc0af91":249,"55f6a2ba":249,"9559ea96":249,"d5d94481":249,"ffe48500":249,"c7a45a33":249,"faffe099":249,"e99490cd":249,"3b830769":249,"583f0305":249,"1557c50a":249,"249e80ab":249,"f52a3d94":249,"eb74d3dd":249,"3bcbc28d":249,"3c0455e7":249,"df203c79":249,"df1e1ac0":249,"491708eb":249,"e421caaa":249,"2d2ecf27":249,"9cb044bf":249,"16b25add":249,"80ee333e":249,"3b329af2":249,"1cd662bf":249,"72992b35":249,"47589344":249,"593b1533":249,"e9f6e5ce":249,"ed6bead5":249,"96f594b9":249,"94dfcfc5":249,"8301986e":249,"830ecfec":249,"a8bae791":249,"312009ee":249,"c98759fd":249,"e8b6d676":249,"45ee5840":249,"76f04033":249,"43480b19":249,"fd955858":249,"69798d15":249,"efea71fa":249,"fb3aa867":249,"c9cf710b":249,"fcacdeb3":249,"0ea055ed":249,"e3b1bdf8":249,"644b45fb":249,"d38a4953":249,"eba5efdd":249,"a5463f93":249,"c85ac4f8":249,"bc253f4f":249,"0d9d2bf8":249,"846b7f11":249,"d3411467":249,"1df0ce7f":249,"a08171d0":249,"c8bc5677":249,"dfca0518":249,"b9a21017":249,"e47705d3":249,"3cae4115":249,"0ccf4731":249,"c7c6782d":249,"54346574":249,"b12cbf87":249,"81942d9b":249,"699b90c1":249,"d9b5a7a8":249,"1e7914d2":249,"e5d8fdb2":249,"3412ab75":249,"bcac5daf":249,"62d028cc":249,"0af2cf39":249,"27491297":249,"d041ea86":249,"1eda11b2":249,"fc442678":249
1601327385598,"18c73816":249,"e491161e":249,"b5087677":249,"16f60bed":249,"cb0c3481":249,"7664512c":249,"df9a53b8":249,"f6c27b2b":249,"945f6c24":249,"f1daea7e":249,"b8fb90e3":249,"56227e35":249,"0d6bf22a":249,"b87321d0":249,"43205b5d":249,"8982905a":249,"f6fe1ad7":249,"230064fa":249,"764e0abb":249,"bba6d88e":249,"ea3479ec":249,"32266fa3":249,"50b090c3":249,"8be24763":249,"eb4800b2":249,"6e0ce9dc":249,"87d9bec4":249,"e30dfa0c":249,"6da34174":249,"bfb849fa":249,"0a10b423":249,"9ef7cee7":249,"49f1a0d1":249,"5f04aa76":249,"ba297382":249,"0287db2a":249,"96abe4a9":249,"753b10b1":249,"cf14bd99":249,"782022f4":249,"322e833f":249,"ab3619e4":249,"106006ad":249,"c8237be9":249,"1416e8f5":249,"dde2eed5":249,"a208caa8":249,"16605353":249,"77b39e15":249,"f1726edb":249,"92b72493":249,"d3e58903":249,"4481c4be":249,"7954891b":249,"4afd60a9":249,"d44c0ea3":249,"68f87858":249,"533bac6b":249,"41634dba":249,"43fd1327":249,"113e7f4b":249,"8cce569a":249,"ce6401b6":249,"6f57824c":249,"28bd7aa1":249,"1d52fb0d":249,"cde0d748":249,"535ed444":249,"710f0d0e":249,"0905f1fb":249,"a20e529c":249,"1ae76fcc":249,"590ce3d3":249,"1802d7ce":249,"0a49914b":249,"5d3f5cad":249,"cf347cba":249,"fc0c23f7":249,"641f9b9e":249,"c92edec5":249,"9f03c1e7":249,"06c24a8d":249,"2f35e75f":249,"3eddf7c8":249,"77970f8b":249,"efd594d5":249,"4718294d":249,"5352cf45":249,"e0ffe8ff":249,"5b09e53e":249,"da5bb0f7":249,"6d925c84":249,"50b23ab2":249,"edfa56d4":249,"899c16eb":249,"41c76041":249,"35b161d3":249,"344cd1a3":249,"77ea1236":249,"96d2a118":249,"23a0e41f":249,"b32a1080":249,"a2c4b591":249,"6dfa57be":249,"1854ce44":249,"f92b22f1":249,"ece12664":249,"36f4ecde":249,"568a0d58":249,"5fd569d2":249,"10c8fd03":249,"bd4ccb49":249,"e773d697":249,"7e8c11e7":249,"077eb15a":249,"5337c279":249,"8d256cb6":249,"7021c619":249,"32ae00db":249,"bf2defb2":249,"bc733a28":249,"30d32d34":249,"886c16d3":249,"e8d09b62":249,"6bb1fa99":249,"d73ff72e":249,"61c0ca91":249,"d2fda7be":249,"ce20ca3c":249,"1d2d958b":249,"81fb6a01":249,"7f5b27c8":249,"fb3444d9":249,"f05de640":249,"86a68967":249,"56cd4dca":249,"7f469f4c":249,"f92dedfc":249,"355d1489":249,"f96fc1af":249,"06713bac":249,"ae14d6b5":249,"721f5f42":249,"0b50bca6":249,"bf2ca266":249,"5d8d9641":249,"0de67c6c":249,"2311399f":249,"5e3ebf5e":249,"9f6ca218":249,"6213799d":249,"44cb1fd2":249,"baf19c25":249,"24a79a6e":249,"edde30af":249,"4d949e11":249,"df12f689":249,"1da10cbf":249,"832c48e4":249,"dc90a44c":249,"1ad7c45b":249,"5566c17c":249,"86a22252":249,"0000dece":249,"ce5efdbe":249,"58ace2b5":249,"d379fd96":249,"7b819458":249,"7f8024cd":249,"ae562513":249,"7b66dacd":249,"9ab137d7":249,"7191d1cd":249,"005354dd":249,"61aca924":249,"d97fb857":249,"59ff5ec6":249,"ef04e64e":249,"6e2d04de":249,"2fca1798":249,"05028839":249,"5488826c":249,"84fff5c1":249,"c649992d":249,"d5ad3ed6":249,"8e5f7187":249,"55ba7579":249,"b7769ca6":249,"9c27de51":249,"38a75b48":249,"1792bfa3":249,"426f1904":249,"7c0f1ca9":249,"b2f820ac":249,"25d4f65d":249,"eddb6a2a":249,"ff8a00aa":249,"c146560b":249,"985068e7":249,"d543ba6f":249,"3b3569f6":249,"b01ab62a":249,"76da16fa":249,"bffee581":249,"07150038":249,"080fa362":249,"7b6945ad":249,"a40d08e1":249,"cec79bc2":249,"d2eff358":249,"e70aebb5":249,"a488b2f1":249,"4caa87d6":249,"f7076e21":249,"69e653b6":249,"98d2991b":249,"3b411d6a":249,"83826ef3":249,"595609d5":249,"b47f1b89":249,"8e6caf71":249,"9a3433b8":249,"b89112cb":249,"66736d5e":249,"30de89a7":249,"06aaa33f":249,"320c65bf":249,"1fa1e7c2":249,"646af2b9":249,"659389ad":249,"240c8679":249,"0718c3be":249
1601327385839,"8b503f7b":249,"87a8523c":249,"c416baa6":249,"ae350a07":249,"680a32a6":249,"83ba647d":249,"cb0bd6b7":249,"8e426e39":249,"51909df8":249,"e22b0973":249,"23646ff9":249,"3abb827b":249,"0c73c293":249,"88929b06":249,"08c4692e":249,"5b2479ef":249,"1d882c36":249,"eb62e8f2":249,"f1e86522":249,"fa03f48f":249,"5298dafa":249,"25f7f918":249,"c5311ebb":249,"105bb3f6":249,"58de5462":249,"f01c896d":249,"1f2670d0":249,"962c9c8f":249,"aec0bf28":249,"a017a323":249,"8801c469":249,"b6281f1a":249,"48c6df81":249,"5e165f43":249,"f8785b71":249,"ab4a411a":249,"d7a4b24c":249,"686d5c0b":249,"f15eb1c5":249,"71789493":249,"5ac72353":249,"d1b14d06":249,"f6c074a7":249,"ffd6849d":249,"962fca02":249,"75968179":249,"bc8bdc23":249,"a71f3f70":249,"1f7aa83c":249,"732d62ee":249,"d4b0751c":249,"5b01444b":249,"79995b62":249,"97160db8":249,"589f0d6e":249,"51b4016a":249,"46bf9112":249,"092ad3d6":249,"bf940089":249,"01f34f98":249,"1670b0d3":249,"ec97d63e":249,"94208a41":249,"2cbcad17":249,"4dccb5ca":249,"83268abf":249,"578c4c95":249,"c606b472":249,"808bc372":249,"c792a7c1":249,"5a7da061":249,"06a94514":249,"73c420df":249,"0700da70":249,"ff591765":249,"93f12198":249,"62e270e5":249,"66b1b6d7":249,"b062adc4":249,"4aae5133":249,"63a3af32":249,"3fec4b0b":249,"faa3de3e":249,"44983d13":249,"80999122":249,"72af9198":249,"e39e9552":249,"81c1b70d":249,"e72f0f82":249,"88374b72":249,"fdfaf1ed":249,"ea981bed":249,"5e197575":249,"e587c4d0":249,"525b2635":249,"caa38a45":249,"a9987a58":249,"b6b8e5c7":249,"e82177d3":249,"89914b94":249,"04bdf5e1":249,"da8b42be":249,"3b0576bf":249,"9458934f":249,"1dcc489c":249,"272e7d0d":249,"f92596ee":249,"68831ea9":249,"9713d076":249,"fd098272":249,"6ee788a7":249,"8249641d":249,"45b0968f":249,"6a9bb182":249,"1f1afd4f":249,"25fb8826":249,"0dc5da58":249,"2874a625":249,"e61ae828":249,"945badf3":249,"1327775b":249,"bdd40125":249,"75fd47f7":249,"1c52a07e":249,"e70ccc25":249,"afd1494f":249,"ca6bffd3":249,"829c44a4":249,"e76e2617":249,"2b4fd52e":249,"57162572":249,"d1d50cfe":249,"f7ffcbb8":249,"5728f934":249,"00b26865":249,"c333337d":249,"815c56bc":249,"5bd61a68":249,"8582c5cf":249,"0c353665":249,"231e8700":249,"1f9fbd85":249,"43f24679":249,"a1c0dfc4":249,"78f71162":249,"9666b973":249,"653b27c7":249,"83b37fd6":249,"4d852788":249,"e43a9448":249,"3542b748":249,"379c53ab":249,"e396d80d":249,"7da61f27":249,"dc874a97":249,"85a220de":249,"40a7cdd2":249,"ac033c7b":249,"87759976":249,"4df3f62e":249,"c881a53e":249,"80c1c8b1":249,"cf52acd8":249,"a63cb4ce":249,"d3b3492b":249,"7580cfa4":249,"22a96386":249,"5c672b50":249,"4b27a9a4":249,"163f4d19":249,"1d043d5a":249,"b2f82e06":249,"f7ac3883":249,"ccd01528":249,"dab8cf68":249,"00f2a9cb":249,"916fe082":249,"b64dba8e":249,"c3bb30ce":249,"86219c70":249,"601990d8":249,"5c662c19":249,"d2a5d2fd":249,"89d220c2":249,"3e10c9cb":249,"5500a3e8":249,"3c0e87ac":249,"a891461f":249,"a246cdab":249,"117c7f0b":249,"0d21cf99":249,"14e6fe14":249,"37ec5e73":249,"bfff7913":249,"f8636899":249,"37724339":249,"d45d9727":249,"ee5ff2a3":249,"44322dfd":249,"295e4d1d":249,"8cf6570a":249,"403064a0":249,"312af46e":249,"b5a9f8c3":249,"fcbc0ae8":249,"5b0b43e6":249,"b5474d69":249,"5a938eeb":249,"4fe0dedf":249,"951fc6d0":249,"61892a4c":249,"f096219e":249,"a3f0a6ec":249,"01051f84":249,"aa7e370d":249,"f995eeab":249,"4006e709":249,"0dedf63e":249,"a9d5374b":249,"4321f02d":249,"089b3f8f":249,"7698d0dc":249,"784414ce":249,"2df3efdb":249,"d0f1b7bd":249,"e7799883":249,"4f9456cf":249,"6e260ee8":249,"f4f84279":249,"b0950de5":249,"6f873999":249,"1f4e0e22":249,"60d69311":249,"3b09f1de":249,"b371f44a":249,"8b6180ff":249,"5df16440":249,"b666e56d":249,"8db378ff":249,"784d6375":249,"4541bf85":249,"a6b13f20":249,"2459c882":249,"3df97186":249,"ef0490de":249,"e0f47ced":249,"309bbf54":249,"cc537772":249,"6618390c":249,"99cc0813":249,"dc32c4e1":249,"239c636e":249,"6ee160ff":249,"c55d40ca":249,"22c177a8":249,"00ae883f":249,"f416ee62":249,"0d2b182d":249,"320754c3":249,"232b2f64":249,"3171b6e7":249,"3b25460f":249,"d2064756":249,"8819ac24":249,"2ff6b6a8":249,"66a71cc1":249,"bf4b58e4":249,"dbbf7f69":249,"dfe4a061":249,"c2bf7d51":249,"781afef6":249,"de9229a0":249,"99a5feef":249,"a8edfe84":249,"2ed19b1e":249,"959e16ea":249,"02f76c64":249,"5c6d1f33":249,"b4801cae":249,"c3c2fd05":249,"f8c97147":249,"c2526ff3":249,"cc386067":249,"a22ffd8f":249,"f6266388":249,"e64fd39c":249,"e1b3ce36":249,"625fa164":249,"0c6ae551":249,"e8f4c1dd":249,"cede8b8c":249,"ad95ff4a":249,"893a99c5":249,"d8bf32b5":249,"0eb42efe":249,"03c4ab87":249,"4e3d3af7":249,"3a4803a8":249,"f7a7de5d":249,"d4e56c3e":249,"0c045c2d":249,"8efd4801":249,"7eb8f268":249,"20236d3e":249,"36ae8cd8":249,"3ddd5391":249,"07f69c6d":249,"2254f0f5":249,"ea282e84":249,"6653c83b":249,"c896052c":249,"287ecd1c":249,"f9376d3e":249,"07a94e8c":249,"bb017b49":249,"37b52fe4":249,"61ad1519":249,"819c4185":249,"ba69b06b":249,"7d2a2cb4":249,"4f62491c":249,"70b4c438":249,"71ed93db":249,"c92efaa8":249,"c241ac7e":249,"62a45672":249,"3cd28a4d":249,"44a12c31":249,"45a961ca":249,"5ca978fd":249,"668e601b":249,"7552d86c":249,"02ebf3b6":249,"bb17a968":249,"4abcb85d":249,"cba26072":249,"2a718dcc":249,"c6a9a8e1":249,"88854fd0":249,"8dc27d2a":249,"41d7f05d":249,"2b851827":249,"9f428a03":249,"4d504d96":249,"0533ece1":249,"bcee2ef3":249,"0afba00c":249,"04ff8100":249,"6c00d8d6":249,"ac9a02bc":249,"acfe69ed":249,"426603ff":249,"2db2f252":249,"2e84193b":249,"c55683c9":249,"51233daf":249,"02791635":249,"be081247":249,"5cc47d1b":249,"678b846f":249,"b4bd39d8":249,"b4cdbe5d":249,"fa0386f3":249,"210e507a":249,"ac6e268b":249,"742238e8":249
1601327386743,"b95d0f17":249,"cee9c347":249,"7800e7ce":250,"77869ff0":250,"4b8f7b16":250,"89f75690":250,"cb363e2f":250,"cd802f02":250,"d3cca7eb":250,"e866a899":250,"5690e712":250,"0b92d2a9":250,"070bed95":250,"67e5d108":250,"3d37b94b":250,"842c97c2":250,"d5d94481":250,"ffe48500":250,"c7a45a33":250,"faffe099":250,"e99490cd":250,"3b830769":250,"583f0305":250,"1557c50a":250,"249e80ab":250,"f52a3d94":250,"eb74d3dd":250,"3bcbc28d":250,"3c0455e7":250,"df203c79":250,"df1e1ac0":250,"491708eb":250,"e421caaa":250,"2d2ecf27":250,"d38a4953":250,"eba5efdd":250,"a5463f93":250,"c85ac4f8":250,"c4cef92b":250,"0eecdc5b":250,"b7e495ea":250,"45ec63c0":250,"0ddfde2c":250,"a8b41774":250,"81f0da2d":250,"1fcc8ba4":250,"75a9c117":250,"12ba54ec":250,"be391c1a":250,"37d8a5b7":250,"d5ab81c4":250,"2ecde685":250,"f0bd52d3":250,"dcc20f76":250,"666a8ef0":250,"c5b609f1":250,"4dc5849a":250,"d605c755":250,"8a8c1d67":250,"cc6b3306":250,"8c2dfd9a":250,"f11267b9":250,"a483b15e":250,"f80ab49d":250,"95eaed39":250,"a5ba0ebb":250,"f53362a9":250,"1901ef7e":250,"960c2e6b":250,"3515e999":250,"d11f8f1b":250,"9d9eb027":250,"325f9a29":250,"503aafe5":250,"bc253f4f":250,"0d9d2bf8":250,"846b7f11":250,"d3411467":250,"1df0ce7f":250,"a08171d0":250,"c8bc5677":250,"dfca0518":250,"b9a21017":250,"e47705d3":250,"3cae4115":250,"0ccf4731":250,"c7c6782d":250,"54346574":250,"b12cbf87":250,"81942d9b":250,"699b90c1":250,"d9b5a7a8":250,"1e7914d2":250,"e5d8fdb2":250
1601327387276,"3412ab75":250,"bcac5daf":250,"62d028cc":250,"0af2cf39":250,"27491297":250,"d041ea86":250,"1eda11b2":250,"fc442678":250,"080d5d42":250,"5d03f5dc":250,"f0a01341":250,"1ee4d9f9":250,"0d6e45e7":250,"0da97151":250,"e829038c":250,"4987cfb5":250,"ba90687c":250,"77f2cf92":250,"037e2be4":250,"9e7dbd20":250,"0c086273":250,"ac13c3b0":250,"b4d9c57f":250,"5d53c964":250,"8ee9cc91":250,"4cc0af91":250,"55f6a2ba":250,"9559ea96":250,"9cb044bf":250,"16b25add":250,"80ee333e":250,"3b329af2":250,"1cd662bf":250,"72992b35":250,"47589344":250,"593b1533":250,"e9f6e5ce":250,"ed6bead5":250,"96f594b9":250,"94dfcfc5":250,"8301986e":250,"830ecfec":250,"a8bae791":250,"312009ee":250,"c98759fd":250,"e8b6d676":250,"45ee5840":250,"76f04033":250,"43480b19":250,"fd955858":250,"69798d15":250,"efea71fa":250,"fb3aa867":250,"c9cf710b":250,"fcacdeb3":250,"0ea055ed":250,"e3b1bdf8":250,"644b45fb":250,"92b72493":250,"d3e58903":250,"4481c4be":250,"7954891b":250,"4afd60a9":250,"d44c0ea3":250,"68f87858":250,"533bac6b":250,"96abe4a9":250,"753b10b1":250,"cf14bd99":250,"782022f4":250,"322e833f":250,"ab3619e4":250,"106006ad":250,"c8237be9":250,"1416e8f5":250,"dde2eed5":250,"a208caa8":250,"16605353":250,"77b39e15":250,"f1726edb":250,"18c73816":250,"e491161e":250,"b5087677":250,"16f60bed":250,"cb0c3481":250,"7664512c":250,"df9a53b8":250,"f6c27b2b":250,"945f6c24":250,"f1daea7e":250,"b8fb90e3":250,"56227e35":250,"0d6bf22a":250,"b87321d0":250,"43205b5d":250,"8982905a":250,"f6fe1ad7":250,"230064fa":250,"764e0abb":250,"bba6d88e":250,"ea3479ec":250,"32266fa3":250,"50b090c3":250,"8be24763":250,"eb4800b2":250,"6e0ce9dc":250,"87d9bec4":250,"e30dfa0c":250,"6da34174":250,"bfb849fa":250,"0a10b423":250,"9ef7cee7":250,"49f1a0d1":250,"5f04aa76":250,"ba297382":250,"0287db2a":250,"590ce3d3":250,"1802d7ce":250,"0a49914b":250,"5d3f5cad":250,"cf347cba":250,"fc0c23f7":250,"641f9b9e":250,"c92edec5":250,"9f03c1e7":250,"06c24a8d":250,"2f35e75f":250,"3eddf7c8":250,"77970f8b":250,"efd594d5":250,"4718294d":250,"5352cf45":250,"e0ffe8ff":250,"ae14d6b5":250,"721f5f42":250,"0b50bca6":250,"bf2ca266":250,"5d8d9641":250,"0de67c6c":250,"2311399f":250,"5e3ebf5e":250,"9f6ca218":250,"6213799d":250,"44cb1fd2":250,"baf19c25":250,"24a79a6e":250,"edde30af":250,"4d949e11":250,"df12f689":250,"1da10cbf":250,"832c48e4":250,"dc90a44c":250,"1ad7c45b":250,"5566c17c":250,"86a22252":250,"0000dece":250,"ce5efdbe":250,"58ace2b5":250,"bc733a28":250,"30d32d34":250,"886c16d3":250,"e8d09b62":250,"41634dba":250,"43fd1327":250,"113e7f4b":250,"8cce569a":250,"ce6401b6":250,"6f57824c":250,"28bd7aa1":250,"1d52fb0d":250,"cde0d748":250,"535ed444":250,"710f0d0e":250,"0905f1fb":250,"a20e529c":250,"1ae76fcc":250,"35b161d3":250,"344cd1a3":250,"77ea1236":250,"96d2a118":250,"23a0e41f":250,"b32a1080":250,"a2c4b591":250,"6dfa57be":250,"1854ce44":250,"f92b22f1":250,"ece12664":250,"36f4ecde":250,"568a0d58":250,"5fd569d2":250,"10c8fd03":250,"bd4ccb49":250,"e773d697":250,"7e8c11e7":250,"077eb15a":250,"5337c279":250,"8d256cb6":250,"7021c619":250,"32ae00db":250,"bf2defb2":250
1601327387871,"d379fd96":250,"7b819458":250,"7f8024cd":250,"ae562513":250,"7b66dacd":250,"9ab137d7":250,"7191d1cd":250,"005354dd":250,"5b09e53e":250,"da5bb0f7":250,"6d925c84":250,"50b23ab2":250,"edfa56d4":250,"899c16eb":250,"41c76041":250,"6bb1fa99":250,"d73ff72e":250,"61c0ca91":250,"d2fda7be":250,"ce20ca3c":250,"1d2d958b":250,"81fb6a01":250,"7f5b27c8":250,"fb3444d9":250,"f05de640":250,"86a68967":250,"56cd4dca":250,"7f469f4c":250,"f92dedfc":250,"355d1489":250,"f96fc1af":250,"06713bac":250,"61aca924":250,"d97fb857":250,"59ff5ec6":250,"ef04e64e":250,"6e2d04de":250,"2fca1798":250,"05028839":250,"5488826c":250,"84fff5c1":250,"c649992d":250,"d5ad3ed6":250,"8e5f7187":250,"55ba7579":250,"b7769ca6":250,"9c27de51":250,"38a75b48":250,"1792bfa3":250,"426f1904":250,"7c0f1ca9":250,"b2f820ac":250,"25d4f65d":250,"eddb6a2a":250,"ff8a00aa":250,"c146560b":250,"985068e7":250,"d543ba6f":250,"3b3569f6":250,"b01ab62a":250,"76da16fa":250,"bffee581":250,"07150038":250,"080fa362":250,"7b6945ad":250,"a40d08e1":250,"cec79bc2":250,"d2eff358":250,"e70aebb5":250,"a488b2f1":250,"4caa87d6":250,"f7076e21":250,"69e653b6":250,"272e7d0d":250,"f92596ee":250,"68831ea9":250,"9713d076":250,"98d2991b":250,"3b411d6a":250,"83826ef3":250,"595609d5":250,"b47f1b89":250,"8e6caf71":250,"9a3433b8":250,"b89112cb":250,"66736d5e":250,"30de89a7":250,"06aaa33f":250,"320c65bf":250,"1fa1e7c2":250,"646af2b9":250,"659389ad":250,"240c8679":250,"0718c3be":250,"8b503f7b":250,"87a8523c":250,"c416baa6":250,"ae350a07":250,"680a32a6":250,"83ba647d":250,"cb0bd6b7":250,"8e426e39":250,"51909df8":250,"e22b0973":250,"23646ff9":250,"3abb827b":250,"0c73c293":250,"88929b06":250,"08c4692e":250,"5b2479ef":250,"1d882c36":250,"eb62e8f2":250,"fd098272":250,"6ee788a7":250,"8249641d":250,"45b0968f":250,"6a9bb182":250,"1f1afd4f":250,"25fb8826":250,"0dc5da58":250,"2874a625":250,"e61ae828":250,"f7ac3883":250,"ccd01528":250,"dab8cf68":250,"00f2a9cb":250,"916fe082":250,"b64dba8e":250,"c3bb30ce":250,"86219c70":250,"601990d8":250,"5c662c19":250,"f1e86522":250,"fa03f48f":250,"5298dafa":250,"25f7f918":250,"c5311ebb":250,"105bb3f6":250,"58de5462":250,"f01c896d":250,"1f2670d0":250,"962c9c8f":250,"aec0bf28":250,"a017a323":250,"8801c469":250,"b6281f1a":250,"48c6df81":250,"5e165f43":250,"f8785b71":250,"d2a5d2fd":250,"89d220c2":250,"3e10c9cb":250,"ab4a411a":250,"d7a4b24c":250,"686d5c0b":250,"f15eb1c5":250,"71789493":250,"5ac72353":250,"d1b14d06":250,"f6c074a7":250,"ffd6849d":250,"962fca02":250,"75968179":250,"bc8bdc23":250,"a71f3f70":250,"1f7aa83c":250,"732d62ee":250,"d4b0751c":250,"5b01444b":250,"79995b62":250,"97160db8":250,"589f0d6e":250,"51b4016a":250,"46bf9112":250,"092ad3d6":250,"bf940089":250,"01f34f98":250,"1670b0d3":250,"ec97d63e":250,"94208a41":250,"2cbcad17":250,"4dccb5ca":250,"83268abf":250,"578c4c95":250,"c606b472":250,"5500a3e8":250,"808bc372":250,"c792a7c1":250,"5a7da061":250,"06a94514":250,"73c420df":250,"0700da70":250,"ff591765":250,"93f12198":250,"62e270e5":250,"66b1b6d7":250,"b062adc4":250,"4aae5133":250,"63a3af32":250,"3fec4b0b":250,"faa3de3e":250,"44983d13":250,"80999122":250,"72af9198":250,"e39e9552":250,"81c1b70d":250,"e72f0f82":250,"88374b72":250,"fdfaf1ed":250,"ea981bed":250,"5e197575":250,"e587c4d0":250,"525b2635":250,"caa38a45":250,"a9987a58":250,"b6b8e5c7":250,"e82177d3":250,"89914b94":250,"3c0e87ac":250,"a891461f":250,"a246cdab":250,"117c7f0b":250,"0d21cf99":250,"14e6fe14":250,"37ec5e73":250,"bfff7913":250,"f8636899":250,"04bdf5e1":250,"da8b42be":250,"3b0576bf":250,"9458934f":250,"1dcc489c":250,"945badf3":250,"1327775b":250,"bdd40125":250,"75fd47f7":250,"1c52a07e":250,"e70ccc25":250,"afd1494f":250,"ca6bffd3":250,"829c44a4":250,"e76e2617":250,"2b4fd52e":250,"57162572":250,"d1d50cfe":250,"37724339":250,"d45d9727":250,"ee5ff2a3":250,"44322dfd":250,"295e4d1d":250,"8cf6570a":250,"403064a0":250,"312af46e":250,"b5a9f8c3":250,"fcbc0ae8":250,"2ff6b6a8":250,"66a71cc1":250,"bf4b58e4":250,"9666b973":250,"653b27c7":250,"83b37fd6":250,"4d852788":250,"e43a9448":250,"3542b748":250,"379c53ab":250,"e396d80d":250,"7da61f27":250,"dc874a97":250,"85a220de":250,"40a7cdd2":250,"ac033c7b":250,"87759976":250,"4df3f62e":250,"c881a53e":250,"80c1c8b1":250,"cf52acd8":250,"a63cb4ce":250,"d3b3492b":250,"7580cfa4":250,"22a96386":250,"5c672b50":250,"5df16440":250,"b666e56d":250,"8db378ff":250,"784d6375":250,"4541bf85":250,"a6b13f20":250,"2459c882":250,"3df97186":250,"ef0490de":250,"e0f47ced":250,"309bbf54":250,"cc537772":250,"6618390c":250,"99cc0813":250,"dc32c4e1":250,"239c636e":250,"6ee160ff":250,"c55d40ca":250,"22c177a8":250,"00ae883f":250,"f416ee62":250,"0d2b182d":250,"320754c3":250,"232b2f64":250,"3171b6e7":250,"3b25460f":250,"d2064756":250,"f7ffcbb8":250,"5728f934":250,"00b26865":250,"c333337d":250,"815c56bc":250,"5bd61a68":250,"8582c5cf":250,"0c353665":250,"231e8700":250,"1f9fbd85":250,"43f24679":250,"a1c0dfc4":250,"78f71162":250,"4b27a9a4":250,"163f4d19":250,"1d043d5a":250,"b2f82e06":250,"5b0b43e6":250,"b5474d69":250,"5a938eeb":250,"4fe0dedf":250,"951fc6d0":250,"61892a4c":250,"f096219e":250,"a3f0a6ec":250,"01051f84":250,"aa7e370d":250,"f995eeab":250,"4006e709":250,"0dedf63e":250,"a9d5374b":250,"4321f02d":250,"089b3f8f":250,"7698d0dc":250,"784414ce":250,"2df3efdb":250,"d0f1b7bd":250,"e7799883":250,"4f9456cf":250,"6e260ee8":250,"f4f84279":250,"b0950de5":250,"6f873999":250,"1f4e0e22":250,"60d69311":250,"3b09f1de":250,"b371f44a":250,"8b6180ff":250,"8819ac24":250,"dbbf7f69":250,"dfe4a061":250,"c2bf7d51":250,"781afef6":250,"de9229a0":250,"99a5feef":250,"f6266388":250,"e64fd39c":250,"e1b3ce36":250,"625fa164":250,"0c6ae551":250,"a8edfe84":250,"2ed19b1e":250,"959e16ea":250,"02f76c64":250,"5c6d1f33":250,"b4801cae":250,"c3c2fd05":250,"f8c97147":250,"c2526ff3":250,"cc386067":250,"a22ffd8f":250,"3cd28a4d":250,"44a12c31":250,"45a961ca":250,"5ca978fd":250,"668e601b":250,"7552d86c":250,"02ebf3b6":250,"bb17a968":250,"4abcb85d":250,"cba26072":250,"2a718dcc":250,"c6a9a8e1":250,"88854fd0":250,"8dc27d2a":250,"41d7f05d":250,"2b851827":250,"9f428a03":250,"4d504d96":250,"0533ece1":250,"bcee2ef3":250,"0afba00c":250
1601327388148,"04ff8100":250,"6c00d8d6":250,"ac9a02bc":250,"acfe69ed":250,"426603ff":250,"2db2f252":250,"2e84193b":250,"c55683c9":250,"51233daf":250,"02791635":250,"be081247":250,"5cc47d1b":250,"678b846f":250,"b4bd39d8":250,"b4cdbe5d":250,"fa0386f3":250,"b95d0f17":250,"cee9c347":250,"e8f4c1dd":250,"cede8b8c":250,"ad95ff4a":250,"893a99c5":250,"d8bf32b5":250,"0eb42efe":250,"03c4ab87":250,"4e3d3af7":250,"3a4803a8":250,"f7a7de5d":250,"d4e56c3e":250,"0c045c2d":250,"8efd4801":250,"7eb8f268":250,"20236d3e":250,"36ae8cd8":250,"3ddd5391":250,"07f69c6d":250,"2254f0f5":250,"ea282e84":250,"6653c83b":250,"c896052c":250,"287ecd1c":250,"f9376d3e":250,"07a94e8c":250,"bb017b49":250,"37b52fe4":250,"61ad1519":250,"819c4185":250,"ba69b06b":250,"7d2a2cb4":250,"4f62491c":250,"70b4c438":250,"71ed93db":250,"c92efaa8":250,"c241ac7e":250,"62a45672":250,"210e507a":250,"ac6e268b":250,"742238e8":250,"7800e7ce":251,"77869ff0":251,"4b8f7b16":251,"89f75690":251,"cb363e2f":251,"cd802f02":251,"d3cca7eb":251,"e866a899":251,"5690e712":251,"0b92d2a9":251,"070bed95":251,"67e5d108":251,"3d37b94b":251,"842c97c2":251,"c4cef92b":251,"0eecdc5b":251,"b7e495ea":251,"45ec63c0":251,"0ddfde2c":251,"a8b41774":251,"81f0da2d":251,"1fcc8ba4":251,"75a9c117":251,"12ba54ec":251,"be391c1a":251,"37d8a5b7":251,"d5ab81c4":251,"2ecde685":251,"f0bd52d3":251,"dcc20f76":251,"666a8ef0":251,"c5b609f1":251,"4dc5849a":251,"d605c755":251,"8a8c1d67":251,"cc6b3306":251,"8c2dfd9a":251,"f11267b9":251,"a483b15e":251,"f80ab49d":251,"95eaed39":251,"a5ba0ebb":251,"f53362a9":251,"1901ef7e":251,"960c2e6b":251,"3515e999":251,"d11f8f1b":251,"9d9eb027":251,"325f9a29":251,"503aafe5":251,"080d5d42":251,"5d03f5dc":251,"f0a01341":251,"1ee4d9f9":251,"0d6e45e7":251,"0da97151":251,"e829038c":251,"4987cfb5":251,"ba90687c":251,"77f2cf92":251,"037e2be4":251,"9e7dbd20":251,"0c086273":251,"ac13c3b0":251,"b4d9c57f":251,"5d53c964":251,"8ee9cc91":251,"4cc0af91":251,"55f6a2ba":251,"9559ea96":251,"9cb044bf":251,"16b25add":251,"80ee333e":251,"3b329af2":251,"1cd662bf":251,"72992b35":251,"47589344":251,"593b1533":251,"e9f6e5ce":251,"ed6bead5":251,"96f594b9":251,"94dfcfc5":251,"8301986e":251,"830ecfec":251,"a8bae791":251,"312009ee":251,"c98759fd":251,"e8b6d676":251,"d5d94481":251,"ffe48500":251,"c7a45a33":251,"faffe099":251,"e99490cd":251,"3b830769":251,"583f0305":251,"1557c50a":251,"249e80ab":251,"f52a3d94":251,"eb74d3dd":251,"3bcbc28d":251,"3c0455e7":251,"df203c79":251,"df1e1ac0":251,"491708eb":251,"e421caaa":251,"2d2ecf27":251,"d38a4953":251,"eba5efdd":251,"a5463f93":251,"c85ac4f8":251,"bc253f4f":251,"0d9d2bf8":251,"846b7f11":251,"d3411467":251,"1df0ce7f":251,"a08171d0":251,"c8bc5677":251,"dfca0518":251,"b9a21017":251,"e47705d3":251,"3cae4115":251,"0ccf4731":251,"c7c6782d":251,"45ee5840":251,"76f04033":251,"43480b19":251,"fd955858":251,"69798d15":251,"efea71fa":251,"fb3aa867":251,"c9cf710b":251,"fcacdeb3":251,"0ea055ed":251,"e3b1bdf8":251,"644b45fb":251
1601327389176,"54346574":251,"b12cbf87":251,"81942d9b":251,"699b90c1":251,"d9b5a7a8":251,"1e7914d2":251,"e5d8fdb2":251,"3412ab75":251,"bcac5daf":251,"62d028cc":251,"0af2cf39":251,"27491297":251,"d041ea86":251,"1eda11b2":251,"fc442678":251,"18c73816":251,"e491161e":251,"b5087677":251,"16f60bed":251,"cb0c3481":251,"7664512c":251,"df9a53b8":251,"f6c27b2b":251,"945f6c24":251,"f1daea7e":251,"b8fb90e3":251,"56227e35":251,"0d6bf22a":251,"b87321d0":251,"43205b5d":251,"8982905a":251,"f6fe1ad7":251,"230064fa":251,"764e0abb":251,"bba6d88e":251,"ea3479ec":251,"32266fa3":251,"50b090c3":251,"8be24763":251,"eb4800b2":251,"6e0ce9dc":251,"87d9bec4":251,"e30dfa0c":251,"6da34174":251,"bfb849fa":251,"0a10b423":251,"9ef7cee7":251,"49f1a0d1":251,"5f04aa76":251,"ba297382":251,"0287db2a":251,"96abe4a9":251,"753b10b1":251,"cf14bd99":251,"782022f4":251,"322e833f":251,"ab3619e4":251,"106006ad":251,"c8237be9":251,"1416e8f5":251,"dde2eed5":251,"a208caa8":251,"16605353":251,"77b39e15":251,"f1726edb":251,"92b72493":251,"d3e58903":251,"4481c4be":251,"7954891b":251,"4afd60a9":251,"d44c0ea3":251,"68f87858":251,"533bac6b":251,"41634dba":251,"43fd1327":251,"113e7f4b":251,"8cce569a":251,"ce6401b6":251,"6f57824c":251,"28bd7aa1":251,"1d52fb0d":251,"cde0d748":251,"535ed444":251,"710f0d0e":251,"0905f1fb":251,"a20e529c":251,"1ae76fcc":251,"35b161d3":251,"344cd1a3":251,"77ea1236":251,"96d2a118":251,"23a0e41f":251,"b32a1080":251,"a2c4b591":251,"6dfa57be":251,"1854ce44":251,"f92b22f1":251,"ece12664":251,"36f4ecde":251,"568a0d58":251,"5fd569d2":251,"10c8fd03":251,"bd4ccb49":251,"e773d697":251,"7e8c11e7":251,"077eb15a":251,"5337c279":251,"8d256cb6":251,"7021c619":251,"32ae00db":251,"bf2defb2":251,"bc733a28":251,"30d32d34":251,"590ce3d3":251,"1802d7ce":251,"0a49914b":251,"5d3f5cad":251,"cf347cba":251,"fc0c23f7":251,"641f9b9e":251,"c92edec5":251,"9f03c1e7":251,"06c24a8d":251,"2f35e75f":251,"3eddf7c8":251,"77970f8b":251,"efd594d5":251,"4718294d":251,"5352cf45":251,"e0ffe8ff":251,"ae14d6b5":251,"721f5f42":251,"0b50bca6":251,"bf2ca266":251,"5d8d9641":251,"0de67c6c":251,"2311399f":251,"5e3ebf5e":251,"9f6ca218":251,"6213799d":251,"44cb1fd2":251,"886c16d3":251,"e8d09b62":251,"5b09e53e":251,"da5bb0f7":251,"6d925c84":251,"50b23ab2":251,"edfa56d4":251,"899c16eb":251,"41c76041":251,"6bb1fa99":251,"d73ff72e":251,"61c0ca91":251,"d2fda7be":251,"ce20ca3c":251,"1d2d958b":251,"81fb6a01":251,"7f5b27c8":251,"fb3444d9":251,"f05de640":251,"86a68967":251,"56cd4dca":251,"7f469f4c":251,"f92dedfc":251,"355d1489":251,"f96fc1af":251,"06713bac":251,"baf19c25":251,"24a79a6e":251,"edde30af":251,"4d949e11":251,"df12f689":251,"1da10cbf":251,"832c48e4":251,"dc90a44c":251,"1ad7c45b":251,"5566c17c":251,"86a22252":251,"0000dece":251,"ce5efdbe":251,"58ace2b5":251,"d379fd96":251,"7b819458":251,"7f8024cd":251,"ae562513":251,"7b66dacd":251,"9ab137d7":251,"7191d1cd":251,"005354dd":251,"3b3569f6":251,"b01ab62a":251,"76da16fa":251,"bffee581":251,"07150038":251,"080fa362":251,"7b6945ad":251,"a40d08e1":251,"cec79bc2":251,"d2eff358":251,"e70aebb5":251,"a488b2f1":251,"61aca924":251,"d97fb857":251,"59ff5ec6":251,"ef04e64e":251,"6e2d04de":251,"2fca1798":251,"05028839":251,"5488826c":251,"84fff5c1":251,"c649992d":251,"d5ad3ed6":251,"8e5f7187":251,"55ba7579":251,"b7769ca6":251,"9c27de51":251,"38a75b48":251,"1792bfa3":251,"426f1904":251,"7c0f1ca9":251,"b2f820ac":251,"25d4f65d":251,"eddb6a2a":251,"ff8a00aa":251,"c146560b":251,"985068e7":251,"d543ba6f":251,"4caa87d6":251,"f7076e21":251,"69e653b6":251,"98d2991b":251,"3b411d6a":251,"83826ef3":251,"595609d5":251,"b47f1b89":251,"8e6caf71":251,"9a3433b8":251,"b89112cb":251,"66736d5e":251,"30de89a7":251,"06aaa33f":251,"320c65bf":251,"1fa1e7c2":251,"646af2b9":251,"659389ad":251,"240c8679":251,"0718c3be":251,"8b503f7b":251,"87a8523c":251,"c416baa6":251,"ae350a07":251,"680a32a6":251,"83ba647d":251,"cb0bd6b7":251,"8e426e39":251,"51909df8":251,"e22b0973":251,"23646ff9":251,"3abb827b":251,"0c73c293":251,"88929b06":251,"08c4692e":251,"5b2479ef":251,"1d882c36":251,"eb62e8f2":251,"f1e86522":251,"fa03f48f":251,"5298dafa":251,"25f7f918":251,"c5311ebb":251,"105bb3f6":251,"58de5462":251,"f01c896d":251,"1f2670d0":251,"962c9c8f":251,"aec0bf28":251,"a017a323":251,"8801c469":251,"b6281f1a":251,"48c6df81":251,"5e165f43":251,"f8785b71":251,"ab4a411a":251,"d7a4b24c":251,"686d5c0b":251,"f15eb1c5":251,"71789493":251,"5ac72353":251,"d1b14d06":251,"f6c074a7":251,"ffd6849d":251
1601327389727,"962fca02":251,"75968179":251,"bc8bdc23":251,"a71f3f70":251,"1f7aa83c":251,"732d62ee":251,"d4b0751c":251,"5b01444b":251,"79995b62":251,"97160db8":251,"589f0d6e":251,"51b4016a":251,"46bf9112":251,"092ad3d6":251,"bf940089":251,"01f34f98":251,"1670b0d3":251,"ec97d63e":251,"94208a41":251,"2cbcad17":251,"4dccb5ca":251,"83268abf":251,"578c4c95":251,"c606b472":251,"808bc372":251,"c792a7c1":251,"5a7da061":251,"06a94514":251,"73c420df":251,"0700da70":251,"ff591765":251,"93f12198":251,"62e270e5":251,"66b1b6d7":251,"b062adc4":251,"4aae5133":251,"63a3af32":251,"3fec4b0b":251,"faa3de3e":251,"44983d13":251,"80999122":251,"72af9198":251,"e39e9552":251,"81c1b70d":251,"e72f0f82":251,"88374b72":251,"fdfaf1ed":251,"ea981bed":251,"5e197575":251,"e587c4d0":251,"525b2635":251,"caa38a45":251,"a9987a58":251,"b6b8e5c7":251,"e82177d3":251,"89914b94":251,"04bdf5e1":251,"da8b42be":251,"3b0576bf":251,"9458934f":251,"1dcc489c":251,"945badf3":251,"1327775b":251,"bdd40125":251,"75fd47f7":251,"1c52a07e":251,"e70ccc25":251,"afd1494f":251,"ca6bffd3":251,"829c44a4":251,"e76e2617":251,"2b4fd52e":251,"57162572":251,"d1d50cfe":251,"9666b973":251,"653b27c7":251,"83b37fd6":251,"4d852788":251,"e43a9448":251,"3542b748":251,"379c53ab":251,"e396d80d":251,"7da61f27":251,"dc874a97":251,"85a220de":251,"40a7cdd2":251,"ac033c7b":251,"87759976":251,"4df3f62e":251,"c881a53e":251,"80c1c8b1":251,"cf52acd8":251,"a63cb4ce":251,"d3b3492b":251,"7580cfa4":251,"22a96386":251,"5c672b50":251,"5df16440":251,"b666e56d":251,"8db378ff":251,"784d6375":251,"4541bf85":251,"a6b13f20":251,"2459c882":251,"3df97186":251,"ef0490de":251,"e0f47ced":251,"309bbf54":251,"cc537772":251,"6618390c":251,"99cc0813":251,"dc32c4e1":251,"239c636e":251,"6ee160ff":251,"c55d40ca":251,"22c177a8":251,"00ae883f":251,"f416ee62":251,"272e7d0d":251,"f92596ee":251,"68831ea9":251,"9713d076":251,"fd098272":251,"6ee788a7":251,"8249641d":251,"45b0968f":251,"6a9bb182":251,"1f1afd4f":251,"25fb8826":251,"0dc5da58":251,"2874a625":251,"e61ae828":251,"f7ac3883":251,"ccd01528":251,"dab8cf68":251,"0d2b182d":251,"320754c3":251,"232b2f64":251,"3171b6e7":251,"3b25460f":251,"d2064756":251,"f7ffcbb8":251,"5728f934":251,"00f2a9cb":251,"916fe082":251,"b64dba8e":251,"c3bb30ce":251,"86219c70":251,"601990d8":251,"5c662c19":251,"d2a5d2fd":251,"89d220c2":251,"3e10c9cb":251,"5500a3e8":251,"3c0e87ac":251,"a891461f":251,"a246cdab":251,"117c7f0b":251,"0d21cf99":251,"14e6fe14":251,"37ec5e73":251,"bfff7913":251,"f8636899":251,"37724339":251,"d45d9727":251,"ee5ff2a3":251,"44322dfd":251,"295e4d1d":251,"8cf6570a":251,"403064a0":251,"312af46e":251,"b5a9f8c3":251,"fcbc0ae8":251,"2ff6b6a8":251,"66a71cc1":251,"bf4b58e4":251,"00b26865":251,"c333337d":251,"815c56bc":251,"5bd61a68":251,"8582c5cf":251,"0c353665":251,"231e8700":251,"1f9fbd85":251,"43f24679":251,"a1c0dfc4":251,"78f71162":251,"4b27a9a4":251,"163f4d19":251,"1d043d5a":251,"b2f82e06":251,"5b0b43e6":251,"b5474d69":251,"5a938eeb":251,"4fe0dedf":251,"951fc6d0":251,"61892a4c":251,"f096219e":251,"a3f0a6ec":251,"01051f84":251,"aa7e370d":251,"f995eeab":251,"4006e709":251,"0dedf63e":251,"a9d5374b":251,"4321f02d":251,"089b3f8f":251,"7698d0dc":251,"784414ce":251,"2df3efdb":251,"d0f1b7bd":251,"e7799883":251,"4f9456cf":251,"6e260ee8":251,"f4f84279":251,"b0950de5":251,"6f873999":251,"1f4e0e22":251,"60d69311":251,"3b09f1de":251,"b371f44a":251,"8b6180ff":251,"8819ac24":251,"dbbf7f69":251,"dfe4a061":251,"c2bf7d51":251,"781afef6":251,"de9229a0":251,"99a5feef":251,"f6266388":251,"e64fd39c":251,"e1b3ce36":251,"625fa164":251,"0c6ae551":251,"e8f4c1dd":251,"cede8b8c":251,"ad95ff4a":251,"893a99c5":251,"d8bf32b5":251,"0eb42efe":251,"03c4ab87":251,"4e3d3af7":251,"3a4803a8":251,"f7a7de5d":251,"d4e56c3e":251,"0c045c2d":251,"8efd4801":251,"7eb8f268":251,"20236d3e":251,"36ae8cd8":251,"3ddd5391":251,"07f69c6d":251,"2254f0f5":251,"ea282e84":251,"6653c83b":251,"c896052c":251,"a8edfe84":251,"2ed19b1e":251,"959e16ea":251,"02f76c64":251,"5c6d1f33":251,"b4801cae":251,"c3c2fd05":251,"f8c97147":251,"c2526ff3":251,"cc386067":251,"a22ffd8f":251,"3cd28a4d":251,"44a12c31":251,"45a961ca":251,"5ca978fd":251,"668e601b":251,"7552d86c":251,"02ebf3b6":251,"bb17a968":251,"4abcb85d":251,"cba26072":251,"2a718dcc":251,"c6a9a8e1":251,"88854fd0":251,"8dc27d2a":251,"41d7f05d":251,"2b851827":251,"9f428a03":251,"4d504d96":251,"0533ece1":251,"bcee2ef3":251,"0afba00c":251,"04ff8100":251,"6c00d8d6":251,"ac9a02bc":251,"acfe69ed":251,"426603ff":251,"2db2f252":251,"2e84193b":251,"c55683c9":251,"51233daf":251,"02791635":251,"be081247":251,"5cc47d1b":251,"678b846f":251,"b4bd39d8":251,"b4cdbe5d":251,"fa0386f3":251,"b95d0f17":251,"cee9c347":251,"287ecd1c":251,"f9376d3e":251,"07a94e8c":251,"bb017b49":251,"37b52fe4":251,"61ad1519":251,"819c4185":251,"ba69b06b":251,"7d2a2cb4":251,"4f62491c":251,"70b4c438":251,"71ed93db":251,"c92efaa8":251,"c241ac7e":251,"62a45672":251,"210e507a":251,"ac6e268b":251,"742238e8":251
1601327390030,"7800e7ce":252,"77869ff0":252,"4b8f7b16":252,"89f75690":252,"cb363e2f":252,"cd802f02":252,"d3cca7eb":252,"e866a899":252,"5690e712":252,"0b92d2a9":252,"070bed95":252,"67e5d108":252,"3d37b94b":252,"842c97c2":252,"c4cef92b":252,"0eecdc5b":252,"b7e495ea":252,"45ec63c0":252,"0ddfde2c":252,"a8b41774":252,"81f0da2d":252,"1fcc8ba4":252,"75a9c117":252,"12ba54ec":252,"be391c1a":252,"37d8a5b7":252,"d5ab81c4":252,"2ecde685":252,"f0bd52d3":252,"dcc20f76":252,"666a8ef0":252,"c5b609f1":252,"4dc5849a":252,"d605c755":252,"8a8c1d67":252,"cc6b3306":252,"8c2dfd9a":252,"f11267b9":252,"a483b15e":252,"f80ab49d":252,"95eaed39":252,"a5ba0ebb":252,"f53362a9":252,"1901ef7e":252,"960c2e6b":252,"3515e999":252,"d11f8f1b":252,"9d9eb027":252,"325f9a29":252,"503aafe5":252,"d5d94481":252,"ffe48500":252,"c7a45a33":252,"faffe099":252,"e99490cd":252,"3b830769":252,"583f0305":252,"1557c50a":252,"249e80ab":252,"f52a3d94":252,"eb74d3dd":252,"3bcbc28d":252,"3c0455e7":252,"df203c79":252,"df1e1ac0":252,"491708eb":252,"e421caaa":252,"2d2ecf27":252,"d38a4953":252,"eba5efdd":252,"a5463f93":252,"c85ac4f8":252,"bc253f4f":252,"0d9d2bf8":252,"846b7f11":252,"d3411467":252,"1df0ce7f":252,"a08171d0":252,"c8bc5677":252,"dfca0518":252,"b9a21017":252,"e47705d3":252,"3cae4115":252,"0ccf4731":252,"c7c6782d":252,"54346574":252,"b12cbf87":252,"81942d9b":252,"699b90c1":252,"d9b5a7a8":252,"1e7914d2":252,"e5d8fdb2":252,"3412ab75":252,"bcac5daf":252,"62d028cc":252,"0af2cf39":252,"27491297":252,"d041ea86":252,"1eda11b2":252,"fc442678":252,"080d5d42":252,"5d03f5dc":252,"f0a01341":252,"1ee4d9f9":252,"0d6e45e7":252,"0da97151":252,"e829038c":252,"4987cfb5":252,"ba90687c":252,"77f2cf92":252,"037e2be4":252,"9e7dbd20":252,"0c086273":252,"ac13c3b0":252,"b4d9c57f":252,"5d53c964":252,"8ee9cc91":252,"4cc0af91":252,"55f6a2ba":252,"9559ea96":252,"9cb044bf":252,"16b25add":252,"80ee333e":252,"3b329af2":252,"18c73816":252,"e491161e":252,"b5087677":252,"16f60bed":252,"cb0c3481":252,"7664512c":252,"df9a53b8":252,"f6c27b2b":252,"945f6c24":252,"f1daea7e":252,"b8fb90e3":252,"56227e35":252,"0d6bf22a":252,"b87321d0":252,"43205b5d":252,"8982905a":252,"f6fe1ad7":252,"230064fa":252,"764e0abb":252,"bba6d88e":252,"ea3479ec":252,"32266fa3":252,"50b090c3":252,"8be24763":252,"eb4800b2":252,"6e0ce9dc":252,"87d9bec4":252,"e30dfa0c":252,"6da34174":252,"1cd662bf":252,"72992b35":252,"47589344":252,"593b1533":252,"e9f6e5ce":252,"ed6bead5":252,"96f594b9":252,"94dfcfc5":252,"8301986e":252,"830ecfec":252,"a8bae791":252,"312009ee":252,"c98759fd":252,"e8b6d676":252,"45ee5840":252,"76f04033":252,"43480b19":252,"fd955858":252,"69798d15":252,"efea71fa":252,"fb3aa867":252,"c9cf710b":252,"fcacdeb3":252,"0ea055ed":252,"e3b1bdf8":252,"644b45fb":252,"bfb849fa":252,"0a10b423":252,"9ef7cee7":252,"49f1a0d1":252,"5f04aa76":252,"ba297382":252
1601327390626,"590ce3d3":252,"1802d7ce":252,"0a49914b":252,"5d3f5cad":252,"cf347cba":252,"fc0c23f7":252,"641f9b9e":252,"c92edec5":252,"9f03c1e7":252,"06c24a8d":252,"2f35e75f":252,"3eddf7c8":252,"77970f8b":252,"efd594d5":252,"4718294d":252,"5352cf45":252,"e0ffe8ff":252,"ae14d6b5":252,"721f5f42":252,"0b50bca6":252,"bf2ca266":252,"5d8d9641":252,"0de67c6c":252,"0287db2a":252,"96abe4a9":252,"753b10b1":252,"cf14bd99":252,"782022f4":252,"322e833f":252,"ab3619e4":252,"106006ad":252,"c8237be9":252,"1416e8f5":252,"dde2eed5":252,"a208caa8":252,"16605353":252,"77b39e15":252,"f1726edb":252,"92b72493":252,"d3e58903":252,"4481c4be":252,"7954891b":252,"4afd60a9":252,"d44c0ea3":252,"68f87858":252,"533bac6b":252,"41634dba":252,"43fd1327":252,"113e7f4b":252,"8cce569a":252,"ce6401b6":252,"6f57824c":252,"28bd7aa1":252,"1d52fb0d":252,"cde0d748":252,"535ed444":252,"710f0d0e":252,"0905f1fb":252,"a20e529c":252,"1ae76fcc":252,"35b161d3":252,"344cd1a3":252,"77ea1236":252,"96d2a118":252,"23a0e41f":252,"b32a1080":252,"a2c4b591":252,"6dfa57be":252,"1854ce44":252,"f92b22f1":252,"ece12664":252,"36f4ecde":252,"568a0d58":252,"5fd569d2":252,"10c8fd03":252,"bd4ccb49":252,"2311399f":252,"5e3ebf5e":252,"9f6ca218":252,"6213799d":252,"44cb1fd2":252,"baf19c25":252,"24a79a6e":252,"edde30af":252,"4d949e11":252,"df12f689":252,"1da10cbf":252,"832c48e4":252,"dc90a44c":252,"1ad7c45b":252,"5566c17c":252,"86a22252":252,"0000dece":252,"ce5efdbe":252,"58ace2b5":252,"d379fd96":252,"7b819458":252,"7f8024cd":252,"ae562513":252,"7b66dacd":252,"9ab137d7":252,"7191d1cd":252,"005354dd":252,"e773d697":252,"7e8c11e7":252,"077eb15a":252,"5337c279":252,"8d256cb6":252,"7021c619":252,"32ae00db":252,"bf2defb2":252,"bc733a28":252,"30d32d34":252,"886c16d3":252,"e8d09b62":252,"5b09e53e":252,"da5bb0f7":252,"6d925c84":252,"50b23ab2":252,"edfa56d4":252,"899c16eb":252,"41c76041":252,"6bb1fa99":252,"d73ff72e":252,"61c0ca91":252,"d2fda7be":252,"ce20ca3c":252,"1d2d958b":252,"81fb6a01":252,"7f5b27c8":252,"fb3444d9":252,"f05de640":252,"86a68967":252,"56cd4dca":252,"7f469f4c":252,"f92dedfc":252,"355d1489":252,"f96fc1af":252,"06713bac":252,"61aca924":252,"d97fb857":252,"59ff5ec6":252,"ef04e64e":252,"6e2d04de":252,"2fca1798":252,"05028839":252,"5488826c":252,"84fff5c1":252,"c649992d":252,"d5ad3ed6":252,"8e5f7187":252,"55ba7579":252,"b7769ca6":252,"9c27de51":252,"38a75b48":252,"1792bfa3":252,"426f1904":252,"7c0f1ca9":252,"b2f820ac":252,"25d4f65d":252,"eddb6a2a":252,"ff8a00aa":252,"c146560b":252,"985068e7":252,"d543ba6f":252,"3b3569f6":252,"b01ab62a":252,"76da16fa":252,"bffee581":252,"07150038":252,"080fa362":252,"7b6945ad":252,"a40d08e1":252,"cec79bc2":252,"d2eff358":252,"e70aebb5":252,"a488b2f1":252,"4caa87d6":252,"f7076e21":252,"69e653b6":252,"98d2991b":252,"3b411d6a":252,"83826ef3":252,"595609d5":252,"b47f1b89":252,"8e6caf71":252,"9a3433b8":252,"b89112cb":252,"66736d5e":252,"30de89a7":252,"06aaa33f":252,"320c65bf":252,"1fa1e7c2":252,"646af2b9":252,"659389ad":252,"240c8679":252,"0718c3be":252,"8b503f7b":252,"87a8523c":252,"c416baa6":252,"ae350a07":252,"680a32a6":252,"83ba647d":252,"cb0bd6b7":252,"8e426e39":252,"51909df8":252,"e22b0973":252,"23646ff9":252,"3abb827b":252,"0c73c293":252,"88929b06":252,"08c4692e":252,"5b2479ef":252,"1d882c36":252,"eb62e8f2":252,"f1e86522":252,"fa03f48f":252,"5298dafa":252,"25f7f918":252,"c5311ebb":252,"105bb3f6":252,"58de5462":252,"f01c896d":252,"1f2670d0":252,"962c9c8f":252,"aec0bf28":252,"a017a323":252,"8801c469":252,"b6281f1a":252,"48c6df81":252,"5e165f43":252,"f8785b71":252,"ab4a411a":252,"d7a4b24c":252,"686d5c0b":252,"f15eb1c5":252,"71789493":252,"5ac72353":252,"d1b14d06":252,"f6c074a7":252,"ffd6849d":252,"962fca02":252,"75968179":252,"bc8bdc23":252,"a71f3f70":252,"1f7aa83c":252,"732d62ee":252,"d4b0751c":252,"5b01444b":252,"79995b62":252,"97160db8":252,"589f0d6e":252,"51b4016a":252,"46bf9112":252,"092ad3d6":252,"bf940089":252,"01f34f98":252,"1670b0d3":252,"ec97d63e":252,"94208a41":252,"2cbcad17":252,"4dccb5ca":252,"83268abf":252,"578c4c95":252,"c606b472":252,"808bc372":252,"c792a7c1":252,"5a7da061":252,"06a94514":252,"73c420df":252,"0700da70":252,"ff591765":252,"93f12198":252
1601327391421,"62e270e5":252,"66b1b6d7":252,"b062adc4":252,"4aae5133":252,"63a3af32":252,"3fec4b0b":252,"faa3de3e":252,"44983d13":252,"80999122":252,"72af9198":252,"e39e9552":252,"81c1b70d":252,"e72f0f82":252,"88374b72":252,"fdfaf1ed":252,"ea981bed":252,"5e197575":252,"e587c4d0":252,"525b2635":252,"caa38a45":252,"a9987a58":252,"b6b8e5c7":252,"e82177d3":252,"89914b94":252,"04bdf5e1":252,"da8b42be":252,"3b0576bf":252,"9458934f":252,"1dcc489c":252,"945badf3":252,"1327775b":252,"bdd40125":252,"75fd47f7":252,"1c52a07e":252,"e70ccc25":252,"afd1494f":252,"ca6bffd3":252,"829c44a4":252,"e76e2617":252,"2b4fd52e":252,"57162572":252,"d1d50cfe":252,"272e7d0d":252,"f92596ee":252,"68831ea9":252,"9713d076":252,"fd098272":252,"6ee788a7":252,"8249641d":252,"45b0968f":252,"6a9bb182":252,"f7ffcbb8":252,"5728f934":252,"00b26865":252,"c333337d":252,"9666b973":252,"653b27c7":252,"83b37fd6":252,"4d852788":252,"e43a9448":252,"3542b748":252,"379c53ab":252,"e396d80d":252,"7da61f27":252,"dc874a97":252,"85a220de":252,"40a7cdd2":252,"ac033c7b":252,"87759976":252,"815c56bc":252,"5bd61a68":252,"8582c5cf":252,"0c353665":252,"231e8700":252,"1f9fbd85":252,"43f24679":252,"a1c0dfc4":252,"78f71162":252,"4b27a9a4":252,"163f4d19":252,"1d043d5a":252,"b2f82e06":252,"5b0b43e6":252,"b5474d69":252,"5a938eeb":252,"4fe0dedf":252,"951fc6d0":252,"61892a4c":252,"f096219e":252,"a3f0a6ec":252,"01051f84":252,"aa7e370d":252,"f995eeab":252,"4006e709":252,"1f1afd4f":252,"25fb8826":252,"0dc5da58":252,"2874a625":252,"e61ae828":252,"f7ac3883":252,"ccd01528":252,"dab8cf68":252,"00f2a9cb":252,"916fe082":252,"b64dba8e":252,"c3bb30ce":252,"86219c70":252,"601990d8":252,"5c662c19":252,"d2a5d2fd":252,"89d220c2":252,"3e10c9cb":252,"5500a3e8":252,"3c0e87ac":252,"a891461f":252,"a246cdab":252,"117c7f0b":252,"0d21cf99":252,"14e6fe14":252,"37ec5e73":252,"bfff7913":252,"f8636899":252,"37724339":252,"d45d9727":252,"ee5ff2a3":252,"44322dfd":252,"295e4d1d":252,"8cf6570a":252,"403064a0":252,"0dedf63e":252,"a9d5374b":252,"4321f02d":252,"089b3f8f":252,"7698d0dc":252,"784414ce":252,"2df3efdb":252,"d0f1b7bd":252,"e7799883":252,"4f9456cf":252,"6e260ee8":252,"f4f84279":252,"b0950de5":252,"6f873999":252,"4df3f62e":252,"c881a53e":252,"80c1c8b1":252,"cf52acd8":252,"a63cb4ce":252,"d3b3492b":252,"7580cfa4":252,"22a96386":252,"5c672b50":252,"5df16440":252,"b666e56d":252,"8db378ff":252,"784d6375":252,"4541bf85":252,"a6b13f20":252,"2459c882":252,"3df97186":252,"ef0490de":252,"e0f47ced":252,"309bbf54":252,"cc537772":252,"6618390c":252,"99cc0813":252,"dc32c4e1":252,"239c636e":252,"6ee160ff":252,"c55d40ca":252,"22c177a8":252,"00ae883f":252,"f416ee62":252,"0d2b182d":252,"320754c3":252,"232b2f64":252,"3171b6e7":252,"3b25460f":252,"d2064756":252,"1f4e0e22":252,"60d69311":252,"3b09f1de":252,"b371f44a":252,"8b6180ff":252,"8819ac24":252,"dbbf7f69":252,"312af46e":252,"b5a9f8c3":252,"fcbc0ae8":252,"2ff6b6a8":252,"66a71cc1":252,"bf4b58e4":252,"dfe4a061":252,"c2bf7d51":252,"781afef6":252,"de9229a0":252,"99a5feef":252,"f6266388":252,"e64fd39c":252,"e1b3ce36":252,"625fa164":252,"0c6ae551":252,"e8f4c1dd":252,"cede8b8c":252,"ad95ff4a":252,"893a99c5":252,"d8bf32b5":252,"0eb42efe":252,"03c4ab87":252,"a8edfe84":252,"2ed19b1e":252,"959e16ea":252,"02f76c64":252,"5c6d1f33":252,"b4801cae":252,"c3c2fd05":252,"f8c97147":252,"c2526ff3":252,"cc386067":252,"a22ffd8f":252,"3cd28a4d":252,"44a12c31":252,"45a961ca":252,"5ca978fd":252,"668e601b":252,"7552d86c":252,"02ebf3b6":252,"bb17a968":252,"4abcb85d":252,"4e3d3af7":252,"3a4803a8":252,"f7a7de5d":252,"d4e56c3e":252,"0c045c2d":252,"8efd4801":252,"7eb8f268":252,"20236d3e":252,"36ae8cd8":252,"3ddd5391":252,"07f69c6d":252,"2254f0f5":252,"ea282e84":252,"6653c83b":252,"c896052c":252,"287ecd1c":252,"f9376d3e":252,"07a94e8c":252,"bb017b49":252,"37b52fe4":252,"61ad1519":252,"819c4185":252,"ba69b06b":252,"7d2a2cb4":252,"4f62491c":252,"70b4c438":252,"71ed93db":252,"c92efaa8":252,"c241ac7e":252,"62a45672":252,"210e507a":252,"ac6e268b":252,"742238e8":252,"cba26072":252,"2a718dcc":252,"c6a9a8e1":252,"88854fd0":252,"8dc27d2a":252,"41d7f05d":252,"2b851827":252,"9f428a03":252,"4d504d96":252,"0533ece1":252,"bcee2ef3":252,"0afba00c":252,"04ff8100":252,"6c00d8d6":252,"ac9a02bc":252,"acfe69ed":252,"426603ff":252,"2db2f252":252,"2e84193b":252,"c55683c9":252,"51233daf":252,"02791635":252,"be081247":252,"5cc47d1b":252,"678b846f":252,"b4bd39d8":252,"b4cdbe5d":252,"fa0386f3":252,"b95d0f17":252,"cee9c347":252
1601327391936,"7800e7ce":253,"77869ff0":253,"4b8f7b16":253,"89f75690":253,"cb363e2f":253,"cd802f02":253,"d3cca7eb":253,"e866a899":253,"5690e712":253,"0b92d2a9":253,"070bed95":253,"67e5d108":253,"3d37b94b":253,"842c97c2":253,"c4cef92b":253,"0eecdc5b":253,"b7e495ea":253,"45ec63c0":253,"0ddfde2c":253,"a8b41774":253,"81f0da2d":253,"1fcc8ba4":253,"75a9c117":253,"12ba54ec":253,"be391c1a":253,"37d8a5b7":253,"d5ab81c4":253,"2ecde685":253,"f0bd52d3":253,"dcc20f76":253,"666a8ef0":253,"c5b609f1":253,"4dc5849a":253,"d605c755":253,"8a8c1d67":253,"cc6b3306":253,"8c2dfd9a":253,"f11267b9":253,"a483b15e":253,"f80ab49d":253,"95eaed39":253,"a5ba0ebb":253,"f53362a9":253,"1901ef7e":253,"960c2e6b":253,"3515e999":253,"d11f8f1b":253,"9d9eb027":253,"325f9a29":253,"d5d94481":253,"ffe48500":253,"c7a45a33":253,"503aafe5":253,"080d5d42":253,"5d03f5dc":253,"f0a01341":253,"1ee4d9f9":253,"0d6e45e7":253,"0da97151":253,"e829038c":253,"4987cfb5":253,"ba90687c":253,"faffe099":253,"e99490cd":253,"3b830769":253,"583f0305":253,"1557c50a":253,"249e80ab":253,"f52a3d94":253,"eb74d3dd":253,"3bcbc28d":253,"3c0455e7":253,"df203c79":253,"df1e1ac0":253,"491708eb":253,"e421caaa":253,"2d2ecf27":253,"d38a4953":253,"eba5efdd":253,"a5463f93":253,"c85ac4f8":253,"bc253f4f":253,"0d9d2bf8":253,"846b7f11":253,"d3411467":253,"1df0ce7f":253,"a08171d0":253,"c8bc5677":253,"dfca0518":253,"b9a21017":253,"e47705d3":253,"3cae4115":253,"0ccf4731":253,"c7c6782d":253,"54346574":253,"b12cbf87":253,"81942d9b":253,"699b90c1":253,"18c73816":253,"e491161e":253,"b5087677":253,"16f60bed":253,"cb0c3481":253,"7664512c":253,"df9a53b8":253,"f6c27b2b":253,"d9b5a7a8":253,"1e7914d2":253,"e5d8fdb2":253,"3412ab75":253,"bcac5daf":253,"62d028cc":253,"0af2cf39":253,"27491297":253,"d041ea86":253,"1eda11b2":253,"fc442678":253,"945f6c24":253,"f1daea7e":253,"b8fb90e3":253,"56227e35":253,"0d6bf22a":253,"77f2cf92":253,"037e2be4":253,"9e7dbd20":253,"0c086273":253,"ac13c3b0":253,"b4d9c57f":253,"5d53c964":253,"8ee9cc91":253,"4cc0af91":253,"55f6a2ba":253,"9559ea96":253,"9cb044bf":253,"16b25add":253,"80ee333e":253,"3b329af2":253,"1cd662bf":253,"72992b35":253,"47589344":253,"593b1533":253,"e9f6e5ce":253,"ed6bead5":253,"96f594b9":253,"94dfcfc5":253,"8301986e":253,"830ecfec":253,"a8bae791":253,"312009ee":253,"c98759fd":253,"e8b6d676":253,"45ee5840":253,"76f04033":253,"43480b19":253,"fd955858":253,"69798d15":253,"efea71fa":253,"fb3aa867":253,"c9cf710b":253,"b87321d0":253,"43205b5d":253,"8982905a":253,"f6fe1ad7":253,"230064fa":253,"764e0abb":253,"bba6d88e":253,"ea3479ec":253,"32266fa3":253,"50b090c3":253,"8be24763":253,"eb4800b2":253,"6e0ce9dc":253,"87d9bec4":253,"e30dfa0c":253,"6da34174":253,"bfb849fa":253,"0a10b423":253,"9ef7cee7":253,"49f1a0d1":253,"5f04aa76":253,"ba297382":253,"0287db2a":253,"96abe4a9":253,"753b10b1":253,"cf14bd99":253,"fcacdeb3":253,"0ea055ed":253,"e3b1bdf8":253,"644b45fb":253,"782022f4":253,"322e833f":253,"ab3619e4":253,"106006ad":253,"c8237be9":253,"1416e8f5":253,"dde2eed5":253,"a208caa8":253,"16605353":253,"77b39e15":253,"f1726edb":253,"92b72493":253,"d3e58903":253,"4481c4be":253,"7954891b":253,"4afd60a9":253,"d44c0ea3":253,"68f87858":253,"533bac6b":253,"41634dba":253,"43fd1327":253,"113e7f4b":253,"8cce569a":253,"ce6401b6":253,"6f57824c":253,"28bd7aa1":253,"1d52fb0d":253,"cde0d748":253,"535ed444":253,"710f0d0e":253,"0905f1fb":253,"a20e529c":253,"1ae76fcc":253,"35b161d3":253,"344cd1a3":253,"77ea1236":253,"96d2a118":253,"23a0e41f":253,"b32a1080":253,"a2c4b591":253,"6dfa57be":253,"1854ce44":253,"f92b22f1":253,"ece12664":253,"36f4ecde":253,"568a0d58":253,"5fd569d2":253,"10c8fd03":253,"bd4ccb49":253,"e773d697":253,"7e8c11e7":253,"077eb15a":253,"5337c279":253,"8d256cb6":253,"7021c619":253,"32ae00db":253,"bf2defb2":253,"bc733a28":253,"30d32d34":253,"886c16d3":253,"e8d09b62":253,"590ce3d3":253,"1802d7ce":253,"0a49914b":253,"5d3f5cad":253,"cf347cba":253,"fc0c23f7":253,"641f9b9e":253,"c92edec5":253,"9f03c1e7":253,"06c24a8d":253,"2f35e75f":253,"3eddf7c8":253,"77970f8b":253,"efd594d5":253,"4718294d":253,"5352cf45":253,"e0ffe8ff":253,"ae14d6b5":253,"721f5f42":253,"0b50bca6":253,"bf2ca266":253,"5d8d9641":253,"0de67c6c":253,"2311399f":253,"5e3ebf5e":253,"9f6ca218":253,"6213799d":253,"44cb1fd2":253,"baf19c25":253,"24a79a6e":253,"edde30af":253,"4d949e11":253,"df12f689":253,"1da10cbf":253,"832c48e4":253,"dc90a44c":253,"1ad7c45b":253,"5566c17c":253,"86a22252":253,"0000dece":253,"ce5efdbe":253,"58ace2b5":253,"d379fd96":253,"7b819458":253,"7f8024cd":253,"ae562513":253,"7b66dacd":253,"9ab137d7":253,"7191d1cd":253,"005354dd":253,"5b09e53e":253,"da5bb0f7":253,"6d925c84":253,"50b23ab2":253,"edfa56d4":253
1601327392665,"899c16eb":253,"41c76041":253,"6bb1fa99":253,"d73ff72e":253,"61c0ca91":253,"d2fda7be":253,"ce20ca3c":253,"1d2d958b":253,"81fb6a01":253,"7f5b27c8":253,"fb3444d9":253,"f05de640":253,"86a68967":253,"56cd4dca":253,"7f469f4c":253,"f92dedfc":253,"355d1489":253,"f96fc1af":253,"06713bac":253,"61aca924":253,"d97fb857":253,"59ff5ec6":253,"ef04e64e":253,"6e2d04de":253,"2fca1798":253,"05028839":253,"5488826c":253,"84fff5c1":253,"c649992d":253,"d5ad3ed6":253,"8e5f7187":253,"55ba7579":253,"b7769ca6":253,"9c27de51":253,"38a75b48":253,"1792bfa3":253,"426f1904":253,"7c0f1ca9":253,"b2f820ac":253,"25d4f65d":253,"eddb6a2a":253,"ff8a00aa":253,"c146560b":253,"985068e7":253,"d543ba6f":253,"3b3569f6":253,"b01ab62a":253,"76da16fa":253,"bffee581":253,"07150038":253,"080fa362":253,"7b6945ad":253,"a40d08e1":253,"cec79bc2":253,"d2eff358":253,"e70aebb5":253,"a488b2f1":253,"4caa87d6":253,"f7076e21":253,"69e653b6":253,"98d2991b":253,"3b411d6a":253,"83826ef3":253,"595609d5":253,"b47f1b89":253,"8e6caf71":253,"9a3433b8":253,"b89112cb":253,"66736d5e":253,"30de89a7":253,"06aaa33f":253,"320c65bf":253,"1fa1e7c2":253,"646af2b9":253,"659389ad":253,"240c8679":253,"0718c3be":253,"8b503f7b":253,"87a8523c":253,"c416baa6":253,"ae350a07":253,"680a32a6":253,"83ba647d":253,"cb0bd6b7":253,"8e426e39":253,"51909df8":253,"e22b0973":253,"23646ff9":253,"3abb827b":253,"0c73c293":253,"88929b06":253,"08c4692e":253,"5b2479ef":253,"1d882c36":253,"eb62e8f2":253,"f1e86522":253,"fa03f48f":253,"5298dafa":253,"25f7f918":253,"c5311ebb":253,"105bb3f6":253,"58de5462":253,"f01c896d":253,"1f2670d0":253,"962c9c8f":253,"aec0bf28":253,"a017a323":253,"8801c469":253,"b6281f1a":253,"48c6df81":253,"5e165f43":253,"f8785b71":253,"ab4a411a":253,"d7a4b24c":253,"686d5c0b":253,"f15eb1c5":253,"71789493":253,"5ac72353":253,"d1b14d06":253,"f6c074a7":253,"ffd6849d":253,"962fca02":253,"75968179":253,"bc8bdc23":253,"a71f3f70":253,"1f7aa83c":253,"732d62ee":253,"d4b0751c":253,"5b01444b":253,"79995b62":253,"97160db8":253,"589f0d6e":253,"51b4016a":253,"46bf9112":253,"092ad3d6":253,"bf940089":253,"01f34f98":253,"1670b0d3":253,"ec97d63e":253,"94208a41":253,"2cbcad17":253,"4dccb5ca":253,"83268abf":253,"578c4c95":253,"c606b472":253,"808bc372":253,"272e7d0d":253,"f92596ee":253,"68831ea9":253,"9713d076":253,"fd098272":253,"6ee788a7":253,"8249641d":253,"45b0968f":253,"6a9bb182":253,"1f1afd4f":253,"c792a7c1":253,"5a7da061":253,"06a94514":253,"73c420df":253,"0700da70":253,"ff591765":253,"93f12198":253,"62e270e5":253,"66b1b6d7":253,"b062adc4":253,"4aae5133":253,"63a3af32":253,"3fec4b0b":253,"faa3de3e":253,"44983d13":253,"80999122":253,"72af9198":253,"e39e9552":253,"81c1b70d":253,"e72f0f82":253,"88374b72":253,"fdfaf1ed":253,"ea981bed":253,"5e197575":253,"e587c4d0":253,"525b2635":253,"caa38a45":253,"a9987a58":253,"b6b8e5c7":253,"e82177d3":253,"89914b94":253,"04bdf5e1":253,"da8b42be":253,"3b0576bf":253,"9458934f":253,"1dcc489c":253,"945badf3":253,"1327775b":253,"bdd40125":253,"25fb8826":253,"0dc5da58":253,"2874a625":253,"e61ae828":253,"f7ac3883":253,"ccd01528":253,"dab8cf68":253,"00f2a9cb":253,"916fe082":253,"b64dba8e":253,"c3bb30ce":253,"86219c70":253,"601990d8":253,"5c662c19":253,"d2a5d2fd":253,"89d220c2":253,"3e10c9cb":253,"5500a3e8":253,"3c0e87ac":253,"a891461f":253,"a246cdab":253,"117c7f0b":253,"0d21cf99":253,"14e6fe14":253,"37ec5e73":253,"bfff7913":253,"f8636899":253,"37724339":253,"d45d9727":253,"ee5ff2a3":253,"75fd47f7":253,"1c52a07e":253,"e70ccc25":253,"afd1494f":253,"ca6bffd3":253,"829c44a4":253,"e76e2617":253,"2b4fd52e":253,"57162572":253,"d1d50cfe":253,"44322dfd":253,"295e4d1d":253,"8cf6570a":253,"403064a0":253,"312af46e":253,"b5a9f8c3":253,"fcbc0ae8":253,"2ff6b6a8":253,"66a71cc1":253,"bf4b58e4":253,"9666b973":253,"653b27c7":253,"83b37fd6":253,"4d852788":253,"e43a9448":253,"3542b748":253,"379c53ab":253,"e396d80d":253,"7da61f27":253,"dc874a97":253,"85a220de":253,"40a7cdd2":253,"ac033c7b":253,"87759976":253,"4df3f62e":253,"c881a53e":253,"80c1c8b1":253,"cf52acd8":253,"a63cb4ce":253,"d3b3492b":253,"7580cfa4":253,"22a96386":253,"5c672b50":253,"5df16440":253,"b666e56d":253,"8db378ff":253,"784d6375":253,"4541bf85":253,"a6b13f20":253,"2459c882":253,"3df97186":253,"ef0490de":253,"e0f47ced":253,"309bbf54":253,"cc537772":253,"6618390c":253,"99cc0813":253,"dc32c4e1":253,"239c636e":253,"6ee160ff":253,"c55d40ca":253,"22c177a8":253,"00ae883f":253,"f416ee62":253,"0d2b182d":253,"320754c3":253,"232b2f64":253,"3171b6e7":253,"3b25460f":253,"d2064756":253,"f7ffcbb8":253,"5728f934":253,"00b26865":253,"c333337d":253,"815c56bc":253,"5bd61a68":253,"8582c5cf":253,"0c353665":253,"231e8700":253,"1f9fbd85":253,"43f24679":253,"a1c0dfc4":253,"78f71162":253,"4b27a9a4":253,"163f4d19":253,"1d043d5a":253,"b2f82e06":253,"5b0b43e6":253,"b5474d69":253,"5a938eeb":253,"4fe0dedf":253,"951fc6d0":253,"61892a4c":253,"f096219e":253,"a3f0a6ec":253,"01051f84":253,"aa7e370d":253,"f995eeab":253,"4006e709":253,"0dedf63e":253,"a9d5374b":253,"4321f02d":253,"089b3f8f":253,"7698d0dc":253,"784414ce":253,"2df3efdb":253,"d0f1b7bd":253,"e7799883":253,"4f9456cf":253,"6e260ee8":253,"f4f84279":253,"b0950de5":253,"6f873999":253,"1f4e0e22":253,"60d69311":253,"3b09f1de":253,"b371f44a":253,"8b6180ff":253,"8819ac24":253,"dbbf7f69":253,"a8edfe84":253,"2ed19b1e":253,"959e16ea":253,"02f76c64":253,"5c6d1f33":253,"b4801cae":253,"c3c2fd05":253,"f8c97147":253,"c2526ff3":253,"cc386067":253,"a22ffd8f":253,"3cd28a4d":253,"44a12c31":253,"45a961ca":253,"dfe4a061":253,"c2bf7d51":253,"781afef6":253,"de9229a0":253,"99a5feef":253,"f6266388":253,"e64fd39c":253,"e1b3ce36":253,"625fa164":253,"0c6ae551":253,"e8f4c1dd":253
1601327393183,"5ca978fd":253,"668e601b":253,"7552d86c":253,"02ebf3b6":253,"bb17a968":253,"4abcb85d":253,"cba26072":253,"cede8b8c":253,"ad95ff4a":253,"893a99c5":253,"d8bf32b5":253,"0eb42efe":253,"03c4ab87":253,"4e3d3af7":253,"3a4803a8":253,"f7a7de5d":253,"d4e56c3e":253,"0c045c2d":253,"8efd4801":253,"7eb8f268":253,"20236d3e":253,"36ae8cd8":253,"3ddd5391":253,"07f69c6d":253,"2254f0f5":253,"ea282e84":253,"6653c83b":253,"c896052c":253,"287ecd1c":253,"f9376d3e":253,"07a94e8c":253,"bb017b49":253,"37b52fe4":253,"61ad1519":253,"819c4185":253,"ba69b06b":253,"2a718dcc":253,"c6a9a8e1":253,"88854fd0":253,"8dc27d2a":253,"41d7f05d":253,"2b851827":253,"9f428a03":253,"4d504d96":253,"0533ece1":253,"bcee2ef3":253,"0afba00c":253,"04ff8100":253,"6c00d8d6":253,"ac9a02bc":253,"acfe69ed":253,"426603ff":253,"2db2f252":253,"2e84193b":253,"c55683c9":253,"51233daf":253,"02791635":253,"be081247":253,"5cc47d1b":253,"678b846f":253,"b4bd39d8":253,"b4cdbe5d":253,"fa0386f3":253,"b95d0f17":253,"cee9c347":253,"7d2a2cb4":253,"4f62491c":253,"70b4c438":253,"71ed93db":253,"c92efaa8":253,"c241ac7e":253,"62a45672":253,"210e507a":253,"ac6e268b":253,"742238e8":253,"7800e7ce":254,"77869ff0":254,"4b8f7b16":254,"89f75690":254,"cb363e2f":254,"cd802f02":254,"d3cca7eb":254,"e866a899":254,"5690e712":254,"0b92d2a9":254,"070bed95":254,"67e5d108":254,"3d37b94b":254,"842c97c2":254,"c4cef92b":254,"0eecdc5b":254,"b7e495ea":254,"45ec63c0":254
1601327393382,"0ddfde2c":254,"a8b41774":254,"81f0da2d":254,"1fcc8ba4":254,"75a9c117":254,"12ba54ec":254,"be391c1a":254,"37d8a5b7":254,"d5ab81c4":254,"2ecde685":254,"f0bd52d3":254,"dcc20f76":254,"666a8ef0":254,"c5b609f1":254,"4dc5849a":254,"d605c755":254,"8a8c1d67":254,"cc6b3306":254,"8c2dfd9a":254,"f11267b9":254,"a483b15e":254,"f80ab49d":254,"95eaed39":254,"a5ba0ebb":254,"f53362a9":254,"1901ef7e":254,"960c2e6b":254,"3515e999":254,"d11f8f1b":254,"9d9eb027":254,"325f9a29":254,"503aafe5":254,"080d5d42":254,"5d03f5dc":254,"f0a01341":254,"1ee4d9f9":254,"0d6e45e7":254,"0da97151":254,"e829038c":254,"4987cfb5":254,"ba90687c":254,"77f2cf92":254,"037e2be4":254,"9e7dbd20":254,"0c086273":254,"ac13c3b0":254,"b4d9c57f":254,"5d53c964":254,"8ee9cc91":254,"4cc0af91":254,"55f6a2ba":254,"9559ea96":254,"9cb044bf":254,"16b25add":254,"80ee333e":254,"3b329af2":254,"1cd662bf":254,"72992b35":254,"47589344":254,"593b1533":254,"e9f6e5ce":254,"ed6bead5":254,"96f594b9":254,"94dfcfc5":254,"8301986e":254,"830ecfec":254,"a8bae791":254,"312009ee":254,"c98759fd":254,"e8b6d676":254,"45ee5840":254,"76f04033":254,"43480b19":254,"fd955858":254,"69798d15":254,"efea71fa":254,"fb3aa867":254,"d5d94481":254,"ffe48500":254,"c7a45a33":254,"faffe099":254,"e99490cd":254,"3b830769":254,"583f0305":254,"1557c50a":254,"249e80ab":254,"f52a3d94":254,"eb74d3dd":254,"3bcbc28d":254,"3c0455e7":254,"df203c79":254,"df1e1ac0":254,"491708eb":254,"e421caaa":254,"2d2ecf27":254,"d38a4953":254,"eba5efdd":254,"a5463f93":254,"c85ac4f8":254,"bc253f4f":254,"0d9d2bf8":254,"846b7f11":254,"d3411467":254,"1df0ce7f":254,"a08171d0":254,"c8bc5677":254,"dfca0518":254,"b9a21017":254,"e47705d3":254,"3cae4115":254,"0ccf4731":254,"c7c6782d":254,"54346574":254,"b12cbf87":254,"81942d9b":254,"699b90c1":254,"d9b5a7a8":254,"1e7914d2":254,"e5d8fdb2":254,"3412ab75":254,"bcac5daf":254,"62d028cc":254,"0af2cf39":254,"27491297":254,"d041ea86":254,"c9cf710b":254,"fcacdeb3":254,"0ea055ed":254,"e3b1bdf8":254,"644b45fb":254,"1eda11b2":254,"fc442678":254,"18c73816":254,"e491161e":254,"b5087677":254,"16f60bed":254,"cb0c3481":254,"7664512c":254,"df9a53b8":254,"f6c27b2b":254,"945f6c24":254,"f1daea7e":254,"b8fb90e3":254,"56227e35":254,"0d6bf22a":254,"b87321d0":254,"43205b5d":254,"8982905a":254,"f6fe1ad7":254,"230064fa":254,"764e0abb":254,"bba6d88e":254,"ea3479ec":254,"32266fa3":254,"50b090c3":254,"8be24763":254,"eb4800b2":254,"6e0ce9dc":254,"87d9bec4":254,"e30dfa0c":254,"6da34174":254,"bfb849fa":254,"0a10b423":254,"9ef7cee7":254,"49f1a0d1":254,"5f04aa76":254,"ba297382":254,"0287db2a":254,"96abe4a9":254,"753b10b1":254,"cf14bd99":254,"782022f4":254,"322e833f":254,"ab3619e4":254,"106006ad":254,"c8237be9":254,"1416e8f5":254,"dde2eed5":254,"a208caa8":254,"16605353":254,"77b39e15":254,"f1726edb":254,"590ce3d3":254,"1802d7ce":254,"0a49914b":254,"5d3f5cad":254,"cf347cba":254,"fc0c23f7":254,"641f9b9e":254,"c92edec5":254,"9f03c1e7":254,"06c24a8d":254,"2f35e75f":254,"3eddf7c8":254,"77970f8b":254,"efd594d5":254,"4718294d":254,"5352cf45":254,"e0ffe8ff":254,"ae14d6b5":254,"721f5f42":254,"0b50bca6":254,"bf2ca266":254,"5d8d9641":254,"0de67c6c":254,"2311399f":254,"5e3ebf5e":254,"9f6ca218":254,"6213799d":254,"44cb1fd2":254,"baf19c25":254,"24a79a6e":254,"edde30af":254,"4d949e11":254,"df12f689":254,"1da10cbf":254,"832c48e4":254,"dc90a44c":254,"1ad7c45b":254,"5566c17c":254,"86a22252":254,"0000dece":254,"ce5efdbe":254,"92b72493":254,"d3e58903":254,"4481c4be":254,"7954891b":254,"4afd60a9":254,"d44c0ea3":254,"68f87858":254,"533bac6b":254,"41634dba":254,"43fd1327":254,"113e7f4b":254,"8cce569a":254,"ce6401b6":254,"6f57824c":254,"28bd7aa1":254,"1d52fb0d":254,"cde0d748":254,"535ed444":254,"710f0d0e":254,"0905f1fb":254,"a20e529c":254,"1ae76fcc":254,"35b161d3":254,"344cd1a3":254,"58ace2b5":254,"d379fd96":254,"7b819458":254,"7f8024cd":254,"ae562513":254,"7b66dacd":254,"9ab137d7":254,"7191d1cd":254,"005354dd":254,"77ea1236":254,"96d2a118":254,"23a0e41f":254,"b32a1080":254,"a2c4b591":254,"6dfa57be":254,"1854ce44":254,"f92b22f1":254,"ece12664":254,"36f4ecde":254,"568a0d58":254,"5fd569d2":254,"10c8fd03":254,"bd4ccb49":254,"e773d697":254,"7e8c11e7":254,"077eb15a":254,"5337c279":254,"8d256cb6":254,"7021c619":254,"32ae00db":254,"bf2defb2":254,"bc733a28":254,"30d32d34":254,"886c16d3":254,"e8d09b62":254
1601327394282,"5b09e53e":254,"da5bb0f7":254,"6d925c84":254,"50b23ab2":254,"edfa56d4":254,"899c16eb":254,"41c76041":254,"6bb1fa99":254,"d73ff72e":254,"61c0ca91":254,"d2fda7be":254,"ce20ca3c":254,"1d2d958b":254,"81fb6a01":254,"7f5b27c8":254,"fb3444d9":254,"f05de640":254,"86a68967":254,"56cd4dca":254,"7f469f4c":254,"f92dedfc":254,"355d1489":254,"f96fc1af":254,"06713bac":254,"61aca924":254,"d97fb857":254,"59ff5ec6":254,"ef04e64e":254,"6e2d04de":254,"2fca1798":254,"05028839":254,"5488826c":254,"84fff5c1":254,"c649992d":254,"d5ad3ed6":254,"8e5f7187":254,"55ba7579":254,"b7769ca6":254,"9c27de51":254,"38a75b48":254,"1792bfa3":254,"426f1904":254,"7c0f1ca9":254,"b2f820ac":254,"25d4f65d":254,"eddb6a2a":254,"ff8a00aa":254,"c146560b":254,"985068e7":254,"d543ba6f":254,"3b3569f6":254,"b01ab62a":254,"76da16fa":254,"bffee581":254,"07150038":254,"080fa362":254,"7b6945ad":254,"a40d08e1":254,"cec79bc2":254,"d2eff358":254,"e70aebb5":254,"a488b2f1":254,"4caa87d6":254,"f7076e21":254,"69e653b6":254,"98d2991b":254,"3b411d6a":254,"83826ef3":254,"f1e86522":254,"fa03f48f":254,"5298dafa":254,"25f7f918":254,"c5311ebb":254,"105bb3f6":254,"58de5462":254,"f01c896d":254,"1f2670d0":254,"962c9c8f":254,"aec0bf28":254,"a017a323":254,"8801c469":254,"b6281f1a":254,"48c6df81":254,"5e165f43":254,"f8785b71":254,"595609d5":254,"b47f1b89":254,"8e6caf71":254,"9a3433b8":254,"b89112cb":254,"66736d5e":254,"30de89a7":254,"06aaa33f":254,"320c65bf":254,"1fa1e7c2":254,"646af2b9":254,"659389ad":254,"240c8679":254,"0718c3be":254,"8b503f7b":254,"87a8523c":254,"c416baa6":254,"ae350a07":254,"680a32a6":254,"83ba647d":254,"cb0bd6b7":254,"8e426e39":254,"51909df8":254,"e22b0973":254,"23646ff9":254,"3abb827b":254,"0c73c293":254,"88929b06":254,"08c4692e":254,"5b2479ef":254,"1d882c36":254,"eb62e8f2":254,"ab4a411a":254,"d7a4b24c":254,"686d5c0b":254,"f15eb1c5":254,"71789493":254,"5ac72353":254,"d1b14d06":254,"f6c074a7":254,"ffd6849d":254,"962fca02":254,"75968179":254,"bc8bdc23":254,"a71f3f70":254,"1f7aa83c":254,"732d62ee":254,"d4b0751c":254,"5b01444b":254,"79995b62":254,"97160db8":254,"589f0d6e":254,"51b4016a":254,"46bf9112":254,"092ad3d6":254,"bf940089":254,"01f34f98":254,"1670b0d3":254,"ec97d63e":254,"94208a41":254,"2cbcad17":254,"4dccb5ca":254,"83268abf":254,"578c4c95":254,"c606b472":254,"808bc372":254,"c792a7c1":254,"5a7da061":254,"06a94514":254,"73c420df":254,"0700da70":254,"ff591765":254,"93f12198":254,"62e270e5":254,"66b1b6d7":254,"b062adc4":254,"4aae5133":254,"63a3af32":254,"3fec4b0b":254,"faa3de3e":254,"44983d13":254,"80999122":254,"72af9198":254,"e39e9552":254,"81c1b70d":254,"e72f0f82":254,"88374b72":254,"fdfaf1ed":254,"ea981bed":254,"5e197575":254,"e587c4d0":254,"525b2635":254,"caa38a45":254,"a9987a58":254,"b6b8e5c7":254,"e82177d3":254,"89914b94":254,"04bdf5e1":254,"da8b42be":254,"3b0576bf":254,"9458934f":254,"1dcc489c":254,"945badf3":254,"1327775b":254,"bdd40125":254,"75fd47f7":254,"1c52a07e":254,"e70ccc25":254,"afd1494f":254,"ca6bffd3":254,"829c44a4":254,"e76e2617":254,"2b4fd52e":254,"57162572":254,"d1d50cfe":254,"272e7d0d":254,"f92596ee":254,"68831ea9":254,"9713d076":254,"fd098272":254,"6ee788a7":254,"8249641d":254,"45b0968f":254,"6a9bb182":254,"1f1afd4f":254,"25fb8826":254,"0dc5da58":254,"2874a625":254,"e61ae828":254,"f7ac3883":254,"ccd01528":254,"dab8cf68":254,"00f2a9cb":254,"916fe082":254,"b64dba8e":254,"c3bb30ce":254,"86219c70":254,"601990d8":254,"5c662c19":254,"d2a5d2fd":254,"89d220c2":254,"3e10c9cb":254,"5500a3e8":254,"3c0e87ac":254,"a891461f":254,"9666b973":254,"653b27c7":254,"83b37fd6":254,"4d852788":254,"e43a9448":254,"3542b748":254,"379c53ab":254,"e396d80d":254,"7da61f27":254,"dc874a97":254,"85a220de":254,"f7ffcbb8":254,"5728f934":254,"00b26865":254,"c333337d":254,"815c56bc":254,"5bd61a68":254,"8582c5cf":254,"0c353665":254,"231e8700":254,"1f9fbd85":254,"43f24679":254,"a1c0dfc4":254,"78f71162":254,"a246cdab":254,"117c7f0b":254,"0d21cf99":254,"14e6fe14":254,"37ec5e73":254,"bfff7913":254,"f8636899":254,"37724339":254,"d45d9727":254,"ee5ff2a3":254,"44322dfd":254,"295e4d1d":254,"8cf6570a":254,"403064a0":254,"312af46e":254,"b5a9f8c3":254,"fcbc0ae8":254,"2ff6b6a8":254,"66a71cc1":254,"bf4b58e4":254,"40a7cdd2":254,"ac033c7b":254,"87759976":254,"4df3f62e":254,"c881a53e":254,"80c1c8b1":254,"cf52acd8":254,"a63cb4ce":254,"d3b3492b":254,"7580cfa4":254,"22a96386":254,"5c672b50":254,"5df16440":254,"b666e56d":254,"8db378ff":254,"784d6375":254,"4541bf85":254,"a6b13f20":254,"2459c882":254,"3df97186":254,"ef0490de":254,"e0f47ced":254,"309bbf54":254,"cc537772":254,"6618390c":254,"99cc0813":254,"dc32c4e1":254,"239c636e":254,"6ee160ff":254,"c55d40ca":254,"22c177a8":254,"00ae883f":254,"f416ee62":254,"4b27a9a4":254,"163f4d19":254,"1d043d5a":254,"b2f82e06":254,"5b0b43e6":254,"b5474d69":254,"5a938eeb":254,"4fe0dedf":254,"951fc6d0":254,"61892a4c":254,"f096219e":254,"a3f0a6ec":254,"01051f84":254,"aa7e370d":254,"f995eeab":254,"4006e709":254,"0dedf63e":254,"a9d5374b":254,"4321f02d":254,"089b3f8f":254,"7698d0dc":254,"784414ce":254,"2df3efdb":254,"d0f1b7bd":254,"e7799883":254,"4f9456cf":254,"6e260ee8":254,"f4f84279":254,"b0950de5":254,"6f873999":254,"1f4e0e22":254,"60d69311":254,"3b09f1de":254,"b371f44a":254,"8b6180ff":254,"8819ac24":254,"dbbf7f69":254,"a8edfe84":254,"2ed19b1e":254,"959e16ea":254,"02f76c64":254,"5c6d1f33":254,"b4801cae":254,"c3c2fd05":254,"f8c97147":254,"c2526ff3":254,"cc386067":254,"a22ffd8f":254,"0d2b182d":254,"320754c3":254,"232b2f64":254,"3171b6e7":254,"3b25460f":254,"d2064756":254,"3cd28a4d":254,"44a12c31":254,"45a961ca":254,"5ca978fd":254,"668e601b":254,"7552d86c":254,"dfe4a061":254,"c2bf7d51":254,"781afef6":254,"de9229a0":254,"99a5feef":254,"f6266388":254,"e64fd39c":254,"e1b3ce36":254,"625fa164":254,"0c6ae551":254,"02ebf3b6":254,"bb17a968":254,"4abcb85d":254,"cba26072":254,"2a718dcc":254,"c6a9a8e1":254,"88854fd0":254,"8dc27d2a":254,"41d7f05d":254,"2b851827":254,"9f428a03":254,"4d504d96":254,"0533ece1":254,"bcee2ef3":254,"0afba00c":254,"04ff8100":254,"6c00d8d6":254,"ac9a02bc":254,"acfe69ed":254,"426603ff":254,"2db2f252":254,"2e84193b":254,"c55683c9":254,"51233daf":254,"02791635":254,"be081247":254,"5cc47d1b":254,"678b846f":254,"b4bd39d8":254,"b4cdbe5d":254,"fa0386f3":254,"b95d0f17":254,"cee9c347":254,"e8f4c1dd":254,"cede8b8c":254,"ad95ff4a":254,"893a99c5":254,"d8bf32b5":254,"0eb42efe":254,"03c4ab87":254,"4e3d3af7":254,"3a4803a8":254,"f7a7de5d":254,"d4e56c3e":254,"0c045c2d":254,"8efd4801":254,"7eb8f268":254,"20236d3e":254,"36ae8cd8":254,"3ddd5391":254,"07f69c6d":254,"2254f0f5":254,"ea282e84":254,"6653c83b":254,"c896052c":254,"287ecd1c":254,"f9376d3e":254,"07a94e8c":254,"bb017b49":254,"37b52fe4":254,"61ad1519":254,"819c4185":254,"ba69b06b":254,"7d2a2cb4":254,"4f62491c":254,"70b4c438":254,"71ed93db":254,"c92efaa8":254,"c241ac7e":254,"62a45672":254,"210e507a":254,"ac6e268b":254,"742238e8":254
1601327394759,"7800e7ce":255,"77869ff0":255,"4b8f7b16":255,"89f75690":255,"cb363e2f":255,"cd802f02":255,"d3cca7eb":255,"e866a899":255,"5690e712":255,"0b92d2a9":255,"d5d94481":255,"ffe48500":255,"070bed95":255,"67e5d108":255,"3d37b94b":255,"842c97c2":255,"c4cef92b":255,"0eecdc5b":255,"b7e495ea":255,"45ec63c0":255,"0ddfde2c":255,"a8b41774":255,"81f0da2d":255,"1fcc8ba4":255,"75a9c117":255,"12ba54ec":255,"be391c1a":255,"37d8a5b7":255,"d5ab81c4":255,"2ecde685":255,"f0bd52d3":255,"dcc20f76":255,"666a8ef0":255,"c5b609f1":255,"4dc5849a":255,"d605c755":255,"8a8c1d67":255,"cc6b3306":255,"8c2dfd9a":255,"f11267b9":255,"a483b15e":255,"f80ab49d":255,"95eaed39":255,"a5ba0ebb":255,"f53362a9":255,"1901ef7e":255,"c7a45a33":255,"faffe099":255,"e99490cd":255,"3b830769":255,"583f0305":255,"1557c50a":255,"249e80ab":255,"f52a3d94":255,"eb74d3dd":255,"3bcbc28d":255,"3c0455e7":255,"df203c79":255,"df1e1ac0":255,"491708eb":255,"e421caaa":255,"2d2ecf27":255,"d38a4953":255,"eba5efdd":255,"a5463f93":255,"c85ac4f8":255,"bc253f4f":255,"0d9d2bf8":255,"846b7f11":255,"d3411467":255,"1df0ce7f":255,"a08171d0":255,"c8bc5677":255,"dfca0518":255,"b9a21017":255,"e47705d3":255,"960c2e6b":255,"3515e999":255,"d11f8f1b":255,"9d9eb027":255,"325f9a29":255,"503aafe5":255,"3cae4115":255,"0ccf4731":255,"c7c6782d":255,"54346574":255,"b12cbf87":255,"81942d9b":255,"699b90c1":255,"d9b5a7a8":255,"1e7914d2":255,"e5d8fdb2":255,"3412ab75":255,"bcac5daf":255,"62d028cc":255,"0af2cf39":255,"27491297":255,"d041ea86":255,"1eda11b2":255,"fc442678":255,"080d5d42":255,"5d03f5dc":255,"f0a01341":255,"1ee4d9f9":255,"0d6e45e7":255,"0da97151":255,"e829038c":255,"4987cfb5":255,"ba90687c":255,"77f2cf92":255,"037e2be4":255,"9e7dbd20":255,"0c086273":255,"ac13c3b0":255,"b4d9c57f":255,"5d53c964":255,"8ee9cc91":255,"4cc0af91":255,"55f6a2ba":255,"9559ea96":255,"9cb044bf":255,"16b25add":255,"80ee333e":255,"3b329af2":255,"1cd662bf":255,"72992b35":255,"47589344":255,"593b1533":255,"e9f6e5ce":255,"ed6bead5":255,"96f594b9":255,"94dfcfc5":255,"8301986e":255,"830ecfec":255,"a8bae791":255,"312009ee":255,"c98759fd":255,"e8b6d676":255,"45ee5840":255,"76f04033":255,"43480b19":255,"fd955858":255,"69798d15":255,"efea71fa":255,"fb3aa867":255
1601327395343,"18c73816":255,"e491161e":255,"b5087677":255,"16f60bed":255,"cb0c3481":255,"7664512c":255,"df9a53b8":255,"f6c27b2b":255,"945f6c24":255,"f1daea7e":255,"b8fb90e3":255,"56227e35":255,"0d6bf22a":255,"b87321d0":255,"43205b5d":255,"8982905a":255,"f6fe1ad7":255,"230064fa":255,"764e0abb":255,"bba6d88e":255,"ea3479ec":255,"32266fa3":255,"50b090c3":255,"8be24763":255,"eb4800b2":255,"6e0ce9dc":255,"87d9bec4":255,"e30dfa0c":255,"6da34174":255,"bfb849fa":255,"0a10b423":255,"9ef7cee7":255,"49f1a0d1":255,"5f04aa76":255,"ba297382":255,"0287db2a":255,"96abe4a9":255,"753b10b1":255,"cf14bd99":255,"782022f4":255,"322e833f":255,"c9cf710b":255,"fcacdeb3":255,"0ea055ed":255,"e3b1bdf8":255,"644b45fb":255,"ab3619e4":255,"106006ad":255,"c8237be9":255,"1416e8f5":255,"dde2eed5":255,"a208caa8":255,"16605353":255,"77b39e15":255,"f1726edb":255,"92b72493":255,"d3e58903":255,"4481c4be":255,"7954891b":255,"4afd60a9":255,"d44c0ea3":255,"68f87858":255,"533bac6b":255,"41634dba":255,"43fd1327":255,"113e7f4b":255,"8cce569a":255,"ce6401b6":255,"6f57824c":255,"28bd7aa1":255,"1d52fb0d":255,"cde0d748":255,"535ed444":255,"710f0d0e":255,"0905f1fb":255,"a20e529c":255,"1ae76fcc":255,"35b161d3":255,"344cd1a3":255,"77ea1236":255,"96d2a118":255,"23a0e41f":255,"b32a1080":255,"a2c4b591":255,"6dfa57be":255,"1854ce44":255,"f92b22f1":255,"ece12664":255,"36f4ecde":255,"568a0d58":255,"5fd569d2":255,"10c8fd03":255,"bd4ccb49":255,"e773d697":255,"7e8c11e7":255,"077eb15a":255,"5337c279":255,"8d256cb6":255,"7021c619":255,"32ae00db":255,"bf2defb2":255,"bc733a28":255,"30d32d34":255,"886c16d3":255,"e8d09b62":255,"590ce3d3":255,"1802d7ce":255,"0a49914b":255,"5d3f5cad":255,"cf347cba":255,"fc0c23f7":255,"641f9b9e":255,"c92edec5":255,"9f03c1e7":255,"06c24a8d":255,"2f35e75f":255,"3eddf7c8":255,"77970f8b":255,"efd594d5":255,"4718294d":255,"5352cf45":255,"e0ffe8ff":255,"ae14d6b5":255,"721f5f42":255,"0b50bca6":255,"bf2ca266":255,"5d8d9641":255,"0de67c6c":255,"2311399f":255,"5e3ebf5e":255,"9f6ca218":255,"6213799d":255,"44cb1fd2":255,"baf19c25":255,"24a79a6e":255,"edde30af":255,"4d949e11":255,"df12f689":255,"1da10cbf":255,"832c48e4":255,"dc90a44c":255,"1ad7c45b":255,"5566c17c":255,"86a22252":255,"0000dece":255,"ce5efdbe":255,"58ace2b5":255,"d379fd96":255,"7b819458":255,"7f8024cd":255,"ae562513":255,"7b66dacd":255,"9ab137d7":255,"7191d1cd":255,"005354dd":255,"5b09e53e":255,"da5bb0f7":255,"6d925c84":255,"50b23ab2":255,"edfa56d4":255,"899c16eb":255,"41c76041":255,"6bb1fa99":255,"d73ff72e":255,"61c0ca91":255,"d2fda7be":255,"ce20ca3c":255,"1d2d958b":255,"81fb6a01":255,"7f5b27c8":255,"fb3444d9":255,"f05de640":255,"86a68967":255,"56cd4dca":255,"7f469f4c":255,"f92dedfc":255,"355d1489":255,"f96fc1af":255,"06713bac":255,"61aca924":255,"d97fb857":255,"59ff5ec6":255,"ef04e64e":255,"6e2d04de":255,"2fca1798":255,"05028839":255,"5488826c":255,"84fff5c1":255,"c649992d":255,"d5ad3ed6":255,"3b3569f6":255,"b01ab62a":255,"76da16fa":255,"bffee581":255,"07150038":255,"080fa362":255,"7b6945ad":255,"a40d08e1":255,"cec79bc2":255,"d2eff358":255,"e70aebb5":255,"a488b2f1":255,"4caa87d6":255,"f7076e21":255,"69e653b6":255,"98d2991b":255,"8e5f7187":255,"55ba7579":255,"b7769ca6":255,"9c27de51":255,"38a75b48":255,"1792bfa3":255,"426f1904":255,"7c0f1ca9":255,"b2f820ac":255,"25d4f65d":255,"eddb6a2a":255,"ff8a00aa":255,"c146560b":255,"985068e7":255,"d543ba6f":255
1601327395827,"f1e86522":255,"fa03f48f":255,"5298dafa":255,"25f7f918":255,"c5311ebb":255,"105bb3f6":255,"58de5462":255,"f01c896d":255,"1f2670d0":255,"962c9c8f":255,"aec0bf28":255,"a017a323":255,"8801c469":255,"b6281f1a":255,"3b411d6a":255,"83826ef3":255,"595609d5":255,"b47f1b89":255,"8e6caf71":255,"9a3433b8":255,"b89112cb":255,"66736d5e":255,"30de89a7":255,"06aaa33f":255,"320c65bf":255,"1fa1e7c2":255,"646af2b9":255,"659389ad":255,"240c8679":255,"0718c3be":255,"8b503f7b":255,"87a8523c":255,"c416baa6":255,"ae350a07":255,"680a32a6":255,"83ba647d":255,"cb0bd6b7":255,"8e426e39":255,"51909df8":255,"e22b0973":255,"23646ff9":255,"3abb827b":255,"0c73c293":255,"88929b06":255,"08c4692e":255,"5b2479ef":255,"1d882c36":255,"eb62e8f2":255,"48c6df81":255,"5e165f43":255,"f8785b71":255,"ab4a411a":255,"d7a4b24c":255,"686d5c0b":255,"f15eb1c5":255,"71789493":255,"5ac72353":255,"d1b14d06":255,"f6c074a7":255,"ffd6849d":255,"962fca02":255,"75968179":255,"bc8bdc23":255,"a71f3f70":255,"1f7aa83c":255,"732d62ee":255,"d4b0751c":255,"5b01444b":255,"79995b62":255,"97160db8":255,"589f0d6e":255,"51b4016a":255,"46bf9112":255,"092ad3d6":255,"bf940089":255,"01f34f98":255,"1670b0d3":255,"ec97d63e":255,"94208a41":255,"2cbcad17":255,"4dccb5ca":255,"83268abf":255,"578c4c95":255,"c606b472":255,"808bc372":255,"c792a7c1":255,"5a7da061":255,"06a94514":255,"73c420df":255,"0700da70":255,"ff591765":255,"93f12198":255,"62e270e5":255,"66b1b6d7":255,"b062adc4":255,"4aae5133":255,"63a3af32":255,"3fec4b0b":255,"faa3de3e":255,"44983d13":255,"80999122":255,"72af9198":255,"e39e9552":255,"81c1b70d":255,"e72f0f82":255,"88374b72":255,"fdfaf1ed":255,"ea981bed":255,"5e197575":255,"e587c4d0":255,"525b2635":255,"caa38a45":255,"a9987a58":255,"b6b8e5c7":255,"e82177d3":255,"89914b94":255,"04bdf5e1":255,"da8b42be":255,"3b0576bf":255,"9458934f":255,"1dcc489c":255,"945badf3":255,"1327775b":255,"bdd40125":255,"75fd47f7":255,"1c52a07e":255,"e70ccc25":255,"afd1494f":255,"ca6bffd3":255,"829c44a4":255,"e76e2617":255,"2b4fd52e":255,"57162572":255,"d1d50cfe":255,"f7ffcbb8":255,"5728f934":255,"00b26865":255,"272e7d0d":255,"f92596ee":255,"68831ea9":255,"9713d076":255,"fd098272":255,"6ee788a7":255,"8249641d":255,"45b0968f":255,"6a9bb182":255,"1f1afd4f":255,"25fb8826":255,"0dc5da58":255,"2874a625":255,"e61ae828":255,"f7ac3883":255,"ccd01528":255,"dab8cf68":255,"00f2a9cb":255,"916fe082":255,"b64dba8e":255,"c3bb30ce":255,"86219c70":255,"601990d8":255,"5c662c19":255,"d2a5d2fd":255,"89d220c2":255,"3e10c9cb":255,"5500a3e8":255,"3c0e87ac":255,"a891461f":255,"c333337d":255,"815c56bc":255,"5bd61a68":255,"8582c5cf":255,"0c353665":255,"231e8700":255,"1f9fbd85":255,"43f24679":255,"a1c0dfc4":255,"9666b973":255,"653b27c7":255,"83b37fd6":255,"4d852788":255,"e43a9448":255,"3542b748":255,"379c53ab":255,"e396d80d":255,"7da61f27":255,"dc874a97":255,"85a220de":255,"40a7cdd2":255,"ac033c7b":255,"87759976":255,"4df3f62e":255,"c881a53e":255,"78f71162":255,"4b27a9a4":255,"163f4d19":255,"1d043d5a":255,"b2f82e06":255,"5b0b43e6":255,"b5474d69":255,"5a938eeb":255,"4fe0dedf":255,"951fc6d0":255,"61892a4c":255,"f096219e":255,"a3f0a6ec":255,"01051f84":255,"aa7e370d":255,"f995eeab":255,"4006e709":255,"0dedf63e":255,"a9d5374b":255,"4321f02d":255,"089b3f8f":255,"7698d0dc":255,"784414ce":255,"2df3efdb":255,"d0f1b7bd":255,"e7799883":255,"4f9456cf":255,"a246cdab":255,"117c7f0b":255,"0d21cf99":255,"14e6fe14":255,"37ec5e73":255,"bfff7913":255,"f8636899":255,"37724339":255,"d45d9727":255,"ee5ff2a3":255,"44322dfd":255,"295e4d1d":255,"8cf6570a":255,"403064a0":255,"312af46e":255,"b5a9f8c3":255,"fcbc0ae8":255,"2ff6b6a8":255,"66a71cc1":255,"bf4b58e4":255,"6e260ee8":255,"f4f84279":255,"b0950de5":255,"6f873999":255,"1f4e0e22":255,"60d69311":255,"3b09f1de":255,"b371f44a":255,"8b6180ff":255,"8819ac24":255,"dbbf7f69":255,"80c1c8b1":255,"cf52acd8":255,"a63cb4ce":255,"d3b3492b":255,"7580cfa4":255,"22a96386":255,"5c672b50":255,"5df16440":255,"b666e56d":255,"8db378ff":255,"784d6375":255,"4541bf85":255,"a6b13f20":255,"2459c882":255,"3df97186":255,"ef0490de":255,"e0f47ced":255,"309bbf54":255,"cc537772":255,"6618390c":255,"99cc0813":255,"dc32c4e1":255,"239c636e":255,"6ee160ff":255,"c55d40ca":255,"22c177a8":255,"00ae883f":255,"f416ee62":255,"0d2b182d":255,"320754c3":255,"232b2f64":255,"3171b6e7":255,"3b25460f":255,"dfe4a061":255,"c2bf7d51":255,"d2064756":255,"781afef6":255,"de9229a0":255,"99a5feef":255,"f6266388":255,"e64fd39c":255,"e1b3ce36":255,"625fa164":255,"0c6ae551":255,"e8f4c1dd":255,"cede8b8c":255,"ad95ff4a":255,"893a99c5":255,"d8bf32b5":255,"0eb42efe":255,"03c4ab87":255,"4e3d3af7":255,"3a4803a8":255,"f7a7de5d":255,"d4e56c3e":255,"0c045c2d":255,"8efd4801":255,"7eb8f268":255,"20236d3e":255,"36ae8cd8":255,"3ddd5391":255,"07f69c6d":255,"2254f0f5":255,"ea282e84":255,"6653c83b":255,"c896052c":255,"287ecd1c":255,"a8edfe84":255,"2ed19b1e":255,"959e16ea":255,"02f76c64":255,"5c6d1f33":255,"b4801cae":255,"c3c2fd05":255,"f8c97147":255,"c2526ff3":255,"cc386067":255,"a22ffd8f":255,"3cd28a4d":255,"44a12c31":255,"45a961ca":255,"5ca978fd":255,"668e601b":255,"7552d86c":255,"02ebf3b6":255,"bb17a968":255,"4abcb85d":255,"cba26072":255,"2a718dcc":255,"c6a9a8e1":255,"88854fd0":255,"8dc27d2a":255,"41d7f05d":255,"2b851827":255,"9f428a03":255,"4d504d96":255,"0533ece1":255,"bcee2ef3":255,"0afba00c":255,"04ff8100":255,"f9376d3e":255,"07a94e8c":255,"bb017b49":255,"37b52fe4":255,"61ad1519":255,"819c4185":255,"ba69b06b":255,"7d2a2cb4":255,"4f62491c":255,"70b4c438":255,"71ed93db":255,"c92efaa8":255,"c241ac7e":255,"62a45672":255,"210e507a":255,"ac6e268b":255,"742238e8":255,"6c00d8d6":255,"ac9a02bc":255,"acfe69ed":255,"426603ff":255,"2db2f252":255,"2e84193b":255,"c55683c9":255,"51233daf":255,"02791635":255,"be081247":255,"5cc47d1b":255,"678b846f":255,"b4bd39d8":255,"b4cdbe5d":255,"fa0386f3":255,"b95d0f17":255,"cee9c347":255
1601327396772,"7800e7ce":256,"77869ff0":256,"4b8f7b16":256,"89f75690":256,"cb363e2f":256,"cd802f02":256,"d3cca7eb":256,"e866a899":256,"5690e712":256,"0b92d2a9":256,"070bed95":256,"67e5d108":256,"3d37b94b":256,"842c97c2":256,"c4cef92b":256,"0eecdc5b":256,"b7e495ea":256,"45ec63c0":256,"0ddfde2c":256,"a8b41774":256,"81f0da2d":256,"1fcc8ba4":256,"75a9c117":256,"12ba54ec":256,"be391c1a":256,"37d8a5b7":256,"d5ab81c4":256,"2ecde685":256,"f0bd52d3":256,"dcc20f76":256,"666a8ef0":256,"c5b609f1":256,"4dc5849a":256,"d605c755":256,"8a8c1d67":256,"cc6b3306":256,"8c2dfd9a":256,"f11267b9":256,"a483b15e":256,"f80ab49d":256,"95eaed39":256,"a5ba0ebb":256,"f53362a9":256,"1901ef7e":256,"960c2e6b":256,"3515e999":256,"d11f8f1b":256,"9d9eb027":256,"325f9a29":256,"503aafe5":256,"080d5d42":256,"5d03f5dc":256,"f0a01341":256,"1ee4d9f9":256,"0d6e45e7":256,"0da97151":256,"e829038c":256,"4987cfb5":256,"ba90687c":256,"77f2cf92":256,"037e2be4":256,"9e7dbd20":256,"0c086273":256,"ac13c3b0":256,"b4d9c57f":256,"5d53c964":256,"8ee9cc91":256,"4cc0af91":256,"55f6a2ba":256,"9559ea96":256,"9cb044bf":256,"16b25add":256,"80ee333e":256,"3b329af2":256,"1cd662bf":256,"72992b35":256,"47589344":256,"593b1533":256,"e9f6e5ce":256,"ed6bead5":256,"96f594b9":256,"94dfcfc5":256,"8301986e":256,"830ecfec":256,"a8bae791":256,"312009ee":256,"d5d94481":256,"ffe48500":256,"c7a45a33":256,"faffe099":256,"e99490cd":256,"3b830769":256,"583f0305":256,"1557c50a":256,"249e80ab":256,"f52a3d94":256,"eb74d3dd":256,"3bcbc28d":256,"3c0455e7":256,"df203c79":256,"df1e1ac0":256,"491708eb":256,"e421caaa":256,"2d2ecf27":256,"d38a4953":256,"eba5efdd":256,"a5463f93":256,"c85ac4f8":256,"bc253f4f":256,"0d9d2bf8":256,"846b7f11":256,"c98759fd":256,"e8b6d676":256,"45ee5840":256,"76f04033":256,"43480b19":256,"fd955858":256,"69798d15":256,"efea71fa":256,"fb3aa867":256,"c9cf710b":256,"fcacdeb3":256,"0ea055ed":256,"e3b1bdf8":256,"644b45fb":256,"d3411467":256,"1df0ce7f":256,"a08171d0":256,"c8bc5677":256,"dfca0518":256,"b9a21017":256,"e47705d3":256,"3cae4115":256,"0ccf4731":256,"c7c6782d":256,"54346574":256,"b12cbf87":256,"81942d9b":256,"699b90c1":256,"d9b5a7a8":256,"1e7914d2":256,"e5d8fdb2":256,"3412ab75":256,"bcac5daf":256,"62d028cc":256,"0af2cf39":256,"27491297":256,"d041ea86":256,"1eda11b2":256,"fc442678":256,"18c73816":256,"e491161e":256,"b5087677":256,"16f60bed":256,"cb0c3481":256,"7664512c":256,"df9a53b8":256,"f6c27b2b":256,"945f6c24":256,"f1daea7e":256,"b8fb90e3":256,"56227e35":256,"0d6bf22a":256,"b87321d0":256,"43205b5d":256,"8982905a":256,"f6fe1ad7":256,"230064fa":256,"764e0abb":256,"bba6d88e":256,"ea3479ec":256,"32266fa3":256,"50b090c3":256,"8be24763":256,"eb4800b2":256,"6e0ce9dc":256,"87d9bec4":256,"e30dfa0c":256,"6da34174":256,"bfb849fa":256,"0a10b423":256,"9ef7cee7":256,"49f1a0d1":256,"5f04aa76":256
1601327397521,"ba297382":256,"0287db2a":256,"96abe4a9":256,"753b10b1":256,"cf14bd99":256,"782022f4":256,"322e833f":256,"ab3619e4":256,"106006ad":256,"c8237be9":256,"1416e8f5":256,"dde2eed5":256,"a208caa8":256,"16605353":256,"77b39e15":256,"f1726edb":256,"92b72493":256,"d3e58903":256,"4481c4be":256,"7954891b":256,"4afd60a9":256,"d44c0ea3":256,"68f87858":256,"533bac6b":256,"41634dba":256,"43fd1327":256,"113e7f4b":256,"8cce569a":256,"ce6401b6":256,"6f57824c":256,"28bd7aa1":256,"1d52fb0d":256,"cde0d748":256,"535ed444":256,"710f0d0e":256,"0905f1fb":256,"a20e529c":256,"1ae76fcc":256,"35b161d3":256,"344cd1a3":256,"77ea1236":256,"96d2a118":256,"23a0e41f":256,"b32a1080":256,"a2c4b591":256,"6dfa57be":256,"1854ce44":256,"f92b22f1":256,"ece12664":256,"36f4ecde":256,"568a0d58":256,"5fd569d2":256,"10c8fd03":256,"bd4ccb49":256,"e773d697":256,"7e8c11e7":256,"077eb15a":256,"5337c279":256,"8d256cb6":256,"7021c619":256,"32ae00db":256,"bf2defb2":256,"bc733a28":256,"30d32d34":256,"886c16d3":256,"e8d09b62":256,"5b09e53e":256,"da5bb0f7":256,"6d925c84":256,"50b23ab2":256,"edfa56d4":256,"899c16eb":256,"590ce3d3":256,"1802d7ce":256,"0a49914b":256,"5d3f5cad":256,"cf347cba":256,"fc0c23f7":256,"641f9b9e":256,"c92edec5":256,"9f03c1e7":256,"06c24a8d":256,"2f35e75f":256,"3eddf7c8":256,"77970f8b":256,"efd594d5":256,"4718294d":256,"5352cf45":256,"e0ffe8ff":256,"ae14d6b5":256,"721f5f42":256,"0b50bca6":256,"bf2ca266":256,"5d8d9641":256,"0de67c6c":256,"2311399f":256,"5e3ebf5e":256,"9f6ca218":256,"6213799d":256,"44cb1fd2":256,"41c76041":256,"6bb1fa99":256,"d73ff72e":256,"61c0ca91":256,"d2fda7be":256,"ce20ca3c":256,"1d2d958b":256,"81fb6a01":256,"7f5b27c8":256,"fb3444d9":256,"f05de640":256,"86a68967":256,"56cd4dca":256,"7f469f4c":256,"f92dedfc":256,"355d1489":256,"f96fc1af":256,"06713bac":256,"61aca924":256,"d97fb857":256,"59ff5ec6":256,"ef04e64e":256,"6e2d04de":256,"2fca1798":256,"05028839":256,"5488826c":256,"84fff5c1":256,"c649992d":256,"d5ad3ed6":256,"8e5f7187":256,"55ba7579":256,"b7769ca6":256,"baf19c25":256,"24a79a6e":256,"edde30af":256,"4d949e11":256,"df12f689":256,"1da10cbf":256,"832c48e4":256,"dc90a44c":256,"1ad7c45b":256,"5566c17c":256,"86a22252":256,"0000dece":256,"ce5efdbe":256,"58ace2b5":256,"d379fd96":256,"7b819458":256,"7f8024cd":256,"ae562513":256,"7b66dacd":256,"9ab137d7":256,"7191d1cd":256,"005354dd":256,"9c27de51":256,"38a75b48":256,"1792bfa3":256,"426f1904":256,"7c0f1ca9":256,"b2f820ac":256,"25d4f65d":256,"eddb6a2a":256,"ff8a00aa":256,"c146560b":256,"985068e7":256,"d543ba6f":256,"3b3569f6":256,"b01ab62a":256,"76da16fa":256,"bffee581":256,"07150038":256,"080fa362":256,"7b6945ad":256,"a40d08e1":256,"cec79bc2":256,"d2eff358":256,"e70aebb5":256,"a488b2f1":256,"4caa87d6":256,"f7076e21":256,"69e653b6":256,"98d2991b":256,"3b411d6a":256,"83826ef3":256,"595609d5":256,"b47f1b89":256,"8e6caf71":256,"9a3433b8":256,"b89112cb":256,"66736d5e":256,"30de89a7":256,"06aaa33f":256,"320c65bf":256,"1fa1e7c2":256,"646af2b9":256,"659389ad":256,"240c8679":256,"0718c3be":256,"8b503f7b":256,"87a8523c":256,"c416baa6":256,"ae350a07":256,"680a32a6":256,"83ba647d":256,"cb0bd6b7":256,"8e426e39":256,"51909df8":256,"e22b0973":256,"23646ff9":256,"3abb827b":256,"0c73c293":256,"88929b06":256,"08c4692e":256,"5b2479ef":256,"1d882c36":256,"eb62e8f2":256,"f1e86522":256,"fa03f48f":256,"5298dafa":256,"25f7f918":256,"c5311ebb":256,"105bb3f6":256,"58de5462":256,"f01c896d":256,"1f2670d0":256,"962c9c8f":256,"aec0bf28":256,"a017a323":256,"8801c469":256,"b6281f1a":256,"48c6df81":256,"5e165f43":256,"f8785b71":256,"ab4a411a":256,"d7a4b24c":256,"686d5c0b":256,"f15eb1c5":256,"71789493":256,"5ac72353":256,"d1b14d06":256,"f6c074a7":256,"ffd6849d":256,"962fca02":256,"75968179":256,"bc8bdc23":256,"a71f3f70":256,"1f7aa83c":256,"732d62ee":256,"d4b0751c":256,"5b01444b":256,"79995b62":256,"97160db8":256,"589f0d6e":256,"51b4016a":256,"46bf9112":256,"092ad3d6":256,"bf940089":256,"01f34f98":256,"1670b0d3":256,"ec97d63e":256,"94208a41":256,"2cbcad17":256,"4dccb5ca":256,"83268abf":256,"578c4c95":256,"c606b472":256,"808bc372":256,"c792a7c1":256,"5a7da061":256,"06a94514":256,"73c420df":256,"0700da70":256,"ff591765":256,"93f12198":256,"62e270e5":256,"66b1b6d7":256,"b062adc4":256,"4aae5133":256,"63a3af32":256,"3fec4b0b":256,"faa3de3e":256,"44983d13":256,"80999122":256,"72af9198":256,"e39e9552":256,"81c1b70d":256,"e72f0f82":256,"88374b72":256,"fdfaf1ed":256,"ea981bed":256,"5e197575":256,"e587c4d0":256,"525b2635":256
1601327398136,"272e7d0d":256,"f92596ee":256,"68831ea9":256,"9713d076":256,"fd098272":256,"6ee788a7":256,"8249641d":256,"45b0968f":256,"6a9bb182":256,"1f1afd4f":256,"25fb8826":256,"0dc5da58":256,"2874a625":256,"e61ae828":256,"f7ac3883":256,"ccd01528":256,"dab8cf68":256,"00f2a9cb":256,"916fe082":256,"b64dba8e":256,"c3bb30ce":256,"86219c70":256,"601990d8":256,"5c662c19":256,"d2a5d2fd":256,"89d220c2":256,"3e10c9cb":256,"5500a3e8":256,"3c0e87ac":256,"a891461f":256,"a246cdab":256,"117c7f0b":256,"0d21cf99":256,"14e6fe14":256,"37ec5e73":256,"caa38a45":256,"a9987a58":256,"b6b8e5c7":256,"e82177d3":256,"89914b94":256,"04bdf5e1":256,"da8b42be":256,"3b0576bf":256,"9458934f":256,"1dcc489c":256,"945badf3":256,"1327775b":256,"bdd40125":256,"75fd47f7":256,"1c52a07e":256,"e70ccc25":256,"afd1494f":256,"ca6bffd3":256,"829c44a4":256,"e76e2617":256,"2b4fd52e":256,"57162572":256,"d1d50cfe":256,"bfff7913":256,"f8636899":256,"37724339":256,"d45d9727":256,"ee5ff2a3":256,"44322dfd":256,"295e4d1d":256,"8cf6570a":256,"403064a0":256,"312af46e":256,"b5a9f8c3":256,"fcbc0ae8":256,"2ff6b6a8":256,"66a71cc1":256,"bf4b58e4":256,"9666b973":256,"653b27c7":256,"83b37fd6":256,"4d852788":256,"e43a9448":256,"3542b748":256,"379c53ab":256,"e396d80d":256,"7da61f27":256,"dc874a97":256,"f7ffcbb8":256,"5728f934":256,"85a220de":256,"40a7cdd2":256,"ac033c7b":256,"87759976":256,"4df3f62e":256,"c881a53e":256,"80c1c8b1":256,"cf52acd8":256,"a63cb4ce":256,"d3b3492b":256,"7580cfa4":256,"22a96386":256,"5c672b50":256,"5df16440":256,"b666e56d":256,"8db378ff":256,"784d6375":256,"4541bf85":256,"a6b13f20":256,"2459c882":256,"3df97186":256,"ef0490de":256,"e0f47ced":256,"309bbf54":256,"cc537772":256,"6618390c":256,"99cc0813":256,"dc32c4e1":256,"239c636e":256,"6ee160ff":256,"c55d40ca":256,"22c177a8":256,"00ae883f":256,"f416ee62":256,"0d2b182d":256,"320754c3":256,"232b2f64":256,"3171b6e7":256,"3b25460f":256,"d2064756":256,"00b26865":256,"c333337d":256,"815c56bc":256,"5bd61a68":256,"8582c5cf":256,"0c353665":256,"231e8700":256,"1f9fbd85":256,"43f24679":256,"a1c0dfc4":256,"78f71162":256,"4b27a9a4":256,"163f4d19":256,"1d043d5a":256,"b2f82e06":256,"5b0b43e6":256,"b5474d69":256,"5a938eeb":256,"4fe0dedf":256,"951fc6d0":256,"61892a4c":256,"f096219e":256,"a3f0a6ec":256,"01051f84":256,"aa7e370d":256,"f995eeab":256,"4006e709":256,"0dedf63e":256,"a9d5374b":256,"4321f02d":256,"089b3f8f":256,"7698d0dc":256,"784414ce":256,"2df3efdb":256,"d0f1b7bd":256,"e7799883":256,"4f9456cf":256,"6e260ee8":256,"f4f84279":256,"b0950de5":256,"6f873999":256,"1f4e0e22":256,"60d69311":256,"3b09f1de":256,"b371f44a":256,"8b6180ff":256,"8819ac24":256,"dbbf7f69":256,"a8edfe84":256,"2ed19b1e":256,"959e16ea":256,"02f76c64":256,"5c6d1f33":256,"b4801cae":256,"c3c2fd05":256,"f8c97147":256,"c2526ff3":256,"cc386067":256,"a22ffd8f":256,"3cd28a4d":256,"44a12c31":256,"45a961ca":256,"5ca978fd":256,"668e601b":256,"7552d86c":256,"02ebf3b6":256,"bb17a968":256,"4abcb85d":256,"cba26072":256,"2a718dcc":256,"c6a9a8e1":256,"88854fd0":256,"8dc27d2a":256,"41d7f05d":256,"2b851827":256,"9f428a03":256,"4d504d96":256,"0533ece1":256,"dfe4a061":256,"c2bf7d51":256,"781afef6":256,"de9229a0":256,"99a5feef":256,"f6266388":256,"e64fd39c":256,"e1b3ce36":256,"625fa164":256,"0c6ae551":256,"e8f4c1dd":256,"cede8b8c":256,"ad95ff4a":256,"893a99c5":256,"d8bf32b5":256,"0eb42efe":256,"03c4ab87":256,"4e3d3af7":256,"3a4803a8":256,"f7a7de5d":256,"d4e56c3e":256,"0c045c2d":256,"8efd4801":256,"7eb8f268":256,"20236d3e":256,"36ae8cd8":256,"3ddd5391":256,"07f69c6d":256,"2254f0f5":256,"bcee2ef3":256,"0afba00c":256,"04ff8100":256,"6c00d8d6":256,"ac9a02bc":256,"acfe69ed":256,"426603ff":256,"2db2f252":256,"2e84193b":256,"c55683c9":256,"51233daf":256,"02791635":256,"be081247":256,"5cc47d1b":256,"678b846f":256,"b4bd39d8":256,"b4cdbe5d":256,"fa0386f3":256,"b95d0f17":256,"cee9c347":256,"ea282e84":256,"6653c83b":256,"c896052c":256,"287ecd1c":256,"f9376d3e":256,"07a94e8c":256,"bb017b49":256,"37b52fe4":256,"61ad1519":256,"819c4185":256,"ba69b06b":256,"7d2a2cb4":256,"4f62491c":256,"70b4c438":256,"71ed93db":256,"c92efaa8":256,"c241ac7e":256,"62a45672":256,"210e507a":256,"ac6e268b":256,"742238e8":256
1601327398731,"7800e7ce":257,"77869ff0":257,"4b8f7b16":257,"89f75690":257,"cb363e2f":257,"cd802f02":257,"d3cca7eb":257,"e866a899":257,"5690e712":257,"0b92d2a9":257,"070bed95":257,"67e5d108":257,"3d37b94b":257,"842c97c2":257,"c4cef92b":257,"0eecdc5b":257,"b7e495ea":257,"45ec63c0":257,"0ddfde2c":257,"a8b41774":257,"81f0da2d":257,"1fcc8ba4":257,"75a9c117":257,"12ba54ec":257,"be391c1a":257,"37d8a5b7":257,"d5ab81c4":257,"2ecde685":257,"f0bd52d3":257,"dcc20f76":257,"666a8ef0":257,"c5b609f1":257,"4dc5849a":257,"d605c755":257,"8a8c1d67":257,"cc6b3306":257,"8c2dfd9a":257,"f11267b9":257,"a483b15e":257,"f80ab49d":257,"95eaed39":257,"a5ba0ebb":257,"f53362a9":257,"1901ef7e":257,"960c2e6b":257,"3515e999":257,"d11f8f1b":257,"9d9eb027":257,"325f9a29":257,"503aafe5":257,"080d5d42":257,"5d03f5dc":257,"f0a01341":257,"1ee4d9f9":257,"0d6e45e7":257,"0da97151":257,"e829038c":257,"4987cfb5":257,"ba90687c":257,"77f2cf92":257,"037e2be4":257,"9e7dbd20":257,"0c086273":257,"ac13c3b0":257,"b4d9c57f":257,"5d53c964":257,"8ee9cc91":257,"4cc0af91":257,"55f6a2ba":257,"9559ea96":257,"9cb044bf":257,"16b25add":257,"80ee333e":257,"3b329af2":257,"1cd662bf":257,"72992b35":257,"47589344":257,"593b1533":257,"e9f6e5ce":257,"ed6bead5":257,"96f594b9":257,"94dfcfc5":257,"8301986e":257,"d5d94481":257,"ffe48500":257,"c7a45a33":257,"faffe099":257,"e99490cd":257,"3b830769":257,"583f0305":257,"1557c50a":257,"249e80ab":257,"f52a3d94":257,"eb74d3dd":257,"3bcbc28d":257,"3c0455e7":257,"df203c79":257,"df1e1ac0":257,"491708eb":257,"e421caaa":257,"2d2ecf27":257,"d38a4953":257,"eba5efdd":257,"a5463f93":257,"c85ac4f8":257,"bc253f4f":257,"0d9d2bf8":257,"846b7f11":257,"d3411467":257,"1df0ce7f":257,"a08171d0":257,"c8bc5677":257,"dfca0518":257,"b9a21017":257,"e47705d3":257,"830ecfec":257,"a8bae791":257,"312009ee":257,"c98759fd":257,"e8b6d676":257,"45ee5840":257,"76f04033":257,"43480b19":257,"fd955858":257,"69798d15":257,"efea71fa":257,"fb3aa867":257,"c9cf710b":257,"fcacdeb3":257,"0ea055ed":257,"e3b1bdf8":257,"644b45fb":257,"3cae4115":257,"0ccf4731":257,"c7c6782d":257,"54346574":257,"b12cbf87":257,"81942d9b":257,"699b90c1":257,"d9b5a7a8":257,"1e7914d2":257,"e5d8fdb2":257,"3412ab75":257,"bcac5daf":257,"62d028cc":257,"0af2cf39":257,"27491297":257,"d041ea86":257,"1eda11b2":257,"fc442678":257,"18c73816":257,"e491161e":257,"b5087677":257,"16f60bed":257,"cb0c3481":257,"7664512c":257,"df9a53b8":257,"f6c27b2b":257,"945f6c24":257,"f1daea7e":257,"b8fb90e3":257,"56227e35":257,"0d6bf22a":257,"b87321d0":257,"43205b5d":257,"8982905a":257,"f6fe1ad7":257,"230064fa":257,"764e0abb":257,"bba6d88e":257,"ea3479ec":257,"32266fa3":257,"50b090c3":257,"8be24763":257,"eb4800b2":257,"6e0ce9dc":257,"87d9bec4":257,"e30dfa0c":257,"6da34174":257,"bfb849fa":257,"0a10b423":257,"9ef7cee7":257,"49f1a0d1":257,"5f04aa76":257,"ba297382":257,"0287db2a":257,"96abe4a9":257,"753b10b1":257,"cf14bd99":257,"782022f4":257,"322e833f":257,"ab3619e4":257,"106006ad":257,"c8237be9":257,"1416e8f5":257,"dde2eed5":257,"a208caa8":257,"16605353":257,"77b39e15":257,"f1726edb":257,"590ce3d3":257,"1802d7ce":257,"0a49914b":257,"5d3f5cad":257,"cf347cba":257,"fc0c23f7":257,"641f9b9e":257,"c92edec5":257,"9f03c1e7":257,"06c24a8d":257,"2f35e75f":257,"3eddf7c8":257,"77970f8b":257,"efd594d5":257,"92b72493":257,"d3e58903":257,"4481c4be":257,"7954891b":257,"4afd60a9":257,"d44c0ea3":257,"68f87858":257,"533bac6b":257,"41634dba":257,"43fd1327":257,"113e7f4b":257,"8cce569a":257,"ce6401b6":257,"6f57824c":257,"4718294d":257,"5352cf45":257,"e0ffe8ff":257,"ae14d6b5":257,"721f5f42":257,"0b50bca6":257,"bf2ca266":257,"5d8d9641":257,"0de67c6c":257,"2311399f":257,"5e3ebf5e":257,"9f6ca218":257,"6213799d":257,"44cb1fd2":257,"baf19c25":257,"24a79a6e":257,"edde30af":257,"4d949e11":257,"df12f689":257,"1da10cbf":257,"832c48e4":257,"dc90a44c":257,"1ad7c45b":257,"5566c17c":257,"86a22252":257,"0000dece":257,"ce5efdbe":257,"58ace2b5":257,"d379fd96":257,"7b819458":257,"7f8024cd":257,"ae562513":257,"7b66dacd":257,"9ab137d7":257,"7191d1cd":257,"005354dd":257,"28bd7aa1":257,"1d52fb0d":257,"cde0d748":257,"535ed444":257,"710f0d0e":257,"0905f1fb":257,"a20e529c":257,"1ae76fcc":257,"35b161d3":257,"344cd1a3":257,"77ea1236":257,"96d2a118":257,"23a0e41f":257,"b32a1080":257,"a2c4b591":257,"6dfa57be":257,"1854ce44":257,"f92b22f1":257,"ece12664":257,"36f4ecde":257,"568a0d58":257,"5fd569d2":257,"10c8fd03":257,"bd4ccb49":257,"e773d697":257,"7e8c11e7":257,"077eb15a":257,"5337c279":257,"8d256cb6":257,"7021c619":257,"32ae00db":257,"bf2defb2":257,"bc733a28":257,"30d32d34":257,"886c16d3":257,"e8d09b62":257,"5b09e53e":257,"da5bb0f7":257,"6d925c84":257,"50b23ab2":257,"edfa56d4":257,"899c16eb":257,"41c76041":257,"6bb1fa99":257,"d73ff72e":257,"61c0ca91":257,"d2fda7be":257,"ce20ca3c":257,"1d2d958b":257,"81fb6a01":257,"7f5b27c8":257,"fb3444d9":257,"f05de640":257,"86a68967":257,"56cd4dca":257,"7f469f4c":257,"f92dedfc":257,"355d1489":257,"f96fc1af":257,"06713bac":257,"61aca924":257,"d97fb857":257,"59ff5ec6":257,"ef04e64e":257,"6e2d04de":257,"2fca1798":257,"05028839":257,"5488826c":257,"84fff5c1":257,"c649992d":257,"d5ad3ed6":257,"8e5f7187":257,"55ba7579":257,"b7769ca6":257,"9c27de51":257,"38a75b48":257,"1792bfa3":257,"426f1904":257,"7c0f1ca9":257,"b2f820ac":257,"25d4f65d":257,"eddb6a2a":257,"3b3569f6":257,"b01ab62a":257,"76da16fa":257,"bffee581":257,"07150038":257,"080fa362":257,"7b6945ad":257,"a40d08e1":257,"cec79bc2":257,"d2eff358":257,"e70aebb5":257,"a488b2f1":257,"ff8a00aa":257,"c146560b":257,"985068e7":257,"d543ba6f":257
1601327399224,"4caa87d6":257,"f7076e21":257,"69e653b6":257,"98d2991b":257,"3b411d6a":257,"83826ef3":257,"595609d5":257,"b47f1b89":257,"8e6caf71":257,"9a3433b8":257,"b89112cb":257,"66736d5e":257,"30de89a7":257,"06aaa33f":257,"320c65bf":257,"1fa1e7c2":257,"646af2b9":257,"659389ad":257,"240c8679":257,"0718c3be":257,"8b503f7b":257,"87a8523c":257,"c416baa6":257,"ae350a07":257,"680a32a6":257,"83ba647d":257,"cb0bd6b7":257,"8e426e39":257,"51909df8":257,"e22b0973":257,"23646ff9":257,"3abb827b":257,"0c73c293":257,"88929b06":257,"08c4692e":257,"5b2479ef":257,"1d882c36":257,"eb62e8f2":257,"f1e86522":257,"fa03f48f":257,"5298dafa":257,"25f7f918":257,"c5311ebb":257,"105bb3f6":257,"58de5462":257,"f01c896d":257,"1f2670d0":257,"962c9c8f":257,"aec0bf28":257,"a017a323":257,"8801c469":257,"b6281f1a":257,"48c6df81":257,"5e165f43":257,"f8785b71":257,"ab4a411a":257,"d7a4b24c":257,"686d5c0b":257,"f15eb1c5":257,"71789493":257,"5ac72353":257,"d1b14d06":257,"f6c074a7":257,"ffd6849d":257,"962fca02":257,"75968179":257,"bc8bdc23":257,"a71f3f70":257,"1f7aa83c":257,"732d62ee":257,"d4b0751c":257,"5b01444b":257,"79995b62":257,"97160db8":257,"589f0d6e":257,"51b4016a":257,"46bf9112":257,"092ad3d6":257,"bf940089":257,"01f34f98":257,"1670b0d3":257,"ec97d63e":257,"94208a41":257,"2cbcad17":257,"4dccb5ca":257,"83268abf":257,"578c4c95":257,"c606b472":257,"808bc372":257,"c792a7c1":257,"5a7da061":257,"06a94514":257,"73c420df":257,"0700da70":257,"ff591765":257,"93f12198":257,"62e270e5":257,"66b1b6d7":257,"b062adc4":257,"4aae5133":257,"63a3af32":257,"3fec4b0b":257,"faa3de3e":257,"44983d13":257,"80999122":257,"72af9198":257,"e39e9552":257,"81c1b70d":257,"e72f0f82":257,"88374b72":257,"fdfaf1ed":257,"ea981bed":257,"5e197575":257,"e587c4d0":257,"525b2635":257,"caa38a45":257,"a9987a58":257,"b6b8e5c7":257,"e82177d3":257,"89914b94":257,"04bdf5e1":257,"da8b42be":257,"3b0576bf":257,"9458934f":257,"1dcc489c":257,"945badf3":257,"1327775b":257,"bdd40125":257,"75fd47f7":257,"1c52a07e":257,"e70ccc25":257,"afd1494f":257,"ca6bffd3":257,"829c44a4":257,"e76e2617":257,"2b4fd52e":257,"57162572":257,"d1d50cfe":257,"272e7d0d":257,"f92596ee":257,"68831ea9":257,"9713d076":257,"fd098272":257,"6ee788a7":257,"8249641d":257,"45b0968f":257,"6a9bb182":257,"1f1afd4f":257,"25fb8826":257,"0dc5da58":257,"2874a625":257,"e61ae828":257,"f7ac3883":257,"ccd01528":257,"dab8cf68":257,"00f2a9cb":257,"916fe082":257,"b64dba8e":257,"c3bb30ce":257,"86219c70":257,"601990d8":257,"9666b973":257,"653b27c7":257,"83b37fd6":257,"4d852788":257,"f7ffcbb8":257,"5c662c19":257,"d2a5d2fd":257,"89d220c2":257,"3e10c9cb":257,"5500a3e8":257,"3c0e87ac":257,"a891461f":257,"a246cdab":257,"117c7f0b":257,"0d21cf99":257,"14e6fe14":257,"37ec5e73":257,"bfff7913":257,"f8636899":257,"37724339":257,"d45d9727":257,"ee5ff2a3":257,"44322dfd":257,"295e4d1d":257,"8cf6570a":257,"403064a0":257,"312af46e":257,"b5a9f8c3":257,"fcbc0ae8":257,"2ff6b6a8":257,"66a71cc1":257,"bf4b58e4":257,"e43a9448":257,"3542b748":257,"379c53ab":257,"e396d80d":257,"7da61f27":257,"dc874a97":257,"85a220de":257,"40a7cdd2":257,"ac033c7b":257,"87759976":257,"4df3f62e":257,"c881a53e":257,"80c1c8b1":257,"cf52acd8":257,"a63cb4ce":257,"d3b3492b":257,"7580cfa4":257,"22a96386":257,"5c672b50":257,"5df16440":257,"b666e56d":257,"8db378ff":257,"784d6375":257,"4541bf85":257,"a6b13f20":257,"2459c882":257,"3df97186":257,"ef0490de":257,"e0f47ced":257,"309bbf54":257,"cc537772":257,"6618390c":257,"99cc0813":257,"dc32c4e1":257,"239c636e":257,"5728f934":257,"00b26865":257,"c333337d":257,"815c56bc":257,"5bd61a68":257,"8582c5cf":257,"0c353665":257,"231e8700":257,"1f9fbd85":257,"43f24679":257,"a1c0dfc4":257,"78f71162":257,"4b27a9a4":257,"163f4d19":257,"1d043d5a":257,"b2f82e06":257,"5b0b43e6":257,"b5474d69":257,"5a938eeb":257,"4fe0dedf":257,"951fc6d0":257,"61892a4c":257,"f096219e":257,"a3f0a6ec":257,"01051f84":257,"aa7e370d":257,"f995eeab":257,"4006e709":257,"0dedf63e":257,"a9d5374b":257,"4321f02d":257,"089b3f8f":257,"7698d0dc":257,"784414ce":257,"2df3efdb":257,"d0f1b7bd":257,"e7799883":257,"6ee160ff":257,"c55d40ca":257,"22c177a8":257,"00ae883f":257,"f416ee62":257,"0d2b182d":257,"320754c3":257,"232b2f64":257,"3171b6e7":257,"3b25460f":257,"d2064756":257,"a8edfe84":257,"2ed19b1e":257,"4f9456cf":257,"6e260ee8":257,"f4f84279":257,"b0950de5":257,"6f873999":257,"1f4e0e22":257,"60d69311":257,"3b09f1de":257,"b371f44a":257,"8b6180ff":257,"8819ac24":257,"dbbf7f69":257,"959e16ea":257,"02f76c64":257,"5c6d1f33":257,"b4801cae":257,"c3c2fd05":257,"f8c97147":257,"c2526ff3":257,"cc386067":257,"a22ffd8f":257,"3cd28a4d":257,"44a12c31":257,"45a961ca":257,"5ca978fd":257,"668e601b":257,"7552d86c":257,"02ebf3b6":257,"bb17a968":257,"4abcb85d":257,"cba26072":257,"2a718dcc":257,"c6a9a8e1":257,"88854fd0":257,"8dc27d2a":257,"41d7f05d":257,"2b851827":257,"9f428a03":257,"4d504d96":257,"0533ece1":257,"bcee2ef3":257,"0afba00c":257,"04ff8100":257,"6c00d8d6":257,"ac9a02bc":257,"acfe69ed":257,"426603ff":257,"2db2f252":257,"2e84193b":257,"dfe4a061":257,"c2bf7d51":257,"781afef6":257,"de9229a0":257,"99a5feef":257,"f6266388":257,"e64fd39c":257,"e1b3ce36":257,"625fa164":257,"0c6ae551":257,"e8f4c1dd":257,"cede8b8c":257,"ad95ff4a":257,"893a99c5":257,"d8bf32b5":257,"0eb42efe":257,"03c4ab87":257,"4e3d3af7":257,"3a4803a8":257,"f7a7de5d":257,"d4e56c3e":257,"0c045c2d":257,"8efd4801":257,"7eb8f268":257,"20236d3e":257,"36ae8cd8":257,"3ddd5391":257,"07f69c6d":257,"2254f0f5":257,"ea282e84":257,"c55683c9":257,"51233daf":257,"02791635":257,"be081247":257,"5cc47d1b":257,"678b846f":257,"b4bd39d8":257,"b4cdbe5d":257,"fa0386f3":257,"b95d0f17":257,"cee9c347":257,"6653c83b":257,"c896052c":257,"287ecd1c":257,"f9376d3e":257,"07a94e8c":257,"bb017b49":257,"37b52fe4":257,"61ad1519":257,"819c4185":257,"ba69b06b":257,"7d2a2cb4":257,"4f62491c":257,"70b4c438":257,"71ed93db":257,"c92efaa8":257,"c241ac7e":257,"62a45672":257,"210e507a":257,"ac6e268b":257,"742238e8":257
1601327399644,"7800e7ce":258,"77869ff0":258,"4b8f7b16":258,"89f75690":258,"cb363e2f":258,"cd802f02":258,"d3cca7eb":258,"e866a899":258,"5690e712":258,"0b92d2a9":258,"070bed95":258,"67e5d108":258,"3d37b94b":258,"842c97c2":258,"c4cef92b":258,"0eecdc5b":258,"b7e495ea":258,"45ec63c0":258,"0ddfde2c":258,"a8b41774":258,"81f0da2d":258,"1fcc8ba4":258,"75a9c117":258,"12ba54ec":258,"be391c1a":258,"37d8a5b7":258,"d5ab81c4":258,"2ecde685":258,"f0bd52d3":258,"dcc20f76":258,"666a8ef0":258,"c5b609f1":258,"4dc5849a":258,"d605c755":258,"8a8c1d67":258,"cc6b3306":258,"8c2dfd9a":258,"f11267b9":258,"a483b15e":258,"f80ab49d":258,"95eaed39":258,"a5ba0ebb":258,"f53362a9":258,"1901ef7e":258,"960c2e6b":258,"3515e999":258,"d11f8f1b":258,"9d9eb027":258,"325f9a29":258,"503aafe5":258,"080d5d42":258,"5d03f5dc":258,"f0a01341":258,"1ee4d9f9":258,"0d6e45e7":258,"0da97151":258,"e829038c":258,"4987cfb5":258,"ba90687c":258,"77f2cf92":258,"037e2be4":258,"9e7dbd20":258,"0c086273":258,"ac13c3b0":258,"b4d9c57f":258,"5d53c964":258,"8ee9cc91":258,"4cc0af91":258,"55f6a2ba":258,"9559ea96":258,"9cb044bf":258,"16b25add":258,"80ee333e":258,"3b329af2":258,"1cd662bf":258,"72992b35":258,"47589344":258,"593b1533":258,"e9f6e5ce":258,"ed6bead5":258,"d5d94481":258,"ffe48500":258,"c7a45a33":258,"faffe099":258,"e99490cd":258,"3b830769":258,"583f0305":258,"1557c50a":258,"249e80ab":258,"f52a3d94":258,"eb74d3dd":258,"3bcbc28d":258,"3c0455e7":258,"df203c79":258,"df1e1ac0":258,"491708eb":258,"e421caaa":258,"2d2ecf27":258,"d38a4953":258,"eba5efdd":258,"a5463f93":258,"c85ac4f8":258,"bc253f4f":258,"0d9d2bf8":258,"846b7f11":258,"d3411467":258,"1df0ce7f":258,"96f594b9":258,"94dfcfc5":258,"8301986e":258,"830ecfec":258,"a8bae791":258,"312009ee":258,"c98759fd":258,"e8b6d676":258,"45ee5840":258,"76f04033":258,"43480b19":258,"fd955858":258,"69798d15":258,"efea71fa":258,"fb3aa867":258,"c9cf710b":258,"fcacdeb3":258,"0ea055ed":258,"e3b1bdf8":258,"644b45fb":258,"a08171d0":258,"c8bc5677":258,"dfca0518":258,"b9a21017":258,"e47705d3":258,"3cae4115":258,"0ccf4731":258,"c7c6782d":258,"54346574":258,"b12cbf87":258,"81942d9b":258,"699b90c1":258,"d9b5a7a8":258,"1e7914d2":258,"e5d8fdb2":258,"3412ab75":258,"bcac5daf":258,"62d028cc":258,"0af2cf39":258,"27491297":258,"d041ea86":258,"1eda11b2":258,"fc442678":258,"18c73816":258,"e491161e":258,"b5087677":258,"16f60bed":258,"cb0c3481":258,"7664512c":258,"df9a53b8":258,"f6c27b2b":258,"945f6c24":258,"f1daea7e":258,"b8fb90e3":258,"56227e35":258,"0d6bf22a":258,"b87321d0":258,"43205b5d":258,"8982905a":258,"f6fe1ad7":258,"230064fa":258,"764e0abb":258,"bba6d88e":258,"ea3479ec":258,"32266fa3":258,"50b090c3":258,"8be24763":258,"eb4800b2":258,"6e0ce9dc":258,"87d9bec4":258,"e30dfa0c":258
1601327400308,"6da34174":258,"bfb849fa":258,"0a10b423":258,"9ef7cee7":258,"49f1a0d1":258,"5f04aa76":258,"ba297382":258,"0287db2a":258,"96abe4a9":258,"753b10b1":258,"cf14bd99":258,"782022f4":258,"322e833f":258,"ab3619e4":258,"106006ad":258,"c8237be9":258,"1416e8f5":258,"dde2eed5":258,"a208caa8":258,"16605353":258,"77b39e15":258,"f1726edb":258,"92b72493":258,"d3e58903":258,"4481c4be":258,"7954891b":258,"4afd60a9":258,"d44c0ea3":258,"68f87858":258,"533bac6b":258,"41634dba":258,"43fd1327":258,"113e7f4b":258,"8cce569a":258,"ce6401b6":258,"6f57824c":258,"28bd7aa1":258,"1d52fb0d":258,"cde0d748":258,"535ed444":258,"710f0d0e":258,"0905f1fb":258,"a20e529c":258,"1ae76fcc":258,"35b161d3":258,"344cd1a3":258,"77ea1236":258,"96d2a118":258,"23a0e41f":258,"b32a1080":258,"a2c4b591":258,"6dfa57be":258,"1854ce44":258,"f92b22f1":258,"ece12664":258,"36f4ecde":258,"568a0d58":258,"5fd569d2":258,"10c8fd03":258,"bd4ccb49":258,"e773d697":258,"7e8c11e7":258,"077eb15a":258,"5337c279":258,"8d256cb6":258,"7021c619":258,"32ae00db":258,"bf2defb2":258,"bc733a28":258,"30d32d34":258,"886c16d3":258,"e8d09b62":258,"5b09e53e":258,"da5bb0f7":258,"6d925c84":258,"50b23ab2":258,"edfa56d4":258,"899c16eb":258,"41c76041":258,"6bb1fa99":258,"d73ff72e":258,"61c0ca91":258,"d2fda7be":258,"ce20ca3c":258,"1d2d958b":258,"81fb6a01":258,"7f5b27c8":258,"fb3444d9":258,"f05de640":258,"86a68967":258,"56cd4dca":258,"7f469f4c":258,"f92dedfc":258,"355d1489":258,"f96fc1af":258,"06713bac":258,"61aca924":258,"d97fb857":258,"59ff5ec6":258,"ef04e64e":258,"6e2d04de":258,"2fca1798":258,"05028839":258,"5488826c":258,"84fff5c1":258,"c649992d":258,"d5ad3ed6":258,"8e5f7187":258,"55ba7579":258,"b7769ca6":258,"9c27de51":258,"38a75b48":258,"1792bfa3":258,"426f1904":258,"7c0f1ca9":258,"b2f820ac":258,"25d4f65d":258,"eddb6a2a":258,"ff8a00aa":258,"c146560b":258,"985068e7":258,"d543ba6f":258,"590ce3d3":258,"1802d7ce":258,"0a49914b":258,"5d3f5cad":258,"cf347cba":258,"fc0c23f7":258,"641f9b9e":258,"c92edec5":258,"9f03c1e7":258,"06c24a8d":258,"2f35e75f":258,"3eddf7c8":258,"77970f8b":258,"efd594d5":258,"4718294d":258,"5352cf45":258,"e0ffe8ff":258,"ae14d6b5":258,"721f5f42":258,"0b50bca6":258,"bf2ca266":258,"5d8d9641":258,"0de67c6c":258,"2311399f":258,"5e3ebf5e":258,"9f6ca218":258,"6213799d":258,"44cb1fd2":258,"baf19c25":258,"24a79a6e":258,"edde30af":258,"4d949e11":258,"df12f689":258,"1da10cbf":258,"832c48e4":258,"dc90a44c":258,"1ad7c45b":258,"5566c17c":258,"86a22252":258,"0000dece":258,"ce5efdbe":258,"58ace2b5":258,"d379fd96":258,"7b819458":258,"7f8024cd":258,"ae562513":258,"7b66dacd":258,"9ab137d7":258,"7191d1cd":258,"005354dd":258,"3b3569f6":258,"b01ab62a":258,"76da16fa":258,"bffee581":258,"07150038":258,"080fa362":258,"7b6945ad":258,"a40d08e1":258,"cec79bc2":258,"d2eff358":258,"e70aebb5":258,"a488b2f1":258,"4caa87d6":258,"f7076e21":258,"69e653b6":258,"98d2991b":258,"3b411d6a":258,"83826ef3":258,"595609d5":258,"b47f1b89":258,"8e6caf71":258,"9a3433b8":258,"b89112cb":258,"66736d5e":258,"30de89a7":258,"06aaa33f":258,"320c65bf":258,"1fa1e7c2":258,"646af2b9":258,"659389ad":258,"240c8679":258,"0718c3be":258,"8b503f7b":258,"87a8523c":258,"c416baa6":258,"ae350a07":258,"680a32a6":258,"83ba647d":258,"cb0bd6b7":258,"8e426e39":258,"51909df8":258,"e22b0973":258,"23646ff9":258,"3abb827b":258,"0c73c293":258,"88929b06":258,"08c4692e":258,"5b2479ef":258,"1d882c36":258,"eb62e8f2":258,"f1e86522":258,"fa03f48f":258,"5298dafa":258,"25f7f918":258,"c5311ebb":258,"105bb3f6":258,"58de5462":258,"f01c896d":258,"1f2670d0":258,"962c9c8f":258,"aec0bf28":258,"a017a323":258,"8801c469":258,"b6281f1a":258,"48c6df81":258,"5e165f43":258,"f8785b71":258,"ab4a411a":258,"d7a4b24c":258,"686d5c0b":258,"f15eb1c5":258,"71789493":258,"5ac72353":258,"d1b14d06":258,"f6c074a7":258,"ffd6849d":258,"962fca02":258,"75968179":258,"bc8bdc23":258,"a71f3f70":258,"1f7aa83c":258,"732d62ee":258,"d4b0751c":258,"5b01444b":258,"79995b62":258,"97160db8":258,"589f0d6e":258,"51b4016a":258,"46bf9112":258,"092ad3d6":258,"bf940089":258,"01f34f98":258,"1670b0d3":258,"ec97d63e":258,"94208a41":258,"2cbcad17":258,"4dccb5ca":258,"83268abf":258,"578c4c95":258,"c606b472":258,"808bc372":258,"c792a7c1":258,"5a7da061":258,"06a94514":258,"73c420df":258,"0700da70":258,"ff591765":258,"93f12198":258,"62e270e5":258,"66b1b6d7":258,"b062adc4":258,"4aae5133":258,"63a3af32":258,"3fec4b0b":258,"faa3de3e":258,"44983d13":258,"80999122":258,"72af9198":258,"e39e9552":258,"81c1b70d":258,"e72f0f82":258,"88374b72":258,"fdfaf1ed":258,"ea981bed":258,"5e197575":258,"e587c4d0":258,"525b2635":258,"caa38a45":258,"a9987a58":258,"b6b8e5c7":258,"e82177d3":258,"89914b94":258,"04bdf5e1":258,"da8b42be":258,"3b0576bf":258,"9458934f":258,"1dcc489c":258,"945badf3":258,"1327775b":258,"bdd40125":258,"75fd47f7":258,"1c52a07e":258,"e70ccc25":258,"afd1494f":258,"ca6bffd3":258,"829c44a4":258,"e76e2617":258,"2b4fd52e":258,"57162572":258,"d1d50cfe":258,"9666b973":258,"653b27c7":258,"83b37fd6":258,"4d852788":258,"e43a9448":258,"3542b748":258,"379c53ab":258,"e396d80d":258,"7da61f27":258,"dc874a97":258,"85a220de":258,"40a7cdd2":258,"ac033c7b":258,"87759976":258,"4df3f62e":258,"c881a53e":258
1601327400767,"272e7d0d":258,"f92596ee":258,"68831ea9":258,"9713d076":258,"fd098272":258,"6ee788a7":258,"8249641d":258,"45b0968f":258,"6a9bb182":258,"1f1afd4f":258,"25fb8826":258,"0dc5da58":258,"2874a625":258,"e61ae828":258,"f7ac3883":258,"ccd01528":258,"dab8cf68":258,"00f2a9cb":258,"916fe082":258,"b64dba8e":258,"c3bb30ce":258,"86219c70":258,"601990d8":258,"5c662c19":258,"d2a5d2fd":258,"89d220c2":258,"3e10c9cb":258,"5500a3e8":258,"3c0e87ac":258,"f7ffcbb8":258,"5728f934":258,"00b26865":258,"c333337d":258,"815c56bc":258,"5bd61a68":258,"8582c5cf":258,"0c353665":258,"231e8700":258,"1f9fbd85":258,"43f24679":258,"a1c0dfc4":258,"78f71162":258,"80c1c8b1":258,"cf52acd8":258,"4b27a9a4":258,"163f4d19":258,"1d043d5a":258,"b2f82e06":258,"5b0b43e6":258,"b5474d69":258,"5a938eeb":258,"4fe0dedf":258,"951fc6d0":258,"61892a4c":258,"f096219e":258,"a3f0a6ec":258,"01051f84":258,"aa7e370d":258,"f995eeab":258,"4006e709":258,"0dedf63e":258,"a9d5374b":258,"4321f02d":258,"089b3f8f":258,"7698d0dc":258,"784414ce":258,"a891461f":258,"a246cdab":258,"117c7f0b":258,"0d21cf99":258,"14e6fe14":258,"37ec5e73":258,"bfff7913":258,"f8636899":258,"37724339":258,"d45d9727":258,"ee5ff2a3":258,"44322dfd":258,"295e4d1d":258,"8cf6570a":258,"403064a0":258,"312af46e":258,"b5a9f8c3":258,"fcbc0ae8":258,"2ff6b6a8":258,"66a71cc1":258,"bf4b58e4":258,"2df3efdb":258,"d0f1b7bd":258,"e7799883":258,"4f9456cf":258,"6e260ee8":258,"f4f84279":258,"b0950de5":258,"6f873999":258,"1f4e0e22":258,"60d69311":258,"3b09f1de":258,"b371f44a":258,"8b6180ff":258,"8819ac24":258,"dbbf7f69":258,"dfe4a061":258,"c2bf7d51":258,"781afef6":258,"de9229a0":258,"99a5feef":258,"f6266388":258,"e64fd39c":258,"e1b3ce36":258,"625fa164":258,"0c6ae551":258,"e8f4c1dd":258,"cede8b8c":258,"ad95ff4a":258,"893a99c5":258,"d8bf32b5":258,"0eb42efe":258,"a63cb4ce":258,"d3b3492b":258,"7580cfa4":258,"22a96386":258,"5c672b50":258,"5df16440":258,"b666e56d":258,"8db378ff":258,"784d6375":258,"4541bf85":258,"a6b13f20":258,"2459c882":258,"3df97186":258,"ef0490de":258,"e0f47ced":258,"309bbf54":258,"cc537772":258,"6618390c":258,"99cc0813":258,"dc32c4e1":258,"239c636e":258,"6ee160ff":258,"c55d40ca":258,"22c177a8":258,"00ae883f":258,"f416ee62":258,"0d2b182d":258,"320754c3":258,"232b2f64":258,"3171b6e7":258,"3b25460f":258,"d2064756":258,"03c4ab87":258,"4e3d3af7":258,"3a4803a8":258,"f7a7de5d":258,"d4e56c3e":258,"0c045c2d":258,"8efd4801":258,"7eb8f268":258,"20236d3e":258,"36ae8cd8":258,"3ddd5391":258,"07f69c6d":258,"2254f0f5":258,"ea282e84":258,"6653c83b":258,"c896052c":258,"287ecd1c":258,"f9376d3e":258,"07a94e8c":258,"a8edfe84":258,"2ed19b1e":258,"959e16ea":258,"02f76c64":258,"5c6d1f33":258,"b4801cae":258,"c3c2fd05":258,"f8c97147":258,"c2526ff3":258,"cc386067":258,"a22ffd8f":258,"3cd28a4d":258,"44a12c31":258,"45a961ca":258,"5ca978fd":258,"668e601b":258,"7552d86c":258,"02ebf3b6":258,"bb17a968":258,"4abcb85d":258,"cba26072":258,"2a718dcc":258,"c6a9a8e1":258,"88854fd0":258,"8dc27d2a":258,"41d7f05d":258,"2b851827":258,"9f428a03":258,"4d504d96":258,"0533ece1":258,"bcee2ef3":258,"0afba00c":258,"bb017b49":258,"37b52fe4":258,"61ad1519":258,"819c4185":258,"ba69b06b":258,"7d2a2cb4":258,"4f62491c":258,"70b4c438":258,"71ed93db":258,"c92efaa8":258,"c241ac7e":258,"62a45672":258,"210e507a":258,"ac6e268b":258,"742238e8":258,"04ff8100":258,"6c00d8d6":258,"ac9a02bc":258,"acfe69ed":258,"426603ff":258,"2db2f252":258,"2e84193b":258,"c55683c9":258,"51233daf":258,"02791635":258,"be081247":258,"5cc47d1b":258,"678b846f":258,"b4bd39d8":258,"b4cdbe5d":258,"fa0386f3":258,"b95d0f17":258,"cee9c347":258
1601327401337,"7800e7ce":259,"77869ff0":259,"4b8f7b16":259,"89f75690":259,"cb363e2f":259,"cd802f02":259,"d3cca7eb":259,"e866a899":259,"5690e712":259,"0b92d2a9":259,"070bed95":259,"67e5d108":259,"3d37b94b":259,"842c97c2":259,"c4cef92b":259,"0eecdc5b":259,"b7e495ea":259,"45ec63c0":259,"0ddfde2c":259,"a8b41774":259,"81f0da2d":259,"1fcc8ba4":259,"75a9c117":259,"12ba54ec":259,"be391c1a":259,"37d8a5b7":259,"d5ab81c4":259,"2ecde685":259,"f0bd52d3":259,"dcc20f76":259,"666a8ef0":259,"c5b609f1":259,"4dc5849a":259,"d605c755":259,"8a8c1d67":259,"cc6b3306":259,"8c2dfd9a":259,"f11267b9":259,"a483b15e":259,"f80ab49d":259,"95eaed39":259,"a5ba0ebb":259,"f53362a9":259,"1901ef7e":259,"960c2e6b":259,"3515e999":259,"d11f8f1b":259,"9d9eb027":259,"325f9a29":259,"503aafe5":259,"080d5d42":259,"5d03f5dc":259,"f0a01341":259,"1ee4d9f9":259,"0d6e45e7":259,"0da97151":259,"e829038c":259,"4987cfb5":259,"ba90687c":259,"77f2cf92":259,"037e2be4":259,"9e7dbd20":259,"0c086273":259,"ac13c3b0":259,"b4d9c57f":259,"5d53c964":259,"8ee9cc91":259,"4cc0af91":259,"55f6a2ba":259,"9559ea96":259,"9cb044bf":259,"16b25add":259,"80ee333e":259,"3b329af2":259,"1cd662bf":259,"72992b35":259,"47589344":259,"593b1533":259,"e9f6e5ce":259,"ed6bead5":259,"96f594b9":259,"94dfcfc5":259,"d5d94481":259,"ffe48500":259,"c7a45a33":259,"faffe099":259,"e99490cd":259,"3b830769":259,"583f0305":259,"1557c50a":259,"249e80ab":259,"f52a3d94":259,"eb74d3dd":259,"3bcbc28d":259,"3c0455e7":259,"df203c79":259,"df1e1ac0":259,"491708eb":259,"e421caaa":259,"2d2ecf27":259,"d38a4953":259,"eba5efdd":259,"a5463f93":259,"c85ac4f8":259,"bc253f4f":259,"0d9d2bf8":259,"846b7f11":259,"d3411467":259,"1df0ce7f":259,"a08171d0":259,"c8bc5677":259,"dfca0518":259,"8301986e":259,"830ecfec":259,"a8bae791":259,"312009ee":259,"c98759fd":259,"e8b6d676":259,"45ee5840":259,"76f04033":259,"43480b19":259,"fd955858":259,"69798d15":259,"efea71fa":259,"fb3aa867":259,"c9cf710b":259,"fcacdeb3":259,"0ea055ed":259,"e3b1bdf8":259,"644b45fb":259,"b9a21017":259,"e47705d3":259,"3cae4115":259,"0ccf4731":259,"c7c6782d":259,"54346574":259,"b12cbf87":259,"81942d9b":259,"699b90c1":259,"d9b5a7a8":259,"1e7914d2":259,"e5d8fdb2":259,"3412ab75":259,"bcac5daf":259,"62d028cc":259,"0af2cf39":259,"27491297":259,"d041ea86":259,"1eda11b2":259,"fc442678":259,"18c73816":259,"e491161e":259,"b5087677":259,"16f60bed":259,"cb0c3481":259,"7664512c":259,"df9a53b8":259,"f6c27b2b":259,"945f6c24":259,"f1daea7e":259,"b8fb90e3":259,"56227e35":259,"0d6bf22a":259,"b87321d0":259,"43205b5d":259,"8982905a":259,"f6fe1ad7":259,"230064fa":259,"764e0abb":259,"bba6d88e":259,"ea3479ec":259,"32266fa3":259,"50b090c3":259,"8be24763":259,"eb4800b2":259,"6e0ce9dc":259,"87d9bec4":259,"e30dfa0c":259,"6da34174":259,"bfb849fa":259,"0a10b423":259,"9ef7cee7":259,"49f1a0d1":259,"5f04aa76":259,"ba297382":259,"0287db2a":259,"96abe4a9":259,"753b10b1":259,"cf14bd99":259,"782022f4":259,"322e833f":259,"ab3619e4":259,"106006ad":259,"c8237be9":259,"1416e8f5":259,"dde2eed5":259,"a208caa8":259,"16605353":259,"77b39e15":259,"f1726edb":259,"590ce3d3":259,"1802d7ce":259,"0a49914b":259,"5d3f5cad":259,"cf347cba":259,"fc0c23f7":259,"641f9b9e":259,"c92edec5":259,"9f03c1e7":259,"06c24a8d":259,"2f35e75f":259,"3eddf7c8":259,"77970f8b":259,"efd594d5":259,"4718294d":259,"5352cf45":259,"e0ffe8ff":259,"ae14d6b5":259,"721f5f42":259,"92b72493":259,"d3e58903":259,"4481c4be":259,"7954891b":259,"4afd60a9":259,"d44c0ea3":259,"68f87858":259,"533bac6b":259,"41634dba":259,"43fd1327":259,"113e7f4b":259,"8cce569a":259,"ce6401b6":259,"6f57824c":259,"28bd7aa1":259,"1d52fb0d":259,"cde0d748":259,"535ed444":259,"710f0d0e":259,"0905f1fb":259,"0b50bca6":259,"bf2ca266":259,"5d8d9641":259,"0de67c6c":259,"2311399f":259,"5e3ebf5e":259,"9f6ca218":259,"6213799d":259,"44cb1fd2":259,"baf19c25":259,"24a79a6e":259,"edde30af":259,"4d949e11":259,"df12f689":259,"1da10cbf":259,"832c48e4":259,"dc90a44c":259,"1ad7c45b":259,"5566c17c":259,"86a22252":259,"0000dece":259,"ce5efdbe":259,"58ace2b5":259,"d379fd96":259,"7b819458":259,"7f8024cd":259,"ae562513":259,"7b66dacd":259,"9ab137d7":259,"7191d1cd":259,"005354dd":259
1601327401536,"a20e529c":259,"1ae76fcc":259,"35b161d3":259,"344cd1a3":259,"77ea1236":259,"96d2a118":259,"23a0e41f":259,"b32a1080":259,"a2c4b591":259,"6dfa57be":259,"1854ce44":259,"f92b22f1":259,"ece12664":259,"36f4ecde":259,"568a0d58":259,"5fd569d2":259,"10c8fd03":259,"bd4ccb49":259,"e773d697":259,"7e8c11e7":259,"077eb15a":259,"5337c279":259,"8d256cb6":259,"7021c619":259,"32ae00db":259,"bf2defb2":259,"bc733a28":259,"30d32d34":259,"886c16d3":259,"e8d09b62":259,"5b09e53e":259,"da5bb0f7":259,"6d925c84":259,"50b23ab2":259,"edfa56d4":259,"899c16eb":259,"41c76041":259,"6bb1fa99":259,"d73ff72e":259,"61c0ca91":259,"d2fda7be":259,"ce20ca3c":259,"1d2d958b":259,"81fb6a01":259,"7f5b27c8":259,"fb3444d9":259,"f05de640":259,"86a68967":259,"56cd4dca":259,"7f469f4c":259,"f92dedfc":259,"355d1489":259,"f96fc1af":259,"06713bac":259,"61aca924":259,"d97fb857":259,"59ff5ec6":259,"ef04e64e":259,"6e2d04de":259,"2fca1798":259,"05028839":259,"5488826c":259,"84fff5c1":259,"c649992d":259,"d5ad3ed6":259,"8e5f7187":259,"55ba7579":259,"b7769ca6":259,"9c27de51":259,"38a75b48":259,"1792bfa3":259,"426f1904":259,"7c0f1ca9":259,"b2f820ac":259,"25d4f65d":259,"eddb6a2a":259,"3b3569f6":259,"b01ab62a":259,"76da16fa":259,"bffee581":259,"07150038":259,"080fa362":259,"7b6945ad":259,"a40d08e1":259,"cec79bc2":259,"d2eff358":259,"e70aebb5":259,"a488b2f1":259,"4caa87d6":259,"f7076e21":259,"ff8a00aa":259,"c146560b":259,"985068e7":259,"d543ba6f":259,"eb62e8f2":259,"f1e86522":259,"fa03f48f":259,"5298dafa":259,"25f7f918":259,"c5311ebb":259,"105bb3f6":259,"58de5462":259,"f01c896d":259,"1f2670d0":259,"962c9c8f":259,"aec0bf28":259,"69e653b6":259,"98d2991b":259,"3b411d6a":259,"83826ef3":259,"595609d5":259,"b47f1b89":259,"8e6caf71":259,"9a3433b8":259,"b89112cb":259,"66736d5e":259,"30de89a7":259,"06aaa33f":259,"320c65bf":259,"1fa1e7c2":259,"646af2b9":259,"659389ad":259,"240c8679":259,"0718c3be":259,"8b503f7b":259,"87a8523c":259,"c416baa6":259,"ae350a07":259,"680a32a6":259,"83ba647d":259,"cb0bd6b7":259,"8e426e39":259,"51909df8":259,"e22b0973":259,"23646ff9":259,"3abb827b":259,"0c73c293":259,"88929b06":259,"08c4692e":259,"5b2479ef":259,"1d882c36":259,"a017a323":259,"8801c469":259,"b6281f1a":259,"48c6df81":259,"5e165f43":259,"f8785b71":259,"ab4a411a":259,"d7a4b24c":259,"686d5c0b":259,"f15eb1c5":259,"71789493":259,"5ac72353":259,"d1b14d06":259,"f6c074a7":259,"ffd6849d":259,"962fca02":259,"75968179":259,"bc8bdc23":259,"a71f3f70":259,"1f7aa83c":259,"732d62ee":259,"d4b0751c":259,"5b01444b":259,"79995b62":259,"97160db8":259,"589f0d6e":259,"51b4016a":259,"46bf9112":259,"092ad3d6":259,"bf940089":259,"01f34f98":259,"1670b0d3":259,"ec97d63e":259,"94208a41":259,"2cbcad17":259,"4dccb5ca":259,"83268abf":259,"578c4c95":259,"c606b472":259,"808bc372":259,"c792a7c1":259,"5a7da061":259,"06a94514":259,"73c420df":259,"0700da70":259,"ff591765":259,"93f12198":259,"62e270e5":259,"66b1b6d7":259,"b062adc4":259,"4aae5133":259,"63a3af32":259,"3fec4b0b":259,"faa3de3e":259,"44983d13":259,"80999122":259,"72af9198":259,"e39e9552":259,"81c1b70d":259,"e72f0f82":259,"88374b72":259,"fdfaf1ed":259,"ea981bed":259,"5e197575":259,"e587c4d0":259,"525b2635":259,"caa38a45":259,"a9987a58":259,"b6b8e5c7":259,"e82177d3":259,"89914b94":259,"04bdf5e1":259,"da8b42be":259,"3b0576bf":259,"9458934f":259,"1dcc489c":259,"945badf3":259,"1327775b":259,"bdd40125":259,"75fd47f7":259,"1c52a07e":259,"e70ccc25":259,"afd1494f":259,"ca6bffd3":259,"829c44a4":259,"e76e2617":259,"2b4fd52e":259,"57162572":259,"d1d50cfe":259,"f7ffcbb8":259,"272e7d0d":259,"f92596ee":259,"68831ea9":259,"9713d076":259,"fd098272":259,"6ee788a7":259,"8249641d":259,"45b0968f":259,"6a9bb182":259,"1f1afd4f":259,"25fb8826":259,"0dc5da58":259,"2874a625":259,"e61ae828":259,"f7ac3883":259,"ccd01528":259,"dab8cf68":259,"00f2a9cb":259,"916fe082":259,"b64dba8e":259,"c3bb30ce":259,"86219c70":259,"601990d8":259,"5c662c19":259,"d2a5d2fd":259,"89d220c2":259,"3e10c9cb":259,"5500a3e8":259,"3c0e87ac":259,"a891461f":259,"a246cdab":259,"117c7f0b":259,"0d21cf99":259,"5728f934":259,"00b26865":259,"c333337d":259,"815c56bc":259,"5bd61a68":259,"8582c5cf":259,"0c353665":259,"231e8700":259,"1f9fbd85":259,"43f24679":259,"a1c0dfc4":259,"78f71162":259,"4b27a9a4":259,"163f4d19":259,"1d043d5a":259,"9666b973":259,"653b27c7":259,"83b37fd6":259,"4d852788":259,"e43a9448":259,"3542b748":259,"379c53ab":259,"e396d80d":259,"7da61f27":259,"dc874a97":259,"85a220de":259,"40a7cdd2":259,"ac033c7b":259,"87759976":259,"4df3f62e":259,"c881a53e":259,"80c1c8b1":259,"cf52acd8":259,"a63cb4ce":259,"d3b3492b":259,"7580cfa4":259,"22a96386":259,"b2f82e06":259,"5b0b43e6":259,"b5474d69":259,"5a938eeb":259,"4fe0dedf":259,"951fc6d0":259,"61892a4c":259,"f096219e":259,"a3f0a6ec":259,"01051f84":259,"aa7e370d":259,"f995eeab":259,"4006e709":259,"0dedf63e":259,"a9d5374b":259,"4321f02d":259,"089b3f8f":259,"7698d0dc":259,"784414ce":259,"2df3efdb":259,"d0f1b7bd":259,"14e6fe14":259,"37ec5e73":259,"bfff7913":259,"f8636899":259,"37724339":259,"d45d9727":259,"ee5ff2a3":259,"44322dfd":259,"295e4d1d":259,"8cf6570a":259,"403064a0":259,"312af46e":259,"b5a9f8c3":259,"fcbc0ae8":259,"2ff6b6a8":259,"66a71cc1":259,"bf4b58e4":259,"e7799883":259,"4f9456cf":259,"6e260ee8":259,"f4f84279":259,"b0950de5":259,"6f873999":259,"1f4e0e22":259,"60d69311":259,"3b09f1de":259,"b371f44a":259,"8b6180ff":259,"8819ac24":259,"dbbf7f69":259
1601327403375,"5c672b50":259,"5df16440":259,"b666e56d":259,"8db378ff":259,"784d6375":259,"4541bf85":259,"a6b13f20":259,"2459c882":259,"3df97186":259,"ef0490de":259,"e0f47ced":259,"309bbf54":259,"cc537772":259,"6618390c":259,"99cc0813":259,"dc32c4e1":259,"239c636e":259,"6ee160ff":259,"c55d40ca":259,"22c177a8":259,"00ae883f":259,"f416ee62":259,"0d2b182d":259,"320754c3":259,"232b2f64":259,"3171b6e7":259,"3b25460f":259,"d2064756":259,"a8edfe84":259,"2ed19b1e":259,"959e16ea":259,"02f76c64":259,"5c6d1f33":259,"b4801cae":259,"c3c2fd05":259,"f8c97147":259,"c2526ff3":259,"cc386067":259,"a22ffd8f":259,"3cd28a4d":259,"44a12c31":259,"45a961ca":259,"5ca978fd":259,"668e601b":259,"7552d86c":259,"02ebf3b6":259,"bb17a968":259,"4abcb85d":259,"cba26072":259,"2a718dcc":259,"c6a9a8e1":259,"88854fd0":259,"8dc27d2a":259,"41d7f05d":259,"2b851827":259,"9f428a03":259,"4d504d96":259,"0533ece1":259,"bcee2ef3":259,"0afba00c":259,"04ff8100":259,"6c00d8d6":259,"ac9a02bc":259,"acfe69ed":259,"426603ff":259,"2db2f252":259,"2e84193b":259,"c55683c9":259,"51233daf":259,"02791635":259,"be081247":259,"5cc47d1b":259,"678b846f":259,"dfe4a061":259,"c2bf7d51":259,"781afef6":259,"de9229a0":259,"99a5feef":259,"f6266388":259,"e64fd39c":259,"e1b3ce36":259,"625fa164":259,"0c6ae551":259,"e8f4c1dd":259,"cede8b8c":259,"ad95ff4a":259,"893a99c5":259,"d8bf32b5":259,"0eb42efe":259,"03c4ab87":259,"4e3d3af7":259,"3a4803a8":259,"f7a7de5d":259,"d4e56c3e":259,"0c045c2d":259,"8efd4801":259,"7eb8f268":259,"20236d3e":259,"36ae8cd8":259,"3ddd5391":259,"07f69c6d":259,"2254f0f5":259,"b4bd39d8":259,"b4cdbe5d":259,"fa0386f3":259,"b95d0f17":259,"cee9c347":259,"ea282e84":259,"6653c83b":259,"c896052c":259,"287ecd1c":259,"f9376d3e":259,"07a94e8c":259,"bb017b49":259,"37b52fe4":259,"61ad1519":259,"819c4185":259,"ba69b06b":259,"7d2a2cb4":259,"4f62491c":259,"70b4c438":259,"71ed93db":259,"c92efaa8":259,"c241ac7e":259,"62a45672":259,"210e507a":259,"ac6e268b":259,"742238e8":259
1601327405024,"7800e7ce":260,"77869ff0":260,"4b8f7b16":260,"89f75690":260,"cb363e2f":260,"cd802f02":260,"d3cca7eb":260,"e866a899":260,"5690e712":260,"0b92d2a9":260,"070bed95":260,"67e5d108":260,"3d37b94b":260,"842c97c2":260,"c4cef92b":260,"0eecdc5b":260,"b7e495ea":260,"45ec63c0":260,"0ddfde2c":260,"a8b41774":260,"81f0da2d":260,"1fcc8ba4":260,"75a9c117":260,"12ba54ec":260,"be391c1a":260,"37d8a5b7":260,"d5ab81c4":260,"2ecde685":260,"f0bd52d3":260,"dcc20f76":260,"666a8ef0":260,"c5b609f1":260,"4dc5849a":260,"d605c755":260,"8a8c1d67":260,"cc6b3306":260,"8c2dfd9a":260,"f11267b9":260,"a483b15e":260,"f80ab49d":260,"95eaed39":260,"a5ba0ebb":260,"f53362a9":260,"1901ef7e":260,"960c2e6b":260,"3515e999":260,"d11f8f1b":260,"9d9eb027":260,"325f9a29":260,"503aafe5":260,"d5d94481":260,"ffe48500":260,"c7a45a33":260,"faffe099":260,"e99490cd":260,"3b830769":260,"583f0305":260,"1557c50a":260,"249e80ab":260,"f52a3d94":260,"eb74d3dd":260,"3bcbc28d":260,"3c0455e7":260,"df203c79":260,"df1e1ac0":260,"491708eb":260,"e421caaa":260,"2d2ecf27":260,"d38a4953":260,"eba5efdd":260,"a5463f93":260,"c85ac4f8":260,"bc253f4f":260,"0d9d2bf8":260,"080d5d42":260,"846b7f11":260,"d3411467":260,"1df0ce7f":260,"a08171d0":260,"c8bc5677":260,"dfca0518":260,"b9a21017":260,"e47705d3":260,"3cae4115":260,"0ccf4731":260,"c7c6782d":260,"54346574":260,"b12cbf87":260,"81942d9b":260,"699b90c1":260,"d9b5a7a8":260,"1e7914d2":260,"e5d8fdb2":260,"3412ab75":260,"bcac5daf":260,"62d028cc":260,"0af2cf39":260,"27491297":260,"d041ea86":260,"1eda11b2":260,"fc442678":260,"5d03f5dc":260,"f0a01341":260,"1ee4d9f9":260,"0d6e45e7":260,"0da97151":260,"e829038c":260,"4987cfb5":260,"ba90687c":260,"77f2cf92":260,"037e2be4":260,"9e7dbd20":260,"0c086273":260,"ac13c3b0":260,"b4d9c57f":260,"5d53c964":260,"8ee9cc91":260,"4cc0af91":260,"55f6a2ba":260,"9559ea96":260,"9cb044bf":260,"16b25add":260,"80ee333e":260,"3b329af2":260,"1cd662bf":260,"72992b35":260,"47589344":260,"593b1533":260,"e9f6e5ce":260,"ed6bead5":260,"96f594b9":260,"94dfcfc5":260,"8301986e":260,"830ecfec":260,"a8bae791":260,"312009ee":260,"c98759fd":260,"e8b6d676":260,"45ee5840":260,"76f04033":260,"43480b19":260,"fd955858":260,"69798d15":260,"efea71fa":260,"fb3aa867":260,"c9cf710b":260,"fcacdeb3":260,"0ea055ed":260,"e3b1bdf8":260,"644b45fb":260
1601327406554,"18c73816":260,"e491161e":260,"b5087677":260,"16f60bed":260,"cb0c3481":260,"7664512c":260,"df9a53b8":260,"f6c27b2b":260,"945f6c24":260,"f1daea7e":260,"b8fb90e3":260,"56227e35":260,"0d6bf22a":260,"b87321d0":260,"43205b5d":260,"8982905a":260,"f6fe1ad7":260,"230064fa":260,"764e0abb":260,"bba6d88e":260,"ea3479ec":260,"32266fa3":260,"50b090c3":260,"8be24763":260,"eb4800b2":260,"6e0ce9dc":260,"87d9bec4":260,"e30dfa0c":260,"6da34174":260,"bfb849fa":260,"0a10b423":260,"9ef7cee7":260,"49f1a0d1":260,"5f04aa76":260,"ba297382":260,"0287db2a":260,"96abe4a9":260,"753b10b1":260,"cf14bd99":260,"782022f4":260,"322e833f":260,"ab3619e4":260,"106006ad":260,"c8237be9":260,"1416e8f5":260,"dde2eed5":260,"a208caa8":260,"16605353":260,"77b39e15":260,"f1726edb":260,"92b72493":260,"d3e58903":260,"4481c4be":260,"7954891b":260,"4afd60a9":260,"d44c0ea3":260,"68f87858":260,"533bac6b":260,"41634dba":260,"43fd1327":260,"113e7f4b":260,"8cce569a":260,"ce6401b6":260,"6f57824c":260,"28bd7aa1":260,"1d52fb0d":260,"cde0d748":260,"535ed444":260,"710f0d0e":260,"0905f1fb":260,"a20e529c":260,"1ae76fcc":260,"35b161d3":260,"344cd1a3":260,"77ea1236":260,"96d2a118":260,"23a0e41f":260,"b32a1080":260,"a2c4b591":260,"6dfa57be":260,"1854ce44":260,"f92b22f1":260,"ece12664":260,"36f4ecde":260,"568a0d58":260,"5fd569d2":260,"10c8fd03":260,"bd4ccb49":260,"e773d697":260,"7e8c11e7":260,"077eb15a":260,"5337c279":260,"8d256cb6":260,"7021c619":260,"32ae00db":260,"bf2defb2":260,"bc733a28":260,"30d32d34":260,"886c16d3":260,"e8d09b62":260,"590ce3d3":260,"1802d7ce":260,"0a49914b":260,"5d3f5cad":260,"cf347cba":260,"fc0c23f7":260,"641f9b9e":260,"c92edec5":260,"9f03c1e7":260,"06c24a8d":260,"2f35e75f":260,"3eddf7c8":260,"77970f8b":260,"efd594d5":260,"4718294d":260,"5352cf45":260,"e0ffe8ff":260,"ae14d6b5":260,"721f5f42":260,"0b50bca6":260,"bf2ca266":260,"5d8d9641":260,"0de67c6c":260,"2311399f":260,"5e3ebf5e":260,"9f6ca218":260,"6213799d":260,"44cb1fd2":260,"baf19c25":260,"24a79a6e":260,"edde30af":260,"4d949e11":260,"5b09e53e":260,"da5bb0f7":260,"6d925c84":260,"50b23ab2":260,"edfa56d4":260,"899c16eb":260,"41c76041":260,"df12f689":260,"1da10cbf":260,"832c48e4":260,"dc90a44c":260,"1ad7c45b":260,"5566c17c":260,"86a22252":260,"0000dece":260,"ce5efdbe":260,"58ace2b5":260,"d379fd96":260,"7b819458":260,"7f8024cd":260,"ae562513":260,"7b66dacd":260,"9ab137d7":260,"7191d1cd":260,"005354dd":260,"6bb1fa99":260,"d73ff72e":260,"61c0ca91":260,"d2fda7be":260,"ce20ca3c":260,"1d2d958b":260,"81fb6a01":260,"7f5b27c8":260,"fb3444d9":260,"f05de640":260,"86a68967":260,"56cd4dca":260,"7f469f4c":260,"f92dedfc":260,"355d1489":260,"f96fc1af":260,"06713bac":260,"61aca924":260,"d97fb857":260,"59ff5ec6":260,"ef04e64e":260,"6e2d04de":260,"2fca1798":260,"05028839":260,"5488826c":260,"84fff5c1":260,"c649992d":260,"d5ad3ed6":260,"8e5f7187":260,"55ba7579":260,"b7769ca6":260,"9c27de51":260,"38a75b48":260,"1792bfa3":260,"426f1904":260,"3b3569f6":260,"b01ab62a":260,"76da16fa":260,"bffee581":260,"07150038":260,"080fa362":260,"7b6945ad":260,"a40d08e1":260,"cec79bc2":260,"d2eff358":260,"e70aebb5":260,"a488b2f1":260,"4caa87d6":260,"f7076e21":260,"69e653b6":260,"98d2991b":260,"3b411d6a":260,"83826ef3":260,"595609d5":260,"b47f1b89":260,"7c0f1ca9":260,"b2f820ac":260,"25d4f65d":260,"eddb6a2a":260,"ff8a00aa":260,"c146560b":260,"985068e7":260,"d543ba6f":260,"8e6caf71":260,"9a3433b8":260,"b89112cb":260,"66736d5e":260,"30de89a7":260,"06aaa33f":260,"320c65bf":260,"1fa1e7c2":260,"646af2b9":260,"659389ad":260,"240c8679":260,"0718c3be":260,"8b503f7b":260,"87a8523c":260,"c416baa6":260,"ae350a07":260,"680a32a6":260,"83ba647d":260,"cb0bd6b7":260,"8e426e39":260,"51909df8":260,"e22b0973":260,"23646ff9":260,"3abb827b":260,"0c73c293":260,"88929b06":260,"08c4692e":260,"5b2479ef":260,"1d882c36":260,"eb62e8f2":260,"f1e86522":260,"fa03f48f":260,"5298dafa":260,"25f7f918":260,"c5311ebb":260,"105bb3f6":260,"58de5462":260,"f01c896d":260,"1f2670d0":260,"962c9c8f":260,"aec0bf28":260,"a017a323":260,"8801c469":260,"b6281f1a":260,"48c6df81":260,"5e165f43":260,"f8785b71":260,"ab4a411a":260,"d7a4b24c":260,"686d5c0b":260,"f15eb1c5":260,"71789493":260,"5ac72353":260,"d1b14d06":260,"f6c074a7":260,"ffd6849d":260,"962fca02":260,"75968179":260,"bc8bdc23":260,"a71f3f70":260,"1f7aa83c":260,"732d62ee":260,"d4b0751c":260,"5b01444b":260,"79995b62":260,"97160db8":260,"589f0d6e":260,"51b4016a":260,"46bf9112":260,"092ad3d6":260,"bf940089":260,"01f34f98":260,"1670b0d3":260,"ec97d63e":260,"94208a41":260,"2cbcad17":260,"4dccb5ca":260,"83268abf":260,"578c4c95":260,"c606b472":260,"272e7d0d":260,"f92596ee":260,"68831ea9":260,"9713d076":260,"808bc372":260,"c792a7c1":260,"5a7da061":260,"06a94514":260,"73c420df":260,"0700da70":260,"ff591765":260,"93f12198":260,"62e270e5":260,"66b1b6d7":260,"b062adc4":260,"4aae5133":260,"63a3af32":260,"3fec4b0b":260,"faa3de3e":260,"44983d13":260,"80999122":260,"72af9198":260,"e39e9552":260,"81c1b70d":260,"fd098272":260,"6ee788a7":260,"8249641d":260,"45b0968f":260,"6a9bb182":260,"1f1afd4f":260,"25fb8826":260,"0dc5da58":260,"2874a625":260,"e61ae828":260,"f7ac3883":260,"ccd01528":260,"dab8cf68":260,"00f2a9cb":260,"916fe082":260,"b64dba8e":260,"c3bb30ce":260,"86219c70":260,"601990d8":260,"5c662c19":260,"d2a5d2fd":260,"89d220c2":260,"3e10c9cb":260,"5500a3e8":260,"3c0e87ac":260,"a891461f":260,"a246cdab":260,"117c7f0b":260,"0d21cf99":260,"14e6fe14":260,"37ec5e73":260,"bfff7913":260,"f8636899":260,"37724339":260,"d45d9727":260,"ee5ff2a3":260,"44322dfd":260,"295e4d1d":260,"e72f0f82":260,"88374b72":260,"fdfaf1ed":260,"ea981bed":260,"5e197575":260,"e587c4d0":260,"525b2635":260,"caa38a45":260,"a9987a58":260,"b6b8e5c7":260,"e82177d3":260,"89914b94":260,"04bdf5e1":260,"da8b42be":260,"3b0576bf":260,"9458934f":260,"1dcc489c":260,"945badf3":260,"1327775b":260,"bdd40125":260,"75fd47f7":260,"1c52a07e":260,"e70ccc25":260,"afd1494f":260,"ca6bffd3":260,"829c44a4":260,"e76e2617":260,"2b4fd52e":260,"57162572":260,"d1d50cfe":260,"8cf6570a":260,"403064a0":260,"312af46e":260,"b5a9f8c3":260,"fcbc0ae8":260,"2ff6b6a8":260,"66a71cc1":260,"bf4b58e4":260
1601327407339,"9666b973":260,"653b27c7":260,"83b37fd6":260,"4d852788":260,"e43a9448":260,"3542b748":260,"379c53ab":260,"e396d80d":260,"7da61f27":260,"dc874a97":260,"85a220de":260,"40a7cdd2":260,"ac033c7b":260,"87759976":260,"4df3f62e":260,"f7ffcbb8":260,"5728f934":260,"00b26865":260,"c333337d":260,"815c56bc":260,"5bd61a68":260,"8582c5cf":260,"0c353665":260,"c881a53e":260,"80c1c8b1":260,"cf52acd8":260,"a63cb4ce":260,"d3b3492b":260,"7580cfa4":260,"22a96386":260,"5c672b50":260,"5df16440":260,"b666e56d":260,"8db378ff":260,"784d6375":260,"4541bf85":260,"a6b13f20":260,"2459c882":260,"3df97186":260,"ef0490de":260,"e0f47ced":260,"309bbf54":260,"cc537772":260,"6618390c":260,"99cc0813":260,"dc32c4e1":260,"239c636e":260,"6ee160ff":260,"c55d40ca":260,"22c177a8":260,"00ae883f":260,"f416ee62":260,"0d2b182d":260,"320754c3":260,"232b2f64":260,"3171b6e7":260,"3b25460f":260,"d2064756":260,"231e8700":260,"1f9fbd85":260,"43f24679":260,"a1c0dfc4":260,"78f71162":260,"4b27a9a4":260,"163f4d19":260,"1d043d5a":260,"b2f82e06":260,"5b0b43e6":260,"b5474d69":260,"5a938eeb":260,"4fe0dedf":260,"951fc6d0":260,"61892a4c":260,"f096219e":260,"a3f0a6ec":260,"01051f84":260,"aa7e370d":260,"f995eeab":260,"4006e709":260,"0dedf63e":260,"a9d5374b":260,"4321f02d":260,"089b3f8f":260,"7698d0dc":260,"784414ce":260,"2df3efdb":260,"d0f1b7bd":260,"e7799883":260,"4f9456cf":260,"6e260ee8":260,"f4f84279":260,"b0950de5":260,"6f873999":260,"1f4e0e22":260,"a8edfe84":260,"2ed19b1e":260,"959e16ea":260,"02f76c64":260,"5c6d1f33":260,"b4801cae":260,"c3c2fd05":260,"f8c97147":260,"c2526ff3":260,"60d69311":260,"3b09f1de":260,"b371f44a":260,"8b6180ff":260,"8819ac24":260,"dbbf7f69":260,"dfe4a061":260,"cc386067":260,"a22ffd8f":260,"3cd28a4d":260,"44a12c31":260,"45a961ca":260,"5ca978fd":260,"668e601b":260,"7552d86c":260,"02ebf3b6":260,"bb17a968":260,"4abcb85d":260,"cba26072":260,"2a718dcc":260,"c6a9a8e1":260,"88854fd0":260,"8dc27d2a":260,"41d7f05d":260,"2b851827":260,"9f428a03":260,"4d504d96":260,"0533ece1":260,"bcee2ef3":260,"0afba00c":260,"04ff8100":260,"6c00d8d6":260,"ac9a02bc":260,"acfe69ed":260,"426603ff":260,"2db2f252":260,"2e84193b":260,"c55683c9":260,"51233daf":260,"02791635":260,"be081247":260,"5cc47d1b":260,"678b846f":260,"b4bd39d8":260,"b4cdbe5d":260,"fa0386f3":260,"b95d0f17":260,"cee9c347":260,"c2bf7d51":260,"781afef6":260,"de9229a0":260,"99a5feef":260,"f6266388":260,"e64fd39c":260,"e1b3ce36":260,"625fa164":260,"0c6ae551":260,"e8f4c1dd":260,"cede8b8c":260,"ad95ff4a":260,"893a99c5":260,"d8bf32b5":260,"0eb42efe":260,"03c4ab87":260,"4e3d3af7":260,"3a4803a8":260,"f7a7de5d":260,"d4e56c3e":260,"0c045c2d":260,"8efd4801":260,"7eb8f268":260,"20236d3e":260,"36ae8cd8":260,"3ddd5391":260,"07f69c6d":260,"2254f0f5":260,"ea282e84":260,"6653c83b":260,"c896052c":260,"287ecd1c":260,"f9376d3e":260,"07a94e8c":260,"bb017b49":260,"37b52fe4":260,"61ad1519":260,"819c4185":260,"ba69b06b":260,"7d2a2cb4":260,"4f62491c":260,"70b4c438":260,"71ed93db":260,"c92efaa8":260,"c241ac7e":260,"62a45672":260,"210e507a":260,"ac6e268b":260,"742238e8":260,"7800e7ce":261,"77869ff0":261,"4b8f7b16":261,"89f75690":261,"cb363e2f":261,"cd802f02":261,"d3cca7eb":261,"e866a899":261,"5690e712":261,"0b92d2a9":261,"070bed95":261,"67e5d108":261,"3d37b94b":261,"842c97c2":261,"c4cef92b":261,"0eecdc5b":261,"b7e495ea":261,"45ec63c0":261,"0ddfde2c":261,"a8b41774":261,"81f0da2d":261,"1fcc8ba4":261,"75a9c117":261,"12ba54ec":261,"be391c1a":261,"37d8a5b7":261,"d5ab81c4":261,"2ecde685":261,"f0bd52d3":261,"dcc20f76":261,"666a8ef0":261,"c5b609f1":261,"4dc5849a":261,"d605c755":261,"8a8c1d67":261,"cc6b3306":261,"8c2dfd9a":261,"f11267b9":261,"a483b15e":261,"f80ab49d":261,"95eaed39":261,"a5ba0ebb":261,"f53362a9":261,"1901ef7e":261,"960c2e6b":261,"3515e999":261,"d11f8f1b":261,"9d9eb027":261,"325f9a29":261,"503aafe5":261
1601327408136,"d5d94481":261,"ffe48500":261,"c7a45a33":261,"faffe099":261,"e99490cd":261,"3b830769":261,"583f0305":261,"1557c50a":261,"249e80ab":261,"f52a3d94":261,"eb74d3dd":261,"3bcbc28d":261,"3c0455e7":261,"df203c79":261,"df1e1ac0":261,"491708eb":261,"e421caaa":261,"2d2ecf27":261,"d38a4953":261,"eba5efdd":261,"a5463f93":261,"c85ac4f8":261,"bc253f4f":261,"0d9d2bf8":261,"18c73816":261,"e491161e":261,"b5087677":261,"16f60bed":261,"cb0c3481":261,"7664512c":261,"df9a53b8":261,"f6c27b2b":261,"945f6c24":261,"f1daea7e":261,"b8fb90e3":261,"56227e35":261,"0d6bf22a":261,"b87321d0":261,"080d5d42":261,"5d03f5dc":261,"f0a01341":261,"1ee4d9f9":261,"0d6e45e7":261,"0da97151":261,"e829038c":261,"4987cfb5":261,"ba90687c":261,"77f2cf92":261,"037e2be4":261,"9e7dbd20":261,"0c086273":261,"ac13c3b0":261,"b4d9c57f":261,"5d53c964":261,"8ee9cc91":261,"4cc0af91":261,"55f6a2ba":261,"9559ea96":261,"9cb044bf":261,"16b25add":261,"80ee333e":261,"3b329af2":261,"1cd662bf":261,"72992b35":261,"47589344":261,"593b1533":261,"e9f6e5ce":261,"ed6bead5":261,"96f594b9":261,"94dfcfc5":261,"8301986e":261,"43205b5d":261,"8982905a":261,"f6fe1ad7":261,"230064fa":261,"764e0abb":261,"bba6d88e":261,"ea3479ec":261,"32266fa3":261,"50b090c3":261,"8be24763":261,"eb4800b2":261,"6e0ce9dc":261,"87d9bec4":261,"e30dfa0c":261,"6da34174":261,"bfb849fa":261,"0a10b423":261,"9ef7cee7":261,"49f1a0d1":261,"5f04aa76":261,"ba297382":261,"0287db2a":261,"96abe4a9":261,"753b10b1":261,"cf14bd99":261,"782022f4":261,"322e833f":261,"ab3619e4":261,"106006ad":261,"c8237be9":261,"1416e8f5":261,"dde2eed5":261,"a208caa8":261,"16605353":261,"77b39e15":261,"f1726edb":261,"830ecfec":261,"a8bae791":261,"312009ee":261,"c98759fd":261,"e8b6d676":261,"45ee5840":261,"76f04033":261,"43480b19":261,"fd955858":261,"69798d15":261,"efea71fa":261,"fb3aa867":261,"c9cf710b":261,"fcacdeb3":261,"0ea055ed":261,"e3b1bdf8":261,"644b45fb":261,"846b7f11":261,"d3411467":261,"1df0ce7f":261,"a08171d0":261,"c8bc5677":261,"dfca0518":261,"b9a21017":261,"e47705d3":261,"3cae4115":261,"0ccf4731":261,"c7c6782d":261,"54346574":261,"b12cbf87":261,"81942d9b":261,"699b90c1":261,"d9b5a7a8":261,"1e7914d2":261,"e5d8fdb2":261,"3412ab75":261,"bcac5daf":261,"62d028cc":261,"0af2cf39":261,"27491297":261,"d041ea86":261,"1eda11b2":261,"fc442678":261,"92b72493":261,"d3e58903":261,"4481c4be":261,"7954891b":261,"4afd60a9":261,"d44c0ea3":261,"68f87858":261,"533bac6b":261,"41634dba":261,"43fd1327":261,"113e7f4b":261,"8cce569a":261,"ce6401b6":261,"6f57824c":261,"28bd7aa1":261,"1d52fb0d":261,"cde0d748":261,"535ed444":261,"710f0d0e":261,"0905f1fb":261,"a20e529c":261,"1ae76fcc":261,"35b161d3":261,"344cd1a3":261,"77ea1236":261,"96d2a118":261,"23a0e41f":261,"b32a1080":261,"a2c4b591":261,"6dfa57be":261,"1854ce44":261,"f92b22f1":261,"ece12664":261,"36f4ecde":261,"568a0d58":261,"5fd569d2":261,"10c8fd03":261,"bd4ccb49":261,"e773d697":261,"7e8c11e7":261,"077eb15a":261,"5337c279":261,"8d256cb6":261,"7021c619":261,"32ae00db":261,"bf2defb2":261,"bc733a28":261,"30d32d34":261,"886c16d3":261,"e8d09b62":261,"590ce3d3":261,"1802d7ce":261,"0a49914b":261,"5d3f5cad":261,"cf347cba":261,"fc0c23f7":261,"641f9b9e":261,"c92edec5":261,"9f03c1e7":261,"06c24a8d":261,"2f35e75f":261,"3eddf7c8":261,"77970f8b":261,"efd594d5":261,"4718294d":261,"5352cf45":261,"e0ffe8ff":261,"ae14d6b5":261,"721f5f42":261,"0b50bca6":261,"bf2ca266":261,"5d8d9641":261,"0de67c6c":261,"2311399f":261,"5e3ebf5e":261,"9f6ca218":261,"6213799d":261,"44cb1fd2":261,"baf19c25":261,"24a79a6e":261,"edde30af":261,"4d949e11":261,"df12f689":261,"1da10cbf":261,"832c48e4":261,"dc90a44c":261,"1ad7c45b":261,"5566c17c":261,"86a22252":261,"0000dece":261,"5b09e53e":261,"da5bb0f7":261,"6d925c84":261,"50b23ab2":261,"edfa56d4":261,"899c16eb":261,"41c76041":261,"6bb1fa99":261,"d73ff72e":261,"61c0ca91":261,"d2fda7be":261,"ce20ca3c":261,"1d2d958b":261,"81fb6a01":261,"7f5b27c8":261,"fb3444d9":261,"ce5efdbe":261,"58ace2b5":261,"d379fd96":261,"7b819458":261,"7f8024cd":261,"ae562513":261,"7b66dacd":261,"9ab137d7":261,"7191d1cd":261,"005354dd":261,"f05de640":261,"86a68967":261,"56cd4dca":261,"7f469f4c":261,"f92dedfc":261,"355d1489":261,"f96fc1af":261,"06713bac":261,"61aca924":261,"d97fb857":261,"59ff5ec6":261,"ef04e64e":261,"6e2d04de":261,"2fca1798":261,"05028839":261,"5488826c":261,"84fff5c1":261,"c649992d":261,"d5ad3ed6":261,"8e5f7187":261,"55ba7579":261,"b7769ca6":261,"9c27de51":261,"38a75b48":261,"1792bfa3":261,"426f1904":261,"7c0f1ca9":261,"b2f820ac":261,"25d4f65d":261,"eddb6a2a":261,"ff8a00aa":261,"c146560b":261,"985068e7":261,"d543ba6f":261,"3b3569f6":261,"b01ab62a":261,"76da16fa":261,"bffee581":261,"07150038":261,"080fa362":261,"7b6945ad":261,"a40d08e1":261,"cec79bc2":261,"d2eff358":261,"e70aebb5":261,"a488b2f1":261,"4caa87d6":261,"f7076e21":261,"69e653b6":261,"98d2991b":261,"3b411d6a":261,"83826ef3":261,"595609d5":261,"b47f1b89":261,"8e6caf71":261,"9a3433b8":261,"b89112cb":261,"66736d5e":261,"30de89a7":261,"06aaa33f":261,"320c65bf":261,"1fa1e7c2":261,"646af2b9":261,"659389ad":261,"240c8679":261,"0718c3be":261,"8b503f7b":261,"87a8523c":261,"c416baa6":261,"ae350a07":261,"680a32a6":261,"83ba647d":261,"cb0bd6b7":261,"8e426e39":261,"51909df8":261,"e22b0973":261,"23646ff9":261,"3abb827b":261,"0c73c293":261,"88929b06":261,"08c4692e":261,"5b2479ef":261,"1d882c36":261,"eb62e8f2":261,"f1e86522":261,"fa03f48f":261,"5298dafa":261,"25f7f918":261,"c5311ebb":261,"105bb3f6":261,"58de5462":261,"f01c896d":261,"1f2670d0":261,"962c9c8f":261,"aec0bf28":261,"a017a323":261,"8801c469":261,"b6281f1a":261,"48c6df81":261,"5e165f43":261,"f8785b71":261,"ab4a411a":261,"d7a4b24c":261,"686d5c0b":261,"f15eb1c5":261,"71789493":261,"5ac72353":261,"d1b14d06":261,"f6c074a7":261,"ffd6849d":261,"962fca02":261,"75968179":261,"bc8bdc23":261,"a71f3f70":261,"1f7aa83c":261,"732d62ee":261,"d4b0751c":261,"5b01444b":261,"79995b62":261,"97160db8":261,"589f0d6e":261,"51b4016a":261,"46bf9112":261,"092ad3d6":261,"bf940089":261,"01f34f98":261,"1670b0d3":261,"ec97d63e":261,"94208a41":261,"2cbcad17":261,"4dccb5ca":261,"83268abf":261,"578c4c95":261,"c606b472":261,"272e7d0d":261,"f92596ee":261,"68831ea9":261,"9713d076":261,"fd098272":261,"6ee788a7":261,"8249641d":261,"45b0968f":261,"6a9bb182":261,"1f1afd4f":261,"25fb8826":261,"0dc5da58":261,"808bc372":261,"c792a7c1":261,"5a7da061":261,"06a94514":261,"73c420df":261,"0700da70":261,"ff591765":261,"93f12198":261,"62e270e5":261,"66b1b6d7":261,"b062adc4":261,"4aae5133":261,"63a3af32":261,"3fec4b0b":261,"faa3de3e":261,"44983d13":261,"80999122":261,"72af9198":261,"e39e9552":261,"81c1b70d":261,"e72f0f82":261,"88374b72":261,"fdfaf1ed":261,"ea981bed":261,"5e197575":261,"e587c4d0":261,"525b2635":261,"caa38a45":261,"2874a625":261,"e61ae828":261,"f7ac3883":261,"ccd01528":261,"dab8cf68":261,"00f2a9cb":261,"916fe082":261,"b64dba8e":261,"c3bb30ce":261,"86219c70":261,"601990d8":261,"5c662c19":261,"d2a5d2fd":261,"89d220c2":261,"3e10c9cb":261,"5500a3e8":261,"3c0e87ac":261,"a891461f":261,"a246cdab":261,"117c7f0b":261,"0d21cf99":261,"14e6fe14":261,"37ec5e73":261,"bfff7913":261,"f8636899":261,"37724339":261,"d45d9727":261,"ee5ff2a3":261,"44322dfd":261,"295e4d1d":261,"8cf6570a":261,"403064a0":261,"312af46e":261,"b5a9f8c3":261,"fcbc0ae8":261,"2ff6b6a8":261,"66a71cc1":261,"bf4b58e4":261,"a9987a58":261,"b6b8e5c7":261,"e82177d3":261,"89914b94":261,"04bdf5e1":261,"da8b42be":261,"3b0576bf":261,"9458934f":261,"1dcc489c":261,"945badf3":261,"1327775b":261,"bdd40125":261,"75fd47f7":261,"1c52a07e":261,"e70ccc25":261,"afd1494f":261,"ca6bffd3":261,"829c44a4":261,"e76e2617":261,"2b4fd52e":261,"57162572":261,"d1d50cfe":261,"9666b973":261,"653b27c7":261,"83b37fd6":261,"4d852788":261,"e43a9448":261,"3542b748":261,"379c53ab":261,"e396d80d":261,"7da61f27":261,"dc874a97":261,"85a220de":261,"40a7cdd2":261,"ac033c7b":261,"87759976":261,"4df3f62e":261,"c881a53e":261,"80c1c8b1":261,"cf52acd8":261,"a63cb4ce":261,"d3b3492b":261,"7580cfa4":261,"22a96386":261,"5c672b50":261,"5df16440":261,"b666e56d":261,"8db378ff":261,"784d6375":261,"4541bf85":261,"a6b13f20":261,"2459c882":261,"3df97186":261,"ef0490de":261,"e0f47ced":261,"309bbf54":261,"cc537772":261,"6618390c":261,"99cc0813":261,"dc32c4e1":261,"239c636e":261,"6ee160ff":261,"c55d40ca":261,"22c177a8":261,"00ae883f":261,"f416ee62":261,"0d2b182d":261,"320754c3":261,"232b2f64":261,"3171b6e7":261,"3b25460f":261,"d2064756":261,"f7ffcbb8":261,"5728f934":261,"00b26865":261,"c333337d":261,"815c56bc":261,"5bd61a68":261,"8582c5cf":261,"0c353665":261,"231e8700":261,"1f9fbd85":261,"43f24679":261,"a1c0dfc4":261,"78f71162":261,"4b27a9a4":261,"163f4d19":261,"1d043d5a":261,"b2f82e06":261,"5b0b43e6":261,"b5474d69":261,"5a938eeb":261,"4fe0dedf":261,"951fc6d0":261,"61892a4c":261,"f096219e":261,"a3f0a6ec":261,"01051f84":261,"aa7e370d":261,"f995eeab":261,"4006e709":261,"0dedf63e":261,"a9d5374b":261,"4321f02d":261,"089b3f8f":261,"7698d0dc":261,"784414ce":261,"2df3efdb":261,"d0f1b7bd":261,"e7799883":261,"4f9456cf":261,"6e260ee8":261,"f4f84279":261,"b0950de5":261,"6f873999":261,"1f4e0e22":261,"60d69311":261,"3b09f1de":261,"b371f44a":261,"8b6180ff":261,"8819ac24":261,"dbbf7f69":261,"a8edfe84":261,"2ed19b1e":261,"959e16ea":261,"02f76c64":261,"5c6d1f33":261,"b4801cae":261,"c3c2fd05":261,"f8c97147":261,"c2526ff3":261,"cc386067":261,"a22ffd8f":261,"dfe4a061":261,"c2bf7d51":261,"781afef6":261,"de9229a0":261,"99a5feef":261,"f6266388":261,"e64fd39c":261,"e1b3ce36":261,"625fa164":261,"0c6ae551":261,"3cd28a4d":261,"44a12c31":261,"45a961ca":261,"5ca978fd":261,"668e601b":261,"7552d86c":261,"02ebf3b6":261,"bb17a968":261,"4abcb85d":261,"cba26072":261,"2a718dcc":261,"c6a9a8e1":261,"88854fd0":261,"8dc27d2a":261,"41d7f05d":261,"2b851827":261,"9f428a03":261,"4d504d96":261,"0533ece1":261,"bcee2ef3":261,"0afba00c":261,"04ff8100":261,"6c00d8d6":261,"ac9a02bc":261,"acfe69ed":261,"426603ff":261,"2db2f252":261,"2e84193b":261,"c55683c9":261,"51233daf":261,"02791635":261,"be081247":261,"5cc47d1b":261,"678b846f":261,"b4bd39d8":261,"b4cdbe5d":261,"e8f4c1dd":261,"cede8b8c":261,"ad95ff4a":261,"893a99c5":261,"d8bf32b5":261,"0eb42efe":261,"03c4ab87":261,"4e3d3af7":261,"3a4803a8":261,"f7a7de5d":261,"d4e56c3e":261,"0c045c2d":261,"8efd4801":261,"7eb8f268":261,"20236d3e":261,"36ae8cd8":261,"3ddd5391":261,"07f69c6d":261,"2254f0f5":261,"ea282e84":261,"6653c83b":261,"c896052c":261,"287ecd1c":261,"f9376d3e":261,"07a94e8c":261,"bb017b49":261,"37b52fe4":261,"61ad1519":261,"819c4185":261,"ba69b06b":261,"7d2a2cb4":261,"4f62491c":261,"70b4c438":261,"71ed93db":261,"c92efaa8":261,"c241ac7e":261,"fa0386f3":261,"b95d0f17":261,"cee9c347":261,"62a45672":261,"210e507a":261,"ac6e268b":261,"742238e8":261,"7800e7ce":262,"77869ff0":262,"4b8f7b16":262,"89f75690":262,"cb363e2f":262,"cd802f02":262,"d3cca7eb":262,"e866a899":262,"5690e712":262,"0b92d2a9":262,"070bed95":262,"67e5d108":262,"3d37b94b":262,"842c97c2":262,"c4cef92b":262,"0eecdc5b":262,"b7e495ea":262,"45ec63c0":262,"0ddfde2c":262,"a8b41774":262,"81f0da2d":262,"1fcc8ba4":262,"75a9c117":262,"12ba54ec":262,"be391c1a":262,"37d8a5b7":262,"d5ab81c4":262,"2ecde685":262,"f0bd52d3":262,"dcc20f76":262,"666a8ef0":262,"c5b609f1":262,"4dc5849a":262,"d605c755":262,"8a8c1d67":262,"cc6b3306":262,"8c2dfd9a":262,"f11267b9":262,"a483b15e":262,"f80ab49d":262,"95eaed39":262,"a5ba0ebb":262,"f53362a9":262,"1901ef7e":262,"960c2e6b":262,"3515e999":262,"d11f8f1b":262,"9d9eb027":262,"325f9a29":262,"503aafe5":262,"080d5d42":262,"5d03f5dc":262,"f0a01341":262,"1ee4d9f9":262,"0d6e45e7":262,"0da97151":262,"18c73816":262,"e491161e":262,"b5087677":262,"16f60bed":262,"cb0c3481":262,"7664512c":262,"df9a53b8":262,"f6c27b2b":262,"945f6c24":262,"f1daea7e":262,"b8fb90e3":262,"56227e35":262,"0d6bf22a":262,"b87321d0":262,"43205b5d":262,"8982905a":262,"f6fe1ad7":262,"230064fa":262,"764e0abb":262,"bba6d88e":262,"ea3479ec":262,"e829038c":262,"4987cfb5":262,"ba90687c":262,"77f2cf92":262,"037e2be4":262,"9e7dbd20":262,"0c086273":262,"ac13c3b0":262,"b4d9c57f":262,"5d53c964":262,"8ee9cc91":262,"4cc0af91":262,"55f6a2ba":262,"9559ea96":262,"9cb044bf":262,"16b25add":262,"80ee333e":262,"3b329af2":262,"1cd662bf":262,"72992b35":262,"47589344":262,"593b1533":262,"e9f6e5ce":262,"ed6bead5":262,"96f594b9":262,"94dfcfc5":262,"8301986e":262,"830ecfec":262,"a8bae791":262,"312009ee":262,"c98759fd":262,"e8b6d676":262,"45ee5840":262,"76f04033":262,"43480b19":262,"fd955858":262,"69798d15":262,"32266fa3":262,"50b090c3":262,"8be24763":262,"eb4800b2":262,"6e0ce9dc":262,"87d9bec4":262,"e30dfa0c":262,"6da34174":262,"bfb849fa":262,"0a10b423":262,"9ef7cee7":262,"49f1a0d1":262,"5f04aa76":262,"ba297382":262,"0287db2a":262,"96abe4a9":262,"753b10b1":262,"cf14bd99":262,"782022f4":262,"322e833f":262,"ab3619e4":262,"106006ad":262,"c8237be9":262,"1416e8f5":262,"dde2eed5":262,"a208caa8":262,"16605353":262,"77b39e15":262,"f1726edb":262,"efea71fa":262,"fb3aa867":262,"c9cf710b":262,"fcacdeb3":262,"0ea055ed":262,"e3b1bdf8":262,"644b45fb":262,"b12cbf87":262,"81942d9b":262,"699b90c1":262,"d9b5a7a8":262,"1e7914d2":262,"e5d8fdb2":262,"3412ab75":262,"bcac5daf":262,"62d028cc":262,"0af2cf39":262,"27491297":262,"d041ea86":262,"1eda11b2":262,"fc442678":262,"d5d94481":262,"ffe48500":262,"c7a45a33":262,"faffe099":262,"e99490cd":262,"3b830769":262,"583f0305":262,"1557c50a":262,"249e80ab":262,"f52a3d94":262,"eb74d3dd":262,"3bcbc28d":262,"3c0455e7":262,"df203c79":262,"df1e1ac0":262,"491708eb":262,"e421caaa":262,"2d2ecf27":262,"d38a4953":262,"eba5efdd":262,"a5463f93":262,"c85ac4f8":262,"bc253f4f":262,"0d9d2bf8":262,"846b7f11":262,"d3411467":262,"1df0ce7f":262,"a08171d0":262,"c8bc5677":262,"dfca0518":262,"b9a21017":262,"e47705d3":262,"3cae4115":262,"0ccf4731":262,"c7c6782d":262,"54346574":262,"92b72493":262,"d3e58903":262,"4481c4be":262,"7954891b":262,"4afd60a9":262,"d44c0ea3":262,"68f87858":262,"533bac6b":262,"41634dba":262,"43fd1327":262,"113e7f4b":262,"8cce569a":262,"ce6401b6":262,"6f57824c":262,"28bd7aa1":262,"1d52fb0d":262,"cde0d748":262,"535ed444":262,"710f0d0e":262,"0905f1fb":262,"a20e529c":262,"1ae76fcc":262,"35b161d3":262,"344cd1a3":262,"77ea1236":262,"96d2a118":262,"23a0e41f":262,"b32a1080":262,"a2c4b591":262,"6dfa57be":262,"1854ce44":262,"f92b22f1":262,"ece12664":262,"36f4ecde":262,"568a0d58":262,"5fd569d2":262,"10c8fd03":262,"bd4ccb49":262,"e773d697":262,"7e8c11e7":262,"077eb15a":262,"5337c279":262,"8d256cb6":262,"7021c619":262,"32ae00db":262,"bf2defb2":262,"bc733a28":262,"30d32d34":262,"886c16d3":262,"e8d09b62":262,"590ce3d3":262,"1802d7ce":262,"0a49914b":262,"5d3f5cad":262,"cf347cba":262,"fc0c23f7":262,"641f9b9e":262,"c92edec5":262,"9f03c1e7":262,"06c24a8d":262,"2f35e75f":262,"3eddf7c8":262,"77970f8b":262,"efd594d5":262,"4718294d":262,"5352cf45":262,"e0ffe8ff":262,"ae14d6b5":262,"721f5f42":262,"0b50bca6":262,"bf2ca266":262,"5d8d9641":262,"0de67c6c":262,"2311399f":262,"5e3ebf5e":262,"9f6ca218":262,"6213799d":262,"44cb1fd2":262,"baf19c25":262,"24a79a6e":262,"edde30af":262,"4d949e11":262,"df12f689":262,"1da10cbf":262,"832c48e4":262,"dc90a44c":262,"1ad7c45b":262,"5566c17c":262,"86a22252":262,"0000dece":262,"ce5efdbe":262,"58ace2b5":262,"d379fd96":262,"7b819458":262,"7f8024cd":262,"ae562513":262,"7b66dacd":262,"9ab137d7":262,"7191d1cd":262,"5b09e53e":262
1601327408933,"da5bb0f7":262,"6d925c84":262,"50b23ab2":262,"edfa56d4":262,"899c16eb":262,"41c76041":262,"6bb1fa99":262,"d73ff72e":262,"61c0ca91":262,"d2fda7be":262,"ce20ca3c":262,"1d2d958b":262,"81fb6a01":262,"7f5b27c8":262,"fb3444d9":262,"f05de640":262,"86a68967":262,"56cd4dca":262,"7f469f4c":262,"f92dedfc":262,"355d1489":262,"f96fc1af":262,"06713bac":262,"61aca924":262,"d97fb857":262,"59ff5ec6":262,"005354dd":262,"3b3569f6":262,"b01ab62a":262,"76da16fa":262,"bffee581":262,"07150038":262,"ef04e64e":262,"6e2d04de":262,"2fca1798":262,"05028839":262,"5488826c":262,"84fff5c1":262,"c649992d":262,"d5ad3ed6":262,"8e5f7187":262,"55ba7579":262,"b7769ca6":262,"9c27de51":262,"38a75b48":262,"1792bfa3":262,"426f1904":262,"7c0f1ca9":262,"b2f820ac":262,"25d4f65d":262,"eddb6a2a":262,"ff8a00aa":262,"c146560b":262,"985068e7":262,"d543ba6f":262,"080fa362":262,"7b6945ad":262,"a40d08e1":262,"cec79bc2":262,"d2eff358":262,"e70aebb5":262,"a488b2f1":262,"4caa87d6":262,"f7076e21":262,"69e653b6":262,"98d2991b":262,"3b411d6a":262,"83826ef3":262,"595609d5":262,"b47f1b89":262,"8e6caf71":262,"9a3433b8":262,"b89112cb":262,"66736d5e":262,"30de89a7":262,"06aaa33f":262,"320c65bf":262,"1fa1e7c2":262,"646af2b9":262,"659389ad":262,"240c8679":262,"0718c3be":262,"8b503f7b":262,"87a8523c":262,"c416baa6":262,"ae350a07":262,"680a32a6":262,"83ba647d":262,"cb0bd6b7":262,"8e426e39":262,"51909df8":262,"e22b0973":262,"23646ff9":262,"3abb827b":262,"0c73c293":262,"88929b06":262,"08c4692e":262,"5b2479ef":262,"1d882c36":262,"eb62e8f2":262,"f1e86522":262,"fa03f48f":262,"5298dafa":262,"25f7f918":262,"c5311ebb":262,"105bb3f6":262,"58de5462":262,"f01c896d":262,"1f2670d0":262,"962c9c8f":262,"aec0bf28":262,"a017a323":262,"8801c469":262,"b6281f1a":262,"48c6df81":262,"5e165f43":262,"f8785b71":262,"ab4a411a":262,"d7a4b24c":262,"686d5c0b":262,"f15eb1c5":262,"71789493":262,"5ac72353":262,"d1b14d06":262,"f6c074a7":262,"ffd6849d":262,"962fca02":262,"75968179":262,"bc8bdc23":262,"a71f3f70":262,"1f7aa83c":262,"732d62ee":262,"d4b0751c":262,"5b01444b":262,"79995b62":262,"97160db8":262,"589f0d6e":262,"51b4016a":262,"46bf9112":262,"092ad3d6":262,"bf940089":262,"01f34f98":262,"1670b0d3":262,"ec97d63e":262,"94208a41":262,"2cbcad17":262,"4dccb5ca":262,"83268abf":262,"578c4c95":262,"c606b472":262,"808bc372":262,"c792a7c1":262,"5a7da061":262,"06a94514":262,"73c420df":262,"0700da70":262,"ff591765":262,"93f12198":262,"62e270e5":262,"66b1b6d7":262,"b062adc4":262,"4aae5133":262,"63a3af32":262,"3fec4b0b":262,"faa3de3e":262,"44983d13":262,"80999122":262,"72af9198":262,"e39e9552":262,"81c1b70d":262,"e72f0f82":262,"88374b72":262,"fdfaf1ed":262,"ea981bed":262,"5e197575":262,"e587c4d0":262,"525b2635":262,"caa38a45":262,"a9987a58":262,"b6b8e5c7":262,"e82177d3":262,"89914b94":262,"04bdf5e1":262,"da8b42be":262,"3b0576bf":262,"9458934f":262,"1dcc489c":262,"945badf3":262,"1327775b":262,"bdd40125":262,"75fd47f7":262,"1c52a07e":262,"e70ccc25":262,"afd1494f":262,"ca6bffd3":262,"829c44a4":262,"e76e2617":262,"2b4fd52e":262,"57162572":262,"d1d50cfe":262,"272e7d0d":262,"f92596ee":262,"68831ea9":262,"9713d076":262,"fd098272":262,"6ee788a7":262,"8249641d":262,"45b0968f":262,"6a9bb182":262,"1f1afd4f":262,"9666b973":262,"653b27c7":262,"83b37fd6":262,"4d852788":262,"e43a9448":262,"3542b748":262,"379c53ab":262,"e396d80d":262,"7da61f27":262,"dc874a97":262,"85a220de":262,"40a7cdd2":262,"ac033c7b":262,"87759976":262,"4df3f62e":262,"c881a53e":262,"80c1c8b1":262,"cf52acd8":262,"a63cb4ce":262,"d3b3492b":262,"7580cfa4":262,"22a96386":262,"5c672b50":262,"5df16440":262,"b666e56d":262,"8db378ff":262,"784d6375":262,"4541bf85":262,"a6b13f20":262,"2459c882":262,"3df97186":262,"ef0490de":262,"e0f47ced":262,"309bbf54":262,"cc537772":262,"25fb8826":262,"0dc5da58":262,"2874a625":262,"e61ae828":262,"f7ac3883":262,"ccd01528":262,"dab8cf68":262,"00f2a9cb":262,"916fe082":262,"b64dba8e":262,"c3bb30ce":262,"86219c70":262,"601990d8":262,"5c662c19":262,"d2a5d2fd":262,"89d220c2":262,"3e10c9cb":262,"5500a3e8":262,"3c0e87ac":262,"a891461f":262,"a246cdab":262,"117c7f0b":262,"0d21cf99":262,"14e6fe14":262,"37ec5e73":262,"bfff7913":262,"f8636899":262,"37724339":262,"d45d9727":262,"ee5ff2a3":262,"44322dfd":262,"295e4d1d":262,"8cf6570a":262,"403064a0":262,"312af46e":262,"b5a9f8c3":262,"fcbc0ae8":262,"2ff6b6a8":262,"6618390c":262,"99cc0813":262,"dc32c4e1":262,"239c636e":262,"6ee160ff":262,"c55d40ca":262,"22c177a8":262,"00ae883f":262,"f416ee62":262,"0d2b182d":262,"320754c3":262,"232b2f64":262,"3171b6e7":262,"3b25460f":262,"d2064756":262,"66a71cc1":262,"bf4b58e4":262,"f7ffcbb8":262,"5728f934":262,"00b26865":262,"c333337d":262,"815c56bc":262,"5bd61a68":262,"8582c5cf":262,"0c353665":262,"231e8700":262,"1f9fbd85":262,"43f24679":262,"a1c0dfc4":262,"78f71162":262,"4b27a9a4":262,"163f4d19":262,"1d043d5a":262,"b2f82e06":262,"5b0b43e6":262,"b5474d69":262,"5a938eeb":262,"4fe0dedf":262,"951fc6d0":262,"61892a4c":262,"f096219e":262,"a3f0a6ec":262,"01051f84":262,"aa7e370d":262,"f995eeab":262,"4006e709":262,"0dedf63e":262,"a9d5374b":262,"4321f02d":262,"089b3f8f":262,"7698d0dc":262,"784414ce":262,"2df3efdb":262,"d0f1b7bd":262,"e7799883":262,"4f9456cf":262,"6e260ee8":262,"f4f84279":262,"b0950de5":262,"6f873999":262,"1f4e0e22":262,"60d69311":262,"3b09f1de":262,"b371f44a":262,"8b6180ff":262,"8819ac24":262,"dbbf7f69":262,"a8edfe84":262,"2ed19b1e":262,"959e16ea":262,"02f76c64":262,"5c6d1f33":262,"b4801cae":262,"c3c2fd05":262,"f8c97147":262,"c2526ff3":262,"cc386067":262,"a22ffd8f":262,"3cd28a4d":262,"44a12c31":262,"45a961ca":262,"5ca978fd":262,"668e601b":262,"7552d86c":262,"02ebf3b6":262,"bb17a968":262,"4abcb85d":262,"dfe4a061":262,"c2bf7d51":262,"781afef6":262,"de9229a0":262,"99a5feef":262,"f6266388":262,"e64fd39c":262,"e1b3ce36":262,"625fa164":262,"0c6ae551":262,"e8f4c1dd":262,"cede8b8c":262,"ad95ff4a":262,"893a99c5":262,"d8bf32b5":262,"0eb42efe":262,"03c4ab87":262,"4e3d3af7":262,"3a4803a8":262,"f7a7de5d":262,"d4e56c3e":262,"cba26072":262,"2a718dcc":262,"c6a9a8e1":262,"88854fd0":262,"8dc27d2a":262,"41d7f05d":262,"2b851827":262,"9f428a03":262,"4d504d96":262,"0533ece1":262,"bcee2ef3":262,"0afba00c":262,"04ff8100":262,"6c00d8d6":262,"ac9a02bc":262,"acfe69ed":262,"426603ff":262,"2db2f252":262,"2e84193b":262,"c55683c9":262,"51233daf":262,"02791635":262,"be081247":262,"5cc47d1b":262,"678b846f":262,"b4bd39d8":262,"b4cdbe5d":262,"fa0386f3":262,"b95d0f17":262,"cee9c347":262,"0c045c2d":262,"8efd4801":262,"7eb8f268":262,"20236d3e":262,"36ae8cd8":262,"3ddd5391":262,"07f69c6d":262,"2254f0f5":262,"ea282e84":262,"6653c83b":262,"c896052c":262,"287ecd1c":262,"f9376d3e":262,"07a94e8c":262,"bb017b49":262,"37b52fe4":262,"61ad1519":262,"819c4185":262,"ba69b06b":262,"7d2a2cb4":262,"4f62491c":262,"70b4c438":262,"71ed93db":262,"c92efaa8":262,"c241ac7e":262,"62a45672":262,"210e507a":262,"ac6e268b":262,"742238e8":262,"7800e7ce":263,"77869ff0":263,"4b8f7b16":263,"89f75690":263,"cb363e2f":263,"cd802f02":263,"d3cca7eb":263,"e866a899":263,"5690e712":263,"0b92d2a9":263,"070bed95":263,"67e5d108":263,"3d37b94b":263,"842c97c2":263,"c4cef92b":263,"0eecdc5b":263,"b7e495ea":263,"45ec63c0":263,"0ddfde2c":263,"a8b41774":263,"81f0da2d":263,"1fcc8ba4":263,"75a9c117":263,"12ba54ec":263,"be391c1a":263,"37d8a5b7":263,"d5ab81c4":263,"2ecde685":263,"f0bd52d3":263,"dcc20f76":263,"666a8ef0":263,"c5b609f1":263,"4dc5849a":263,"d605c755":263,"8a8c1d67":263,"cc6b3306":263,"8c2dfd9a":263,"d5d94481":263,"ffe48500":263,"c7a45a33":263,"faffe099":263,"e99490cd":263,"3b830769":263,"583f0305":263,"f11267b9":263,"a483b15e":263,"f80ab49d":263,"95eaed39":263,"a5ba0ebb":263,"f53362a9":263,"1901ef7e":263,"960c2e6b":263,"3515e999":263,"d11f8f1b":263,"9d9eb027":263,"325f9a29":263,"503aafe5":263,"1557c50a":263,"249e80ab":263,"f52a3d94":263,"eb74d3dd":263,"3bcbc28d":263,"3c0455e7":263,"df203c79":263,"df1e1ac0":263,"491708eb":263,"e421caaa":263,"2d2ecf27":263,"d38a4953":263,"eba5efdd":263,"a5463f93":263,"c85ac4f8":263,"bc253f4f":263,"0d9d2bf8":263,"846b7f11":263,"d3411467":263,"1df0ce7f":263,"a08171d0":263,"c8bc5677":263,"dfca0518":263,"080d5d42":263,"5d03f5dc":263,"f0a01341":263,"1ee4d9f9":263,"0d6e45e7":263,"0da97151":263,"b9a21017":263,"e47705d3":263,"3cae4115":263,"0ccf4731":263,"c7c6782d":263,"54346574":263,"b12cbf87":263,"81942d9b":263,"699b90c1":263,"d9b5a7a8":263,"1e7914d2":263,"e5d8fdb2":263,"3412ab75":263,"bcac5daf":263,"62d028cc":263,"0af2cf39":263,"27491297":263,"d041ea86":263,"1eda11b2":263,"fc442678":263,"e829038c":263,"4987cfb5":263,"ba90687c":263,"77f2cf92":263,"037e2be4":263,"9e7dbd20":263,"0c086273":263,"ac13c3b0":263,"b4d9c57f":263,"5d53c964":263,"8ee9cc91":263,"4cc0af91":263,"55f6a2ba":263,"9559ea96":263,"9cb044bf":263,"16b25add":263,"80ee333e":263,"3b329af2":263,"1cd662bf":263,"72992b35":263,"47589344":263,"593b1533":263,"e9f6e5ce":263,"ed6bead5":263,"96f594b9":263,"94dfcfc5":263,"8301986e":263,"830ecfec":263,"a8bae791":263,"312009ee":263,"c98759fd":263,"e8b6d676":263,"45ee5840":263,"76f04033":263,"43480b19":263,"fd955858":263,"69798d15":263,"18c73816":263,"e491161e":263,"b5087677":263,"16f60bed":263,"cb0c3481":263,"7664512c":263,"df9a53b8":263,"f6c27b2b":263,"efea71fa":263,"fb3aa867":263,"c9cf710b":263,"fcacdeb3":263,"0ea055ed":263,"e3b1bdf8":263,"644b45fb":263,"945f6c24":263,"f1daea7e":263,"b8fb90e3":263,"56227e35":263,"0d6bf22a":263,"b87321d0":263,"43205b5d":263,"8982905a":263,"f6fe1ad7":263,"230064fa":263,"764e0abb":263,"bba6d88e":263,"ea3479ec":263,"32266fa3":263,"50b090c3":263,"8be24763":263,"eb4800b2":263,"6e0ce9dc":263,"87d9bec4":263,"e30dfa0c":263,"6da34174":263,"bfb849fa":263,"0a10b423":263,"9ef7cee7":263,"49f1a0d1":263,"5f04aa76":263,"ba297382":263,"0287db2a":263,"96abe4a9":263,"753b10b1":263,"cf14bd99":263,"782022f4":263,"322e833f":263,"ab3619e4":263,"106006ad":263,"c8237be9":263,"1416e8f5":263,"dde2eed5":263,"a208caa8":263,"16605353":263,"77b39e15":263,"f1726edb":263,"92b72493":263,"d3e58903":263,"4481c4be":263,"7954891b":263,"4afd60a9":263,"d44c0ea3":263,"68f87858":263,"533bac6b":263,"41634dba":263,"43fd1327":263,"113e7f4b":263,"8cce569a":263,"ce6401b6":263,"6f57824c":263,"28bd7aa1":263,"1d52fb0d":263,"cde0d748":263,"535ed444":263,"710f0d0e":263,"0905f1fb":263,"a20e529c":263,"1ae76fcc":263,"35b161d3":263,"344cd1a3":263,"77ea1236":263,"96d2a118":263,"23a0e41f":263,"b32a1080":263,"a2c4b591":263,"6dfa57be":263,"1854ce44":263,"f92b22f1":263,"ece12664":263,"36f4ecde":263,"568a0d58":263,"5fd569d2":263,"10c8fd03":263,"bd4ccb49":263,"e773d697":263,"7e8c11e7":263,"077eb15a":263,"5337c279":263,"8d256cb6":263,"7021c619":263,"32ae00db":263,"bf2defb2":263,"bc733a28":263,"30d32d34":263,"886c16d3":263,"590ce3d3":263,"1802d7ce":263,"0a49914b":263,"5d3f5cad":263,"cf347cba":263,"fc0c23f7":263,"641f9b9e":263,"c92edec5":263,"9f03c1e7":263,"06c24a8d":263,"2f35e75f":263,"3eddf7c8":263,"77970f8b":263,"efd594d5":263,"4718294d":263,"5352cf45":263,"e0ffe8ff":263,"e8d09b62":263,"5b09e53e":263,"da5bb0f7":263,"6d925c84":263,"50b23ab2":263,"edfa56d4":263,"899c16eb":263,"41c76041":263,"6bb1fa99":263,"d73ff72e":263,"61c0ca91":263,"d2fda7be":263,"ce20ca3c":263,"1d2d958b":263,"81fb6a01":263,"7f5b27c8":263,"fb3444d9":263,"f05de640":263,"86a68967":263,"56cd4dca":263,"7f469f4c":263,"f92dedfc":263,"355d1489":263,"f96fc1af":263,"06713bac":263,"61aca924":263,"d97fb857":263,"59ff5ec6":263,"ef04e64e":263,"6e2d04de":263,"2fca1798":263,"05028839":263,"5488826c":263,"84fff5c1":263,"c649992d":263,"d5ad3ed6":263,"8e5f7187":263,"55ba7579":263,"b7769ca6":263,"9c27de51":263,"3b3569f6":263,"b01ab62a":263,"76da16fa":263,"bffee581":263,"07150038":263,"080fa362":263,"7b6945ad":263,"a40d08e1":263,"cec79bc2":263,"d2eff358":263,"e70aebb5":263,"a488b2f1":263,"4caa87d6":263,"f7076e21":263,"69e653b6":263,"98d2991b":263,"3b411d6a":263,"83826ef3":263,"595609d5":263,"38a75b48":263,"1792bfa3":263,"426f1904":263,"7c0f1ca9":263,"b2f820ac":263,"25d4f65d":263,"eddb6a2a":263,"ff8a00aa":263,"c146560b":263,"985068e7":263,"d543ba6f":263,"b47f1b89":263,"8e6caf71":263,"9a3433b8":263,"ae14d6b5":263,"721f5f42":263,"0b50bca6":263,"bf2ca266":263,"5d8d9641":263,"0de67c6c":263,"2311399f":263,"5e3ebf5e":263,"9f6ca218":263,"6213799d":263,"44cb1fd2":263,"baf19c25":263,"24a79a6e":263,"edde30af":263,"4d949e11":263,"df12f689":263,"1da10cbf":263,"832c48e4":263,"dc90a44c":263,"1ad7c45b":263,"5566c17c":263,"86a22252":263,"0000dece":263,"ce5efdbe":263,"58ace2b5":263,"d379fd96":263,"7b819458":263,"7f8024cd":263,"ae562513":263,"7b66dacd":263,"9ab137d7":263,"7191d1cd":263,"005354dd":263,"b89112cb":263,"66736d5e":263,"30de89a7":263,"06aaa33f":263,"320c65bf":263,"1fa1e7c2":263,"646af2b9":263,"659389ad":263,"240c8679":263,"0718c3be":263,"8b503f7b":263,"87a8523c":263,"c416baa6":263,"ae350a07":263,"680a32a6":263,"83ba647d":263,"cb0bd6b7":263,"8e426e39":263,"51909df8":263,"e22b0973":263,"23646ff9":263,"3abb827b":263,"0c73c293":263,"88929b06":263,"08c4692e":263,"5b2479ef":263,"1d882c36":263,"eb62e8f2":263,"f1e86522":263,"fa03f48f":263,"5298dafa":263,"25f7f918":263,"c5311ebb":263,"105bb3f6":263,"58de5462":263,"f01c896d":263,"1f2670d0":263,"962c9c8f":263,"aec0bf28":263,"a017a323":263,"8801c469":263,"b6281f1a":263,"48c6df81":263,"5e165f43":263,"f8785b71":263,"ab4a411a":263,"d7a4b24c":263,"686d5c0b":263,"f15eb1c5":263,"71789493":263,"5ac72353":263,"d1b14d06":263,"f6c074a7":263,"ffd6849d":263,"962fca02":263,"75968179":263,"bc8bdc23":263
1601327409174,"a71f3f70":263,"1f7aa83c":263,"732d62ee":263,"d4b0751c":263,"5b01444b":263,"79995b62":263,"97160db8":263,"589f0d6e":263,"51b4016a":263,"46bf9112":263,"092ad3d6":263,"bf940089":263,"01f34f98":263,"1670b0d3":263,"ec97d63e":263,"94208a41":263,"272e7d0d":263,"f92596ee":263,"68831ea9":263,"9713d076":263,"fd098272":263,"6ee788a7":263,"8249641d":263,"45b0968f":263,"6a9bb182":263,"1f1afd4f":263,"25fb8826":263,"0dc5da58":263,"2874a625":263,"e61ae828":263,"f7ac3883":263,"ccd01528":263,"dab8cf68":263,"00f2a9cb":263,"916fe082":263,"b64dba8e":263,"c3bb30ce":263,"86219c70":263,"601990d8":263,"5c662c19":263,"d2a5d2fd":263,"89d220c2":263,"3e10c9cb":263,"9666b973":263,"653b27c7":263,"83b37fd6":263,"4d852788":263,"e43a9448":263,"3542b748":263,"379c53ab":263,"e396d80d":263,"7da61f27":263,"dc874a97":263,"5500a3e8":263,"3c0e87ac":263,"a891461f":263,"a246cdab":263,"117c7f0b":263,"0d21cf99":263,"14e6fe14":263,"37ec5e73":263,"bfff7913":263,"f8636899":263,"37724339":263,"d45d9727":263,"ee5ff2a3":263,"44322dfd":263,"295e4d1d":263,"8cf6570a":263,"403064a0":263,"312af46e":263,"b5a9f8c3":263,"fcbc0ae8":263,"2ff6b6a8":263,"66a71cc1":263,"bf4b58e4":263,"f7ffcbb8":263,"5728f934":263,"00b26865":263,"c333337d":263,"815c56bc":263,"5bd61a68":263,"8582c5cf":263,"0c353665":263,"231e8700":263,"1f9fbd85":263,"43f24679":263,"a1c0dfc4":263,"78f71162":263,"4b27a9a4":263,"163f4d19":263,"1d043d5a":263,"b2f82e06":263,"5b0b43e6":263,"b5474d69":263,"5a938eeb":263,"4fe0dedf":263,"951fc6d0":263,"61892a4c":263,"f096219e":263,"a3f0a6ec":263,"01051f84":263,"aa7e370d":263,"f995eeab":263,"85a220de":263,"40a7cdd2":263,"ac033c7b":263,"87759976":263,"4df3f62e":263,"c881a53e":263,"80c1c8b1":263,"cf52acd8":263,"a63cb4ce":263,"d3b3492b":263,"7580cfa4":263,"22a96386":263,"5c672b50":263,"5df16440":263,"b666e56d":263,"8db378ff":263,"784d6375":263,"4541bf85":263,"a6b13f20":263,"2459c882":263,"3df97186":263,"ef0490de":263,"e0f47ced":263,"309bbf54":263,"cc537772":263,"6618390c":263,"99cc0813":263,"dc32c4e1":263,"239c636e":263,"6ee160ff":263,"c55d40ca":263,"22c177a8":263,"00ae883f":263,"f416ee62":263,"0d2b182d":263,"320754c3":263,"a8edfe84":263,"2ed19b1e":263,"232b2f64":263,"3171b6e7":263,"3b25460f":263,"d2064756":263,"959e16ea":263,"02f76c64":263,"5c6d1f33":263,"b4801cae":263,"4006e709":263,"0dedf63e":263,"a9d5374b":263,"4321f02d":263,"089b3f8f":263,"7698d0dc":263,"784414ce":263,"2df3efdb":263,"d0f1b7bd":263,"e7799883":263,"4f9456cf":263,"6e260ee8":263,"f4f84279":263,"b0950de5":263,"6f873999":263,"1f4e0e22":263,"60d69311":263,"3b09f1de":263,"b371f44a":263,"8b6180ff":263,"8819ac24":263,"dbbf7f69":263,"c3c2fd05":263,"f8c97147":263,"c2526ff3":263,"cc386067":263,"a22ffd8f":263,"3cd28a4d":263,"44a12c31":263,"45a961ca":263,"5ca978fd":263,"668e601b":263,"7552d86c":263,"02ebf3b6":263,"bb17a968":263,"4abcb85d":263,"cba26072":263,"2a718dcc":263,"c6a9a8e1":263,"88854fd0":263,"8dc27d2a":263,"41d7f05d":263,"2b851827":263,"9f428a03":263,"4d504d96":263,"0533ece1":263,"bcee2ef3":263,"2cbcad17":263,"4dccb5ca":263,"83268abf":263,"578c4c95":263,"c606b472":263,"808bc372":263,"c792a7c1":263,"5a7da061":263,"0afba00c":263,"bdd40125":263,"75fd47f7":263,"1c52a07e":263,"e70ccc25":263,"afd1494f":263,"ca6bffd3":263,"829c44a4":263,"e76e2617":263,"2b4fd52e":263,"57162572":263,"d1d50cfe":263,"04ff8100":263,"6c00d8d6":263,"ac9a02bc":263,"acfe69ed":263,"06a94514":263,"73c420df":263,"0700da70":263,"ff591765":263,"93f12198":263,"62e270e5":263,"66b1b6d7":263,"b062adc4":263,"4aae5133":263,"63a3af32":263,"3fec4b0b":263,"faa3de3e":263,"44983d13":263,"80999122":263,"72af9198":263,"e39e9552":263,"81c1b70d":263,"e72f0f82":263,"88374b72":263,"fdfaf1ed":263,"ea981bed":263,"5e197575":263,"e587c4d0":263,"525b2635":263,"caa38a45":263,"a9987a58":263,"b6b8e5c7":263,"e82177d3":263,"89914b94":263,"04bdf5e1":263,"da8b42be":263,"3b0576bf":263,"9458934f":263,"1dcc489c":263,"945badf3":263,"1327775b":263,"426603ff":263,"2db2f252":263,"2e84193b":263,"c55683c9":263,"51233daf":263,"02791635":263,"dfe4a061":263,"c2bf7d51":263,"781afef6":263,"de9229a0":263,"99a5feef":263,"f6266388":263,"e64fd39c":263,"e1b3ce36":263,"625fa164":263,"0c6ae551":263,"e8f4c1dd":263,"cede8b8c":263,"ad95ff4a":263,"893a99c5":263,"d8bf32b5":263,"0eb42efe":263,"03c4ab87":263,"4e3d3af7":263,"3a4803a8":263,"f7a7de5d":263,"d4e56c3e":263,"0c045c2d":263,"8efd4801":263,"7eb8f268":263,"20236d3e":263,"36ae8cd8":263,"be081247":263,"5cc47d1b":263,"678b846f":263,"b4bd39d8":263,"b4cdbe5d":263,"fa0386f3":263,"b95d0f17":263,"cee9c347":263,"3ddd5391":263,"07f69c6d":263,"2254f0f5":263,"ea282e84":263,"6653c83b":263,"c896052c":263,"287ecd1c":263,"f9376d3e":263,"07a94e8c":263,"bb017b49":263,"37b52fe4":263,"61ad1519":263,"819c4185":263,"ba69b06b":263,"7d2a2cb4":263,"4f62491c":263,"70b4c438":263,"71ed93db":263,"c92efaa8":263,"c241ac7e":263,"62a45672":263,"210e507a":263,"ac6e268b":263,"742238e8":263,"7800e7ce":264,"77869ff0":264,"4b8f7b16":264,"89f75690":264,"cb363e2f":264,"cd802f02":264,"d3cca7eb":264,"e866a899":264,"5690e712":264,"0b92d2a9":264,"070bed95":264,"67e5d108":264,"3d37b94b":264,"842c97c2":264,"c4cef92b":264,"0eecdc5b":264,"b7e495ea":264,"45ec63c0":264,"0ddfde2c":264,"a8b41774":264,"81f0da2d":264,"1fcc8ba4":264,"75a9c117":264,"12ba54ec":264,"be391c1a":264,"37d8a5b7":264,"d5ab81c4":264,"2ecde685":264,"f0bd52d3":264,"dcc20f76":264,"666a8ef0":264,"c5b609f1":264,"4dc5849a":264,"d605c755":264,"8a8c1d67":264,"cc6b3306":264,"8c2dfd9a":264,"f11267b9":264,"a483b15e":264,"f80ab49d":264,"95eaed39":264,"a5ba0ebb":264,"f53362a9":264,"1901ef7e":264,"960c2e6b":264,"3515e999":264,"d11f8f1b":264,"9d9eb027":264,"325f9a29":264,"503aafe5":264
1601327410133,"080d5d42":264,"5d03f5dc":264,"f0a01341":264,"1ee4d9f9":264,"0d6e45e7":264,"0da97151":264,"e829038c":264,"4987cfb5":264,"ba90687c":264,"77f2cf92":264,"037e2be4":264,"9e7dbd20":264,"0c086273":264,"ac13c3b0":264,"b4d9c57f":264,"5d53c964":264,"8ee9cc91":264,"4cc0af91":264,"55f6a2ba":264,"9559ea96":264,"9cb044bf":264,"16b25add":264,"80ee333e":264,"3b329af2":264,"1cd662bf":264,"72992b35":264,"47589344":264,"593b1533":264,"e9f6e5ce":264,"ed6bead5":264,"96f594b9":264,"94dfcfc5":264,"8301986e":264,"d5d94481":264,"ffe48500":264,"c7a45a33":264,"faffe099":264,"e99490cd":264,"3b830769":264,"583f0305":264,"1557c50a":264,"249e80ab":264,"f52a3d94":264,"eb74d3dd":264,"3bcbc28d":264,"3c0455e7":264,"df203c79":264,"df1e1ac0":264,"491708eb":264,"e421caaa":264,"2d2ecf27":264,"d38a4953":264,"eba5efdd":264,"a5463f93":264,"c85ac4f8":264,"bc253f4f":264,"0d9d2bf8":264,"846b7f11":264,"d3411467":264,"1df0ce7f":264,"a08171d0":264,"830ecfec":264,"a8bae791":264,"312009ee":264,"c98759fd":264,"e8b6d676":264,"45ee5840":264,"76f04033":264,"43480b19":264,"fd955858":264,"69798d15":264,"efea71fa":264,"fb3aa867":264,"c9cf710b":264,"fcacdeb3":264,"0ea055ed":264,"e3b1bdf8":264,"644b45fb":264,"c8bc5677":264,"dfca0518":264,"b9a21017":264,"e47705d3":264,"3cae4115":264,"0ccf4731":264,"c7c6782d":264,"54346574":264,"b12cbf87":264,"81942d9b":264,"699b90c1":264,"d9b5a7a8":264,"1e7914d2":264,"e5d8fdb2":264,"3412ab75":264,"bcac5daf":264,"62d028cc":264,"0af2cf39":264,"27491297":264,"d041ea86":264,"1eda11b2":264,"fc442678":264,"18c73816":264,"e491161e":264,"b5087677":264,"16f60bed":264,"cb0c3481":264,"7664512c":264,"df9a53b8":264,"f6c27b2b":264,"945f6c24":264,"f1daea7e":264,"b8fb90e3":264,"56227e35":264,"0d6bf22a":264,"b87321d0":264,"43205b5d":264,"8982905a":264,"f6fe1ad7":264,"230064fa":264,"764e0abb":264,"bba6d88e":264,"ea3479ec":264,"32266fa3":264,"50b090c3":264,"8be24763":264,"eb4800b2":264,"6e0ce9dc":264,"87d9bec4":264,"e30dfa0c":264,"6da34174":264,"bfb849fa":264,"0a10b423":264,"9ef7cee7":264,"49f1a0d1":264,"5f04aa76":264,"ba297382":264,"0287db2a":264,"96abe4a9":264,"753b10b1":264,"cf14bd99":264,"782022f4":264,"322e833f":264,"ab3619e4":264,"106006ad":264,"c8237be9":264,"1416e8f5":264,"dde2eed5":264,"a208caa8":264,"16605353":264,"77b39e15":264,"f1726edb":264,"92b72493":264,"d3e58903":264,"4481c4be":264,"7954891b":264,"4afd60a9":264,"d44c0ea3":264,"68f87858":264,"533bac6b":264,"41634dba":264,"43fd1327":264,"113e7f4b":264,"8cce569a":264,"ce6401b6":264,"6f57824c":264,"28bd7aa1":264,"1d52fb0d":264,"cde0d748":264,"535ed444":264,"710f0d0e":264,"0905f1fb":264,"a20e529c":264,"1ae76fcc":264,"35b161d3":264,"344cd1a3":264,"77ea1236":264,"96d2a118":264,"23a0e41f":264,"b32a1080":264,"590ce3d3":264,"1802d7ce":264,"0a49914b":264,"5d3f5cad":264,"cf347cba":264,"fc0c23f7":264,"641f9b9e":264,"c92edec5":264,"9f03c1e7":264,"06c24a8d":264,"2f35e75f":264,"3eddf7c8":264,"77970f8b":264,"efd594d5":264,"4718294d":264,"5352cf45":264,"e0ffe8ff":264,"ae14d6b5":264,"721f5f42":264,"0b50bca6":264,"bf2ca266":264,"5d8d9641":264,"0de67c6c":264,"2311399f":264,"5e3ebf5e":264,"a2c4b591":264,"6dfa57be":264,"1854ce44":264,"f92b22f1":264,"ece12664":264,"36f4ecde":264,"568a0d58":264,"5fd569d2":264,"10c8fd03":264,"bd4ccb49":264,"e773d697":264,"7e8c11e7":264,"077eb15a":264,"5337c279":264,"8d256cb6":264,"7021c619":264,"32ae00db":264,"bf2defb2":264,"bc733a28":264,"30d32d34":264,"886c16d3":264,"e8d09b62":264,"9f6ca218":264,"6213799d":264,"44cb1fd2":264,"baf19c25":264,"24a79a6e":264,"edde30af":264,"4d949e11":264,"df12f689":264,"1da10cbf":264,"832c48e4":264,"dc90a44c":264,"1ad7c45b":264,"5566c17c":264,"86a22252":264,"0000dece":264,"ce5efdbe":264,"58ace2b5":264,"d379fd96":264,"7b819458":264,"7f8024cd":264,"ae562513":264,"7b66dacd":264,"9ab137d7":264,"7191d1cd":264,"005354dd":264,"5b09e53e":264,"da5bb0f7":264,"6d925c84":264,"50b23ab2":264,"edfa56d4":264,"899c16eb":264,"41c76041":264,"6bb1fa99":264,"d73ff72e":264,"61c0ca91":264,"d2fda7be":264,"ce20ca3c":264,"1d2d958b":264,"81fb6a01":264,"7f5b27c8":264,"fb3444d9":264,"f05de640":264,"86a68967":264,"56cd4dca":264,"7f469f4c":264,"f92dedfc":264,"355d1489":264,"f96fc1af":264,"06713bac":264,"61aca924":264,"d97fb857":264,"59ff5ec6":264,"ef04e64e":264,"6e2d04de":264,"2fca1798":264,"05028839":264,"5488826c":264,"84fff5c1":264,"c649992d":264,"d5ad3ed6":264,"8e5f7187":264,"55ba7579":264,"3b3569f6":264,"b01ab62a":264,"76da16fa":264,"bffee581":264,"07150038":264,"080fa362":264,"7b6945ad":264,"a40d08e1":264,"cec79bc2":264,"d2eff358":264,"e70aebb5":264,"a488b2f1":264,"4caa87d6":264,"f7076e21":264,"69e653b6":264,"98d2991b":264,"3b411d6a":264,"83826ef3":264,"595609d5":264,"b47f1b89":264,"8e6caf71":264,"b7769ca6":264,"9c27de51":264,"38a75b48":264,"1792bfa3":264,"426f1904":264,"7c0f1ca9":264,"b2f820ac":264,"25d4f65d":264,"eddb6a2a":264,"ff8a00aa":264,"c146560b":264,"985068e7":264,"d543ba6f":264,"9a3433b8":264,"b89112cb":264,"66736d5e":264,"30de89a7":264,"06aaa33f":264,"320c65bf":264,"1fa1e7c2":264,"646af2b9":264,"659389ad":264,"240c8679":264,"0718c3be":264,"8b503f7b":264,"87a8523c":264,"c416baa6":264,"ae350a07":264,"680a32a6":264,"83ba647d":264,"cb0bd6b7":264,"8e426e39":264,"51909df8":264,"e22b0973":264,"23646ff9":264,"3abb827b":264,"0c73c293":264,"88929b06":264,"08c4692e":264,"5b2479ef":264,"1d882c36":264,"eb62e8f2":264,"f1e86522":264,"fa03f48f":264,"5298dafa":264,"25f7f918":264,"c5311ebb":264,"105bb3f6":264,"58de5462":264,"f01c896d":264,"1f2670d0":264,"962c9c8f":264,"aec0bf28":264,"a017a323":264,"8801c469":264,"b6281f1a":264,"48c6df81":264,"5e165f43":264,"f8785b71":264,"ab4a411a":264,"d7a4b24c":264,"686d5c0b":264,"f15eb1c5":264,"71789493":264,"5ac72353":264,"d1b14d06":264,"f6c074a7":264,"ffd6849d":264,"962fca02":264,"75968179":264,"bc8bdc23":264,"a71f3f70":264,"1f7aa83c":264,"732d62ee":264,"d4b0751c":264,"5b01444b":264,"79995b62":264,"97160db8":264,"589f0d6e":264,"51b4016a":264,"46bf9112":264,"092ad3d6":264,"bf940089":264,"01f34f98":264,"1670b0d3":264,"ec97d63e":264,"94208a41":264,"2cbcad17":264,"4dccb5ca":264,"83268abf":264,"578c4c95":264,"c606b472":264
1601327410650,"808bc372":264,"c792a7c1":264,"5a7da061":264,"06a94514":264,"73c420df":264,"0700da70":264,"ff591765":264,"93f12198":264,"62e270e5":264,"66b1b6d7":264,"b062adc4":264,"4aae5133":264,"63a3af32":264,"3fec4b0b":264,"faa3de3e":264,"44983d13":264,"80999122":264,"72af9198":264,"e39e9552":264,"81c1b70d":264,"e72f0f82":264,"88374b72":264,"fdfaf1ed":264,"ea981bed":264,"5e197575":264,"e587c4d0":264,"525b2635":264,"caa38a45":264,"a9987a58":264,"b6b8e5c7":264,"e82177d3":264,"89914b94":264,"04bdf5e1":264,"da8b42be":264,"3b0576bf":264,"9458934f":264,"1dcc489c":264,"945badf3":264,"1327775b":264,"bdd40125":264,"75fd47f7":264,"1c52a07e":264,"e70ccc25":264,"afd1494f":264,"ca6bffd3":264,"829c44a4":264,"e76e2617":264,"2b4fd52e":264,"57162572":264,"d1d50cfe":264,"9666b973":264,"653b27c7":264,"83b37fd6":264,"4d852788":264,"e43a9448":264,"3542b748":264,"379c53ab":264,"e396d80d":264,"7da61f27":264,"dc874a97":264,"85a220de":264,"40a7cdd2":264,"ac033c7b":264,"87759976":264,"4df3f62e":264,"c881a53e":264,"80c1c8b1":264,"cf52acd8":264,"a63cb4ce":264,"d3b3492b":264,"7580cfa4":264,"22a96386":264,"5c672b50":264,"5df16440":264,"b666e56d":264,"272e7d0d":264,"f92596ee":264,"68831ea9":264,"9713d076":264,"fd098272":264,"6ee788a7":264,"8249641d":264,"45b0968f":264,"6a9bb182":264,"1f1afd4f":264,"25fb8826":264,"0dc5da58":264,"2874a625":264,"e61ae828":264,"f7ac3883":264,"ccd01528":264,"dab8cf68":264,"00f2a9cb":264,"916fe082":264,"b64dba8e":264,"c3bb30ce":264,"86219c70":264,"601990d8":264,"5c662c19":264,"d2a5d2fd":264,"8db378ff":264,"784d6375":264,"4541bf85":264,"a6b13f20":264,"2459c882":264,"3df97186":264,"ef0490de":264,"e0f47ced":264,"309bbf54":264,"cc537772":264,"6618390c":264,"99cc0813":264,"dc32c4e1":264,"239c636e":264,"6ee160ff":264,"c55d40ca":264,"22c177a8":264,"00ae883f":264,"f416ee62":264,"0d2b182d":264,"320754c3":264,"232b2f64":264,"3171b6e7":264,"3b25460f":264,"d2064756":264,"89d220c2":264,"3e10c9cb":264,"5500a3e8":264,"3c0e87ac":264,"a891461f":264,"a246cdab":264,"117c7f0b":264,"0d21cf99":264,"14e6fe14":264,"37ec5e73":264,"bfff7913":264,"f8636899":264,"37724339":264,"d45d9727":264,"ee5ff2a3":264,"44322dfd":264,"295e4d1d":264,"8cf6570a":264,"403064a0":264,"312af46e":264,"b5a9f8c3":264,"fcbc0ae8":264,"2ff6b6a8":264,"66a71cc1":264,"bf4b58e4":264,"f7ffcbb8":264,"5728f934":264,"00b26865":264,"c333337d":264,"815c56bc":264,"5bd61a68":264,"8582c5cf":264,"0c353665":264,"231e8700":264,"1f9fbd85":264,"43f24679":264,"a1c0dfc4":264,"78f71162":264,"4b27a9a4":264,"163f4d19":264,"1d043d5a":264,"b2f82e06":264,"5b0b43e6":264,"b5474d69":264,"5a938eeb":264,"4fe0dedf":264,"951fc6d0":264,"61892a4c":264,"f096219e":264,"a3f0a6ec":264,"01051f84":264,"aa7e370d":264,"f995eeab":264,"4006e709":264,"0dedf63e":264,"a9d5374b":264,"4321f02d":264,"089b3f8f":264,"7698d0dc":264,"784414ce":264,"2df3efdb":264,"d0f1b7bd":264,"e7799883":264,"4f9456cf":264,"6e260ee8":264,"f4f84279":264,"b0950de5":264,"6f873999":264,"1f4e0e22":264,"60d69311":264,"3b09f1de":264,"b371f44a":264,"8b6180ff":264,"8819ac24":264,"dbbf7f69":264,"dfe4a061":264,"c2bf7d51":264,"781afef6":264,"a8edfe84":264,"2ed19b1e":264,"959e16ea":264,"02f76c64":264,"5c6d1f33":264,"b4801cae":264,"c3c2fd05":264,"f8c97147":264,"c2526ff3":264,"cc386067":264,"a22ffd8f":264,"3cd28a4d":264,"44a12c31":264,"45a961ca":264,"5ca978fd":264,"668e601b":264,"de9229a0":264,"99a5feef":264,"f6266388":264,"e64fd39c":264,"e1b3ce36":264,"625fa164":264,"0c6ae551":264,"e8f4c1dd":264,"cede8b8c":264,"ad95ff4a":264,"893a99c5":264,"d8bf32b5":264,"0eb42efe":264,"03c4ab87":264,"4e3d3af7":264,"3a4803a8":264,"f7a7de5d":264,"d4e56c3e":264,"0c045c2d":264,"8efd4801":264,"7eb8f268":264,"20236d3e":264,"36ae8cd8":264,"3ddd5391":264,"07f69c6d":264,"2254f0f5":264,"ea282e84":264,"6653c83b":264,"c896052c":264,"7552d86c":264,"02ebf3b6":264,"bb17a968":264,"4abcb85d":264,"cba26072":264,"2a718dcc":264,"c6a9a8e1":264,"88854fd0":264,"8dc27d2a":264,"41d7f05d":264,"2b851827":264,"9f428a03":264,"4d504d96":264,"0533ece1":264,"bcee2ef3":264,"0afba00c":264,"04ff8100":264,"6c00d8d6":264,"ac9a02bc":264,"acfe69ed":264,"426603ff":264,"2db2f252":264,"2e84193b":264,"c55683c9":264,"51233daf":264,"02791635":264,"be081247":264,"5cc47d1b":264,"678b846f":264,"b4bd39d8":264,"b4cdbe5d":264,"fa0386f3":264,"287ecd1c":264,"f9376d3e":264,"07a94e8c":264,"bb017b49":264,"37b52fe4":264,"61ad1519":264,"819c4185":264,"ba69b06b":264,"7d2a2cb4":264,"4f62491c":264,"70b4c438":264,"71ed93db":264,"c92efaa8":264,"c241ac7e":264,"62a45672":264,"210e507a":264,"ac6e268b":264,"742238e8":264,"b95d0f17":264,"cee9c347":264
1601327411153,"7800e7ce":265,"77869ff0":265,"4b8f7b16":265,"89f75690":265,"cb363e2f":265,"cd802f02":265,"d3cca7eb":265,"e866a899":265,"5690e712":265,"0b92d2a9":265,"070bed95":265,"67e5d108":265,"3d37b94b":265,"842c97c2":265,"c4cef92b":265,"0eecdc5b":265,"b7e495ea":265,"45ec63c0":265,"0ddfde2c":265,"a8b41774":265,"81f0da2d":265,"1fcc8ba4":265,"75a9c117":265,"12ba54ec":265,"be391c1a":265,"37d8a5b7":265,"d5ab81c4":265,"2ecde685":265,"f0bd52d3":265,"dcc20f76":265,"666a8ef0":265,"c5b609f1":265,"4dc5849a":265,"d605c755":265,"8a8c1d67":265,"cc6b3306":265,"8c2dfd9a":265,"f11267b9":265,"a483b15e":265,"f80ab49d":265,"95eaed39":265,"a5ba0ebb":265,"f53362a9":265,"1901ef7e":265,"960c2e6b":265,"3515e999":265,"d11f8f1b":265,"9d9eb027":265,"325f9a29":265,"503aafe5":265,"d5d94481":265,"ffe48500":265,"c7a45a33":265,"faffe099":265,"e99490cd":265,"080d5d42":265,"5d03f5dc":265,"f0a01341":265,"1ee4d9f9":265,"0d6e45e7":265,"0da97151":265,"e829038c":265,"4987cfb5":265,"ba90687c":265,"77f2cf92":265,"037e2be4":265,"18c73816":265,"e491161e":265,"b5087677":265,"16f60bed":265,"cb0c3481":265,"7664512c":265,"df9a53b8":265,"f6c27b2b":265,"945f6c24":265,"f1daea7e":265,"b8fb90e3":265,"56227e35":265,"0d6bf22a":265,"b87321d0":265,"43205b5d":265,"8982905a":265,"f6fe1ad7":265,"230064fa":265,"764e0abb":265,"bba6d88e":265,"ea3479ec":265,"32266fa3":265,"50b090c3":265,"3b830769":265,"583f0305":265,"1557c50a":265,"249e80ab":265,"f52a3d94":265,"eb74d3dd":265,"3bcbc28d":265,"3c0455e7":265,"df203c79":265,"df1e1ac0":265,"491708eb":265,"e421caaa":265,"2d2ecf27":265,"d38a4953":265,"eba5efdd":265,"a5463f93":265,"c85ac4f8":265,"bc253f4f":265,"0d9d2bf8":265,"846b7f11":265,"d3411467":265,"1df0ce7f":265,"a08171d0":265,"c8bc5677":265,"dfca0518":265,"b9a21017":265,"e47705d3":265,"3cae4115":265,"0ccf4731":265,"c7c6782d":265,"54346574":265,"b12cbf87":265,"81942d9b":265,"699b90c1":265,"d9b5a7a8":265,"1e7914d2":265,"e5d8fdb2":265,"3412ab75":265,"8be24763":265,"eb4800b2":265,"6e0ce9dc":265,"87d9bec4":265,"e30dfa0c":265,"9e7dbd20":265,"0c086273":265,"ac13c3b0":265,"b4d9c57f":265,"5d53c964":265,"8ee9cc91":265,"4cc0af91":265,"55f6a2ba":265,"9559ea96":265,"9cb044bf":265,"16b25add":265,"80ee333e":265,"3b329af2":265,"1cd662bf":265,"72992b35":265,"47589344":265,"593b1533":265,"e9f6e5ce":265,"ed6bead5":265,"96f594b9":265,"94dfcfc5":265,"8301986e":265,"830ecfec":265,"a8bae791":265,"312009ee":265,"c98759fd":265,"e8b6d676":265,"45ee5840":265,"76f04033":265,"43480b19":265,"fd955858":265,"69798d15":265,"efea71fa":265,"fb3aa867":265,"c9cf710b":265,"fcacdeb3":265,"0ea055ed":265,"6da34174":265,"bfb849fa":265,"0a10b423":265,"9ef7cee7":265,"49f1a0d1":265,"5f04aa76":265,"ba297382":265,"0287db2a":265,"96abe4a9":265,"753b10b1":265,"cf14bd99":265,"782022f4":265,"322e833f":265,"ab3619e4":265,"106006ad":265,"c8237be9":265,"1416e8f5":265,"dde2eed5":265,"a208caa8":265,"16605353":265,"77b39e15":265,"f1726edb":265,"bcac5daf":265,"62d028cc":265,"0af2cf39":265,"27491297":265,"d041ea86":265,"1eda11b2":265,"fc442678":265,"e3b1bdf8":265,"644b45fb":265,"92b72493":265,"d3e58903":265,"4481c4be":265,"7954891b":265,"4afd60a9":265,"d44c0ea3":265,"68f87858":265,"533bac6b":265,"41634dba":265,"43fd1327":265,"113e7f4b":265,"8cce569a":265,"ce6401b6":265,"6f57824c":265,"28bd7aa1":265,"1d52fb0d":265,"cde0d748":265,"535ed444":265,"710f0d0e":265,"0905f1fb":265,"a20e529c":265,"1ae76fcc":265,"35b161d3":265,"344cd1a3":265,"77ea1236":265,"96d2a118":265,"23a0e41f":265,"b32a1080":265,"a2c4b591":265,"6dfa57be":265,"1854ce44":265,"f92b22f1":265,"ece12664":265,"36f4ecde":265,"568a0d58":265,"5fd569d2":265,"10c8fd03":265,"bd4ccb49":265,"e773d697":265,"7e8c11e7":265,"077eb15a":265,"5337c279":265,"8d256cb6":265,"7021c619":265,"32ae00db":265,"bf2defb2":265,"bc733a28":265,"30d32d34":265,"886c16d3":265,"e8d09b62":265,"590ce3d3":265,"1802d7ce":265,"0a49914b":265,"5d3f5cad":265,"cf347cba":265,"fc0c23f7":265,"641f9b9e":265,"c92edec5":265,"9f03c1e7":265,"06c24a8d":265,"2f35e75f":265,"3eddf7c8":265,"77970f8b":265,"efd594d5":265,"4718294d":265,"5352cf45":265,"e0ffe8ff":265,"ae14d6b5":265,"721f5f42":265,"0b50bca6":265,"bf2ca266":265,"5d8d9641":265,"0de67c6c":265,"2311399f":265,"5e3ebf5e":265,"9f6ca218":265,"6213799d":265,"44cb1fd2":265,"baf19c25":265,"24a79a6e":265,"edde30af":265,"4d949e11":265,"df12f689":265,"1da10cbf":265,"832c48e4":265,"dc90a44c":265,"1ad7c45b":265,"5566c17c":265,"86a22252":265,"0000dece":265,"ce5efdbe":265,"58ace2b5":265,"d379fd96":265,"7b819458":265,"7f8024cd":265,"ae562513":265,"7b66dacd":265,"9ab137d7":265,"7191d1cd":265,"005354dd":265,"5b09e53e":265,"da5bb0f7":265,"6d925c84":265,"50b23ab2":265,"edfa56d4":265,"899c16eb":265,"41c76041":265,"6bb1fa99":265,"d73ff72e":265,"61c0ca91":265,"d2fda7be":265,"ce20ca3c":265,"3b3569f6":265,"b01ab62a":265,"76da16fa":265,"bffee581":265,"1d2d958b":265,"81fb6a01":265,"7f5b27c8":265,"fb3444d9":265,"f05de640":265,"86a68967":265,"56cd4dca":265,"7f469f4c":265,"f92dedfc":265,"355d1489":265,"f96fc1af":265,"06713bac":265,"61aca924":265,"d97fb857":265,"59ff5ec6":265,"ef04e64e":265,"6e2d04de":265,"2fca1798":265,"05028839":265,"5488826c":265,"84fff5c1":265,"c649992d":265,"d5ad3ed6":265,"8e5f7187":265,"55ba7579":265,"b7769ca6":265,"9c27de51":265,"38a75b48":265,"1792bfa3":265,"426f1904":265,"7c0f1ca9":265,"b2f820ac":265,"25d4f65d":265,"eddb6a2a":265,"ff8a00aa":265,"c146560b":265,"985068e7":265,"d543ba6f":265,"07150038":265,"080fa362":265,"7b6945ad":265,"a40d08e1":265,"cec79bc2":265,"d2eff358":265,"e70aebb5":265,"a488b2f1":265,"4caa87d6":265,"f7076e21":265,"69e653b6":265,"98d2991b":265,"3b411d6a":265,"83826ef3":265,"595609d5":265,"b47f1b89":265,"8e6caf71":265,"9a3433b8":265,"b89112cb":265,"66736d5e":265,"30de89a7":265,"06aaa33f":265,"320c65bf":265,"1fa1e7c2":265,"646af2b9":265,"659389ad":265,"240c8679":265,"0718c3be":265,"8b503f7b":265,"87a8523c":265,"c416baa6":265,"ae350a07":265,"680a32a6":265,"83ba647d":265,"cb0bd6b7":265,"8e426e39":265,"51909df8":265,"e22b0973":265,"23646ff9":265,"3abb827b":265,"0c73c293":265,"88929b06":265,"08c4692e":265,"5b2479ef":265,"1d882c36":265,"eb62e8f2":265,"f1e86522":265,"fa03f48f":265,"5298dafa":265,"25f7f918":265
1601327411389,"c5311ebb":265,"105bb3f6":265,"58de5462":265,"f01c896d":265,"1f2670d0":265,"962c9c8f":265,"aec0bf28":265,"a017a323":265,"8801c469":265,"b6281f1a":265,"48c6df81":265,"5e165f43":265,"f8785b71":265,"ab4a411a":265,"d7a4b24c":265,"686d5c0b":265,"f15eb1c5":265,"71789493":265,"5ac72353":265,"d1b14d06":265,"f6c074a7":265,"ffd6849d":265,"962fca02":265,"75968179":265,"bc8bdc23":265,"a71f3f70":265,"1f7aa83c":265,"732d62ee":265,"d4b0751c":265,"5b01444b":265,"79995b62":265,"97160db8":265,"589f0d6e":265,"51b4016a":265,"46bf9112":265,"092ad3d6":265,"bf940089":265,"01f34f98":265,"1670b0d3":265,"ec97d63e":265,"94208a41":265,"2cbcad17":265,"4dccb5ca":265,"83268abf":265,"578c4c95":265,"c606b472":265,"808bc372":265,"c792a7c1":265,"5a7da061":265,"06a94514":265,"73c420df":265,"0700da70":265,"ff591765":265,"93f12198":265,"62e270e5":265,"66b1b6d7":265,"b062adc4":265,"4aae5133":265,"63a3af32":265,"3fec4b0b":265,"faa3de3e":265,"44983d13":265,"80999122":265,"72af9198":265,"e39e9552":265,"81c1b70d":265,"e72f0f82":265,"88374b72":265,"fdfaf1ed":265,"ea981bed":265,"5e197575":265,"e587c4d0":265,"525b2635":265,"caa38a45":265,"a9987a58":265,"b6b8e5c7":265,"e82177d3":265,"89914b94":265,"04bdf5e1":265,"da8b42be":265,"3b0576bf":265,"9458934f":265,"1dcc489c":265,"945badf3":265,"1327775b":265,"bdd40125":265,"75fd47f7":265,"1c52a07e":265,"e70ccc25":265,"afd1494f":265,"ca6bffd3":265,"829c44a4":265,"e76e2617":265,"2b4fd52e":265,"57162572":265,"d1d50cfe":265,"9666b973":265,"653b27c7":265,"83b37fd6":265,"4d852788":265,"e43a9448":265,"3542b748":265,"379c53ab":265,"e396d80d":265,"7da61f27":265,"dc874a97":265,"85a220de":265,"40a7cdd2":265,"ac033c7b":265,"87759976":265,"4df3f62e":265,"c881a53e":265,"80c1c8b1":265,"cf52acd8":265,"a63cb4ce":265,"d3b3492b":265,"7580cfa4":265,"22a96386":265,"5c672b50":265,"5df16440":265,"b666e56d":265,"8db378ff":265,"784d6375":265,"4541bf85":265,"a6b13f20":265,"2459c882":265,"3df97186":265,"ef0490de":265,"e0f47ced":265,"309bbf54":265,"cc537772":265,"6618390c":265,"99cc0813":265,"dc32c4e1":265,"272e7d0d":265,"f92596ee":265,"68831ea9":265,"9713d076":265,"fd098272":265,"6ee788a7":265,"8249641d":265,"45b0968f":265,"239c636e":265,"6ee160ff":265,"c55d40ca":265,"22c177a8":265,"00ae883f":265,"f416ee62":265,"0d2b182d":265,"320754c3":265,"232b2f64":265,"3171b6e7":265,"3b25460f":265,"d2064756":265,"6a9bb182":265,"1f1afd4f":265,"25fb8826":265,"0dc5da58":265,"2874a625":265,"e61ae828":265,"f7ac3883":265,"ccd01528":265,"dab8cf68":265,"00f2a9cb":265,"916fe082":265,"b64dba8e":265,"c3bb30ce":265,"86219c70":265,"601990d8":265,"5c662c19":265,"d2a5d2fd":265,"89d220c2":265,"3e10c9cb":265,"5500a3e8":265,"3c0e87ac":265,"a891461f":265,"a246cdab":265,"117c7f0b":265,"0d21cf99":265,"14e6fe14":265,"37ec5e73":265,"bfff7913":265,"f8636899":265,"37724339":265,"d45d9727":265,"ee5ff2a3":265,"44322dfd":265,"295e4d1d":265,"8cf6570a":265,"403064a0":265,"312af46e":265,"b5a9f8c3":265,"fcbc0ae8":265,"2ff6b6a8":265,"66a71cc1":265,"bf4b58e4":265,"f7ffcbb8":265,"5728f934":265,"00b26865":265,"c333337d":265,"815c56bc":265,"5bd61a68":265,"8582c5cf":265,"0c353665":265,"231e8700":265,"1f9fbd85":265,"43f24679":265,"a1c0dfc4":265,"78f71162":265,"4b27a9a4":265,"163f4d19":265,"1d043d5a":265,"b2f82e06":265,"5b0b43e6":265,"b5474d69":265,"5a938eeb":265,"4fe0dedf":265,"951fc6d0":265,"61892a4c":265,"f096219e":265,"a3f0a6ec":265,"01051f84":265,"aa7e370d":265,"f995eeab":265,"4006e709":265,"0dedf63e":265,"a9d5374b":265,"4321f02d":265,"089b3f8f":265,"7698d0dc":265,"784414ce":265,"2df3efdb":265,"d0f1b7bd":265,"e7799883":265,"4f9456cf":265,"6e260ee8":265,"f4f84279":265,"b0950de5":265,"6f873999":265,"1f4e0e22":265,"60d69311":265,"3b09f1de":265,"b371f44a":265,"8b6180ff":265,"8819ac24":265,"dbbf7f69":265,"dfe4a061":265,"c2bf7d51":265,"781afef6":265,"de9229a0":265,"99a5feef":265,"f6266388":265,"e64fd39c":265,"e1b3ce36":265,"625fa164":265,"0c6ae551":265,"a8edfe84":265,"2ed19b1e":265,"959e16ea":265,"02f76c64":265,"5c6d1f33":265,"b4801cae":265,"c3c2fd05":265,"f8c97147":265,"c2526ff3":265,"cc386067":265,"a22ffd8f":265,"3cd28a4d":265,"44a12c31":265,"45a961ca":265,"5ca978fd":265,"668e601b":265,"7552d86c":265,"02ebf3b6":265,"bb17a968":265,"4abcb85d":265,"cba26072":265,"2a718dcc":265,"c6a9a8e1":265,"88854fd0":265,"8dc27d2a":265,"e8f4c1dd":265,"cede8b8c":265,"ad95ff4a":265,"893a99c5":265,"d8bf32b5":265,"0eb42efe":265,"03c4ab87":265,"4e3d3af7":265,"3a4803a8":265,"f7a7de5d":265,"d4e56c3e":265,"0c045c2d":265,"8efd4801":265,"7eb8f268":265,"20236d3e":265,"36ae8cd8":265,"3ddd5391":265,"07f69c6d":265,"2254f0f5":265,"ea282e84":265,"6653c83b":265,"c896052c":265,"287ecd1c":265,"f9376d3e":265,"07a94e8c":265,"bb017b49":265,"37b52fe4":265,"61ad1519":265,"819c4185":265,"ba69b06b":265,"7d2a2cb4":265,"4f62491c":265,"70b4c438":265,"71ed93db":265,"c92efaa8":265,"41d7f05d":265,"2b851827":265,"9f428a03":265,"4d504d96":265,"0533ece1":265,"bcee2ef3":265,"0afba00c":265,"04ff8100":265,"6c00d8d6":265,"ac9a02bc":265,"acfe69ed":265,"426603ff":265,"2db2f252":265,"2e84193b":265,"c55683c9":265,"51233daf":265,"02791635":265,"be081247":265,"5cc47d1b":265,"678b846f":265,"b4bd39d8":265,"b4cdbe5d":265,"fa0386f3":265,"b95d0f17":265,"cee9c347":265,"c241ac7e":265,"62a45672":265,"210e507a":265,"ac6e268b":265,"742238e8":265
1601327412197,"7800e7ce":266,"77869ff0":266,"4b8f7b16":266,"89f75690":266,"cb363e2f":266,"cd802f02":266,"d3cca7eb":266,"e866a899":266,"5690e712":266,"0b92d2a9":266,"070bed95":266,"67e5d108":266,"3d37b94b":266,"842c97c2":266,"c4cef92b":266,"0eecdc5b":266,"b7e495ea":266,"45ec63c0":266,"0ddfde2c":266,"a8b41774":266,"81f0da2d":266,"1fcc8ba4":266,"75a9c117":266,"12ba54ec":266,"be391c1a":266,"37d8a5b7":266,"d5ab81c4":266,"2ecde685":266,"f0bd52d3":266,"dcc20f76":266,"666a8ef0":266,"c5b609f1":266,"4dc5849a":266,"d605c755":266,"8a8c1d67":266,"cc6b3306":266,"8c2dfd9a":266,"f11267b9":266,"a483b15e":266,"f80ab49d":266,"95eaed39":266,"a5ba0ebb":266,"f53362a9":266,"1901ef7e":266,"960c2e6b":266,"3515e999":266,"d11f8f1b":266,"9d9eb027":266,"325f9a29":266,"503aafe5":266,"080d5d42":266,"5d03f5dc":266,"f0a01341":266,"1ee4d9f9":266,"0d6e45e7":266,"0da97151":266,"e829038c":266,"4987cfb5":266,"ba90687c":266,"77f2cf92":266,"037e2be4":266,"9e7dbd20":266,"0c086273":266,"ac13c3b0":266,"b4d9c57f":266,"d5d94481":266,"ffe48500":266,"c7a45a33":266,"faffe099":266,"e99490cd":266,"3b830769":266,"583f0305":266,"1557c50a":266,"249e80ab":266,"f52a3d94":266,"eb74d3dd":266,"3bcbc28d":266,"3c0455e7":266,"df203c79":266,"df1e1ac0":266,"491708eb":266,"5d53c964":266,"8ee9cc91":266,"4cc0af91":266,"55f6a2ba":266,"9559ea96":266,"9cb044bf":266,"16b25add":266,"80ee333e":266,"3b329af2":266,"1cd662bf":266,"72992b35":266,"47589344":266,"593b1533":266,"e9f6e5ce":266,"ed6bead5":266,"96f594b9":266,"94dfcfc5":266,"8301986e":266,"830ecfec":266,"a8bae791":266,"312009ee":266,"c98759fd":266,"e8b6d676":266,"45ee5840":266,"76f04033":266,"43480b19":266,"fd955858":266,"69798d15":266,"efea71fa":266,"fb3aa867":266,"c9cf710b":266,"fcacdeb3":266,"0ea055ed":266,"e3b1bdf8":266,"644b45fb":266,"e421caaa":266,"2d2ecf27":266,"d38a4953":266,"eba5efdd":266,"a5463f93":266,"c85ac4f8":266,"bc253f4f":266,"0d9d2bf8":266,"846b7f11":266,"d3411467":266,"1df0ce7f":266,"a08171d0":266,"c8bc5677":266,"dfca0518":266,"b9a21017":266,"e47705d3":266,"3cae4115":266,"0ccf4731":266,"c7c6782d":266,"54346574":266,"b12cbf87":266,"81942d9b":266,"699b90c1":266,"d9b5a7a8":266,"1e7914d2":266,"e5d8fdb2":266,"3412ab75":266,"bcac5daf":266,"62d028cc":266,"0af2cf39":266,"27491297":266,"d041ea86":266,"1eda11b2":266,"fc442678":266,"18c73816":266,"e491161e":266,"b5087677":266,"16f60bed":266,"cb0c3481":266,"7664512c":266,"df9a53b8":266,"f6c27b2b":266,"945f6c24":266,"f1daea7e":266,"b8fb90e3":266,"56227e35":266,"0d6bf22a":266,"b87321d0":266,"43205b5d":266,"8982905a":266,"f6fe1ad7":266,"230064fa":266,"764e0abb":266,"bba6d88e":266,"ea3479ec":266,"32266fa3":266,"50b090c3":266,"8be24763":266,"eb4800b2":266,"6e0ce9dc":266,"87d9bec4":266,"e30dfa0c":266,"6da34174":266,"bfb849fa":266
1601327412434,"0a10b423":266,"9ef7cee7":266,"49f1a0d1":266,"5f04aa76":266,"ba297382":266,"0287db2a":266,"96abe4a9":266,"753b10b1":266,"cf14bd99":266,"782022f4":266,"322e833f":266,"ab3619e4":266,"106006ad":266,"c8237be9":266,"1416e8f5":266,"dde2eed5":266,"a208caa8":266,"16605353":266,"77b39e15":266,"f1726edb":266,"92b72493":266,"d3e58903":266,"4481c4be":266,"7954891b":266,"4afd60a9":266,"d44c0ea3":266,"68f87858":266,"533bac6b":266,"41634dba":266,"43fd1327":266,"113e7f4b":266,"8cce569a":266,"ce6401b6":266,"6f57824c":266,"28bd7aa1":266,"1d52fb0d":266,"cde0d748":266,"535ed444":266,"710f0d0e":266,"0905f1fb":266,"a20e529c":266,"1ae76fcc":266,"590ce3d3":266,"1802d7ce":266,"0a49914b":266,"5d3f5cad":266,"cf347cba":266,"fc0c23f7":266,"641f9b9e":266,"c92edec5":266,"9f03c1e7":266,"06c24a8d":266,"2f35e75f":266,"3eddf7c8":266,"77970f8b":266,"efd594d5":266,"4718294d":266,"5352cf45":266,"e0ffe8ff":266,"ae14d6b5":266,"721f5f42":266,"0b50bca6":266,"bf2ca266":266,"5d8d9641":266,"0de67c6c":266,"35b161d3":266,"344cd1a3":266,"77ea1236":266,"96d2a118":266,"23a0e41f":266,"b32a1080":266,"a2c4b591":266,"6dfa57be":266,"1854ce44":266,"f92b22f1":266,"ece12664":266,"36f4ecde":266,"568a0d58":266,"5fd569d2":266,"10c8fd03":266,"bd4ccb49":266,"e773d697":266,"7e8c11e7":266,"077eb15a":266,"5337c279":266,"8d256cb6":266,"7021c619":266,"32ae00db":266,"bf2defb2":266,"bc733a28":266,"30d32d34":266,"886c16d3":266,"e8d09b62":266,"2311399f":266,"5e3ebf5e":266,"9f6ca218":266,"6213799d":266,"44cb1fd2":266,"baf19c25":266,"24a79a6e":266,"edde30af":266,"4d949e11":266,"df12f689":266,"1da10cbf":266,"832c48e4":266,"dc90a44c":266,"1ad7c45b":266,"5566c17c":266,"86a22252":266,"0000dece":266,"ce5efdbe":266,"58ace2b5":266,"d379fd96":266,"7b819458":266,"7f8024cd":266,"ae562513":266,"7b66dacd":266,"9ab137d7":266,"7191d1cd":266,"005354dd":266,"5b09e53e":266,"da5bb0f7":266,"6d925c84":266,"50b23ab2":266,"edfa56d4":266,"899c16eb":266,"41c76041":266,"6bb1fa99":266,"d73ff72e":266,"61c0ca91":266,"d2fda7be":266,"ce20ca3c":266,"1d2d958b":266,"81fb6a01":266,"7f5b27c8":266,"fb3444d9":266,"f05de640":266,"86a68967":266,"56cd4dca":266,"7f469f4c":266,"f92dedfc":266,"355d1489":266,"f96fc1af":266,"06713bac":266,"61aca924":266,"d97fb857":266,"59ff5ec6":266,"ef04e64e":266,"6e2d04de":266,"2fca1798":266,"05028839":266,"5488826c":266,"3b3569f6":266,"b01ab62a":266,"76da16fa":266,"bffee581":266,"07150038":266,"080fa362":266,"7b6945ad":266,"a40d08e1":266,"84fff5c1":266,"c649992d":266,"d5ad3ed6":266,"8e5f7187":266,"55ba7579":266,"b7769ca6":266,"9c27de51":266,"38a75b48":266,"1792bfa3":266,"426f1904":266,"7c0f1ca9":266,"b2f820ac":266,"25d4f65d":266,"eddb6a2a":266,"ff8a00aa":266,"c146560b":266,"985068e7":266,"d543ba6f":266,"cec79bc2":266,"d2eff358":266,"e70aebb5":266,"a488b2f1":266,"4caa87d6":266,"f7076e21":266,"69e653b6":266,"98d2991b":266,"3b411d6a":266,"83826ef3":266,"595609d5":266,"b47f1b89":266,"8e6caf71":266,"9a3433b8":266,"b89112cb":266,"66736d5e":266,"30de89a7":266,"06aaa33f":266,"320c65bf":266,"1fa1e7c2":266,"646af2b9":266,"659389ad":266,"240c8679":266,"0718c3be":266,"8b503f7b":266,"87a8523c":266,"c416baa6":266,"ae350a07":266,"680a32a6":266,"83ba647d":266,"cb0bd6b7":266,"8e426e39":266,"51909df8":266,"e22b0973":266,"23646ff9":266,"3abb827b":266,"0c73c293":266,"88929b06":266,"08c4692e":266,"5b2479ef":266,"1d882c36":266,"eb62e8f2":266,"f1e86522":266,"fa03f48f":266,"5298dafa":266,"25f7f918":266,"c5311ebb":266,"105bb3f6":266,"58de5462":266,"f01c896d":266,"1f2670d0":266,"962c9c8f":266,"aec0bf28":266,"a017a323":266,"8801c469":266,"b6281f1a":266,"48c6df81":266,"5e165f43":266,"f8785b71":266,"ab4a411a":266,"d7a4b24c":266,"686d5c0b":266,"f15eb1c5":266,"71789493":266,"5ac72353":266,"d1b14d06":266,"f6c074a7":266,"ffd6849d":266,"962fca02":266,"75968179":266,"bc8bdc23":266,"a71f3f70":266,"1f7aa83c":266,"732d62ee":266,"d4b0751c":266
1601327413360,"5b01444b":266,"79995b62":266,"97160db8":266,"589f0d6e":266,"51b4016a":266,"46bf9112":266,"092ad3d6":266,"bf940089":266,"01f34f98":266,"1670b0d3":266,"ec97d63e":266,"272e7d0d":266,"f92596ee":266,"68831ea9":266,"9713d076":266,"fd098272":266,"94208a41":266,"2cbcad17":266,"4dccb5ca":266,"83268abf":266,"578c4c95":266,"c606b472":266,"808bc372":266,"c792a7c1":266,"5a7da061":266,"06a94514":266,"73c420df":266,"0700da70":266,"ff591765":266,"93f12198":266,"62e270e5":266,"66b1b6d7":266,"b062adc4":266,"4aae5133":266,"6ee788a7":266,"8249641d":266,"45b0968f":266,"6a9bb182":266,"1f1afd4f":266,"25fb8826":266,"0dc5da58":266,"2874a625":266,"e61ae828":266,"f7ac3883":266,"ccd01528":266,"dab8cf68":266,"00f2a9cb":266,"916fe082":266,"b64dba8e":266,"c3bb30ce":266,"86219c70":266,"601990d8":266,"5c662c19":266,"d2a5d2fd":266,"89d220c2":266,"3e10c9cb":266,"5500a3e8":266,"3c0e87ac":266,"a891461f":266,"a246cdab":266,"117c7f0b":266,"0d21cf99":266,"14e6fe14":266,"37ec5e73":266,"bfff7913":266,"f8636899":266,"37724339":266,"d45d9727":266,"ee5ff2a3":266,"44322dfd":266,"63a3af32":266,"3fec4b0b":266,"faa3de3e":266,"44983d13":266,"80999122":266,"72af9198":266,"e39e9552":266,"81c1b70d":266,"e72f0f82":266,"88374b72":266,"fdfaf1ed":266,"ea981bed":266,"5e197575":266,"e587c4d0":266,"525b2635":266,"caa38a45":266,"a9987a58":266,"b6b8e5c7":266,"e82177d3":266,"89914b94":266,"04bdf5e1":266,"da8b42be":266,"3b0576bf":266,"9458934f":266,"1dcc489c":266,"945badf3":266,"1327775b":266,"bdd40125":266,"75fd47f7":266,"1c52a07e":266,"e70ccc25":266,"afd1494f":266,"ca6bffd3":266,"829c44a4":266,"e76e2617":266,"2b4fd52e":266,"57162572":266,"d1d50cfe":266,"295e4d1d":266,"8cf6570a":266,"403064a0":266,"312af46e":266,"b5a9f8c3":266,"fcbc0ae8":266,"2ff6b6a8":266,"66a71cc1":266,"bf4b58e4":266,"9666b973":266,"653b27c7":266,"83b37fd6":266,"4d852788":266,"e43a9448":266,"3542b748":266,"379c53ab":266,"e396d80d":266,"7da61f27":266,"dc874a97":266,"85a220de":266,"40a7cdd2":266,"ac033c7b":266,"87759976":266,"4df3f62e":266,"c881a53e":266,"80c1c8b1":266,"cf52acd8":266,"a63cb4ce":266,"d3b3492b":266,"7580cfa4":266,"22a96386":266,"5c672b50":266,"5df16440":266,"b666e56d":266,"8db378ff":266,"784d6375":266,"4541bf85":266,"a6b13f20":266,"2459c882":266,"3df97186":266,"ef0490de":266,"e0f47ced":266,"309bbf54":266,"cc537772":266,"6618390c":266,"99cc0813":266,"dc32c4e1":266,"239c636e":266,"6ee160ff":266,"c55d40ca":266,"22c177a8":266,"00ae883f":266,"f416ee62":266,"0d2b182d":266,"320754c3":266,"232b2f64":266,"3171b6e7":266,"3b25460f":266,"d2064756":266,"f7ffcbb8":266,"5728f934":266,"00b26865":266,"c333337d":266,"815c56bc":266,"5bd61a68":266,"8582c5cf":266,"0c353665":266,"231e8700":266,"1f9fbd85":266,"43f24679":266,"a1c0dfc4":266,"78f71162":266,"4b27a9a4":266,"163f4d19":266,"1d043d5a":266,"b2f82e06":266,"5b0b43e6":266,"b5474d69":266,"5a938eeb":266,"4fe0dedf":266,"951fc6d0":266,"61892a4c":266,"f096219e":266,"a3f0a6ec":266,"01051f84":266,"aa7e370d":266,"f995eeab":266,"4006e709":266,"0dedf63e":266,"a9d5374b":266,"4321f02d":266,"089b3f8f":266,"7698d0dc":266,"784414ce":266,"2df3efdb":266,"d0f1b7bd":266,"e7799883":266,"4f9456cf":266,"6e260ee8":266,"f4f84279":266,"b0950de5":266,"6f873999":266,"1f4e0e22":266,"60d69311":266,"3b09f1de":266,"b371f44a":266,"8b6180ff":266,"8819ac24":266,"dbbf7f69":266,"a8edfe84":266,"2ed19b1e":266,"959e16ea":266,"02f76c64":266,"5c6d1f33":266,"b4801cae":266,"c3c2fd05":266,"f8c97147":266,"c2526ff3":266,"dfe4a061":266,"c2bf7d51":266,"781afef6":266,"de9229a0":266,"99a5feef":266,"f6266388":266,"e64fd39c":266,"e1b3ce36":266,"625fa164":266,"0c6ae551":266,"e8f4c1dd":266,"cede8b8c":266,"ad95ff4a":266,"893a99c5":266,"d8bf32b5":266,"0eb42efe":266,"03c4ab87":266,"4e3d3af7":266,"3a4803a8":266,"f7a7de5d":266,"d4e56c3e":266,"0c045c2d":266,"8efd4801":266,"7eb8f268":266,"20236d3e":266,"36ae8cd8":266,"3ddd5391":266,"cc386067":266,"a22ffd8f":266,"3cd28a4d":266,"44a12c31":266,"45a961ca":266,"5ca978fd":266,"668e601b":266,"7552d86c":266,"02ebf3b6":266,"bb17a968":266,"4abcb85d":266,"cba26072":266,"2a718dcc":266,"c6a9a8e1":266,"88854fd0":266,"8dc27d2a":266,"41d7f05d":266,"2b851827":266,"9f428a03":266,"4d504d96":266,"0533ece1":266,"bcee2ef3":266,"0afba00c":266,"04ff8100":266,"6c00d8d6":266,"ac9a02bc":266,"acfe69ed":266,"426603ff":266,"2db2f252":266,"2e84193b":266,"c55683c9":266,"51233daf":266,"02791635":266,"be081247":266,"5cc47d1b":266,"678b846f":266,"07f69c6d":266,"2254f0f5":266,"ea282e84":266,"6653c83b":266,"c896052c":266,"287ecd1c":266,"f9376d3e":266,"07a94e8c":266,"bb017b49":266,"37b52fe4":266,"61ad1519":266,"819c4185":266,"ba69b06b":266,"7d2a2cb4":266,"4f62491c":266,"70b4c438":266,"71ed93db":266,"c92efaa8":266,"c241ac7e":266,"62a45672":266,"210e507a":266,"ac6e268b":266,"742238e8":266,"b4bd39d8":266,"b4cdbe5d":266,"fa0386f3":266,"b95d0f17":266,"cee9c347":266
1601327414068,"7800e7ce":267,"77869ff0":267,"4b8f7b16":267,"89f75690":267,"cb363e2f":267,"cd802f02":267,"d3cca7eb":267,"e866a899":267,"5690e712":267,"0b92d2a9":267,"070bed95":267,"67e5d108":267,"3d37b94b":267,"842c97c2":267,"c4cef92b":267,"0eecdc5b":267,"b7e495ea":267,"45ec63c0":267,"0ddfde2c":267,"a8b41774":267,"81f0da2d":267,"1fcc8ba4":267,"75a9c117":267,"12ba54ec":267,"be391c1a":267,"37d8a5b7":267,"d5ab81c4":267,"2ecde685":267,"f0bd52d3":267,"dcc20f76":267,"666a8ef0":267,"c5b609f1":267,"4dc5849a":267,"d605c755":267,"8a8c1d67":267,"cc6b3306":267,"8c2dfd9a":267,"f11267b9":267,"d5d94481":267,"ffe48500":267,"a483b15e":267,"f80ab49d":267,"95eaed39":267,"a5ba0ebb":267,"f53362a9":267,"1901ef7e":267,"960c2e6b":267,"3515e999":267,"d11f8f1b":267,"9d9eb027":267,"325f9a29":267,"503aafe5":267,"c7a45a33":267,"faffe099":267,"e99490cd":267,"3b830769":267,"583f0305":267,"1557c50a":267,"249e80ab":267,"f52a3d94":267,"eb74d3dd":267,"3bcbc28d":267,"3c0455e7":267,"df203c79":267,"df1e1ac0":267,"491708eb":267,"e421caaa":267,"2d2ecf27":267,"d38a4953":267,"eba5efdd":267,"a5463f93":267,"c85ac4f8":267,"bc253f4f":267,"0d9d2bf8":267,"846b7f11":267,"d3411467":267,"1df0ce7f":267,"a08171d0":267,"c8bc5677":267,"dfca0518":267,"b9a21017":267,"e47705d3":267,"3cae4115":267,"0ccf4731":267,"c7c6782d":267,"54346574":267,"b12cbf87":267,"81942d9b":267,"699b90c1":267,"d9b5a7a8":267,"1e7914d2":267,"e5d8fdb2":267,"3412ab75":267,"bcac5daf":267,"62d028cc":267,"0af2cf39":267,"27491297":267,"d041ea86":267,"1eda11b2":267,"fc442678":267,"080d5d42":267,"5d03f5dc":267,"f0a01341":267,"1ee4d9f9":267,"0d6e45e7":267,"0da97151":267,"e829038c":267,"4987cfb5":267,"ba90687c":267,"77f2cf92":267,"037e2be4":267,"9e7dbd20":267,"0c086273":267,"ac13c3b0":267,"b4d9c57f":267,"5d53c964":267,"8ee9cc91":267,"4cc0af91":267,"55f6a2ba":267,"9559ea96":267,"9cb044bf":267,"16b25add":267,"80ee333e":267,"3b329af2":267,"1cd662bf":267,"72992b35":267,"47589344":267,"593b1533":267,"e9f6e5ce":267,"ed6bead5":267,"96f594b9":267,"94dfcfc5":267,"8301986e":267,"830ecfec":267,"a8bae791":267,"312009ee":267,"c98759fd":267,"e8b6d676":267,"45ee5840":267,"76f04033":267,"43480b19":267,"fd955858":267,"69798d15":267,"efea71fa":267,"fb3aa867":267,"c9cf710b":267,"fcacdeb3":267,"0ea055ed":267,"e3b1bdf8":267,"644b45fb":267,"18c73816":267,"e491161e":267,"b5087677":267,"16f60bed":267,"cb0c3481":267,"7664512c":267,"df9a53b8":267,"f6c27b2b":267,"945f6c24":267,"f1daea7e":267,"b8fb90e3":267,"56227e35":267,"0d6bf22a":267,"b87321d0":267,"43205b5d":267,"8982905a":267,"f6fe1ad7":267,"230064fa":267,"764e0abb":267,"bba6d88e":267,"ea3479ec":267,"32266fa3":267,"50b090c3":267,"8be24763":267,"eb4800b2":267,"6e0ce9dc":267,"87d9bec4":267,"e30dfa0c":267,"6da34174":267,"bfb849fa":267,"0a10b423":267,"9ef7cee7":267,"49f1a0d1":267,"5f04aa76":267,"ba297382":267,"0287db2a":267
1601327415294,"96abe4a9":267,"753b10b1":267,"cf14bd99":267,"782022f4":267,"322e833f":267,"ab3619e4":267,"106006ad":267,"c8237be9":267,"1416e8f5":267,"dde2eed5":267,"a208caa8":267,"16605353":267,"77b39e15":267,"f1726edb":267,"92b72493":267,"d3e58903":267,"4481c4be":267,"7954891b":267,"4afd60a9":267,"d44c0ea3":267,"68f87858":267,"533bac6b":267,"41634dba":267,"43fd1327":267,"113e7f4b":267,"8cce569a":267,"ce6401b6":267,"6f57824c":267,"28bd7aa1":267,"1d52fb0d":267,"cde0d748":267,"535ed444":267,"710f0d0e":267,"0905f1fb":267,"a20e529c":267,"1ae76fcc":267,"35b161d3":267,"344cd1a3":267,"77ea1236":267,"96d2a118":267,"23a0e41f":267,"b32a1080":267,"a2c4b591":267,"6dfa57be":267,"1854ce44":267,"f92b22f1":267,"ece12664":267,"36f4ecde":267,"568a0d58":267,"5fd569d2":267,"10c8fd03":267,"bd4ccb49":267,"e773d697":267,"7e8c11e7":267,"077eb15a":267,"5337c279":267,"8d256cb6":267,"7021c619":267,"32ae00db":267,"bf2defb2":267,"bc733a28":267,"30d32d34":267,"886c16d3":267,"e8d09b62":267,"590ce3d3":267,"1802d7ce":267,"0a49914b":267,"5d3f5cad":267,"cf347cba":267,"fc0c23f7":267,"641f9b9e":267,"c92edec5":267,"9f03c1e7":267,"06c24a8d":267,"2f35e75f":267,"3eddf7c8":267,"77970f8b":267,"efd594d5":267,"4718294d":267,"5352cf45":267,"e0ffe8ff":267,"ae14d6b5":267,"721f5f42":267,"0b50bca6":267,"bf2ca266":267,"5d8d9641":267,"0de67c6c":267,"2311399f":267,"5e3ebf5e":267,"9f6ca218":267,"6213799d":267,"44cb1fd2":267,"baf19c25":267,"24a79a6e":267,"edde30af":267,"4d949e11":267,"df12f689":267,"1da10cbf":267,"832c48e4":267,"dc90a44c":267,"1ad7c45b":267,"5566c17c":267,"86a22252":267,"0000dece":267,"ce5efdbe":267,"58ace2b5":267,"d379fd96":267,"7b819458":267,"7f8024cd":267,"ae562513":267,"7b66dacd":267,"9ab137d7":267,"7191d1cd":267,"005354dd":267,"5b09e53e":267,"da5bb0f7":267,"6d925c84":267,"50b23ab2":267,"edfa56d4":267,"899c16eb":267,"41c76041":267,"6bb1fa99":267,"d73ff72e":267,"61c0ca91":267,"d2fda7be":267,"ce20ca3c":267,"1d2d958b":267,"81fb6a01":267,"7f5b27c8":267,"fb3444d9":267,"f05de640":267,"86a68967":267,"56cd4dca":267,"7f469f4c":267,"f92dedfc":267,"355d1489":267,"f96fc1af":267,"06713bac":267,"61aca924":267,"d97fb857":267,"59ff5ec6":267,"ef04e64e":267,"6e2d04de":267,"2fca1798":267,"05028839":267,"5488826c":267,"84fff5c1":267,"c649992d":267,"d5ad3ed6":267,"8e5f7187":267,"55ba7579":267,"b7769ca6":267,"9c27de51":267,"38a75b48":267,"1792bfa3":267,"426f1904":267,"7c0f1ca9":267,"b2f820ac":267,"25d4f65d":267,"eddb6a2a":267,"ff8a00aa":267,"c146560b":267,"985068e7":267,"d543ba6f":267,"3b3569f6":267,"b01ab62a":267,"76da16fa":267,"bffee581":267,"07150038":267,"080fa362":267,"7b6945ad":267,"a40d08e1":267,"cec79bc2":267,"d2eff358":267,"e70aebb5":267,"a488b2f1":267,"4caa87d6":267,"f7076e21":267,"69e653b6":267,"98d2991b":267,"3b411d6a":267,"83826ef3":267,"595609d5":267,"b47f1b89":267,"8e6caf71":267,"9a3433b8":267,"b89112cb":267,"66736d5e":267,"30de89a7":267,"06aaa33f":267,"320c65bf":267,"1fa1e7c2":267,"646af2b9":267,"659389ad":267,"240c8679":267,"0718c3be":267,"8b503f7b":267,"87a8523c":267,"c416baa6":267,"ae350a07":267,"680a32a6":267,"83ba647d":267,"cb0bd6b7":267,"8e426e39":267,"51909df8":267,"e22b0973":267,"23646ff9":267,"3abb827b":267,"0c73c293":267,"88929b06":267,"08c4692e":267,"5b2479ef":267,"1d882c36":267,"eb62e8f2":267,"f1e86522":267,"fa03f48f":267,"5298dafa":267,"25f7f918":267,"c5311ebb":267,"105bb3f6":267,"58de5462":267,"f01c896d":267,"1f2670d0":267,"962c9c8f":267,"aec0bf28":267,"a017a323":267,"8801c469":267,"b6281f1a":267,"48c6df81":267,"5e165f43":267,"f8785b71":267,"ab4a411a":267,"d7a4b24c":267,"686d5c0b":267,"f15eb1c5":267,"71789493":267,"5ac72353":267,"d1b14d06":267,"f6c074a7":267,"ffd6849d":267,"962fca02":267,"75968179":267,"bc8bdc23":267,"a71f3f70":267,"1f7aa83c":267,"732d62ee":267,"d4b0751c":267,"5b01444b":267,"79995b62":267,"97160db8":267,"589f0d6e":267,"51b4016a":267,"46bf9112":267,"092ad3d6":267,"bf940089":267,"01f34f98":267,"1670b0d3":267,"ec97d63e":267,"94208a41":267,"2cbcad17":267,"4dccb5ca":267,"83268abf":267,"578c4c95":267,"c606b472":267,"272e7d0d":267,"f92596ee":267,"68831ea9":267,"9713d076":267,"fd098272":267,"6ee788a7":267,"8249641d":267,"45b0968f":267,"6a9bb182":267,"1f1afd4f":267,"25fb8826":267
1601327415930,"808bc372":267,"c792a7c1":267,"5a7da061":267,"06a94514":267,"73c420df":267,"0700da70":267,"ff591765":267,"93f12198":267,"62e270e5":267,"66b1b6d7":267,"b062adc4":267,"4aae5133":267,"63a3af32":267,"3fec4b0b":267,"faa3de3e":267,"44983d13":267,"80999122":267,"72af9198":267,"e39e9552":267,"81c1b70d":267,"e72f0f82":267,"88374b72":267,"fdfaf1ed":267,"ea981bed":267,"5e197575":267,"e587c4d0":267,"525b2635":267,"caa38a45":267,"a9987a58":267,"b6b8e5c7":267,"e82177d3":267,"89914b94":267,"04bdf5e1":267,"da8b42be":267,"3b0576bf":267,"9458934f":267,"1dcc489c":267,"945badf3":267,"1327775b":267,"bdd40125":267,"75fd47f7":267,"1c52a07e":267,"e70ccc25":267,"afd1494f":267,"ca6bffd3":267,"829c44a4":267,"e76e2617":267,"2b4fd52e":267,"57162572":267,"d1d50cfe":267,"9666b973":267,"653b27c7":267,"83b37fd6":267,"4d852788":267,"e43a9448":267,"3542b748":267,"379c53ab":267,"e396d80d":267,"7da61f27":267,"dc874a97":267,"85a220de":267,"40a7cdd2":267,"ac033c7b":267,"87759976":267,"4df3f62e":267,"c881a53e":267,"80c1c8b1":267,"cf52acd8":267,"a63cb4ce":267,"d3b3492b":267,"7580cfa4":267,"22a96386":267,"5c672b50":267,"5df16440":267,"b666e56d":267,"8db378ff":267,"784d6375":267,"4541bf85":267,"a6b13f20":267,"2459c882":267,"3df97186":267,"ef0490de":267,"e0f47ced":267,"309bbf54":267,"cc537772":267,"6618390c":267,"99cc0813":267,"dc32c4e1":267,"239c636e":267,"6ee160ff":267,"c55d40ca":267,"22c177a8":267,"00ae883f":267,"f416ee62":267,"0d2b182d":267,"320754c3":267,"232b2f64":267,"3171b6e7":267,"3b25460f":267,"d2064756":267,"0dc5da58":267,"2874a625":267,"e61ae828":267,"f7ac3883":267,"ccd01528":267,"dab8cf68":267,"00f2a9cb":267,"916fe082":267,"b64dba8e":267,"c3bb30ce":267,"86219c70":267,"601990d8":267,"5c662c19":267,"d2a5d2fd":267,"89d220c2":267,"3e10c9cb":267,"5500a3e8":267,"3c0e87ac":267,"a891461f":267,"a246cdab":267,"117c7f0b":267,"0d21cf99":267,"14e6fe14":267,"37ec5e73":267,"bfff7913":267,"f8636899":267,"37724339":267,"d45d9727":267,"ee5ff2a3":267,"44322dfd":267,"295e4d1d":267,"8cf6570a":267,"403064a0":267,"312af46e":267,"b5a9f8c3":267,"fcbc0ae8":267,"2ff6b6a8":267,"66a71cc1":267,"bf4b58e4":267,"f7ffcbb8":267,"5728f934":267,"00b26865":267,"c333337d":267,"815c56bc":267,"5bd61a68":267,"8582c5cf":267,"0c353665":267,"231e8700":267,"1f9fbd85":267,"43f24679":267,"a1c0dfc4":267,"78f71162":267,"4b27a9a4":267,"163f4d19":267,"1d043d5a":267,"b2f82e06":267,"5b0b43e6":267,"b5474d69":267,"5a938eeb":267,"4fe0dedf":267,"951fc6d0":267,"61892a4c":267,"f096219e":267,"a3f0a6ec":267,"01051f84":267,"aa7e370d":267,"f995eeab":267,"4006e709":267,"0dedf63e":267,"a9d5374b":267,"4321f02d":267,"089b3f8f":267,"7698d0dc":267,"784414ce":267,"2df3efdb":267,"d0f1b7bd":267,"e7799883":267,"4f9456cf":267,"6e260ee8":267,"f4f84279":267,"b0950de5":267,"6f873999":267,"1f4e0e22":267,"60d69311":267,"3b09f1de":267,"b371f44a":267,"8b6180ff":267,"8819ac24":267,"dbbf7f69":267,"dfe4a061":267,"c2bf7d51":267,"781afef6":267,"de9229a0":267,"99a5feef":267,"f6266388":267,"e64fd39c":267,"e1b3ce36":267,"a8edfe84":267,"2ed19b1e":267,"959e16ea":267,"02f76c64":267,"5c6d1f33":267,"b4801cae":267,"c3c2fd05":267,"f8c97147":267,"c2526ff3":267,"cc386067":267,"a22ffd8f":267,"3cd28a4d":267,"44a12c31":267,"45a961ca":267,"5ca978fd":267,"668e601b":267,"7552d86c":267,"02ebf3b6":267,"bb17a968":267,"4abcb85d":267,"cba26072":267,"625fa164":267,"0c6ae551":267,"e8f4c1dd":267,"cede8b8c":267,"ad95ff4a":267,"893a99c5":267,"d8bf32b5":267,"0eb42efe":267,"03c4ab87":267,"4e3d3af7":267,"3a4803a8":267,"f7a7de5d":267,"d4e56c3e":267,"0c045c2d":267,"8efd4801":267,"7eb8f268":267,"20236d3e":267,"36ae8cd8":267,"3ddd5391":267,"07f69c6d":267,"2254f0f5":267,"ea282e84":267,"6653c83b":267,"c896052c":267,"287ecd1c":267,"f9376d3e":267,"07a94e8c":267,"bb017b49":267,"37b52fe4":267,"61ad1519":267,"819c4185":267,"ba69b06b":267,"7d2a2cb4":267,"4f62491c":267,"2a718dcc":267,"c6a9a8e1":267,"88854fd0":267,"8dc27d2a":267,"41d7f05d":267,"2b851827":267,"9f428a03":267,"4d504d96":267,"0533ece1":267,"bcee2ef3":267,"0afba00c":267,"04ff8100":267,"6c00d8d6":267,"ac9a02bc":267,"acfe69ed":267,"426603ff":267,"2db2f252":267,"2e84193b":267,"c55683c9":267,"51233daf":267,"02791635":267,"be081247":267,"5cc47d1b":267,"678b846f":267,"b4bd39d8":267,"b4cdbe5d":267,"fa0386f3":267,"b95d0f17":267,"cee9c347":267,"70b4c438":267,"71ed93db":267,"c92efaa8":267,"c241ac7e":267,"62a45672":267,"210e507a":267,"ac6e268b":267,"742238e8":267
1601327416354,"7800e7ce":268,"77869ff0":268,"4b8f7b16":268,"89f75690":268,"cb363e2f":268,"cd802f02":268,"d3cca7eb":268,"e866a899":268,"5690e712":268,"0b92d2a9":268,"070bed95":268,"67e5d108":268,"3d37b94b":268,"842c97c2":268,"c4cef92b":268,"0eecdc5b":268,"b7e495ea":268,"45ec63c0":268,"0ddfde2c":268,"a8b41774":268,"81f0da2d":268,"1fcc8ba4":268,"75a9c117":268,"12ba54ec":268,"be391c1a":268,"37d8a5b7":268,"d5ab81c4":268,"2ecde685":268,"f0bd52d3":268,"dcc20f76":268,"666a8ef0":268,"c5b609f1":268,"4dc5849a":268,"d605c755":268,"8a8c1d67":268,"cc6b3306":268,"8c2dfd9a":268,"f11267b9":268,"a483b15e":268,"f80ab49d":268,"95eaed39":268,"a5ba0ebb":268,"f53362a9":268,"1901ef7e":268,"960c2e6b":268,"3515e999":268,"d11f8f1b":268,"9d9eb027":268,"325f9a29":268,"503aafe5":268,"d5d94481":268,"ffe48500":268,"c7a45a33":268,"faffe099":268,"e99490cd":268,"3b830769":268,"583f0305":268,"1557c50a":268,"249e80ab":268,"f52a3d94":268,"eb74d3dd":268,"3bcbc28d":268,"3c0455e7":268,"df203c79":268,"df1e1ac0":268,"491708eb":268,"e421caaa":268,"2d2ecf27":268,"d38a4953":268,"eba5efdd":268,"a5463f93":268,"c85ac4f8":268,"bc253f4f":268,"0d9d2bf8":268,"846b7f11":268,"d3411467":268,"1df0ce7f":268,"a08171d0":268,"c8bc5677":268,"dfca0518":268,"b9a21017":268,"e47705d3":268,"3cae4115":268,"0ccf4731":268,"c7c6782d":268,"54346574":268,"b12cbf87":268,"81942d9b":268,"699b90c1":268,"d9b5a7a8":268,"1e7914d2":268,"e5d8fdb2":268,"3412ab75":268,"bcac5daf":268,"62d028cc":268,"0af2cf39":268,"27491297":268,"d041ea86":268,"1eda11b2":268,"fc442678":268,"080d5d42":268,"5d03f5dc":268,"f0a01341":268,"1ee4d9f9":268,"0d6e45e7":268,"0da97151":268,"e829038c":268,"4987cfb5":268,"ba90687c":268,"77f2cf92":268,"037e2be4":268,"9e7dbd20":268,"0c086273":268,"ac13c3b0":268,"b4d9c57f":268,"5d53c964":268,"8ee9cc91":268,"4cc0af91":268,"55f6a2ba":268,"9559ea96":268,"9cb044bf":268,"16b25add":268,"80ee333e":268,"3b329af2":268,"1cd662bf":268,"72992b35":268,"47589344":268,"593b1533":268,"e9f6e5ce":268,"ed6bead5":268,"96f594b9":268,"94dfcfc5":268,"8301986e":268,"830ecfec":268,"a8bae791":268,"312009ee":268,"c98759fd":268,"e8b6d676":268,"45ee5840":268,"76f04033":268,"43480b19":268,"fd955858":268,"69798d15":268,"efea71fa":268,"fb3aa867":268,"c9cf710b":268,"fcacdeb3":268,"0ea055ed":268,"e3b1bdf8":268,"644b45fb":268,"18c73816":268,"e491161e":268,"b5087677":268,"16f60bed":268,"cb0c3481":268,"7664512c":268,"df9a53b8":268,"f6c27b2b":268,"945f6c24":268,"f1daea7e":268,"b8fb90e3":268,"56227e35":268,"0d6bf22a":268,"b87321d0":268,"43205b5d":268,"8982905a":268,"f6fe1ad7":268,"230064fa":268,"764e0abb":268,"bba6d88e":268,"ea3479ec":268,"32266fa3":268,"50b090c3":268,"8be24763":268,"eb4800b2":268,"6e0ce9dc":268,"87d9bec4":268,"e30dfa0c":268,"6da34174":268,"bfb849fa":268,"0a10b423":268,"9ef7cee7":268,"49f1a0d1":268,"5f04aa76":268,"ba297382":268,"0287db2a":268,"96abe4a9":268,"753b10b1":268,"cf14bd99":268,"782022f4":268,"322e833f":268,"ab3619e4":268,"106006ad":268,"c8237be9":268,"1416e8f5":268,"dde2eed5":268,"a208caa8":268,"16605353":268,"77b39e15":268,"f1726edb":268
1601327416857,"92b72493":268,"d3e58903":268,"4481c4be":268,"7954891b":268,"4afd60a9":268,"d44c0ea3":268,"68f87858":268,"533bac6b":268,"41634dba":268,"43fd1327":268,"113e7f4b":268,"8cce569a":268,"ce6401b6":268,"6f57824c":268,"28bd7aa1":268,"1d52fb0d":268,"cde0d748":268,"535ed444":268,"710f0d0e":268,"0905f1fb":268,"a20e529c":268,"1ae76fcc":268,"35b161d3":268,"344cd1a3":268,"77ea1236":268,"96d2a118":268,"23a0e41f":268,"b32a1080":268,"a2c4b591":268,"6dfa57be":268,"1854ce44":268,"f92b22f1":268,"ece12664":268,"36f4ecde":268,"568a0d58":268,"5fd569d2":268,"10c8fd03":268,"bd4ccb49":268,"e773d697":268,"7e8c11e7":268,"077eb15a":268,"5337c279":268,"8d256cb6":268,"7021c619":268,"32ae00db":268,"bf2defb2":268,"bc733a28":268,"30d32d34":268,"886c16d3":268,"e8d09b62":268,"590ce3d3":268,"1802d7ce":268,"0a49914b":268,"5d3f5cad":268,"cf347cba":268,"fc0c23f7":268,"641f9b9e":268,"c92edec5":268,"9f03c1e7":268,"06c24a8d":268,"2f35e75f":268,"3eddf7c8":268,"77970f8b":268,"efd594d5":268,"4718294d":268,"5352cf45":268,"e0ffe8ff":268,"ae14d6b5":268,"721f5f42":268,"0b50bca6":268,"bf2ca266":268,"5d8d9641":268,"0de67c6c":268,"2311399f":268,"5e3ebf5e":268,"5b09e53e":268,"da5bb0f7":268,"6d925c84":268,"50b23ab2":268,"edfa56d4":268,"899c16eb":268,"41c76041":268,"6bb1fa99":268,"d73ff72e":268,"61c0ca91":268,"d2fda7be":268,"ce20ca3c":268,"1d2d958b":268,"81fb6a01":268,"7f5b27c8":268,"fb3444d9":268,"f05de640":268,"86a68967":268,"56cd4dca":268,"7f469f4c":268,"f92dedfc":268,"355d1489":268,"f96fc1af":268,"06713bac":268,"61aca924":268,"d97fb857":268,"59ff5ec6":268,"ef04e64e":268,"6e2d04de":268,"2fca1798":268,"05028839":268,"9f6ca218":268,"6213799d":268,"44cb1fd2":268,"baf19c25":268,"24a79a6e":268,"edde30af":268,"4d949e11":268,"df12f689":268,"1da10cbf":268,"832c48e4":268,"dc90a44c":268,"1ad7c45b":268,"5566c17c":268,"86a22252":268,"0000dece":268,"ce5efdbe":268,"58ace2b5":268,"d379fd96":268,"7b819458":268,"7f8024cd":268,"ae562513":268,"7b66dacd":268,"9ab137d7":268,"7191d1cd":268,"005354dd":268,"5488826c":268,"84fff5c1":268,"c649992d":268,"d5ad3ed6":268,"8e5f7187":268,"55ba7579":268,"b7769ca6":268,"9c27de51":268,"38a75b48":268,"1792bfa3":268,"426f1904":268,"7c0f1ca9":268,"b2f820ac":268,"25d4f65d":268,"eddb6a2a":268,"ff8a00aa":268,"c146560b":268,"985068e7":268,"d543ba6f":268,"3b3569f6":268,"b01ab62a":268,"76da16fa":268,"bffee581":268,"07150038":268,"080fa362":268,"7b6945ad":268,"a40d08e1":268,"cec79bc2":268,"d2eff358":268,"e70aebb5":268,"a488b2f1":268,"4caa87d6":268,"f7076e21":268,"69e653b6":268,"98d2991b":268,"3b411d6a":268,"83826ef3":268,"595609d5":268,"b47f1b89":268,"8e6caf71":268,"9a3433b8":268,"b89112cb":268,"66736d5e":268,"30de89a7":268,"06aaa33f":268,"320c65bf":268,"1fa1e7c2":268,"646af2b9":268,"659389ad":268,"240c8679":268,"0718c3be":268,"8b503f7b":268,"87a8523c":268,"c416baa6":268,"ae350a07":268,"680a32a6":268,"83ba647d":268,"cb0bd6b7":268,"8e426e39":268,"51909df8":268,"e22b0973":268,"23646ff9":268,"3abb827b":268,"0c73c293":268,"88929b06":268,"08c4692e":268,"5b2479ef":268,"1d882c36":268,"eb62e8f2":268,"f1e86522":268,"fa03f48f":268,"5298dafa":268,"25f7f918":268,"c5311ebb":268,"105bb3f6":268,"58de5462":268,"f01c896d":268,"1f2670d0":268,"962c9c8f":268,"aec0bf28":268,"a017a323":268,"8801c469":268,"b6281f1a":268,"48c6df81":268,"5e165f43":268,"f8785b71":268,"ab4a411a":268,"d7a4b24c":268,"686d5c0b":268,"f15eb1c5":268,"71789493":268,"5ac72353":268,"d1b14d06":268,"f6c074a7":268,"ffd6849d":268,"962fca02":268,"75968179":268,"bc8bdc23":268,"a71f3f70":268,"1f7aa83c":268,"732d62ee":268,"d4b0751c":268,"5b01444b":268,"79995b62":268,"97160db8":268,"589f0d6e":268,"51b4016a":268,"46bf9112":268,"092ad3d6":268,"bf940089":268,"01f34f98":268,"1670b0d3":268,"ec97d63e":268,"94208a41":268,"2cbcad17":268,"4dccb5ca":268,"83268abf":268,"578c4c95":268,"c606b472":268,"808bc372":268,"c792a7c1":268,"5a7da061":268,"06a94514":268,"73c420df":268,"0700da70":268,"ff591765":268,"93f12198":268,"62e270e5":268,"66b1b6d7":268,"b062adc4":268,"4aae5133":268,"63a3af32":268,"3fec4b0b":268,"faa3de3e":268,"44983d13":268,"80999122":268,"72af9198":268,"e39e9552":268,"81c1b70d":268,"e72f0f82":268,"88374b72":268,"fdfaf1ed":268,"ea981bed":268,"5e197575":268,"e587c4d0":268,"525b2635":268,"caa38a45":268,"a9987a58":268,"b6b8e5c7":268,"e82177d3":268,"89914b94":268,"04bdf5e1":268,"da8b42be":268,"3b0576bf":268,"9458934f":268,"1dcc489c":268,"945badf3":268,"1327775b":268,"bdd40125":268,"75fd47f7":268,"1c52a07e":268,"e70ccc25":268,"afd1494f":268,"ca6bffd3":268,"9666b973":268,"653b27c7":268,"83b37fd6":268,"4d852788":268,"e43a9448":268,"3542b748":268,"379c53ab":268,"e396d80d":268,"7da61f27":268,"829c44a4":268,"e76e2617":268,"2b4fd52e":268,"57162572":268,"d1d50cfe":268,"dc874a97":268,"85a220de":268,"40a7cdd2":268,"ac033c7b":268,"87759976":268,"4df3f62e":268,"c881a53e":268,"80c1c8b1":268,"cf52acd8":268,"a63cb4ce":268,"d3b3492b":268,"7580cfa4":268,"22a96386":268,"5c672b50":268,"5df16440":268,"b666e56d":268,"8db378ff":268,"784d6375":268,"4541bf85":268,"a6b13f20":268,"2459c882":268,"3df97186":268,"ef0490de":268,"e0f47ced":268,"309bbf54":268,"cc537772":268,"6618390c":268,"99cc0813":268,"272e7d0d":268,"f92596ee":268,"68831ea9":268,"9713d076":268,"fd098272":268,"6ee788a7":268,"8249641d":268,"45b0968f":268,"6a9bb182":268,"1f1afd4f":268,"25fb8826":268,"0dc5da58":268,"2874a625":268,"e61ae828":268,"f7ac3883":268,"ccd01528":268,"dab8cf68":268,"00f2a9cb":268,"916fe082":268,"b64dba8e":268,"c3bb30ce":268,"86219c70":268,"601990d8":268,"5c662c19":268,"d2a5d2fd":268,"89d220c2":268,"dc32c4e1":268,"239c636e":268,"6ee160ff":268,"c55d40ca":268,"22c177a8":268,"00ae883f":268,"f416ee62":268,"0d2b182d":268,"320754c3":268,"232b2f64":268,"3171b6e7":268,"3b25460f":268,"d2064756":268,"3e10c9cb":268,"5500a3e8":268,"3c0e87ac":268,"a891461f":268,"a246cdab":268,"117c7f0b":268,"0d21cf99":268,"14e6fe14":268,"37ec5e73":268,"bfff7913":268,"f8636899":268,"37724339":268,"d45d9727":268,"ee5ff2a3":268,"44322dfd":268,"295e4d1d":268,"8cf6570a":268,"403064a0":268,"312af46e":268,"b5a9f8c3":268,"fcbc0ae8":268,"2ff6b6a8":268,"66a71cc1":268,"bf4b58e4":268,"f7ffcbb8":268,"5728f934":268,"00b26865":268,"c333337d":268,"815c56bc":268,"5bd61a68":268,"8582c5cf":268,"0c353665":268,"231e8700":268,"1f9fbd85":268,"43f24679":268,"a1c0dfc4":268,"78f71162":268,"4b27a9a4":268,"163f4d19":268,"1d043d5a":268,"b2f82e06":268,"5b0b43e6":268,"b5474d69":268,"5a938eeb":268,"4fe0dedf":268,"951fc6d0":268,"61892a4c":268,"f096219e":268,"a3f0a6ec":268,"01051f84":268,"aa7e370d":268,"f995eeab":268,"a8edfe84":268,"2ed19b1e":268,"959e16ea":268,"02f76c64":268,"5c6d1f33":268,"b4801cae":268,"c3c2fd05":268,"f8c97147":268,"c2526ff3":268,"cc386067":268,"a22ffd8f":268,"3cd28a4d":268,"4006e709":268,"0dedf63e":268,"a9d5374b":268,"4321f02d":268,"089b3f8f":268,"7698d0dc":268,"784414ce":268,"2df3efdb":268,"d0f1b7bd":268,"e7799883":268,"4f9456cf":268,"6e260ee8":268,"f4f84279":268,"b0950de5":268,"6f873999":268,"1f4e0e22":268,"60d69311":268,"3b09f1de":268,"b371f44a":268,"8b6180ff":268,"8819ac24":268,"dbbf7f69":268,"dfe4a061":268,"c2bf7d51":268,"781afef6":268,"de9229a0":268,"99a5feef":268,"f6266388":268,"e64fd39c":268,"e1b3ce36":268,"625fa164":268,"0c6ae551":268,"e8f4c1dd":268,"cede8b8c":268,"ad95ff4a":268,"893a99c5":268,"d8bf32b5":268,"0eb42efe":268,"03c4ab87":268,"4e3d3af7":268,"3a4803a8":268,"f7a7de5d":268,"d4e56c3e":268,"0c045c2d":268,"8efd4801":268,"7eb8f268":268,"20236d3e":268,"36ae8cd8":268,"3ddd5391":268,"07f69c6d":268,"2254f0f5":268,"ea282e84":268,"6653c83b":268,"c896052c":268,"287ecd1c":268,"f9376d3e":268,"07a94e8c":268,"bb017b49":268,"37b52fe4":268,"61ad1519":268,"819c4185":268,"ba69b06b":268,"7d2a2cb4":268,"4f62491c":268,"70b4c438":268,"71ed93db":268,"c92efaa8":268,"c241ac7e":268,"62a45672":268,"210e507a":268,"ac6e268b":268,"742238e8":268,"cee9c347":268,"44a12c31":268,"45a961ca":268,"5ca978fd":268,"668e601b":268,"7552d86c":268,"02ebf3b6":268,"bb17a968":268,"4abcb85d":268,"cba26072":268,"2a718dcc":268,"c6a9a8e1":268,"88854fd0":268,"8dc27d2a":268,"41d7f05d":268,"2b851827":268,"9f428a03":268,"4d504d96":268,"0533ece1":268,"bcee2ef3":268,"0afba00c":268,"04ff8100":268,"6c00d8d6":268,"ac9a02bc":268,"acfe69ed":268,"426603ff":268,"2db2f252":268,"2e84193b":268,"c55683c9":268,"51233daf":268,"02791635":268,"be081247":268,"5cc47d1b":268,"678b846f":268,"b4bd39d8":268,"b4cdbe5d":268,"fa0386f3":268,"b95d0f17":268,"7800e7ce":269,"77869ff0":269,"4b8f7b16":269,"89f75690":269,"cb363e2f":269,"cd802f02":269,"d3cca7eb":269,"e866a899":269,"5690e712":269,"0b92d2a9":269,"070bed95":269
1601327417499,"67e5d108":269,"3d37b94b":269,"842c97c2":269,"c4cef92b":269,"0eecdc5b":269,"b7e495ea":269,"45ec63c0":269,"0ddfde2c":269,"a8b41774":269,"81f0da2d":269,"1fcc8ba4":269,"75a9c117":269,"12ba54ec":269,"be391c1a":269,"37d8a5b7":269,"d5ab81c4":269,"2ecde685":269,"f0bd52d3":269,"dcc20f76":269,"666a8ef0":269,"c5b609f1":269,"4dc5849a":269,"d605c755":269,"8a8c1d67":269,"cc6b3306":269,"8c2dfd9a":269,"f11267b9":269,"a483b15e":269,"f80ab49d":269,"95eaed39":269,"a5ba0ebb":269,"f53362a9":269,"1901ef7e":269,"960c2e6b":269,"3515e999":269,"d11f8f1b":269,"9d9eb027":269,"325f9a29":269,"d5d94481":269,"ffe48500":269,"c7a45a33":269,"faffe099":269,"503aafe5":269,"e99490cd":269,"3b830769":269,"583f0305":269,"1557c50a":269,"249e80ab":269,"f52a3d94":269,"eb74d3dd":269,"3bcbc28d":269,"3c0455e7":269,"df203c79":269,"df1e1ac0":269,"491708eb":269,"e421caaa":269,"2d2ecf27":269,"d38a4953":269,"eba5efdd":269,"a5463f93":269,"c85ac4f8":269,"bc253f4f":269,"0d9d2bf8":269,"846b7f11":269,"d3411467":269,"1df0ce7f":269,"a08171d0":269,"c8bc5677":269,"dfca0518":269,"b9a21017":269,"e47705d3":269,"3cae4115":269,"0ccf4731":269,"c7c6782d":269,"54346574":269,"b12cbf87":269,"81942d9b":269,"699b90c1":269,"d9b5a7a8":269,"1e7914d2":269,"e5d8fdb2":269,"3412ab75":269,"bcac5daf":269,"62d028cc":269,"0af2cf39":269,"27491297":269,"d041ea86":269,"1eda11b2":269,"fc442678":269,"080d5d42":269,"5d03f5dc":269,"f0a01341":269,"1ee4d9f9":269,"0d6e45e7":269,"0da97151":269,"e829038c":269,"4987cfb5":269,"ba90687c":269,"77f2cf92":269,"037e2be4":269,"9e7dbd20":269,"0c086273":269,"ac13c3b0":269,"b4d9c57f":269,"5d53c964":269,"8ee9cc91":269,"4cc0af91":269,"55f6a2ba":269,"9559ea96":269,"9cb044bf":269,"16b25add":269,"80ee333e":269,"3b329af2":269,"1cd662bf":269,"72992b35":269,"47589344":269,"593b1533":269,"e9f6e5ce":269,"ed6bead5":269,"96f594b9":269,"94dfcfc5":269,"8301986e":269,"830ecfec":269,"a8bae791":269,"312009ee":269,"c98759fd":269,"e8b6d676":269,"45ee5840":269,"76f04033":269,"43480b19":269,"fd955858":269,"69798d15":269,"efea71fa":269,"18c73816":269,"fb3aa867":269,"c9cf710b":269,"fcacdeb3":269,"0ea055ed":269,"e3b1bdf8":269,"644b45fb":269,"e491161e":269,"b5087677":269,"16f60bed":269,"cb0c3481":269,"7664512c":269,"df9a53b8":269,"f6c27b2b":269,"945f6c24":269,"f1daea7e":269,"b8fb90e3":269,"56227e35":269,"0d6bf22a":269,"b87321d0":269,"43205b5d":269,"8982905a":269,"f6fe1ad7":269,"230064fa":269,"764e0abb":269,"bba6d88e":269,"ea3479ec":269,"32266fa3":269,"50b090c3":269,"8be24763":269,"eb4800b2":269,"6e0ce9dc":269,"87d9bec4":269,"e30dfa0c":269,"6da34174":269,"bfb849fa":269,"0a10b423":269,"9ef7cee7":269,"49f1a0d1":269,"5f04aa76":269,"ba297382":269,"0287db2a":269,"96abe4a9":269,"753b10b1":269,"cf14bd99":269,"782022f4":269,"322e833f":269,"ab3619e4":269,"106006ad":269,"c8237be9":269,"1416e8f5":269,"dde2eed5":269,"a208caa8":269,"16605353":269,"77b39e15":269,"f1726edb":269,"92b72493":269,"d3e58903":269,"4481c4be":269,"7954891b":269,"4afd60a9":269,"d44c0ea3":269,"68f87858":269,"533bac6b":269,"41634dba":269,"43fd1327":269,"113e7f4b":269,"8cce569a":269,"ce6401b6":269,"6f57824c":269,"28bd7aa1":269,"1d52fb0d":269,"cde0d748":269,"535ed444":269,"710f0d0e":269,"0905f1fb":269,"a20e529c":269,"1ae76fcc":269,"35b161d3":269,"344cd1a3":269,"77ea1236":269,"96d2a118":269,"23a0e41f":269,"b32a1080":269,"a2c4b591":269,"6dfa57be":269,"1854ce44":269,"f92b22f1":269,"ece12664":269,"36f4ecde":269,"568a0d58":269,"5fd569d2":269,"590ce3d3":269,"1802d7ce":269,"0a49914b":269,"5d3f5cad":269,"cf347cba":269,"fc0c23f7":269,"641f9b9e":269,"10c8fd03":269,"bd4ccb49":269,"e773d697":269,"7e8c11e7":269,"077eb15a":269,"5337c279":269,"8d256cb6":269,"7021c619":269,"32ae00db":269,"bf2defb2":269,"bc733a28":269,"30d32d34":269,"886c16d3":269,"e8d09b62":269,"5b09e53e":269,"da5bb0f7":269,"6d925c84":269,"50b23ab2":269,"edfa56d4":269,"899c16eb":269,"41c76041":269,"6bb1fa99":269,"d73ff72e":269,"61c0ca91":269,"d2fda7be":269,"3b3569f6":269,"b01ab62a":269,"76da16fa":269,"c92edec5":269,"9f03c1e7":269,"06c24a8d":269,"2f35e75f":269,"3eddf7c8":269,"77970f8b":269,"efd594d5":269,"4718294d":269,"5352cf45":269,"e0ffe8ff":269,"ae14d6b5":269,"721f5f42":269,"0b50bca6":269,"bf2ca266":269,"5d8d9641":269,"0de67c6c":269,"2311399f":269,"5e3ebf5e":269,"9f6ca218":269,"6213799d":269,"44cb1fd2":269,"baf19c25":269,"24a79a6e":269,"edde30af":269,"4d949e11":269,"df12f689":269,"1da10cbf":269,"832c48e4":269,"dc90a44c":269,"1ad7c45b":269,"5566c17c":269,"86a22252":269,"0000dece":269,"ce5efdbe":269,"58ace2b5":269,"d379fd96":269,"7b819458":269,"bffee581":269,"07150038":269,"080fa362":269,"7b6945ad":269,"ce20ca3c":269,"1d2d958b":269,"81fb6a01":269,"7f5b27c8":269,"fb3444d9":269,"f05de640":269,"86a68967":269,"56cd4dca":269,"7f469f4c":269,"f92dedfc":269,"355d1489":269,"f96fc1af":269,"06713bac":269,"61aca924":269,"d97fb857":269,"59ff5ec6":269,"ef04e64e":269,"6e2d04de":269,"2fca1798":269,"05028839":269,"5488826c":269,"84fff5c1":269,"c649992d":269,"d5ad3ed6":269,"8e5f7187":269,"55ba7579":269,"b7769ca6":269,"9c27de51":269,"38a75b48":269,"1792bfa3":269,"426f1904":269,"7c0f1ca9":269,"b2f820ac":269,"25d4f65d":269,"eddb6a2a":269,"ff8a00aa":269,"a40d08e1":269,"cec79bc2":269,"d2eff358":269,"e70aebb5":269,"a488b2f1":269,"4caa87d6":269,"f7076e21":269,"69e653b6":269,"98d2991b":269,"3b411d6a":269,"83826ef3":269,"595609d5":269,"b47f1b89":269,"8e6caf71":269,"9a3433b8":269,"b89112cb":269,"66736d5e":269,"30de89a7":269,"06aaa33f":269,"320c65bf":269,"1fa1e7c2":269,"646af2b9":269,"659389ad":269,"240c8679":269,"7f8024cd":269,"ae562513":269,"7b66dacd":269,"9ab137d7":269,"7191d1cd":269,"005354dd":269,"0718c3be":269,"8b503f7b":269,"87a8523c":269,"c416baa6":269,"c146560b":269,"985068e7":269,"d543ba6f":269,"ae350a07":269,"680a32a6":269,"83ba647d":269,"cb0bd6b7":269,"8e426e39":269,"51909df8":269,"e22b0973":269,"23646ff9":269,"3abb827b":269,"0c73c293":269,"88929b06":269,"08c4692e":269,"5b2479ef":269,"1d882c36":269,"eb62e8f2":269,"f1e86522":269,"fa03f48f":269,"5298dafa":269,"25f7f918":269,"c5311ebb":269,"105bb3f6":269,"58de5462":269,"f01c896d":269,"1f2670d0":269,"962c9c8f":269,"aec0bf28":269,"a017a323":269,"8801c469":269,"b6281f1a":269,"48c6df81":269,"5e165f43":269,"f8785b71":269,"ab4a411a":269,"d7a4b24c":269,"686d5c0b":269,"f15eb1c5":269,"71789493":269,"5ac72353":269,"d1b14d06":269,"f6c074a7":269,"ffd6849d":269,"962fca02":269,"75968179":269,"bc8bdc23":269,"a71f3f70":269,"1f7aa83c":269,"732d62ee":269,"d4b0751c":269,"5b01444b":269,"79995b62":269,"97160db8":269,"589f0d6e":269,"51b4016a":269,"46bf9112":269,"092ad3d6":269,"bf940089":269,"01f34f98":269,"1670b0d3":269,"ec97d63e":269,"94208a41":269,"2cbcad17":269,"4dccb5ca":269,"83268abf":269,"578c4c95":269,"c606b472":269,"808bc372":269,"c792a7c1":269,"5a7da061":269,"06a94514":269,"73c420df":269,"0700da70":269,"ff591765":269,"93f12198":269,"62e270e5":269,"66b1b6d7":269,"b062adc4":269,"4aae5133":269,"63a3af32":269,"3fec4b0b":269,"faa3de3e":269,"44983d13":269,"80999122":269,"72af9198":269,"e39e9552":269,"81c1b70d":269,"e72f0f82":269,"88374b72":269,"fdfaf1ed":269,"ea981bed":269,"5e197575":269,"e587c4d0":269,"525b2635":269,"caa38a45":269,"a9987a58":269,"b6b8e5c7":269,"e82177d3":269,"89914b94":269,"04bdf5e1":269,"da8b42be":269,"3b0576bf":269,"9458934f":269,"1dcc489c":269,"945badf3":269,"1327775b":269,"bdd40125":269,"75fd47f7":269,"1c52a07e":269,"e70ccc25":269,"afd1494f":269,"ca6bffd3":269,"829c44a4":269,"e76e2617":269,"2b4fd52e":269,"57162572":269,"d1d50cfe":269
1601327418054,"9666b973":269,"653b27c7":269,"83b37fd6":269,"4d852788":269,"e43a9448":269,"3542b748":269,"379c53ab":269,"e396d80d":269,"7da61f27":269,"dc874a97":269,"85a220de":269,"40a7cdd2":269,"ac033c7b":269,"87759976":269,"4df3f62e":269,"c881a53e":269,"272e7d0d":269,"f92596ee":269,"68831ea9":269,"9713d076":269,"fd098272":269,"6ee788a7":269,"8249641d":269,"45b0968f":269,"6a9bb182":269,"1f1afd4f":269,"80c1c8b1":269,"cf52acd8":269,"a63cb4ce":269,"d3b3492b":269,"7580cfa4":269,"22a96386":269,"5c672b50":269,"5df16440":269,"b666e56d":269,"8db378ff":269,"784d6375":269,"4541bf85":269,"a6b13f20":269,"2459c882":269,"3df97186":269,"ef0490de":269,"e0f47ced":269,"309bbf54":269,"cc537772":269,"6618390c":269,"99cc0813":269,"dc32c4e1":269,"239c636e":269,"6ee160ff":269,"c55d40ca":269,"22c177a8":269,"00ae883f":269,"f416ee62":269,"0d2b182d":269,"320754c3":269,"232b2f64":269,"3171b6e7":269,"3b25460f":269,"d2064756":269,"25fb8826":269,"0dc5da58":269,"2874a625":269,"e61ae828":269,"f7ac3883":269,"ccd01528":269,"dab8cf68":269,"00f2a9cb":269,"916fe082":269,"b64dba8e":269,"c3bb30ce":269,"86219c70":269,"601990d8":269,"5c662c19":269,"d2a5d2fd":269,"89d220c2":269,"3e10c9cb":269,"5500a3e8":269,"3c0e87ac":269,"a891461f":269,"a246cdab":269,"117c7f0b":269,"0d21cf99":269,"14e6fe14":269,"37ec5e73":269,"bfff7913":269,"f8636899":269,"37724339":269,"d45d9727":269,"ee5ff2a3":269,"44322dfd":269,"295e4d1d":269,"8cf6570a":269,"403064a0":269,"312af46e":269,"b5a9f8c3":269,"fcbc0ae8":269,"2ff6b6a8":269,"66a71cc1":269,"bf4b58e4":269,"f7ffcbb8":269,"5728f934":269,"00b26865":269,"c333337d":269,"815c56bc":269,"5bd61a68":269,"8582c5cf":269,"0c353665":269,"231e8700":269,"1f9fbd85":269,"43f24679":269,"a1c0dfc4":269,"78f71162":269,"4b27a9a4":269,"163f4d19":269,"1d043d5a":269,"b2f82e06":269,"5b0b43e6":269,"b5474d69":269,"5a938eeb":269,"4fe0dedf":269,"951fc6d0":269,"61892a4c":269,"f096219e":269,"a3f0a6ec":269,"01051f84":269,"aa7e370d":269,"f995eeab":269,"4006e709":269,"0dedf63e":269,"a9d5374b":269,"4321f02d":269,"089b3f8f":269,"7698d0dc":269,"784414ce":269,"2df3efdb":269,"d0f1b7bd":269,"e7799883":269,"4f9456cf":269,"6e260ee8":269,"f4f84279":269,"b0950de5":269,"6f873999":269,"1f4e0e22":269,"60d69311":269,"3b09f1de":269,"b371f44a":269,"8b6180ff":269,"8819ac24":269,"dbbf7f69":269,"dfe4a061":269,"a8edfe84":269,"2ed19b1e":269,"959e16ea":269,"02f76c64":269,"5c6d1f33":269,"b4801cae":269,"c3c2fd05":269,"f8c97147":269,"c2526ff3":269,"cc386067":269,"a22ffd8f":269,"3cd28a4d":269,"44a12c31":269,"45a961ca":269,"5ca978fd":269,"668e601b":269,"7552d86c":269,"02ebf3b6":269,"bb17a968":269,"4abcb85d":269,"cba26072":269,"2a718dcc":269,"c6a9a8e1":269,"88854fd0":269,"8dc27d2a":269,"c2bf7d51":269,"781afef6":269,"de9229a0":269,"99a5feef":269,"f6266388":269,"e64fd39c":269,"e1b3ce36":269,"625fa164":269,"0c6ae551":269,"e8f4c1dd":269,"cede8b8c":269,"ad95ff4a":269,"893a99c5":269,"d8bf32b5":269,"0eb42efe":269,"03c4ab87":269,"4e3d3af7":269,"3a4803a8":269,"f7a7de5d":269,"d4e56c3e":269,"0c045c2d":269,"8efd4801":269,"7eb8f268":269,"20236d3e":269,"36ae8cd8":269,"3ddd5391":269,"07f69c6d":269,"2254f0f5":269,"ea282e84":269,"6653c83b":269,"c896052c":269,"287ecd1c":269,"f9376d3e":269,"07a94e8c":269,"41d7f05d":269,"2b851827":269,"9f428a03":269,"4d504d96":269,"0533ece1":269,"bcee2ef3":269,"0afba00c":269,"04ff8100":269,"6c00d8d6":269,"ac9a02bc":269,"acfe69ed":269,"426603ff":269,"2db2f252":269,"2e84193b":269,"c55683c9":269,"51233daf":269,"02791635":269,"be081247":269,"5cc47d1b":269,"678b846f":269,"b4bd39d8":269,"b4cdbe5d":269,"fa0386f3":269,"b95d0f17":269,"cee9c347":269,"bb017b49":269,"37b52fe4":269,"61ad1519":269,"819c4185":269,"ba69b06b":269,"7d2a2cb4":269,"4f62491c":269,"70b4c438":269,"71ed93db":269,"c92efaa8":269,"c241ac7e":269,"62a45672":269,"210e507a":269,"ac6e268b":269,"742238e8":269
1601327418579,"7800e7ce":270,"77869ff0":270,"4b8f7b16":270,"89f75690":270,"cb363e2f":270,"cd802f02":270,"d3cca7eb":270,"e866a899":270,"5690e712":270,"0b92d2a9":270,"070bed95":270,"67e5d108":270,"3d37b94b":270,"842c97c2":270,"c4cef92b":270,"0eecdc5b":270,"b7e495ea":270,"45ec63c0":270,"0ddfde2c":270,"a8b41774":270,"81f0da2d":270,"1fcc8ba4":270,"75a9c117":270,"12ba54ec":270,"be391c1a":270,"37d8a5b7":270,"d5ab81c4":270,"2ecde685":270,"f0bd52d3":270,"dcc20f76":270,"666a8ef0":270,"c5b609f1":270,"4dc5849a":270,"d605c755":270,"8a8c1d67":270,"cc6b3306":270,"d5d94481":270,"8c2dfd9a":270,"f11267b9":270,"a483b15e":270,"f80ab49d":270,"95eaed39":270,"a5ba0ebb":270,"f53362a9":270,"1901ef7e":270,"960c2e6b":270,"3515e999":270,"d11f8f1b":270,"9d9eb027":270,"325f9a29":270,"503aafe5":270,"ffe48500":270,"c7a45a33":270,"faffe099":270,"e99490cd":270,"3b830769":270,"583f0305":270,"1557c50a":270,"249e80ab":270,"f52a3d94":270,"eb74d3dd":270,"3bcbc28d":270,"3c0455e7":270,"df203c79":270,"df1e1ac0":270,"491708eb":270,"e421caaa":270,"2d2ecf27":270,"d38a4953":270,"eba5efdd":270,"a5463f93":270,"c85ac4f8":270,"bc253f4f":270,"0d9d2bf8":270,"846b7f11":270,"d3411467":270,"1df0ce7f":270,"a08171d0":270,"c8bc5677":270,"dfca0518":270,"b9a21017":270,"e47705d3":270,"3cae4115":270,"0ccf4731":270,"c7c6782d":270,"54346574":270,"b12cbf87":270,"81942d9b":270,"699b90c1":270,"d9b5a7a8":270,"1e7914d2":270,"e5d8fdb2":270,"3412ab75":270,"bcac5daf":270,"62d028cc":270,"0af2cf39":270,"27491297":270,"d041ea86":270,"1eda11b2":270,"fc442678":270,"080d5d42":270,"5d03f5dc":270,"f0a01341":270,"1ee4d9f9":270,"0d6e45e7":270,"0da97151":270,"e829038c":270,"4987cfb5":270,"ba90687c":270,"77f2cf92":270,"037e2be4":270,"9e7dbd20":270,"0c086273":270,"ac13c3b0":270,"b4d9c57f":270,"5d53c964":270,"8ee9cc91":270,"4cc0af91":270,"55f6a2ba":270,"9559ea96":270,"9cb044bf":270,"16b25add":270,"80ee333e":270,"3b329af2":270,"1cd662bf":270,"72992b35":270,"47589344":270,"593b1533":270,"e9f6e5ce":270,"ed6bead5":270,"96f594b9":270,"94dfcfc5":270,"8301986e":270,"830ecfec":270,"a8bae791":270,"312009ee":270,"c98759fd":270,"e8b6d676":270,"45ee5840":270,"76f04033":270,"43480b19":270,"fd955858":270,"69798d15":270,"efea71fa":270,"fb3aa867":270,"c9cf710b":270,"fcacdeb3":270,"0ea055ed":270,"e3b1bdf8":270,"644b45fb":270,"18c73816":270,"e491161e":270,"b5087677":270,"16f60bed":270,"cb0c3481":270,"7664512c":270,"df9a53b8":270,"f6c27b2b":270,"945f6c24":270,"f1daea7e":270,"b8fb90e3":270,"56227e35":270,"0d6bf22a":270,"b87321d0":270,"43205b5d":270,"8982905a":270,"f6fe1ad7":270,"230064fa":270,"764e0abb":270,"bba6d88e":270
1601327419181,"ea3479ec":270,"32266fa3":270,"50b090c3":270,"8be24763":270,"eb4800b2":270,"6e0ce9dc":270,"87d9bec4":270,"e30dfa0c":270,"6da34174":270,"bfb849fa":270,"0a10b423":270,"9ef7cee7":270,"49f1a0d1":270,"5f04aa76":270,"ba297382":270,"0287db2a":270,"96abe4a9":270,"753b10b1":270,"cf14bd99":270,"782022f4":270,"322e833f":270,"ab3619e4":270,"106006ad":270,"c8237be9":270,"1416e8f5":270,"dde2eed5":270,"a208caa8":270,"16605353":270,"77b39e15":270,"f1726edb":270,"590ce3d3":270,"1802d7ce":270,"0a49914b":270,"5d3f5cad":270,"cf347cba":270,"fc0c23f7":270,"641f9b9e":270,"c92edec5":270,"9f03c1e7":270,"06c24a8d":270,"2f35e75f":270,"3eddf7c8":270,"77970f8b":270,"efd594d5":270,"4718294d":270,"5352cf45":270,"e0ffe8ff":270,"ae14d6b5":270,"721f5f42":270,"92b72493":270,"d3e58903":270,"4481c4be":270,"7954891b":270,"4afd60a9":270,"d44c0ea3":270,"68f87858":270,"533bac6b":270,"41634dba":270,"43fd1327":270,"113e7f4b":270,"8cce569a":270,"ce6401b6":270,"6f57824c":270,"28bd7aa1":270,"1d52fb0d":270,"cde0d748":270,"535ed444":270,"710f0d0e":270,"0905f1fb":270,"a20e529c":270,"1ae76fcc":270,"35b161d3":270,"344cd1a3":270,"77ea1236":270,"96d2a118":270,"23a0e41f":270,"b32a1080":270,"a2c4b591":270,"0b50bca6":270,"bf2ca266":270,"5d8d9641":270,"0de67c6c":270,"2311399f":270,"5e3ebf5e":270,"9f6ca218":270,"6213799d":270,"44cb1fd2":270,"baf19c25":270,"24a79a6e":270,"edde30af":270,"4d949e11":270,"df12f689":270,"1da10cbf":270,"832c48e4":270,"dc90a44c":270,"1ad7c45b":270,"5566c17c":270,"86a22252":270,"0000dece":270,"ce5efdbe":270,"58ace2b5":270,"d379fd96":270,"7b819458":270,"7f8024cd":270,"ae562513":270,"7b66dacd":270,"9ab137d7":270,"7191d1cd":270,"005354dd":270,"6dfa57be":270,"1854ce44":270,"f92b22f1":270,"ece12664":270,"36f4ecde":270,"568a0d58":270,"5fd569d2":270,"10c8fd03":270,"bd4ccb49":270,"e773d697":270,"7e8c11e7":270,"077eb15a":270,"5337c279":270,"8d256cb6":270,"7021c619":270,"32ae00db":270,"bf2defb2":270,"bc733a28":270,"30d32d34":270,"886c16d3":270,"e8d09b62":270,"5b09e53e":270,"da5bb0f7":270,"6d925c84":270,"50b23ab2":270,"edfa56d4":270,"899c16eb":270,"41c76041":270,"6bb1fa99":270,"d73ff72e":270,"61c0ca91":270,"d2fda7be":270,"ce20ca3c":270,"1d2d958b":270,"81fb6a01":270,"7f5b27c8":270,"fb3444d9":270,"f05de640":270,"86a68967":270,"56cd4dca":270,"7f469f4c":270,"f92dedfc":270,"355d1489":270,"f96fc1af":270,"06713bac":270,"61aca924":270,"d97fb857":270,"59ff5ec6":270,"ef04e64e":270,"6e2d04de":270,"2fca1798":270,"05028839":270,"5488826c":270,"84fff5c1":270,"c649992d":270,"d5ad3ed6":270,"8e5f7187":270,"55ba7579":270,"b7769ca6":270,"9c27de51":270,"38a75b48":270,"1792bfa3":270,"3b3569f6":270,"b01ab62a":270,"76da16fa":270,"bffee581":270,"07150038":270,"080fa362":270,"7b6945ad":270,"a40d08e1":270,"cec79bc2":270,"d2eff358":270,"e70aebb5":270,"a488b2f1":270,"4caa87d6":270,"426f1904":270,"7c0f1ca9":270,"b2f820ac":270,"25d4f65d":270,"eddb6a2a":270,"ff8a00aa":270,"c146560b":270,"985068e7":270,"d543ba6f":270,"f7076e21":270,"69e653b6":270,"98d2991b":270,"3b411d6a":270,"83826ef3":270,"595609d5":270,"b47f1b89":270,"8e6caf71":270,"9a3433b8":270,"b89112cb":270,"66736d5e":270,"30de89a7":270,"06aaa33f":270,"320c65bf":270,"1fa1e7c2":270,"646af2b9":270,"659389ad":270,"240c8679":270,"0718c3be":270,"8b503f7b":270,"87a8523c":270,"c416baa6":270,"ae350a07":270,"680a32a6":270,"83ba647d":270,"cb0bd6b7":270,"8e426e39":270,"51909df8":270,"e22b0973":270,"23646ff9":270,"3abb827b":270,"0c73c293":270,"88929b06":270,"08c4692e":270,"5b2479ef":270,"1d882c36":270,"eb62e8f2":270,"f1e86522":270,"fa03f48f":270,"5298dafa":270,"25f7f918":270,"c5311ebb":270,"105bb3f6":270,"58de5462":270,"f01c896d":270,"1f2670d0":270,"962c9c8f":270,"aec0bf28":270,"a017a323":270,"8801c469":270,"b6281f1a":270,"48c6df81":270,"5e165f43":270,"f8785b71":270,"ab4a411a":270,"d7a4b24c":270,"686d5c0b":270,"f15eb1c5":270,"71789493":270,"5ac72353":270,"d1b14d06":270,"f6c074a7":270,"ffd6849d":270,"962fca02":270,"75968179":270,"bc8bdc23":270,"a71f3f70":270,"1f7aa83c":270,"732d62ee":270,"d4b0751c":270,"5b01444b":270,"79995b62":270,"97160db8":270,"589f0d6e":270,"51b4016a":270,"46bf9112":270,"092ad3d6":270,"bf940089":270,"01f34f98":270,"1670b0d3":270,"ec97d63e":270,"94208a41":270,"2cbcad17":270,"4dccb5ca":270,"83268abf":270,"578c4c95":270,"c606b472":270
1601327419648,"808bc372":270,"c792a7c1":270,"5a7da061":270,"06a94514":270,"73c420df":270,"0700da70":270,"ff591765":270,"93f12198":270,"62e270e5":270,"66b1b6d7":270,"b062adc4":270,"4aae5133":270,"63a3af32":270,"3fec4b0b":270,"faa3de3e":270,"44983d13":270,"80999122":270,"272e7d0d":270,"f92596ee":270,"68831ea9":270,"72af9198":270,"e39e9552":270,"81c1b70d":270,"e72f0f82":270,"88374b72":270,"fdfaf1ed":270,"ea981bed":270,"5e197575":270,"e587c4d0":270,"525b2635":270,"caa38a45":270,"a9987a58":270,"b6b8e5c7":270,"e82177d3":270,"89914b94":270,"04bdf5e1":270,"da8b42be":270,"3b0576bf":270,"9458934f":270,"1dcc489c":270,"945badf3":270,"1327775b":270,"bdd40125":270,"75fd47f7":270,"1c52a07e":270,"e70ccc25":270,"afd1494f":270,"ca6bffd3":270,"829c44a4":270,"e76e2617":270,"2b4fd52e":270,"57162572":270,"d1d50cfe":270,"9713d076":270,"fd098272":270,"6ee788a7":270,"8249641d":270,"45b0968f":270,"6a9bb182":270,"1f1afd4f":270,"25fb8826":270,"0dc5da58":270,"2874a625":270,"e61ae828":270,"f7ac3883":270,"ccd01528":270,"dab8cf68":270,"00f2a9cb":270,"916fe082":270,"b64dba8e":270,"c3bb30ce":270,"86219c70":270,"601990d8":270,"5c662c19":270,"d2a5d2fd":270,"89d220c2":270,"3e10c9cb":270,"5500a3e8":270,"3c0e87ac":270,"a891461f":270,"a246cdab":270,"117c7f0b":270,"0d21cf99":270,"14e6fe14":270,"37ec5e73":270,"bfff7913":270,"f8636899":270,"37724339":270,"f7ffcbb8":270,"5728f934":270,"00b26865":270,"c333337d":270,"815c56bc":270,"5bd61a68":270,"8582c5cf":270,"0c353665":270,"231e8700":270,"1f9fbd85":270,"43f24679":270,"a1c0dfc4":270,"9666b973":270,"653b27c7":270,"83b37fd6":270,"4d852788":270,"e43a9448":270,"3542b748":270,"379c53ab":270,"e396d80d":270,"7da61f27":270,"dc874a97":270,"85a220de":270,"40a7cdd2":270,"ac033c7b":270,"87759976":270,"4df3f62e":270,"c881a53e":270,"80c1c8b1":270,"cf52acd8":270,"a63cb4ce":270,"d3b3492b":270,"7580cfa4":270,"22a96386":270,"78f71162":270,"4b27a9a4":270,"163f4d19":270,"1d043d5a":270,"b2f82e06":270,"5b0b43e6":270,"b5474d69":270,"5a938eeb":270,"4fe0dedf":270,"951fc6d0":270,"61892a4c":270,"f096219e":270,"a3f0a6ec":270,"d45d9727":270,"ee5ff2a3":270,"44322dfd":270,"295e4d1d":270,"8cf6570a":270,"403064a0":270,"312af46e":270,"b5a9f8c3":270,"fcbc0ae8":270,"2ff6b6a8":270,"66a71cc1":270,"bf4b58e4":270,"01051f84":270,"aa7e370d":270,"f995eeab":270,"4006e709":270,"0dedf63e":270,"a9d5374b":270,"4321f02d":270,"089b3f8f":270,"7698d0dc":270,"784414ce":270,"2df3efdb":270,"d0f1b7bd":270,"e7799883":270,"4f9456cf":270,"6e260ee8":270,"f4f84279":270,"b0950de5":270,"6f873999":270,"1f4e0e22":270,"60d69311":270,"3b09f1de":270,"b371f44a":270,"8b6180ff":270,"8819ac24":270,"5c672b50":270,"5df16440":270,"b666e56d":270,"8db378ff":270,"784d6375":270,"4541bf85":270,"a6b13f20":270,"2459c882":270,"3df97186":270,"ef0490de":270,"e0f47ced":270,"309bbf54":270,"cc537772":270,"6618390c":270,"99cc0813":270,"dc32c4e1":270,"239c636e":270,"6ee160ff":270,"c55d40ca":270,"22c177a8":270,"00ae883f":270,"f416ee62":270,"0d2b182d":270,"320754c3":270,"232b2f64":270,"3171b6e7":270,"3b25460f":270,"d2064756":270,"dbbf7f69":270,"dfe4a061":270,"c2bf7d51":270,"781afef6":270,"a8edfe84":270,"2ed19b1e":270,"959e16ea":270,"02f76c64":270,"5c6d1f33":270,"b4801cae":270,"c3c2fd05":270,"f8c97147":270,"c2526ff3":270,"cc386067":270,"a22ffd8f":270,"3cd28a4d":270,"44a12c31":270,"45a961ca":270,"de9229a0":270,"99a5feef":270,"f6266388":270,"e64fd39c":270,"e1b3ce36":270,"625fa164":270,"0c6ae551":270,"e8f4c1dd":270,"cede8b8c":270,"ad95ff4a":270,"893a99c5":270,"d8bf32b5":270,"0eb42efe":270,"03c4ab87":270,"4e3d3af7":270,"3a4803a8":270,"f7a7de5d":270,"d4e56c3e":270,"0c045c2d":270,"8efd4801":270,"7eb8f268":270,"20236d3e":270,"36ae8cd8":270,"3ddd5391":270,"07f69c6d":270,"2254f0f5":270,"ea282e84":270,"6653c83b":270,"c896052c":270,"287ecd1c":270,"f9376d3e":270,"07a94e8c":270,"bb017b49":270,"37b52fe4":270,"61ad1519":270,"819c4185":270,"ba69b06b":270,"5ca978fd":270,"668e601b":270,"7552d86c":270,"02ebf3b6":270,"bb17a968":270,"4abcb85d":270,"cba26072":270,"2a718dcc":270,"c6a9a8e1":270,"88854fd0":270,"8dc27d2a":270,"41d7f05d":270,"2b851827":270,"9f428a03":270,"4d504d96":270,"0533ece1":270,"bcee2ef3":270,"0afba00c":270,"04ff8100":270,"6c00d8d6":270,"ac9a02bc":270,"acfe69ed":270,"426603ff":270,"2db2f252":270,"2e84193b":270,"c55683c9":270,"51233daf":270,"02791635":270,"be081247":270,"5cc47d1b":270,"678b846f":270,"b4bd39d8":270,"b4cdbe5d":270,"7d2a2cb4":270,"4f62491c":270,"70b4c438":270,"71ed93db":270,"c92efaa8":270,"c241ac7e":270,"62a45672":270,"210e507a":270,"ac6e268b":270,"742238e8":270,"fa0386f3":270,"b95d0f17":270,"cee9c347":270
1601327420117,"7800e7ce":271,"77869ff0":271,"4b8f7b16":271,"89f75690":271,"cb363e2f":271,"cd802f02":271,"d3cca7eb":271,"e866a899":271,"5690e712":271,"0b92d2a9":271,"070bed95":271,"67e5d108":271,"3d37b94b":271,"842c97c2":271,"c4cef92b":271,"0eecdc5b":271,"b7e495ea":271,"45ec63c0":271,"0ddfde2c":271,"a8b41774":271,"81f0da2d":271,"1fcc8ba4":271,"75a9c117":271,"12ba54ec":271,"d5d94481":271,"ffe48500":271,"c7a45a33":271,"faffe099":271,"e99490cd":271,"3b830769":271,"583f0305":271,"1557c50a":271,"249e80ab":271,"f52a3d94":271,"eb74d3dd":271,"3bcbc28d":271,"3c0455e7":271,"df203c79":271,"df1e1ac0":271,"491708eb":271,"e421caaa":271,"2d2ecf27":271,"d38a4953":271,"eba5efdd":271,"a5463f93":271,"c85ac4f8":271,"bc253f4f":271,"0d9d2bf8":271,"846b7f11":271,"d3411467":271,"be391c1a":271,"37d8a5b7":271,"d5ab81c4":271,"2ecde685":271,"f0bd52d3":271,"dcc20f76":271,"666a8ef0":271,"c5b609f1":271,"4dc5849a":271,"d605c755":271,"8a8c1d67":271,"cc6b3306":271,"8c2dfd9a":271,"f11267b9":271,"a483b15e":271,"f80ab49d":271,"95eaed39":271,"a5ba0ebb":271,"f53362a9":271,"1901ef7e":271,"960c2e6b":271,"3515e999":271,"d11f8f1b":271,"9d9eb027":271,"325f9a29":271,"503aafe5":271,"1df0ce7f":271,"a08171d0":271,"c8bc5677":271,"dfca0518":271,"b9a21017":271,"e47705d3":271,"3cae4115":271,"0ccf4731":271,"c7c6782d":271,"54346574":271,"b12cbf87":271,"81942d9b":271,"699b90c1":271,"d9b5a7a8":271,"1e7914d2":271,"e5d8fdb2":271,"3412ab75":271,"bcac5daf":271,"62d028cc":271,"0af2cf39":271,"27491297":271,"d041ea86":271,"1eda11b2":271,"fc442678":271,"080d5d42":271,"5d03f5dc":271,"f0a01341":271,"1ee4d9f9":271,"0d6e45e7":271,"0da97151":271,"e829038c":271,"18c73816":271,"e491161e":271,"4987cfb5":271,"ba90687c":271,"77f2cf92":271,"037e2be4":271,"9e7dbd20":271,"0c086273":271,"ac13c3b0":271,"b4d9c57f":271,"5d53c964":271,"8ee9cc91":271,"4cc0af91":271,"55f6a2ba":271,"9559ea96":271,"9cb044bf":271,"16b25add":271,"80ee333e":271,"3b329af2":271,"1cd662bf":271,"72992b35":271,"47589344":271,"593b1533":271,"e9f6e5ce":271,"ed6bead5":271,"96f594b9":271,"94dfcfc5":271,"8301986e":271,"830ecfec":271,"a8bae791":271,"312009ee":271,"c98759fd":271,"e8b6d676":271,"45ee5840":271,"76f04033":271,"43480b19":271,"fd955858":271,"69798d15":271,"efea71fa":271,"fb3aa867":271,"c9cf710b":271,"fcacdeb3":271,"0ea055ed":271,"e3b1bdf8":271,"644b45fb":271,"b5087677":271,"16f60bed":271,"cb0c3481":271,"7664512c":271,"df9a53b8":271,"f6c27b2b":271,"945f6c24":271,"f1daea7e":271,"b8fb90e3":271,"56227e35":271,"0d6bf22a":271,"b87321d0":271,"43205b5d":271,"8982905a":271,"f6fe1ad7":271,"230064fa":271,"764e0abb":271,"bba6d88e":271,"ea3479ec":271,"32266fa3":271,"50b090c3":271,"8be24763":271,"eb4800b2":271,"6e0ce9dc":271,"87d9bec4":271,"e30dfa0c":271,"6da34174":271,"bfb849fa":271,"0a10b423":271,"9ef7cee7":271,"49f1a0d1":271,"5f04aa76":271,"ba297382":271,"0287db2a":271,"96abe4a9":271,"753b10b1":271,"cf14bd99":271,"782022f4":271,"322e833f":271,"ab3619e4":271,"106006ad":271,"c8237be9":271,"1416e8f5":271,"dde2eed5":271,"a208caa8":271,"16605353":271,"77b39e15":271,"f1726edb":271,"92b72493":271,"d3e58903":271,"4481c4be":271,"7954891b":271,"4afd60a9":271,"d44c0ea3":271,"68f87858":271,"533bac6b":271,"41634dba":271,"43fd1327":271,"113e7f4b":271,"8cce569a":271,"ce6401b6":271,"6f57824c":271,"28bd7aa1":271,"1d52fb0d":271,"cde0d748":271,"535ed444":271,"710f0d0e":271,"0905f1fb":271,"a20e529c":271,"1ae76fcc":271,"35b161d3":271,"344cd1a3":271,"77ea1236":271,"96d2a118":271,"23a0e41f":271,"b32a1080":271,"a2c4b591":271,"6dfa57be":271,"1854ce44":271,"f92b22f1":271,"ece12664":271,"36f4ecde":271,"568a0d58":271,"5fd569d2":271,"10c8fd03":271,"bd4ccb49":271,"e773d697":271,"7e8c11e7":271,"077eb15a":271,"5337c279":271,"8d256cb6":271,"590ce3d3":271,"1802d7ce":271,"0a49914b":271,"5d3f5cad":271,"cf347cba":271,"fc0c23f7":271,"641f9b9e":271,"c92edec5":271,"9f03c1e7":271,"06c24a8d":271,"2f35e75f":271,"3eddf7c8":271,"77970f8b":271,"efd594d5":271,"4718294d":271,"5352cf45":271,"e0ffe8ff":271
1601327420759,"7021c619":271,"32ae00db":271,"bf2defb2":271,"bc733a28":271,"30d32d34":271,"886c16d3":271,"e8d09b62":271,"ae14d6b5":271,"721f5f42":271,"0b50bca6":271,"bf2ca266":271,"5d8d9641":271,"0de67c6c":271,"2311399f":271,"5e3ebf5e":271,"9f6ca218":271,"6213799d":271,"44cb1fd2":271,"baf19c25":271,"24a79a6e":271,"edde30af":271,"4d949e11":271,"df12f689":271,"1da10cbf":271,"832c48e4":271,"dc90a44c":271,"1ad7c45b":271,"5566c17c":271,"86a22252":271,"0000dece":271,"ce5efdbe":271,"58ace2b5":271,"d379fd96":271,"7b819458":271,"7f8024cd":271,"ae562513":271,"7b66dacd":271,"9ab137d7":271,"7191d1cd":271,"005354dd":271,"5b09e53e":271,"da5bb0f7":271,"6d925c84":271,"50b23ab2":271,"edfa56d4":271,"899c16eb":271,"41c76041":271,"6bb1fa99":271,"d73ff72e":271,"61c0ca91":271,"d2fda7be":271,"ce20ca3c":271,"1d2d958b":271,"81fb6a01":271,"7f5b27c8":271,"fb3444d9":271,"f05de640":271,"86a68967":271,"56cd4dca":271,"7f469f4c":271,"f92dedfc":271,"355d1489":271,"f96fc1af":271,"06713bac":271,"61aca924":271,"d97fb857":271,"59ff5ec6":271,"ef04e64e":271,"6e2d04de":271,"2fca1798":271,"05028839":271,"5488826c":271,"84fff5c1":271,"c649992d":271,"d5ad3ed6":271,"8e5f7187":271,"55ba7579":271,"b7769ca6":271,"9c27de51":271,"38a75b48":271,"1792bfa3":271,"426f1904":271,"7c0f1ca9":271,"b2f820ac":271,"25d4f65d":271,"eddb6a2a":271,"ff8a00aa":271,"c146560b":271,"985068e7":271,"d543ba6f":271,"3b3569f6":271,"b01ab62a":271,"76da16fa":271,"bffee581":271,"07150038":271,"080fa362":271,"7b6945ad":271,"a40d08e1":271,"cec79bc2":271,"d2eff358":271,"e70aebb5":271,"a488b2f1":271,"4caa87d6":271,"f7076e21":271,"69e653b6":271,"98d2991b":271,"3b411d6a":271,"83826ef3":271,"595609d5":271,"b47f1b89":271,"8e6caf71":271,"9a3433b8":271,"b89112cb":271,"66736d5e":271,"30de89a7":271,"06aaa33f":271,"320c65bf":271,"1fa1e7c2":271,"646af2b9":271,"659389ad":271,"240c8679":271,"0718c3be":271,"8b503f7b":271,"87a8523c":271,"c416baa6":271,"ae350a07":271,"680a32a6":271,"83ba647d":271,"cb0bd6b7":271,"8e426e39":271,"51909df8":271,"e22b0973":271,"23646ff9":271,"3abb827b":271,"0c73c293":271,"88929b06":271,"08c4692e":271,"5b2479ef":271,"1d882c36":271,"eb62e8f2":271,"f1e86522":271,"fa03f48f":271,"5298dafa":271,"25f7f918":271,"c5311ebb":271,"105bb3f6":271,"58de5462":271,"f01c896d":271,"1f2670d0":271,"962c9c8f":271,"aec0bf28":271,"a017a323":271,"8801c469":271,"b6281f1a":271,"48c6df81":271,"5e165f43":271,"f8785b71":271,"ab4a411a":271,"d7a4b24c":271,"686d5c0b":271,"f15eb1c5":271,"71789493":271,"5ac72353":271,"d1b14d06":271,"f6c074a7":271,"ffd6849d":271,"962fca02":271,"75968179":271,"bc8bdc23":271,"a71f3f70":271,"1f7aa83c":271,"732d62ee":271,"d4b0751c":271,"5b01444b":271,"79995b62":271,"97160db8":271,"589f0d6e":271,"51b4016a":271,"46bf9112":271,"092ad3d6":271,"bf940089":271,"01f34f98":271,"1670b0d3":271,"ec97d63e":271,"94208a41":271,"2cbcad17":271,"4dccb5ca":271,"83268abf":271,"578c4c95":271,"c606b472":271,"808bc372":271,"c792a7c1":271,"5a7da061":271,"06a94514":271,"73c420df":271,"0700da70":271,"ff591765":271,"93f12198":271,"62e270e5":271,"66b1b6d7":271,"b062adc4":271,"4aae5133":271,"63a3af32":271,"3fec4b0b":271,"faa3de3e":271,"44983d13":271,"80999122":271,"72af9198":271,"e39e9552":271,"81c1b70d":271,"e72f0f82":271,"88374b72":271,"fdfaf1ed":271,"ea981bed":271,"5e197575":271,"e587c4d0":271,"525b2635":271,"caa38a45":271,"a9987a58":271,"b6b8e5c7":271,"e82177d3":271,"89914b94":271,"04bdf5e1":271,"da8b42be":271,"3b0576bf":271,"9458934f":271,"1dcc489c":271,"945badf3":271,"1327775b":271,"bdd40125":271,"75fd47f7":271,"1c52a07e":271,"e70ccc25":271,"afd1494f":271,"ca6bffd3":271,"829c44a4":271,"e76e2617":271,"2b4fd52e":271,"57162572":271,"d1d50cfe":271,"272e7d0d":271,"f92596ee":271,"68831ea9":271,"9713d076":271,"fd098272":271,"6ee788a7":271,"8249641d":271,"45b0968f":271,"6a9bb182":271,"1f1afd4f":271,"25fb8826":271,"0dc5da58":271,"2874a625":271,"e61ae828":271,"f7ac3883":271,"ccd01528":271,"dab8cf68":271,"00f2a9cb":271,"916fe082":271,"b64dba8e":271,"c3bb30ce":271,"86219c70":271,"601990d8":271,"5c662c19":271,"9666b973":271,"653b27c7":271,"83b37fd6":271,"4d852788":271,"e43a9448":271,"3542b748":271,"d2a5d2fd":271,"89d220c2":271,"3e10c9cb":271,"5500a3e8":271,"3c0e87ac":271,"a891461f":271,"a246cdab":271,"117c7f0b":271,"0d21cf99":271,"14e6fe14":271,"37ec5e73":271,"bfff7913":271,"f8636899":271,"37724339":271,"d45d9727":271,"ee5ff2a3":271,"44322dfd":271,"295e4d1d":271,"8cf6570a":271,"403064a0":271,"312af46e":271,"b5a9f8c3":271,"fcbc0ae8":271,"2ff6b6a8":271,"66a71cc1":271,"bf4b58e4":271
1601327421270,"f7ffcbb8":271,"5728f934":271,"00b26865":271,"c333337d":271,"815c56bc":271,"5bd61a68":271,"8582c5cf":271,"0c353665":271,"231e8700":271,"1f9fbd85":271,"43f24679":271,"a1c0dfc4":271,"78f71162":271,"4b27a9a4":271,"163f4d19":271,"1d043d5a":271,"b2f82e06":271,"5b0b43e6":271,"b5474d69":271,"5a938eeb":271,"4fe0dedf":271,"951fc6d0":271,"61892a4c":271,"f096219e":271,"a3f0a6ec":271,"01051f84":271,"379c53ab":271,"e396d80d":271,"7da61f27":271,"dc874a97":271,"85a220de":271,"40a7cdd2":271,"ac033c7b":271,"87759976":271,"4df3f62e":271,"c881a53e":271,"80c1c8b1":271,"cf52acd8":271,"a63cb4ce":271,"d3b3492b":271,"7580cfa4":271,"22a96386":271,"5c672b50":271,"5df16440":271,"b666e56d":271,"8db378ff":271,"784d6375":271,"4541bf85":271,"a6b13f20":271,"2459c882":271,"3df97186":271,"ef0490de":271,"e0f47ced":271,"309bbf54":271,"cc537772":271,"6618390c":271,"99cc0813":271,"dc32c4e1":271,"239c636e":271,"6ee160ff":271,"c55d40ca":271,"22c177a8":271,"00ae883f":271,"f416ee62":271,"0d2b182d":271,"320754c3":271,"232b2f64":271,"3171b6e7":271,"3b25460f":271,"d2064756":271,"aa7e370d":271,"f995eeab":271,"4006e709":271,"0dedf63e":271,"a9d5374b":271,"4321f02d":271,"089b3f8f":271,"7698d0dc":271,"784414ce":271,"2df3efdb":271,"d0f1b7bd":271,"e7799883":271,"4f9456cf":271,"6e260ee8":271,"f4f84279":271,"b0950de5":271,"6f873999":271,"1f4e0e22":271,"60d69311":271,"3b09f1de":271,"b371f44a":271,"8b6180ff":271,"8819ac24":271,"dbbf7f69":271,"a8edfe84":271,"2ed19b1e":271,"959e16ea":271,"02f76c64":271,"5c6d1f33":271,"b4801cae":271,"c3c2fd05":271,"f8c97147":271,"c2526ff3":271,"cc386067":271,"a22ffd8f":271,"3cd28a4d":271,"44a12c31":271,"45a961ca":271,"5ca978fd":271,"668e601b":271,"7552d86c":271,"02ebf3b6":271,"bb17a968":271,"4abcb85d":271,"cba26072":271,"2a718dcc":271,"c6a9a8e1":271,"88854fd0":271,"8dc27d2a":271,"41d7f05d":271,"2b851827":271,"9f428a03":271,"4d504d96":271,"0533ece1":271,"bcee2ef3":271,"0afba00c":271,"dfe4a061":271,"c2bf7d51":271,"781afef6":271,"de9229a0":271,"99a5feef":271,"f6266388":271,"e64fd39c":271,"e1b3ce36":271,"625fa164":271,"0c6ae551":271,"e8f4c1dd":271,"cede8b8c":271,"ad95ff4a":271,"893a99c5":271,"04ff8100":271,"6c00d8d6":271,"ac9a02bc":271,"acfe69ed":271,"426603ff":271,"2db2f252":271,"2e84193b":271,"c55683c9":271,"51233daf":271,"02791635":271,"be081247":271,"5cc47d1b":271,"678b846f":271,"b4bd39d8":271,"b4cdbe5d":271,"fa0386f3":271,"b95d0f17":271,"cee9c347":271,"d8bf32b5":271,"0eb42efe":271,"03c4ab87":271,"4e3d3af7":271,"3a4803a8":271,"f7a7de5d":271,"d4e56c3e":271,"0c045c2d":271,"8efd4801":271,"7eb8f268":271,"20236d3e":271,"36ae8cd8":271,"3ddd5391":271,"07f69c6d":271,"2254f0f5":271,"ea282e84":271,"6653c83b":271,"c896052c":271,"287ecd1c":271,"f9376d3e":271,"07a94e8c":271,"bb017b49":271,"37b52fe4":271,"61ad1519":271,"819c4185":271,"ba69b06b":271,"7d2a2cb4":271,"4f62491c":271,"70b4c438":271,"71ed93db":271,"c92efaa8":271,"c241ac7e":271,"62a45672":271,"210e507a":271,"ac6e268b":271,"742238e8":271,"7800e7ce":272,"77869ff0":272,"4b8f7b16":272,"89f75690":272,"cb363e2f":272,"cd802f02":272,"d3cca7eb":272,"e866a899":272,"5690e712":272,"0b92d2a9":272,"070bed95":272,"67e5d108":272,"3d37b94b":272,"842c97c2":272,"c4cef92b":272,"0eecdc5b":272,"b7e495ea":272,"45ec63c0":272,"0ddfde2c":272,"a8b41774":272,"81f0da2d":272,"1fcc8ba4":272,"75a9c117":272,"12ba54ec":272,"be391c1a":272,"37d8a5b7":272,"d5ab81c4":272,"2ecde685":272,"f0bd52d3":272,"dcc20f76":272,"666a8ef0":272,"c5b609f1":272,"4dc5849a":272,"d605c755":272,"8a8c1d67":272,"cc6b3306":272,"8c2dfd9a":272,"f11267b9":272,"a483b15e":272,"f80ab49d":272,"95eaed39":272,"a5ba0ebb":272,"f53362a9":272,"1901ef7e":272,"960c2e6b":272,"3515e999":272,"d11f8f1b":272,"9d9eb027":272,"325f9a29":272,"503aafe5":272
1601327421734,"d5d94481":272,"ffe48500":272,"c7a45a33":272,"080d5d42":272,"5d03f5dc":272,"f0a01341":272,"1ee4d9f9":272,"0d6e45e7":272,"0da97151":272,"e829038c":272,"4987cfb5":272,"ba90687c":272,"77f2cf92":272,"037e2be4":272,"9e7dbd20":272,"0c086273":272,"ac13c3b0":272,"b4d9c57f":272,"5d53c964":272,"8ee9cc91":272,"4cc0af91":272,"55f6a2ba":272,"9559ea96":272,"9cb044bf":272,"16b25add":272,"80ee333e":272,"3b329af2":272,"1cd662bf":272,"72992b35":272,"47589344":272,"593b1533":272,"e9f6e5ce":272,"ed6bead5":272,"96f594b9":272,"faffe099":272,"e99490cd":272,"3b830769":272,"583f0305":272,"1557c50a":272,"249e80ab":272,"f52a3d94":272,"eb74d3dd":272,"3bcbc28d":272,"3c0455e7":272,"df203c79":272,"df1e1ac0":272,"491708eb":272,"e421caaa":272,"2d2ecf27":272,"d38a4953":272,"eba5efdd":272,"a5463f93":272,"c85ac4f8":272,"bc253f4f":272,"0d9d2bf8":272,"846b7f11":272,"d3411467":272,"1df0ce7f":272,"a08171d0":272,"c8bc5677":272,"dfca0518":272,"b9a21017":272,"e47705d3":272,"3cae4115":272,"0ccf4731":272,"c7c6782d":272,"54346574":272,"b12cbf87":272,"81942d9b":272,"699b90c1":272,"94dfcfc5":272,"8301986e":272,"830ecfec":272,"a8bae791":272,"312009ee":272,"c98759fd":272,"e8b6d676":272,"45ee5840":272,"76f04033":272,"43480b19":272,"fd955858":272,"69798d15":272,"efea71fa":272,"fb3aa867":272,"c9cf710b":272,"fcacdeb3":272,"0ea055ed":272,"e3b1bdf8":272,"644b45fb":272,"d9b5a7a8":272,"1e7914d2":272,"e5d8fdb2":272,"3412ab75":272,"bcac5daf":272,"62d028cc":272,"0af2cf39":272,"27491297":272,"d041ea86":272,"1eda11b2":272,"fc442678":272,"18c73816":272,"e491161e":272,"b5087677":272,"16f60bed":272,"cb0c3481":272,"7664512c":272,"df9a53b8":272,"f6c27b2b":272,"945f6c24":272,"f1daea7e":272,"b8fb90e3":272,"56227e35":272,"0d6bf22a":272,"b87321d0":272,"43205b5d":272,"8982905a":272,"f6fe1ad7":272,"230064fa":272,"764e0abb":272,"bba6d88e":272,"ea3479ec":272,"32266fa3":272,"50b090c3":272,"8be24763":272,"eb4800b2":272,"6e0ce9dc":272,"87d9bec4":272,"e30dfa0c":272,"6da34174":272,"bfb849fa":272,"0a10b423":272,"9ef7cee7":272,"49f1a0d1":272,"5f04aa76":272,"ba297382":272,"0287db2a":272,"96abe4a9":272,"753b10b1":272,"cf14bd99":272,"782022f4":272,"322e833f":272,"ab3619e4":272,"106006ad":272,"c8237be9":272,"1416e8f5":272,"dde2eed5":272,"a208caa8":272,"16605353":272,"77b39e15":272,"f1726edb":272,"590ce3d3":272,"1802d7ce":272,"92b72493":272,"d3e58903":272,"4481c4be":272,"7954891b":272,"4afd60a9":272,"d44c0ea3":272,"68f87858":272,"533bac6b":272,"41634dba":272,"43fd1327":272,"113e7f4b":272,"8cce569a":272,"ce6401b6":272,"6f57824c":272,"28bd7aa1":272,"1d52fb0d":272,"cde0d748":272,"535ed444":272,"710f0d0e":272,"0905f1fb":272,"a20e529c":272,"1ae76fcc":272,"35b161d3":272,"344cd1a3":272,"77ea1236":272,"96d2a118":272,"23a0e41f":272,"b32a1080":272,"a2c4b591":272,"6dfa57be":272,"1854ce44":272,"f92b22f1":272,"ece12664":272,"36f4ecde":272,"568a0d58":272,"5fd569d2":272,"10c8fd03":272,"0a49914b":272,"5d3f5cad":272,"cf347cba":272,"fc0c23f7":272,"641f9b9e":272,"c92edec5":272,"9f03c1e7":272,"06c24a8d":272,"2f35e75f":272,"3eddf7c8":272,"77970f8b":272,"efd594d5":272,"4718294d":272,"5352cf45":272,"e0ffe8ff":272,"ae14d6b5":272,"721f5f42":272,"0b50bca6":272,"bf2ca266":272,"5d8d9641":272,"0de67c6c":272,"2311399f":272,"5e3ebf5e":272,"9f6ca218":272,"6213799d":272,"44cb1fd2":272,"baf19c25":272,"24a79a6e":272,"edde30af":272,"4d949e11":272,"df12f689":272,"1da10cbf":272,"832c48e4":272,"dc90a44c":272,"1ad7c45b":272,"5566c17c":272,"bd4ccb49":272,"e773d697":272,"7e8c11e7":272,"077eb15a":272,"5337c279":272,"8d256cb6":272,"7021c619":272,"32ae00db":272,"bf2defb2":272,"bc733a28":272,"30d32d34":272,"886c16d3":272,"e8d09b62":272,"86a22252":272,"0000dece":272,"ce5efdbe":272,"58ace2b5":272,"d379fd96":272,"7b819458":272,"7f8024cd":272,"ae562513":272,"7b66dacd":272,"9ab137d7":272,"7191d1cd":272,"005354dd":272
1601327422292,"5b09e53e":272,"da5bb0f7":272,"6d925c84":272,"50b23ab2":272,"edfa56d4":272,"899c16eb":272,"41c76041":272,"6bb1fa99":272,"d73ff72e":272,"61c0ca91":272,"d2fda7be":272,"ce20ca3c":272,"1d2d958b":272,"81fb6a01":272,"7f5b27c8":272,"fb3444d9":272,"f05de640":272,"86a68967":272,"56cd4dca":272,"7f469f4c":272,"f92dedfc":272,"355d1489":272,"f96fc1af":272,"06713bac":272,"61aca924":272,"d97fb857":272,"59ff5ec6":272,"ef04e64e":272,"6e2d04de":272,"2fca1798":272,"05028839":272,"5488826c":272,"84fff5c1":272,"c649992d":272,"d5ad3ed6":272,"8e5f7187":272,"55ba7579":272,"b7769ca6":272,"9c27de51":272,"38a75b48":272,"1792bfa3":272,"426f1904":272,"7c0f1ca9":272,"b2f820ac":272,"25d4f65d":272,"eddb6a2a":272,"ff8a00aa":272,"c146560b":272,"985068e7":272,"d543ba6f":272,"3b3569f6":272,"b01ab62a":272,"76da16fa":272,"bffee581":272,"07150038":272,"080fa362":272,"7b6945ad":272,"a40d08e1":272,"cec79bc2":272,"d2eff358":272,"e70aebb5":272,"a488b2f1":272,"4caa87d6":272,"f7076e21":272,"69e653b6":272,"98d2991b":272,"3b411d6a":272,"83826ef3":272,"595609d5":272,"b47f1b89":272,"8e6caf71":272,"9a3433b8":272,"b89112cb":272,"66736d5e":272,"30de89a7":272,"06aaa33f":272,"320c65bf":272,"1fa1e7c2":272,"646af2b9":272,"659389ad":272,"240c8679":272,"0718c3be":272,"8b503f7b":272,"87a8523c":272,"c416baa6":272,"ae350a07":272,"680a32a6":272,"83ba647d":272,"cb0bd6b7":272,"8e426e39":272,"51909df8":272,"e22b0973":272,"23646ff9":272,"3abb827b":272,"0c73c293":272,"88929b06":272,"08c4692e":272,"5b2479ef":272,"1d882c36":272,"eb62e8f2":272,"f1e86522":272,"fa03f48f":272,"5298dafa":272,"25f7f918":272,"c5311ebb":272,"105bb3f6":272,"58de5462":272,"f01c896d":272,"1f2670d0":272,"962c9c8f":272,"aec0bf28":272,"a017a323":272,"8801c469":272,"b6281f1a":272,"48c6df81":272,"5e165f43":272,"f8785b71":272,"ab4a411a":272,"d7a4b24c":272,"686d5c0b":272,"f15eb1c5":272,"71789493":272,"5ac72353":272,"d1b14d06":272,"f6c074a7":272,"ffd6849d":272,"962fca02":272,"75968179":272,"bc8bdc23":272,"a71f3f70":272,"1f7aa83c":272,"732d62ee":272,"d4b0751c":272,"5b01444b":272,"79995b62":272,"97160db8":272,"589f0d6e":272,"51b4016a":272,"46bf9112":272,"092ad3d6":272,"bf940089":272,"01f34f98":272,"1670b0d3":272,"ec97d63e":272,"94208a41":272,"2cbcad17":272,"4dccb5ca":272,"83268abf":272,"578c4c95":272,"c606b472":272,"808bc372":272,"c792a7c1":272,"5a7da061":272,"06a94514":272,"73c420df":272,"0700da70":272,"ff591765":272,"93f12198":272,"62e270e5":272,"66b1b6d7":272,"b062adc4":272,"4aae5133":272,"63a3af32":272,"3fec4b0b":272,"faa3de3e":272,"44983d13":272,"80999122":272,"72af9198":272,"e39e9552":272,"272e7d0d":272,"f92596ee":272,"68831ea9":272,"9713d076":272,"fd098272":272,"6ee788a7":272,"8249641d":272,"45b0968f":272,"6a9bb182":272,"1f1afd4f":272,"25fb8826":272,"0dc5da58":272,"2874a625":272,"81c1b70d":272,"e72f0f82":272,"88374b72":272,"fdfaf1ed":272,"ea981bed":272,"5e197575":272,"e587c4d0":272,"525b2635":272,"caa38a45":272,"a9987a58":272,"b6b8e5c7":272,"e82177d3":272,"89914b94":272,"04bdf5e1":272,"da8b42be":272,"3b0576bf":272,"9458934f":272,"1dcc489c":272,"945badf3":272,"1327775b":272,"bdd40125":272,"75fd47f7":272,"1c52a07e":272,"e70ccc25":272,"afd1494f":272,"ca6bffd3":272,"829c44a4":272,"e76e2617":272,"2b4fd52e":272,"57162572":272,"d1d50cfe":272,"e61ae828":272,"f7ac3883":272,"ccd01528":272,"dab8cf68":272,"00f2a9cb":272,"916fe082":272,"b64dba8e":272,"c3bb30ce":272,"86219c70":272,"601990d8":272,"5c662c19":272,"d2a5d2fd":272,"89d220c2":272,"3e10c9cb":272,"5500a3e8":272,"3c0e87ac":272,"a891461f":272,"a246cdab":272,"117c7f0b":272,"0d21cf99":272,"14e6fe14":272,"37ec5e73":272,"bfff7913":272,"f8636899":272,"37724339":272,"d45d9727":272,"ee5ff2a3":272,"44322dfd":272,"295e4d1d":272,"8cf6570a":272,"403064a0":272,"312af46e":272,"b5a9f8c3":272,"fcbc0ae8":272,"2ff6b6a8":272,"66a71cc1":272,"bf4b58e4":272,"f7ffcbb8":272,"5728f934":272,"00b26865":272,"c333337d":272,"815c56bc":272,"5bd61a68":272,"8582c5cf":272,"0c353665":272,"231e8700":272,"1f9fbd85":272,"43f24679":272,"a1c0dfc4":272,"78f71162":272,"4b27a9a4":272,"9666b973":272,"653b27c7":272,"83b37fd6":272,"4d852788":272,"e43a9448":272,"3542b748":272,"379c53ab":272,"e396d80d":272,"7da61f27":272,"dc874a97":272,"85a220de":272,"40a7cdd2":272,"ac033c7b":272,"87759976":272,"4df3f62e":272,"c881a53e":272,"80c1c8b1":272,"cf52acd8":272,"a63cb4ce":272,"d3b3492b":272,"7580cfa4":272,"22a96386":272,"5c672b50":272,"5df16440":272,"b666e56d":272,"8db378ff":272,"784d6375":272,"4541bf85":272,"a6b13f20":272,"2459c882":272,"3df97186":272,"ef0490de":272,"e0f47ced":272,"309bbf54":272,"163f4d19":272,"1d043d5a":272,"b2f82e06":272,"5b0b43e6":272,"b5474d69":272,"5a938eeb":272,"4fe0dedf":272,"951fc6d0":272,"61892a4c":272,"f096219e":272,"a3f0a6ec":272,"01051f84":272,"aa7e370d":272,"f995eeab":272,"4006e709":272,"0dedf63e":272,"a9d5374b":272,"4321f02d":272,"089b3f8f":272,"7698d0dc":272,"784414ce":272,"2df3efdb":272,"d0f1b7bd":272,"e7799883":272,"4f9456cf":272,"6e260ee8":272,"f4f84279":272,"b0950de5":272,"6f873999":272,"1f4e0e22":272,"60d69311":272,"3b09f1de":272,"b371f44a":272,"8b6180ff":272,"8819ac24":272,"dbbf7f69":272,"cc537772":272,"6618390c":272,"99cc0813":272,"dc32c4e1":272,"239c636e":272,"6ee160ff":272,"c55d40ca":272,"22c177a8":272,"00ae883f":272,"f416ee62":272,"0d2b182d":272,"320754c3":272,"232b2f64":272,"3171b6e7":272,"3b25460f":272,"d2064756":272,"a8edfe84":272,"2ed19b1e":272
1601327422831,"dfe4a061":272,"c2bf7d51":272,"781afef6":272,"de9229a0":272,"99a5feef":272,"f6266388":272,"e64fd39c":272,"e1b3ce36":272,"625fa164":272,"0c6ae551":272,"e8f4c1dd":272,"cede8b8c":272,"ad95ff4a":272,"893a99c5":272,"d8bf32b5":272,"0eb42efe":272,"03c4ab87":272,"4e3d3af7":272,"3a4803a8":272,"f7a7de5d":272,"d4e56c3e":272,"0c045c2d":272,"8efd4801":272,"959e16ea":272,"02f76c64":272,"5c6d1f33":272,"b4801cae":272,"c3c2fd05":272,"f8c97147":272,"c2526ff3":272,"cc386067":272,"a22ffd8f":272,"3cd28a4d":272,"44a12c31":272,"45a961ca":272,"5ca978fd":272,"668e601b":272,"7552d86c":272,"02ebf3b6":272,"bb17a968":272,"4abcb85d":272,"cba26072":272,"2a718dcc":272,"c6a9a8e1":272,"88854fd0":272,"8dc27d2a":272,"41d7f05d":272,"2b851827":272,"9f428a03":272,"4d504d96":272,"7eb8f268":272,"20236d3e":272,"36ae8cd8":272,"3ddd5391":272,"07f69c6d":272,"2254f0f5":272,"ea282e84":272,"6653c83b":272,"c896052c":272,"287ecd1c":272,"f9376d3e":272,"07a94e8c":272,"bb017b49":272,"37b52fe4":272,"61ad1519":272,"819c4185":272,"ba69b06b":272,"7d2a2cb4":272,"4f62491c":272,"70b4c438":272,"71ed93db":272,"c92efaa8":272,"c241ac7e":272,"62a45672":272,"210e507a":272,"ac6e268b":272,"742238e8":272,"0533ece1":272,"bcee2ef3":272,"0afba00c":272,"04ff8100":272,"6c00d8d6":272,"ac9a02bc":272,"acfe69ed":272,"426603ff":272,"2db2f252":272,"2e84193b":272,"c55683c9":272,"51233daf":272,"02791635":272,"be081247":272,"5cc47d1b":272,"678b846f":272,"b4bd39d8":272,"b4cdbe5d":272,"fa0386f3":272,"b95d0f17":272,"cee9c347":272,"7800e7ce":273,"77869ff0":273,"4b8f7b16":273,"89f75690":273,"cb363e2f":273,"cd802f02":273,"d3cca7eb":273,"e866a899":273,"5690e712":273,"0b92d2a9":273,"070bed95":273,"67e5d108":273,"3d37b94b":273,"842c97c2":273,"c4cef92b":273,"0eecdc5b":273,"b7e495ea":273,"45ec63c0":273,"0ddfde2c":273,"a8b41774":273,"81f0da2d":273,"1fcc8ba4":273,"75a9c117":273,"12ba54ec":273,"be391c1a":273,"37d8a5b7":273,"d5ab81c4":273,"2ecde685":273,"f0bd52d3":273,"dcc20f76":273,"666a8ef0":273,"c5b609f1":273,"4dc5849a":273,"d605c755":273,"8a8c1d67":273,"cc6b3306":273,"8c2dfd9a":273,"f11267b9":273,"a483b15e":273,"f80ab49d":273,"95eaed39":273,"a5ba0ebb":273,"f53362a9":273,"1901ef7e":273,"960c2e6b":273,"3515e999":273,"d11f8f1b":273,"9d9eb027":273,"325f9a29":273,"503aafe5":273
1601327423268,"d5d94481":273,"ffe48500":273,"c7a45a33":273,"faffe099":273,"e99490cd":273,"3b830769":273,"583f0305":273,"1557c50a":273,"249e80ab":273,"f52a3d94":273,"eb74d3dd":273,"3bcbc28d":273,"3c0455e7":273,"df203c79":273,"df1e1ac0":273,"491708eb":273,"e421caaa":273,"2d2ecf27":273,"d38a4953":273,"eba5efdd":273,"a5463f93":273,"c85ac4f8":273,"bc253f4f":273,"0d9d2bf8":273,"846b7f11":273,"d3411467":273,"1df0ce7f":273,"a08171d0":273,"c8bc5677":273,"dfca0518":273,"b9a21017":273,"e47705d3":273,"3cae4115":273,"0ccf4731":273,"c7c6782d":273,"54346574":273,"b12cbf87":273,"81942d9b":273,"699b90c1":273,"d9b5a7a8":273,"1e7914d2":273,"e5d8fdb2":273,"3412ab75":273,"bcac5daf":273,"62d028cc":273,"0af2cf39":273,"27491297":273,"d041ea86":273,"1eda11b2":273,"fc442678":273,"080d5d42":273,"5d03f5dc":273,"f0a01341":273,"1ee4d9f9":273,"0d6e45e7":273,"0da97151":273,"e829038c":273,"4987cfb5":273,"ba90687c":273,"77f2cf92":273,"037e2be4":273,"9e7dbd20":273,"0c086273":273,"ac13c3b0":273,"b4d9c57f":273,"5d53c964":273,"8ee9cc91":273,"4cc0af91":273,"55f6a2ba":273,"9559ea96":273,"9cb044bf":273,"16b25add":273,"80ee333e":273,"18c73816":273,"e491161e":273,"b5087677":273,"16f60bed":273,"cb0c3481":273,"7664512c":273,"df9a53b8":273,"f6c27b2b":273,"945f6c24":273,"f1daea7e":273,"b8fb90e3":273,"56227e35":273,"0d6bf22a":273,"b87321d0":273,"43205b5d":273,"3b329af2":273,"1cd662bf":273,"72992b35":273,"47589344":273,"593b1533":273,"e9f6e5ce":273,"ed6bead5":273,"96f594b9":273,"94dfcfc5":273,"8301986e":273,"830ecfec":273,"a8bae791":273,"312009ee":273,"c98759fd":273,"e8b6d676":273,"45ee5840":273,"76f04033":273,"43480b19":273,"fd955858":273,"69798d15":273,"efea71fa":273,"fb3aa867":273,"c9cf710b":273,"fcacdeb3":273,"0ea055ed":273,"e3b1bdf8":273,"644b45fb":273,"92b72493":273,"d3e58903":273,"4481c4be":273,"7954891b":273,"4afd60a9":273,"d44c0ea3":273,"68f87858":273,"533bac6b":273,"41634dba":273,"43fd1327":273,"113e7f4b":273,"8cce569a":273,"ce6401b6":273,"6f57824c":273,"28bd7aa1":273,"8982905a":273,"f6fe1ad7":273,"230064fa":273,"764e0abb":273,"bba6d88e":273,"ea3479ec":273,"32266fa3":273,"50b090c3":273,"8be24763":273,"eb4800b2":273,"6e0ce9dc":273,"87d9bec4":273,"e30dfa0c":273,"6da34174":273,"bfb849fa":273,"0a10b423":273,"9ef7cee7":273,"49f1a0d1":273,"5f04aa76":273,"ba297382":273,"0287db2a":273,"96abe4a9":273,"753b10b1":273,"cf14bd99":273,"782022f4":273,"322e833f":273,"ab3619e4":273,"106006ad":273,"c8237be9":273,"1416e8f5":273,"dde2eed5":273,"a208caa8":273,"16605353":273,"77b39e15":273,"f1726edb":273,"1d52fb0d":273,"cde0d748":273,"535ed444":273,"710f0d0e":273,"0905f1fb":273,"a20e529c":273,"1ae76fcc":273,"35b161d3":273,"344cd1a3":273,"77ea1236":273,"96d2a118":273,"23a0e41f":273,"b32a1080":273,"a2c4b591":273,"6dfa57be":273,"1854ce44":273,"f92b22f1":273,"ece12664":273,"36f4ecde":273,"568a0d58":273,"5fd569d2":273,"10c8fd03":273,"bd4ccb49":273,"e773d697":273,"7e8c11e7":273,"077eb15a":273,"5337c279":273,"8d256cb6":273,"7021c619":273,"32ae00db":273,"bf2defb2":273,"bc733a28":273,"30d32d34":273,"886c16d3":273,"5b09e53e":273,"da5bb0f7":273,"6d925c84":273,"50b23ab2":273,"590ce3d3":273,"1802d7ce":273,"0a49914b":273,"5d3f5cad":273,"cf347cba":273,"fc0c23f7":273,"641f9b9e":273,"c92edec5":273,"9f03c1e7":273,"06c24a8d":273,"2f35e75f":273,"3eddf7c8":273,"77970f8b":273,"efd594d5":273,"4718294d":273,"5352cf45":273,"e0ffe8ff":273,"ae14d6b5":273,"721f5f42":273,"0b50bca6":273,"bf2ca266":273,"5d8d9641":273,"0de67c6c":273,"2311399f":273,"edfa56d4":273,"899c16eb":273,"41c76041":273,"6bb1fa99":273,"d73ff72e":273,"61c0ca91":273,"d2fda7be":273,"ce20ca3c":273,"1d2d958b":273,"81fb6a01":273,"7f5b27c8":273,"fb3444d9":273,"e8d09b62":273,"f05de640":273,"86a68967":273,"56cd4dca":273,"7f469f4c":273,"f92dedfc":273,"355d1489":273,"f96fc1af":273,"06713bac":273,"61aca924":273,"d97fb857":273,"59ff5ec6":273
1601327423654,"5e3ebf5e":273,"9f6ca218":273,"6213799d":273,"44cb1fd2":273,"baf19c25":273,"24a79a6e":273,"edde30af":273,"4d949e11":273,"df12f689":273,"1da10cbf":273,"832c48e4":273,"dc90a44c":273,"1ad7c45b":273,"5566c17c":273,"86a22252":273,"0000dece":273,"ce5efdbe":273,"58ace2b5":273,"d379fd96":273,"7b819458":273,"7f8024cd":273,"ae562513":273,"7b66dacd":273,"9ab137d7":273,"7191d1cd":273,"005354dd":273,"ef04e64e":273,"6e2d04de":273,"2fca1798":273,"05028839":273,"5488826c":273,"84fff5c1":273,"c649992d":273,"d5ad3ed6":273,"8e5f7187":273,"55ba7579":273,"b7769ca6":273,"9c27de51":273,"38a75b48":273,"1792bfa3":273,"3b3569f6":273,"b01ab62a":273,"76da16fa":273,"bffee581":273,"07150038":273,"080fa362":273,"7b6945ad":273,"426f1904":273,"7c0f1ca9":273,"b2f820ac":273,"25d4f65d":273,"eddb6a2a":273,"ff8a00aa":273,"c146560b":273,"985068e7":273,"d543ba6f":273,"a40d08e1":273,"cec79bc2":273,"d2eff358":273,"e70aebb5":273,"a488b2f1":273,"4caa87d6":273,"f7076e21":273,"69e653b6":273,"98d2991b":273,"3b411d6a":273,"83826ef3":273,"595609d5":273,"b47f1b89":273,"8e6caf71":273,"9a3433b8":273,"b89112cb":273,"66736d5e":273,"30de89a7":273,"06aaa33f":273,"320c65bf":273,"1fa1e7c2":273,"646af2b9":273,"659389ad":273,"240c8679":273,"0718c3be":273,"8b503f7b":273,"87a8523c":273,"c416baa6":273,"ae350a07":273,"680a32a6":273,"83ba647d":273,"cb0bd6b7":273,"8e426e39":273,"51909df8":273,"e22b0973":273,"23646ff9":273,"3abb827b":273,"0c73c293":273,"88929b06":273,"08c4692e":273,"5b2479ef":273,"1d882c36":273,"eb62e8f2":273,"f1e86522":273,"fa03f48f":273,"5298dafa":273,"25f7f918":273,"c5311ebb":273,"105bb3f6":273,"58de5462":273,"f01c896d":273,"1f2670d0":273,"962c9c8f":273,"aec0bf28":273,"a017a323":273,"8801c469":273,"b6281f1a":273,"48c6df81":273,"5e165f43":273,"f8785b71":273,"ab4a411a":273,"d7a4b24c":273,"686d5c0b":273,"f15eb1c5":273,"71789493":273,"5ac72353":273,"d1b14d06":273,"f6c074a7":273,"ffd6849d":273,"962fca02":273,"75968179":273,"bc8bdc23":273,"a71f3f70":273,"1f7aa83c":273,"732d62ee":273,"d4b0751c":273,"5b01444b":273,"79995b62":273,"97160db8":273,"589f0d6e":273,"51b4016a":273,"46bf9112":273,"092ad3d6":273,"bf940089":273,"01f34f98":273,"1670b0d3":273,"ec97d63e":273,"94208a41":273,"2cbcad17":273,"4dccb5ca":273,"83268abf":273,"578c4c95":273,"c606b472":273,"808bc372":273,"c792a7c1":273,"5a7da061":273,"06a94514":273,"73c420df":273,"0700da70":273,"ff591765":273,"93f12198":273,"62e270e5":273,"66b1b6d7":273,"b062adc4":273,"4aae5133":273,"63a3af32":273,"3fec4b0b":273,"faa3de3e":273,"44983d13":273,"80999122":273,"72af9198":273,"e39e9552":273,"81c1b70d":273,"e72f0f82":273,"88374b72":273,"fdfaf1ed":273,"ea981bed":273,"5e197575":273,"e587c4d0":273,"525b2635":273,"caa38a45":273,"a9987a58":273,"b6b8e5c7":273,"e82177d3":273,"89914b94":273,"04bdf5e1":273,"da8b42be":273,"3b0576bf":273,"9458934f":273,"1dcc489c":273,"945badf3":273,"1327775b":273,"bdd40125":273,"75fd47f7":273,"1c52a07e":273,"e70ccc25":273,"afd1494f":273,"ca6bffd3":273,"829c44a4":273,"e76e2617":273,"2b4fd52e":273,"57162572":273,"d1d50cfe":273,"272e7d0d":273,"f92596ee":273,"68831ea9":273,"9713d076":273,"fd098272":273,"6ee788a7":273,"8249641d":273,"45b0968f":273,"6a9bb182":273,"1f1afd4f":273,"25fb8826":273,"0dc5da58":273,"2874a625":273,"e61ae828":273,"f7ac3883":273,"ccd01528":273,"dab8cf68":273,"00f2a9cb":273,"916fe082":273,"b64dba8e":273,"c3bb30ce":273,"86219c70":273,"601990d8":273,"5c662c19":273,"d2a5d2fd":273,"89d220c2":273,"3e10c9cb":273,"5500a3e8":273,"3c0e87ac":273,"a891461f":273,"a246cdab":273,"117c7f0b":273,"0d21cf99":273,"14e6fe14":273,"37ec5e73":273,"f7ffcbb8":273,"5728f934":273,"9666b973":273,"653b27c7":273,"83b37fd6":273,"4d852788":273,"e43a9448":273,"3542b748":273,"379c53ab":273,"e396d80d":273,"7da61f27":273,"dc874a97":273,"85a220de":273,"40a7cdd2":273,"ac033c7b":273,"87759976":273,"4df3f62e":273,"c881a53e":273,"80c1c8b1":273,"cf52acd8":273,"a63cb4ce":273,"d3b3492b":273,"7580cfa4":273,"bfff7913":273,"f8636899":273,"37724339":273,"d45d9727":273,"ee5ff2a3":273,"44322dfd":273,"295e4d1d":273,"8cf6570a":273,"403064a0":273,"312af46e":273,"b5a9f8c3":273,"fcbc0ae8":273,"2ff6b6a8":273,"66a71cc1":273,"bf4b58e4":273,"00b26865":273,"c333337d":273,"815c56bc":273,"5bd61a68":273,"8582c5cf":273,"0c353665":273,"231e8700":273,"1f9fbd85":273,"43f24679":273,"a1c0dfc4":273,"78f71162":273,"4b27a9a4":273,"163f4d19":273,"1d043d5a":273,"b2f82e06":273,"5b0b43e6":273,"b5474d69":273,"5a938eeb":273,"4fe0dedf":273,"951fc6d0":273,"61892a4c":273,"f096219e":273,"a3f0a6ec":273,"01051f84":273,"aa7e370d":273,"f995eeab":273,"4006e709":273,"0dedf63e":273,"a9d5374b":273,"4321f02d":273,"089b3f8f":273,"7698d0dc":273,"784414ce":273,"2df3efdb":273,"d0f1b7bd":273,"e7799883":273,"4f9456cf":273,"22a96386":273,"5c672b50":273,"5df16440":273,"b666e56d":273,"8db378ff":273,"784d6375":273,"4541bf85":273,"a6b13f20":273,"2459c882":273,"3df97186":273,"ef0490de":273,"e0f47ced":273,"309bbf54":273,"cc537772":273,"6618390c":273,"99cc0813":273,"dc32c4e1":273,"239c636e":273,"6ee160ff":273,"c55d40ca":273,"22c177a8":273,"00ae883f":273,"f416ee62":273,"0d2b182d":273,"320754c3":273,"232b2f64":273,"3171b6e7":273,"3b25460f":273,"d2064756":273,"a8edfe84":273,"2ed19b1e":273,"959e16ea":273,"02f76c64":273,"5c6d1f33":273,"6e260ee8":273,"f4f84279":273,"b0950de5":273,"6f873999":273,"1f4e0e22":273,"60d69311":273,"3b09f1de":273,"b371f44a":273,"8b6180ff":273,"8819ac24":273,"dbbf7f69":273,"b4801cae":273,"c3c2fd05":273,"f8c97147":273,"c2526ff3":273,"cc386067":273,"a22ffd8f":273,"3cd28a4d":273,"44a12c31":273,"45a961ca":273
1601327423991,"dfe4a061":273,"c2bf7d51":273,"781afef6":273,"de9229a0":273,"99a5feef":273,"f6266388":273,"e64fd39c":273,"e1b3ce36":273,"625fa164":273,"0c6ae551":273,"e8f4c1dd":273,"cede8b8c":273,"5ca978fd":273,"668e601b":273,"7552d86c":273,"02ebf3b6":273,"bb17a968":273,"ad95ff4a":273,"893a99c5":273,"d8bf32b5":273,"0eb42efe":273,"03c4ab87":273,"4e3d3af7":273,"3a4803a8":273,"f7a7de5d":273,"d4e56c3e":273,"0c045c2d":273,"8efd4801":273,"7eb8f268":273,"20236d3e":273,"36ae8cd8":273,"3ddd5391":273,"07f69c6d":273,"2254f0f5":273,"ea282e84":273,"6653c83b":273,"c896052c":273,"287ecd1c":273,"f9376d3e":273,"07a94e8c":273,"bb017b49":273,"37b52fe4":273,"61ad1519":273,"819c4185":273,"ba69b06b":273,"7d2a2cb4":273,"4f62491c":273,"70b4c438":273,"71ed93db":273,"c92efaa8":273,"c241ac7e":273,"62a45672":273,"4abcb85d":273,"cba26072":273,"2a718dcc":273,"c6a9a8e1":273,"88854fd0":273,"8dc27d2a":273,"41d7f05d":273,"2b851827":273,"9f428a03":273,"4d504d96":273,"0533ece1":273,"bcee2ef3":273,"0afba00c":273,"04ff8100":273,"6c00d8d6":273,"ac9a02bc":273,"acfe69ed":273,"426603ff":273,"2db2f252":273,"2e84193b":273,"c55683c9":273,"51233daf":273,"02791635":273,"be081247":273,"5cc47d1b":273,"678b846f":273,"b4bd39d8":273,"b4cdbe5d":273,"fa0386f3":273,"b95d0f17":273,"cee9c347":273,"210e507a":273,"ac6e268b":273,"742238e8":273,"7800e7ce":274,"77869ff0":274,"4b8f7b16":274,"89f75690":274,"cb363e2f":274,"cd802f02":274,"d3cca7eb":274,"e866a899":274,"5690e712":274,"0b92d2a9":274,"070bed95":274,"67e5d108":274,"3d37b94b":274,"842c97c2":274,"c4cef92b":274,"0eecdc5b":274,"b7e495ea":274,"45ec63c0":274,"0ddfde2c":274,"a8b41774":274,"81f0da2d":274,"1fcc8ba4":274,"75a9c117":274,"12ba54ec":274,"be391c1a":274,"37d8a5b7":274,"d5ab81c4":274,"2ecde685":274,"f0bd52d3":274,"dcc20f76":274,"666a8ef0":274,"c5b609f1":274,"4dc5849a":274,"d605c755":274,"8a8c1d67":274,"cc6b3306":274,"8c2dfd9a":274,"f11267b9":274,"a483b15e":274,"f80ab49d":274,"95eaed39":274,"a5ba0ebb":274,"f53362a9":274,"1901ef7e":274,"960c2e6b":274,"3515e999":274,"d11f8f1b":274,"9d9eb027":274,"325f9a29":274,"503aafe5":274
1601327424230,"d5d94481":274,"ffe48500":274,"c7a45a33":274,"faffe099":274,"e99490cd":274,"3b830769":274,"583f0305":274,"1557c50a":274,"249e80ab":274,"f52a3d94":274,"eb74d3dd":274,"3bcbc28d":274,"3c0455e7":274,"df203c79":274,"df1e1ac0":274,"491708eb":274,"e421caaa":274,"2d2ecf27":274,"d38a4953":274,"eba5efdd":274,"a5463f93":274,"c85ac4f8":274,"bc253f4f":274,"0d9d2bf8":274,"846b7f11":274,"d3411467":274,"1df0ce7f":274,"a08171d0":274,"080d5d42":274,"5d03f5dc":274,"f0a01341":274,"1ee4d9f9":274,"0d6e45e7":274,"0da97151":274,"e829038c":274,"4987cfb5":274,"ba90687c":274,"77f2cf92":274,"037e2be4":274,"9e7dbd20":274,"0c086273":274,"ac13c3b0":274,"c8bc5677":274,"dfca0518":274,"b9a21017":274,"e47705d3":274,"3cae4115":274,"0ccf4731":274,"c7c6782d":274,"54346574":274,"b12cbf87":274,"81942d9b":274,"699b90c1":274,"d9b5a7a8":274,"1e7914d2":274,"e5d8fdb2":274,"3412ab75":274,"bcac5daf":274,"62d028cc":274,"0af2cf39":274,"27491297":274,"d041ea86":274,"1eda11b2":274,"fc442678":274,"b4d9c57f":274,"5d53c964":274,"8ee9cc91":274,"4cc0af91":274,"55f6a2ba":274,"9559ea96":274,"9cb044bf":274,"16b25add":274,"80ee333e":274,"3b329af2":274,"1cd662bf":274,"72992b35":274,"47589344":274,"593b1533":274,"e9f6e5ce":274,"ed6bead5":274,"96f594b9":274,"94dfcfc5":274,"8301986e":274,"830ecfec":274,"a8bae791":274,"312009ee":274,"c98759fd":274,"e8b6d676":274,"45ee5840":274,"76f04033":274,"43480b19":274,"fd955858":274,"69798d15":274,"efea71fa":274,"fb3aa867":274,"c9cf710b":274,"fcacdeb3":274,"0ea055ed":274,"e3b1bdf8":274,"644b45fb":274
